1583202751543	1583202751540	-8.672	-3.193	-1.135	-3.125	-0.646	1.763	0.000000	0.000000
1583202751562	1583202751559	-8.876	-3.586	-1.370	-2.957	-0.578	1.742	0.000000	0.000000
1583202751581	1583202751578	-9.226	-3.911	-1.291	-2.666	-0.440	1.770	0.000000	0.000000
1583202751605	1583202751605	-9.341	-4.065	-1.056	-2.299	-0.241	1.813	0.000000	0.000000
1583202751623	1583202751618	-9.152	-4.132	-0.831	-1.955	-0.012	1.838	0.000000	0.000000
1583202751639	1583202751637	-8.924	-4.402	-0.383	-1.735	0.237	1.812	0.000000	0.000000
1583202751659	1583202751657	-9.096	-4.932	0.290	-1.576	0.483	1.750	0.000000	0.000000
1583202751679	1583202751677	-10.012	-5.447	0.733	-1.298	0.634	1.681	0.000000	0.000000
1583202751698	1583202751697	-10.872	-6.036	1.186	-0.897	0.790	1.583	0.000000	0.000000
1583202751723	1583202751722	-11.514	-6.393	1.423	-0.489	0.943	1.400	0.000000	0.000000
1583202751738	1583202751737	-11.744	-6.326	1.260	-0.175	0.981	1.108	0.000000	0.000000
1583202751758	1583202751757	-11.835	-6.175	1.177	-0.028	0.902	0.708	0.000000	0.000000
1583202751778	1583202751777	-11.612	-6.063	1.546	0.057	0.822	0.232	0.000000	0.000000
1583202751804	1583202751797	-11.897	-6.110	1.823	0.249	0.676	-0.230	0.000000	0.000000
1583202751818	1583202751817	-12.750	-6.048	1.958	0.716	0.521	-0.554	0.000000	0.000000
1583202751838	1583202751836	-14.613	-5.742	1.351	1.291	0.306	-0.821	0.000000	0.000000
1583202751860	1583202751860	-16.302	-5.435	0.496	1.834	0.090	-1.096	0.000000	0.000000
1583202751878	1583202751876	-16.151	-4.544	-0.390	2.183	-0.117	-1.437	0.000000	0.000000
1583202751898	1583202751896	-15.112	-3.705	-0.809	2.283	-0.364	-1.803	0.000000	0.000000
1583202751918	1583202751916	-13.612	-3.207	-0.709	2.291	-0.554	-2.225	0.000000	0.000000
1583202751943	1583202751942	-12.273	-2.893	-0.479	2.337	-0.550	-2.669	0.000000	0.000000
1583202751958	1583202751956	-11.617	-2.579	-0.349	2.566	-0.413	-3.084	0.000000	0.000000
1583202751978	1583202751976	-11.288	-2.213	-0.445	2.802	-0.240	-3.422	0.000000	0.000000
1583202751997	1583202751996	-11.660	-2.069	-0.773	3.081	-0.126	-3.620	0.000000	0.000000
1583202752018	1583202752016	-11.760	-0.862	-1.113	3.476	-0.123	-3.691	0.000000	0.000000
1583202752044	1583202752039	-11.370	0.065	-0.725	3.847	-0.229	-3.572	0.000000	0.000000
1583202752061	1583202752059	-11.317	0.171	-0.627	3.538	-0.328	-3.364	0.000000	0.000000
1583202752082	1583202752078	-10.814	0.463	-0.218	3.243	-0.423	-3.094	0.000000	0.000000
1583202752097	1583202752096	-10.567	0.604	-0.139	2.934	-0.477	-2.682	0.000000	0.000000
1583202752119	1583202752115	-10.172	0.913	-0.215	2.690	-0.599	-2.231	0.000000	0.000000
1583202752150	1583202752138	-9.612	1.023	-0.213	2.288	-0.734	-1.788	0.000000	0.000000
1583202752161	1583202752158	-9.631	1.090	-0.416	1.610	-0.850	-1.425	0.000000	0.000000
1583202752180	1583202752176	-9.899	1.354	-0.601	0.911	-0.954	-1.141	0.000000	0.000000
1583202752197	1583202752195	-10.038	1.347	-0.632	0.290	-1.014	-0.881	0.000000	0.000000
1583202752216	1583202752215	-9.798	1.146	-0.843	-0.241	-1.061	-0.629	0.000000	0.000000
1583202752236	1583202752235	-9.168	1.052	-0.934	-0.675	-1.015	-0.334	0.000000	0.000000
1583202752257	1583202752255	-9.245	0.884	-0.970	-1.071	-0.847	-0.019	0.000000	0.000000
1583202752276	1583202752275	-9.180	0.580	-0.855	-1.477	-0.629	0.315	0.000000	0.000000
1583202752296	1583202752294	-9.791	0.417	-0.735	-1.745	-0.374	0.721	0.000000	0.000000
1583202752316	1583202752314	-10.445	0.094	-0.642	-1.874	-0.076	1.197	0.000000	0.000000
1583202752340	1583202752335	-10.531	-0.824	-0.330	-1.983	0.231	1.644	0.000000	0.000000
1583202752362	1583202752355	-11.250	-1.509	0.108	-1.816	0.579	2.026	0.000000	0.000000
1583202752377	1583202752375	-12.156	-1.566	0.674	-1.321	0.934	2.349	0.000000	0.000000
1583202752397	1583202752396	-13.107	-1.427	1.740	-0.836	1.264	2.608	0.000000	0.000000
1583202752417	1583202752415	-13.492	-1.525	2.257	-0.601	1.493	2.760	0.000000	0.000000
1583202752439	1583202752438	-12.994	-1.319	1.857	-0.665	1.518	2.835	0.000000	0.000000
1583202752457	1583202752456	-11.861	-1.169	1.361	-1.106	1.282	2.810	0.000000	0.000000
1583202752479	1583202752476	-10.321	-1.585	1.105	-1.660	0.894	2.661	0.000000	0.000000
1583202752497	1583202752495	-9.116	-1.997	1.131	-2.043	0.480	2.402	0.000000	0.000000
1583202752517	1583202752515	-8.431	-2.206	1.086	-2.266	0.104	2.117	0.000000	0.000000
1583202752543	1583202752537	-8.050	-2.357	0.664	-2.412	-0.210	1.840	0.000000	0.000000
1583202752561	1583202752561	-8.086	-2.359	0.101	-2.524	-0.415	1.638	0.000000	0.000000
1583202752578	1583202752575	-8.610	-2.594	-0.265	-2.624	-0.502	1.557	0.000000	0.000000
1583202752597	1583202752594	-9.506	-3.099	-0.122	-2.570	-0.520	1.597	0.000000	0.000000
1583202752617	1583202752614	-10.167	-3.540	0.216	-2.319	-0.466	1.711	0.000000	0.000000
1583202752640	1583202752634	-10.289	-3.686	0.250	-2.018	-0.339	1.809	0.000000	0.000000
1583202752659	1583202752656	-9.976	-3.880	0.396	-1.836	-0.155	1.835	0.000000	0.000000
1583202752677	1583202752677	-9.657	-4.261	0.688	-1.704	0.149	1.789	0.000000	0.000000
1583202752695	1583202752694	-10.170	-4.666	1.169	-1.415	0.417	1.714	0.000000	0.000000
1583202752715	1583202752714	-10.891	-4.723	1.495	-1.005	0.548	1.571	0.000000	0.000000
1583202752734	1583202752734	-11.652	-4.767	1.519	-0.675	0.607	1.357	0.000000	0.000000
1583202752759	1583202752759	-12.249	-4.632	1.105	-0.551	0.554	1.061	0.000000	0.000000
1583202752774	1583202752774	-12.515	-4.458	0.527	-0.617	0.391	0.685	0.000000	0.000000
1583202752806	1583202752799	-12.287	-4.307	0.130	-0.817	0.193	0.223	0.000000	0.000000
1583202752814	1583202752814	-13.061	-4.474	-0.390	-0.909	0.009	-0.252	0.000000	0.000000
1583202752836	1583202752834	-14.225	-4.822	-0.112	-0.617	-0.020	-0.568	0.000000	0.000000
1583202752856	1583202752856	-13.555	-4.973	0.614	-0.013	0.102	-0.742	0.000000	0.000000
1583202752877	1583202752877	-13.610	-4.884	0.226	0.711	0.134	-0.857	0.000000	0.000000
1583202752897	1583202752893	-14.065	-4.719	-0.007	1.445	0.103	-0.947	0.000000	0.000000
1583202752915	1583202752913	-13.792	-3.995	0.017	2.035	0.018	-1.097	0.000000	0.000000
1583202752935	1583202752933	-12.963	-3.257	0.044	2.302	-0.117	-1.359	0.000000	0.000000
1583202752956	1583202752955	-11.518	-2.699	0.233	2.250	-0.256	-1.751	0.000000	0.000000
1583202752974	1583202752974	-10.515	-2.218	0.357	2.040	-0.371	-2.212	0.000000	0.000000
1583202752994	1583202752993	-10.416	-1.904	0.400	1.851	-0.480	-2.668	0.000000	0.000000
1583202753016	1583202753014	-11.027	-1.672	0.276	1.801	-0.595	-3.046	0.000000	0.000000
1583202753037	1583202753034	-11.686	-1.360	0.127	1.965	-0.703	-3.256	0.000000	0.000000
1583202753053	1583202753052	-12.036	-0.776	-0.083	2.152	-0.821	-3.265	0.000000	0.000000
1583202753081	1583202753073	-11.631	-0.534	-0.254	2.201	-0.972	-3.133	0.000000	0.000000
1583202753099	1583202753095	-10.735	-0.289	-0.191	2.219	-1.106	-2.853	0.000000	0.000000
1583202753114	1583202753112	-9.882	-0.177	-0.131	2.147	-1.162	-2.469	0.000000	0.000000
1583202753133	1583202753132	-9.159	-0.201	-0.242	1.996	-1.117	-2.053	0.000000	0.000000
1583202753154	1583202753152	-8.682	0.084	-0.452	1.781	-1.022	-1.664	0.000000	0.000000
1583202753174	1583202753174	-8.265	0.238	-0.452	1.466	-0.940	-1.343	0.000000	0.000000
1583202753193	1583202753192	-8.272	0.106	-0.503	1.087	-0.867	-1.095	0.000000	0.000000
1583202753214	1583202753213	-8.471	0.269	-0.634	0.772	-0.824	-0.908	0.000000	0.000000
1583202753233	1583202753232	-8.958	0.310	-0.692	0.526	-0.779	-0.714	0.000000	0.000000
1583202753254	1583202753252	-9.542	0.319	-0.682	0.274	-0.721	-0.473	0.000000	0.000000
1583202753273	1583202753272	-9.693	0.585	-0.630	-0.047	-0.638	-0.241	0.000000	0.000000
1583202753298	1583202753293	-9.945	0.781	-0.675	-0.468	-0.481	-0.008	0.000000	0.000000
1583202753314	1583202753314	-10.270	0.563	-0.754	-0.890	-0.294	0.251	0.000000	0.000000
1583202753333	1583202753331	-10.309	0.250	-0.831	-1.198	-0.097	0.580	0.000000	0.000000
1583202753352	1583202753351	-9.480	-0.289	-0.658	-1.415	0.156	0.938	0.000000	0.000000
1583202753374	1583202753374	-9.017	-1.049	-0.198	-1.463	0.530	1.270	0.000000	0.000000
1583202753392	1583202753391	-9.949	-1.461	0.412	-1.182	0.987	1.536	0.000000	0.000000
1583202753413	1583202753412	-11.226	-1.545	1.272	-0.624	1.426	1.765	0.000000	0.000000
1583202753433	1583202753431	-12.184	-1.307	1.902	-0.130	1.794	1.940	0.000000	0.000000
1583202753453	1583202753450	-12.429	-0.943	1.996	0.013	1.984	2.033	0.000000	0.000000
1583202753472	1583202753472	-11.660	-0.721	1.893	-0.193	1.936	2.061	0.000000	0.000000
1583202753494	1583202753494	-10.349	-0.792	1.574	-0.653	1.679	2.008	0.000000	0.000000
1583202753512	1583202753512	-9.228	-0.919	1.301	-1.166	1.330	1.840	0.000000	0.000000
1583202753534	1583202753533	-8.591	-1.212	1.316	-1.569	0.970	1.639	0.000000	0.000000
1583202753553	1583202753550	-8.452	-1.540	1.351	-1.800	0.691	1.480	0.000000	0.000000
1583202753572	1583202753570	-8.421	-1.779	1.289	-1.944	0.500	1.389	0.000000	0.000000
1583202753592	1583202753592	-8.783	-2.074	1.184	-2.010	0.386	1.394	0.000000	0.000000
1583202753612	1583202753612	-9.372	-2.237	0.956	-1.948	0.307	1.489	0.000000	0.000000
1583202753633	1583202753632	-9.729	-2.424	0.729	-1.864	0.251	1.661	0.000000	0.000000
1583202753651	1583202753650	-10.364	-2.788	0.745	-1.770	0.235	1.856	0.000000	0.000000
1583202753671	1583202753669	-10.618	-3.279	0.832	-1.636	0.275	2.008	0.000000	0.000000
1583202753692	1583202753692	-10.479	-3.928	0.997	-1.429	0.451	2.115	0.000000	0.000000
1583202753717	1583202753716	-10.476	-4.498	1.356	-1.113	0.678	2.199	0.000000	0.000000
1583202753732	1583202753730	-10.831	-5.121	1.752	-0.674	0.868	2.286	0.000000	0.000000
1583202753751	1583202753749	-11.470	-5.521	2.192	-0.094	1.027	2.311	0.000000	0.000000
1583202753771	1583202753769	-12.242	-5.612	2.372	0.436	1.125	2.173	0.000000	0.000000
1583202753795	1583202753790	-13.444	-5.373	1.871	0.732	1.024	1.905	0.000000	0.000000
1583202753811	1583202753811	-15.025	-5.215	1.014	0.720	0.742	1.517	0.000000	0.000000
1583202753832	1583202753829	-16.094	-5.588	0.417	0.636	0.393	0.997	0.000000	0.000000
1583202753851	1583202753849	-16.554	-6.266	0.669	0.877	0.058	0.414	0.000000	0.000000
1583202753871	1583202753869	-16.036	-6.281	1.181	1.577	-0.267	-0.190	0.000000	0.000000
1583202753890	1583202753888	-15.948	-5.526	0.312	2.330	-0.687	-0.727	0.000000	0.000000
1583202753915	1583202753915	-16.099	-4.508	-0.903	2.807	-1.095	-1.245	0.000000	0.000000
1583202753930	1583202753929	-15.492	-3.327	-1.655	3.047	-1.474	-1.725	0.000000	0.000000
1583202753954	1583202753948	-14.129	-2.419	-2.017	3.027	-1.932	-2.159	0.000000	0.000000
1583202753969	1583202753968	-12.306	-1.607	-1.782	2.838	-2.281	-2.642	0.000000	0.000000
1583202753989	1583202753988	-10.996	-1.324	-1.425	2.427	-2.354	-3.152	0.000000	0.000000
1583202754009	1583202754008	-10.984	-1.255	-1.367	2.110	-2.209	-3.563	0.000000	0.000000
1583202754033	1583202754033	-11.947	-0.934	-1.506	2.088	-2.022	-3.762	0.000000	0.000000
1583202754053	1583202754048	-12.465	-1.022	-1.619	2.019	-1.847	-3.745	0.000000	0.000000
1583202754069	1583202754068	-12.750	-1.458	-1.741	2.098	-1.667	-3.563	0.000000	0.000000
1583202754090	1583202754088	-12.568	-1.180	-1.746	2.431	-1.522	-3.138	0.000000	0.000000
1583202754119	1583202754119	-11.815	-1.109	-1.856	2.683	-1.482	-2.653	0.000000	0.000000
1583202754128	1583202754127	-11.058	-0.711	-1.844	2.838	-1.457	-2.185	0.000000	0.000000
1583202754151	1583202754151	-10.505	-0.174	-1.724	2.742	-1.418	-1.789	0.000000	0.000000
1583202754168	1583202754166	-9.930	-0.136	-1.583	2.363	-1.445	-1.505	0.000000	0.000000
1583202754188	1583202754186	-9.487	-0.050	-1.391	1.897	-1.503	-1.307	0.000000	0.000000
1583202754209	1583202754206	-9.571	0.103	-1.449	1.361	-1.535	-1.186	0.000000	0.000000
1583202754233	1583202754228	-10.160	0.139	-1.492	0.772	-1.558	-1.104	0.000000	0.000000
1583202754251	1583202754247	-10.704	0.101	-1.458	0.152	-1.564	-1.035	0.000000	0.000000
1583202754268	1583202754267	-10.189	0.357	-1.406	-0.484	-1.561	-1.020	0.000000	0.000000
1583202754288	1583202754287	-9.259	0.393	-1.461	-1.062	-1.433	-1.046	0.000000	0.000000
1583202754307	1583202754307	-8.634	0.281	-1.027	-1.442	-1.152	-1.013	0.000000	0.000000
1583202754328	1583202754328	-8.629	0.386	-0.620	-1.595	-0.800	-0.825	0.000000	0.000000
1583202754348	1583202754348	-9.092	0.453	-0.639	-1.617	-0.400	-0.515	0.000000	0.000000
1583202754369	1583202754368	-8.510	0.218	-0.299	-1.543	0.080	-0.076	0.000000	0.000000
1583202754389	1583202754387	-7.707	-0.586	0.736	-1.357	0.678	0.509	0.000000	0.000000
1583202754407	1583202754407	-7.757	-0.790	1.646	-1.003	1.256	0.969	0.000000	0.000000
1583202754428	1583202754427	-8.502	-0.610	1.795	-0.609	1.699	1.297	0.000000	0.000000
1583202754454	1583202754454	-9.362	-0.440	1.610	-0.352	2.030	1.615	0.000000	0.000000
1583202754470	1583202754466	-10.321	-0.126	1.359	-0.321	2.214	1.921	0.000000	0.000000
1583202754489	1583202754485	-10.924	-0.316	1.294	-0.520	2.218	2.220	0.000000	0.000000
1583202754506	1583202754506	-10.721	-0.831	1.649	-0.800	2.071	2.529	0.000000	0.000000
1583202754537	1583202754530	-9.918	-1.293	1.922	-1.040	1.901	2.800	0.000000	0.000000
1583202754549	1583202754549	-9.449	-1.360	1.780	-1.313	1.727	2.980	0.000000	0.000000
1583202754572	1583202754570	-9.489	-1.571	1.258	-1.685	1.431	3.009	0.000000	0.000000
1583202754588	1583202754586	-9.844	-1.691	0.645	-2.061	1.053	2.926	0.000000	0.000000
1583202754607	1583202754606	-10.706	-2.120	0.482	-2.325	0.751	2.856	0.000000	0.000000
1583202754627	1583202754625	-11.703	-2.778	0.355	-2.472	0.577	2.790	0.000000	0.000000
1583202754651	1583202754647	-12.294	-3.253	0.250	-2.420	0.484	2.731	0.000000	0.000000
1583202754667	1583202754664	-12.156	-3.866	0.415	-2.233	0.544	2.780	0.000000	0.000000
1583202754686	1583202754684	-12.136	-4.673	0.971	-1.917	0.819	2.840	0.000000	0.000000
1583202754707	1583202754706	-11.782	-5.265	1.534	-1.461	1.128	2.865	0.000000	0.000000
1583202754727	1583202754725	-11.861	-5.847	2.010	-0.904	1.371	2.816	0.000000	0.000000
1583202754745	1583202754744	-12.321	-5.861	2.341	-0.301	1.486	2.638	0.000000	0.000000
1583202754766	1583202754764	-12.925	-5.861	2.427	0.225	1.468	2.361	0.000000	0.000000
1583202754788	1583202754787	-13.174	-5.706	2.231	0.465	1.321	1.950	0.000000	0.000000
1583202754806	1583202754805	-13.578	-5.581	1.459	0.331	0.970	1.365	0.000000	0.000000
1583202754828	1583202754825	-14.309	-5.504	0.444	0.016	0.439	0.675	0.000000	0.000000
1583202754847	1583202754845	-16.034	-5.801	-0.402	-0.090	-0.087	0.004	0.000000	0.000000
1583202754872	1583202754872	-17.842	-5.983	-0.285	0.331	-0.445	-0.507	0.000000	0.000000
1583202754887	1583202754886	-16.863	-5.696	0.374	1.024	-0.598	-0.872	0.000000	0.000000
1583202754910	1583202754909	-15.239	-4.874	-0.024	1.738	-0.788	-1.200	0.000000	0.000000
1583202754928	1583202754926	-14.216	-4.029	-0.582	2.318	-1.030	-1.493	0.000000	0.000000
1583202754949	1583202754949	-12.922	-2.759	-0.984	2.802	-1.236	-1.794	0.000000	0.000000
1583202754968	1583202754966	-12.256	-1.545	-0.594	3.200	-1.424	-2.054	0.000000	0.000000
1583202754988	1583202754987	-11.902	-1.854	-0.560	2.692	-1.513	-2.445	0.000000	0.000000
1583202755006	1583202755005	-12.012	-1.346	-1.070	2.393	-1.601	-2.853	0.000000	0.000000
1583202755026	1583202755025	-12.810	-0.467	-1.032	2.737	-1.694	-3.006	0.000000	0.000000
1583202755047	1583202755045	-13.001	-0.668	-1.264	2.699	-1.804	-3.172	0.000000	0.000000
1583202755072	1583202755072	-12.371	-0.615	-1.257	2.547	-1.798	-3.310	0.000000	0.000000
1583202755089	1583202755087	-12.251	-0.517	-1.463	2.393	-1.793	-3.209	0.000000	0.000000
1583202755109	1583202755109	-11.494	-0.246	-1.621	2.349	-1.828	-3.039	0.000000	0.000000
1583202755126	1583202755125	-10.622	-0.191	-1.514	2.393	-1.818	-2.738	0.000000	0.000000
1583202755146	1583202755144	-9.767	-0.098	-1.303	2.367	-1.727	-2.356	0.000000	0.000000
1583202755166	1583202755165	-9.183	-0.009	-1.140	2.136	-1.588	-1.928	0.000000	0.000000
1583202755188	1583202755185	-8.589	-0.074	-1.015	1.758	-1.453	-1.510	0.000000	0.000000
1583202755208	1583202755204	-8.045	-0.081	-1.042	1.337	-1.357	-1.161	0.000000	0.000000
1583202755226	1583202755225	-8.033	-0.057	-1.159	0.935	-1.309	-0.948	0.000000	0.000000
1583202755246	1583202755244	-8.565	-0.112	-1.238	0.579	-1.288	-0.830	0.000000	0.000000
1583202755267	1583202755267	-9.077	-0.148	-1.466	0.233	-1.278	-0.753	0.000000	0.000000
1583202755294	1583202755293	-9.034	-0.045	-1.693	-0.117	-1.262	-0.705	0.000000	0.000000
1583202755306	1583202755305	-8.558	0.077	-1.641	-0.484	-1.168	-0.660	0.000000	0.000000
1583202755326	1583202755324	-8.965	0.456	-1.099	-0.811	-0.948	-0.592	0.000000	0.000000
1583202755346	1583202755344	-9.988	0.724	-0.797	-1.071	-0.629	-0.440	0.000000	0.000000
1583202755364	1583202755363	-11.236	1.045	-1.202	-1.363	-0.292	-0.155	0.000000	0.000000
1583202755387	1583202755384	-11.408	0.496	-1.576	-1.714	-0.021	0.281	0.000000	0.000000
1583202755408	1583202755404	-11.243	-0.586	-0.994	-1.927	0.287	0.828	0.000000	0.000000
1583202755425	1583202755423	-11.006	-1.099	0.214	-1.794	0.741	1.221	0.000000	0.000000
1583202755445	1583202755443	-10.776	-0.967	1.665	-1.358	1.335	1.462	0.000000	0.000000
1583202755465	1583202755463	-10.943	-0.685	2.293	-0.947	1.902	1.650	0.000000	0.000000
1583202755493	1583202755493	-11.181	-0.373	2.147	-0.846	2.246	1.791	0.000000	0.000000
1583202755506	1583202755503	-11.003	-0.321	2.070	-1.009	2.361	1.901	0.000000	0.000000
1583202755526	1583202755525	-9.966	-0.586	2.101	-1.341	2.223	1.991	0.000000	0.000000
1583202755545	1583202755543	-8.713	-1.032	1.950	-1.690	1.899	2.078	0.000000	0.000000
1583202755565	1583202755564	-7.980	-1.312	1.732	-1.936	1.467	2.134	0.000000	0.000000
1583202755585	1583202755582	-7.863	-1.454	1.519	-2.148	1.023	2.149	0.000000	0.000000
1583202755611	1583202755606	-8.186	-1.578	1.351	-2.361	0.645	2.143	0.000000	0.000000
1583202755630	1583202755624	-8.929	-1.767	1.088	-2.570	0.365	2.165	0.000000	0.000000
1583202755644	1583202755641	-9.877	-2.024	0.554	-2.726	0.148	2.282	0.000000	0.000000
1583202755663	1583202755661	-10.984	-2.481	0.326	-2.808	-0.005	2.511	0.000000	0.000000
1583202755693	1583202755687	-11.954	-3.703	0.353	-2.753	-0.027	2.774	0.000000	0.000000
1583202755703	1583202755702	-12.206	-4.608	0.611	-2.396	0.197	2.950	0.000000	0.000000
1583202755723	1583202755719	-12.218	-5.016	1.100	-1.987	0.578	3.164	0.000000	0.000000
1583202755743	1583202755740	-12.594	-5.746	1.531	-1.591	0.945	3.222	0.000000	0.000000
1583202755763	1583202755759	-13.097	-6.115	1.864	-0.971	1.253	2.953	0.000000	0.000000
1583202755784	1583202755782	-13.325	-5.981	2.094	-0.277	1.403	2.470	0.000000	0.000000
1583202755804	1583202755804	-13.578	-5.662	1.922	0.087	1.338	1.849	0.000000	0.000000
1583202755825	1583202755820	-14.278	-5.250	1.308	0.010	1.013	1.088	0.000000	0.000000
1583202755843	1583202755842	-15.315	-5.226	0.743	-0.292	0.528	0.300	0.000000	0.000000
1583202755862	1583202755860	-16.391	-5.595	0.496	-0.374	0.036	-0.340	0.000000	0.000000
1583202755883	1583202755880	-15.454	-5.485	1.054	0.030	-0.295	-0.795	0.000000	0.000000
1583202755903	1583202755900	-13.538	-4.563	0.829	0.470	-0.564	-1.210	0.000000	0.000000
1583202755922	1583202755921	-13.650	-3.693	-0.213	0.777	-0.860	-1.615	0.000000	0.000000
1583202755943	1583202755941	-14.625	-3.123	-1.025	1.115	-1.169	-1.979	0.000000	0.000000
1583202755962	1583202755959	-15.152	-2.697	-1.255	1.460	-1.444	-2.293	0.000000	0.000000
1583202755982	1583202755979	-13.923	-2.388	-0.967	1.745	-1.654	-2.513	0.000000	0.000000
1583202756003	1583202756003	-11.772	-2.203	-0.512	1.895	-1.663	-2.619	0.000000	0.000000
1583202756025	1583202756025	-10.328	-2.105	-0.155	1.968	-1.440	-2.638	0.000000	0.000000
1583202756044	1583202756041	-9.760	-1.997	-0.036	2.060	-1.174	-2.650	0.000000	0.000000
1583202756066	1583202756059	-9.980	-1.669	-0.141	2.192	-0.989	-2.669	0.000000	0.000000
1583202756081	1583202756079	-10.725	-1.327	-0.287	2.333	-0.960	-2.670	0.000000	0.000000
1583202756109	1583202756102	-11.530	-0.982	-0.388	2.457	-1.060	-2.596	0.000000	0.000000
1583202756122	1583202756122	-11.813	-0.809	-0.543	2.484	-1.267	-2.453	0.000000	0.000000
1583202756141	1583202756140	-11.461	-0.677	-0.790	2.396	-1.537	-2.260	0.000000	0.000000
1583202756160	1583202756159	-11.013	-0.241	-0.972	2.177	-1.774	-2.063	0.000000	0.000000
1583202756181	1583202756178	-10.735	0.137	-1.272	1.708	-1.913	-1.920	0.000000	0.000000
1583202756200	1583202756198	-10.203	0.147	-1.547	1.073	-2.011	-1.873	0.000000	0.000000
1583202756220	1583202756220	-9.731	0.333	-1.837	0.413	-2.040	-1.908	0.000000	0.000000
1583202756239	1583202756239	-9.506	0.520	-2.136	-0.271	-1.992	-1.995	0.000000	0.000000
1583202756259	1583202756259	-9.844	0.537	-2.146	-0.808	-1.853	-2.092	0.000000	0.000000
1583202756280	1583202756278	-9.985	0.427	-1.794	-1.096	-1.657	-2.068	0.000000	0.000000
1583202756299	1583202756298	-8.840	0.314	-1.037	-1.145	-1.338	-1.856	0.000000	0.000000
1583202756322	1583202756319	-7.650	0.839	-0.289	-1.096	-0.915	-1.489	0.000000	0.000000
1583202756343	1583202756338	-7.494	1.208	0.056	-1.181	-0.491	-1.161	0.000000	0.000000
1583202756364	1583202756358	-7.777	1.445	0.099	-1.329	-0.091	-0.806	0.000000	0.000000
1583202756380	1583202756377	-8.790	1.756	-0.289	-1.594	0.220	-0.278	0.000000	0.000000
1583202756399	1583202756397	-9.549	1.512	-0.285	-2.063	0.342	0.339	0.000000	0.000000
1583202756419	1583202756418	-10.258	0.084	0.559	-2.500	0.410	1.018	0.000000	0.000000
1583202756439	1583202756438	-10.876	-1.588	1.476	-2.585	0.558	1.702	0.000000	0.000000
1583202756459	1583202756458	-11.684	-2.814	2.008	-2.376	0.794	2.250	0.000000	0.000000
1583202756480	1583202756479	-12.996	-3.051	2.676	-2.143	1.017	2.541	0.000000	0.000000
1583202756499	1583202756497	-14.649	-3.739	2.894	-2.165	1.069	2.520	0.000000	0.000000
1583202756518	1583202756517	-14.843	-5.425	3.354	-2.260	0.784	2.266	0.000000	0.000000
1583202756545	1583202756538	-13.631	-5.888	3.728	-2.571	0.351	1.963	0.000000	0.000000
1583202756561	1583202756557	-12.026	-6.364	3.527	-2.983	-0.309	1.593	0.000000	0.000000
1583202756579	1583202756577	-10.280	-6.223	2.554	-3.240	-1.057	1.175	0.000000	0.000000
1583202756604	1583202756600	-9.425	-5.878	1.471	-3.276	-1.658	0.906	0.000000	0.000000
1583202756617	1583202756617	-8.766	-5.758	0.484	-3.107	-2.005	0.817	0.000000	0.000000
1583202756639	1583202756637	-8.038	-5.674	-0.172	-2.741	-2.242	0.866	0.000000	0.000000
1583202756661	1583202756656	-7.190	-5.155	-0.431	-2.429	-2.383	0.979	0.000000	0.000000
1583202756680	1583202756678	-6.258	-5.155	-0.620	-2.398	-2.332	1.072	0.000000	0.000000
1583202756698	1583202756696	-5.369	-5.389	-0.618	-2.413	-2.103	1.069	0.000000	0.000000
1583202756717	1583202756716	-4.883	-5.421	-0.577	-2.341	-1.811	1.005	0.000000	0.000000
1583202756741	1583202756740	-4.876	-5.464	-0.646	-2.184	-1.503	0.925	0.000000	0.000000
1583202756767	1583202756760	-5.477	-5.430	-0.728	-1.996	-1.214	0.845	0.000000	0.000000
1583202756779	1583202756776	-6.473	-5.660	-0.915	-1.764	-0.972	0.788	0.000000	0.000000
1583202756799	1583202756799	-7.326	-5.878	-0.872	-1.526	-0.784	0.754	0.000000	0.000000
1583202756817	1583202756816	-9.147	-5.375	-1.032	-1.395	-0.641	0.714	0.000000	0.000000
1583202756838	1583202756836	-12.194	-5.143	-1.650	-1.375	-0.531	0.753	0.000000	0.000000
1583202756860	1583202756860	-13.169	-5.885	-1.161	-1.268	-0.457	0.859	0.000000	0.000000
1583202756880	1583202756878	-13.109	-6.254	-0.213	-0.960	-0.199	1.033	0.000000	0.000000
1583202756896	1583202756896	-13.567	-6.261	0.077	-0.633	0.118	1.182	0.000000	0.000000
1583202756917	1583202756915	-14.173	-6.156	-0.184	-0.383	0.326	1.194	0.000000	0.000000
1583202756938	1583202756935	-14.343	-5.727	-0.203	-0.203	0.440	1.034	0.000000	0.000000
1583202756971	1583202756960	-13.430	-5.047	0.343	-0.175	0.527	0.754	0.000000	0.000000
1583202756978	1583202756975	-11.940	-4.814	1.304	-0.326	0.729	0.438	0.000000	0.000000
1583202756998	1583202756998	-10.663	-4.367	2.116	-0.463	1.001	0.124	0.000000	0.000000
1583202757016	1583202757015	-9.523	-4.144	2.782	-0.438	1.180	-0.103	0.000000	0.000000
1583202757041	1583202757037	-8.385	-3.895	3.237	-0.222	1.268	-0.206	0.000000	0.000000
1583202757056	1583202757054	-7.726	-3.643	3.448	0.069	1.229	-0.256	0.000000	0.000000
1583202757078	1583202757078	-7.281	-3.475	3.364	0.328	1.029	-0.302	0.000000	0.000000
1583202757100	1583202757096	-7.005	-3.152	3.026	0.499	0.669	-0.343	0.000000	0.000000
1583202757115	1583202757114	-7.161	-2.769	2.647	0.607	0.233	-0.373	0.000000	0.000000
1583202757136	1583202757134	-7.513	-2.321	2.240	0.734	-0.213	-0.380	0.000000	0.000000
1583202757159	1583202757154	-8.239	-1.837	1.711	0.839	-0.584	-0.359	0.000000	0.000000
1583202757184	1583202757183	-9.406	-1.705	1.035	0.699	-0.829	-0.341	0.000000	0.000000
1583202757197	1583202757194	-10.500	-1.525	0.367	0.422	-0.998	-0.306	0.000000	0.000000
1583202757220	1583202757220	-11.118	-1.434	-0.201	0.144	-1.129	-0.228	0.000000	0.000000
1583202757235	1583202757234	-10.975	-1.593	-0.436	-0.102	-1.175	-0.105	0.000000	0.000000
1583202757256	1583202757256	-10.481	-2.048	-0.357	-0.273	-1.095	0.056	0.000000	0.000000
1583202757278	1583202757274	-9.679	-2.508	-0.251	-0.294	-0.916	0.206	0.000000	0.000000
1583202757298	1583202757297	-8.890	-2.448	-0.455	-0.199	-0.751	0.268	0.000000	0.000000
1583202757314	1583202757313	-8.656	-1.966	-0.857	-0.117	-0.628	0.227	0.000000	0.000000
1583202757335	1583202757333	-9.089	-1.645	-1.049	-0.099	-0.538	0.167	0.000000	0.000000
1583202757354	1583202757353	-10.189	-1.478	-0.893	-0.113	-0.470	0.176	0.000000	0.000000
1583202757376	1583202757374	-11.157	-1.360	-0.637	-0.119	-0.392	0.286	0.000000	0.000000
1583202757395	1583202757393	-11.727	-1.224	-0.210	-0.111	-0.253	0.480	0.000000	0.000000
1583202757416	1583202757416	-11.435	-1.240	0.297	-0.134	-0.075	0.710	0.000000	0.000000
1583202757436	1583202757433	-10.507	-1.149	0.623	-0.238	0.090	0.854	0.000000	0.000000
1583202757454	1583202757453	-9.652	-0.711	0.709	-0.414	0.184	0.835	0.000000	0.000000
1583202757478	1583202757476	-9.058	-0.091	0.669	-0.621	0.242	0.723	0.000000	0.000000
1583202757501	1583202757492	-9.183	0.005	0.805	-0.811	0.339	0.619	0.000000	0.000000
1583202757516	1583202757512	-10.048	-0.158	1.299	-0.916	0.481	0.608	0.000000	0.000000
1583202757537	1583202757534	-10.697	-0.110	1.878	-0.912	0.617	0.721	0.000000	0.000000
1583202757553	1583202757552	-10.598	-0.158	2.331	-0.915	0.710	0.899	0.000000	0.000000
1583202757574	1583202757572	-10.036	-0.313	2.494	-1.006	0.746	1.065	0.000000	0.000000
1583202757596	1583202757593	-9.456	-0.606	2.403	-1.161	0.717	1.208	0.000000	0.000000
1583202757615	1583202757615	-9.329	-1.020	2.319	-1.353	0.641	1.322	0.000000	0.000000
1583202757634	1583202757634	-9.482	-1.353	2.324	-1.492	0.504	1.372	0.000000	0.000000
1583202757653	1583202757652	-9.451	-1.703	2.252	-1.524	0.347	1.394	0.000000	0.000000
1583202757673	1583202757672	-9.286	-2.201	2.171	-1.472	0.213	1.426	0.000000	0.000000
1583202757698	1583202757694	-9.317	-2.771	2.029	-1.339	0.096	1.476	0.000000	0.000000
1583202757714	1583202757714	-9.202	-3.044	1.898	-1.145	0.026	1.509	0.000000	0.000000
1583202757733	1583202757733	-9.118	-3.404	1.795	-0.988	0.019	1.528	0.000000	0.000000
1583202757754	1583202757751	-9.123	-3.756	1.838	-0.861	0.051	1.496	0.000000	0.000000
1583202757773	1583202757771	-9.053	-3.947	1.843	-0.750	0.103	1.398	0.000000	0.000000
1583202757793	1583202757792	-9.207	-4.129	1.764	-0.660	0.154	1.254	0.000000	0.000000
1583202757813	1583202757812	-9.413	-4.213	1.610	-0.568	0.167	1.083	0.000000	0.000000
1583202757833	1583202757833	-9.688	-4.285	1.272	-0.490	0.137	0.878	0.000000	0.000000
1583202757853	1583202757851	-10.625	-4.287	0.645	-0.397	0.020	0.631	0.000000	0.000000
1583202757872	1583202757871	-12.510	-4.359	0.429	-0.181	-0.092	0.428	0.000000	0.000000
1583202757892	1583202757891	-13.193	-4.905	1.363	0.204	-0.027	0.271	0.000000	0.000000
1583202757915	1583202757915	-11.399	-5.102	2.029	0.624	0.125	-0.014	0.000000	0.000000
1583202757934	1583202757931	-10.165	-4.022	1.248	0.879	0.029	-0.470	0.000000	0.000000
1583202757954	1583202757950	-10.836	-2.853	-0.024	0.864	-0.268	-1.020	0.000000	0.000000
1583202757973	1583202757970	-12.936	-2.529	-0.551	0.721	-0.438	-1.471	0.000000	0.000000
1583202757992	1583202757990	-14.704	-2.591	-0.697	0.625	-0.554	-1.814	0.000000	0.000000
1583202758012	1583202758012	-14.762	-2.270	-0.783	0.629	-0.720	-2.100	0.000000	0.000000
1583202758034	1583202758031	-13.296	-2.139	-0.464	0.698	-0.719	-2.270	0.000000	0.000000
1583202758053	1583202758050	-11.590	-2.364	-0.182	0.826	-0.514	-2.323	0.000000	0.000000
1583202758072	1583202758070	-10.625	-2.249	-0.261	1.030	-0.252	-2.341	0.000000	0.000000
1583202758091	1583202758090	-10.347	-1.851	-0.268	1.276	-0.046	-2.385	0.000000	0.000000
1583202758115	1583202758115	-10.232	-1.504	-0.081	1.485	0.062	-2.415	0.000000	0.000000
1583202758132	1583202758130	-10.340	-1.190	0.070	1.644	0.064	-2.397	0.000000	0.000000
1583202758155	1583202758150	-10.172	-0.737	0.175	1.726	-0.016	-2.332	0.000000	0.000000
1583202758172	1583202758169	-9.940	-0.486	0.262	1.687	-0.131	-2.196	0.000000	0.000000
1583202758190	1583202758190	-9.882	-0.321	0.173	1.637	-0.267	-2.023	0.000000	0.000000
1583202758213	1583202758213	-9.798	0.175	0.156	1.649	-0.403	-1.808	0.000000	0.000000
1583202758236	1583202758233	-9.995	0.355	0.063	1.507	-0.485	-1.533	0.000000	0.000000
1583202758253	1583202758252	-10.201	0.381	0.137	1.276	-0.536	-1.243	0.000000	0.000000
1583202758271	1583202758269	-10.347	0.432	0.283	1.065	-0.559	-0.966	0.000000	0.000000
1583202758291	1583202758289	-10.282	0.575	0.297	0.832	-0.570	-0.729	0.000000	0.000000
1583202758310	1583202758309	-9.997	0.731	0.144	0.509	-0.599	-0.563	0.000000	0.000000
1583202758331	1583202758329	-9.624	0.805	-0.174	0.036	-0.645	-0.455	0.000000	0.000000
1583202758351	1583202758349	-9.784	0.863	-0.704	-0.479	-0.657	-0.360	0.000000	0.000000
1583202758375	1583202758370	-9.856	0.676	-0.850	-0.928	-0.598	-0.192	0.000000	0.000000
1583202758390	1583202758388	-9.667	0.286	-0.476	-1.324	-0.539	0.050	0.000000	0.000000
1583202758410	1583202758408	-9.310	-0.321	0.238	-1.484	-0.359	0.357	0.000000	0.000000
1583202758430	1583202758429	-9.312	-0.728	0.880	-1.377	-0.013	0.765	0.000000	0.000000
1583202758454	1583202758449	-9.750	-0.941	0.966	-1.182	0.318	1.214	0.000000	0.000000
1583202758472	1583202758468	-10.148	-1.080	1.136	-0.984	0.522	1.587	0.000000	0.000000
1583202758489	1583202758488	-10.709	-1.343	1.622	-0.866	0.655	1.848	0.000000	0.000000
1583202758510	1583202758508	-11.312	-1.521	2.176	-0.775	0.759	2.001	0.000000	0.000000
1583202758537	1583202758530	-11.348	-1.468	2.520	-0.745	0.843	2.061	0.000000	0.000000
1583202758550	1583202758548	-11.137	-1.339	2.391	-0.895	0.860	2.013	0.000000	0.000000
1583202758574	1583202758571	-10.910	-1.252	2.192	-1.205	0.762	1.853	0.000000	0.000000
1583202758588	1583202758588	-10.862	-1.504	1.919	-1.535	0.577	1.640	0.000000	0.000000
1583202758621	1583202758618	-10.848	-1.825	1.900	-1.735	0.363	1.429	0.000000	0.000000
1583202758650	1583202758660	-10.656	-2.177	2.061	-1.768	0.213	1.308	0.000000	0.000000
1583202758660	1583202758660	-10.263	-2.450	2.027	-1.679	0.118	1.280	0.000000	0.000000
1583202758670	1583202758670	-9.892	-2.534	1.905	-1.532	0.061	1.303	0.000000	0.000000
1583202758688	1583202758688	-9.741	-2.659	1.775	-1.387	0.046	1.338	0.000000	0.000000
1583202758708	1583202758708	-9.839	-2.750	1.651	-1.258	0.045	1.370	0.000000	0.000000
1583202758729	1583202758727	-10.040	-2.970	1.577	-1.174	0.063	1.379	0.000000	0.000000
1583202758749	1583202758749	-10.079	-3.205	1.610	-1.100	0.105	1.344	0.000000	0.000000
1583202758770	1583202758768	-9.846	-3.492	1.605	-1.004	0.151	1.258	0.000000	0.000000
1583202758789	1583202758789	-9.372	-3.677	1.591	-0.880	0.199	1.138	0.000000	0.000000
1583202758808	1583202758808	-8.977	-3.904	1.610	-0.724	0.222	0.983	0.000000	0.000000
1583202758829	1583202758827	-8.749	-3.899	1.596	-0.544	0.208	0.775	0.000000	0.000000
1583202758856	1583202758851	-8.680	-3.825	1.500	-0.381	0.164	0.521	0.000000	0.000000
1583202758870	1583202758869	-8.946	-3.674	1.289	-0.239	0.088	0.264	0.000000	0.000000
1583202758888	1583202758887	-9.485	-3.588	1.162	-0.115	0.005	0.037	0.000000	0.000000
1583202758907	1583202758907	-9.456	-3.475	1.203	-0.009	-0.036	-0.166	0.000000	0.000000
1583202758928	1583202758928	-8.986	-3.296	1.150	0.083	-0.033	-0.358	0.000000	0.000000
1583202758949	1583202758948	-9.044	-3.068	0.911	0.189	-0.032	-0.546	0.000000	0.000000
1583202758971	1583202758971	-9.897	-2.884	0.683	0.346	-0.029	-0.694	0.000000	0.000000
1583202758989	1583202758989	-10.896	-2.663	0.580	0.556	-0.028	-0.799	0.000000	0.000000
1583202759008	1583202759007	-11.904	-2.395	0.365	0.769	-0.058	-0.860	0.000000	0.000000
1583202759027	1583202759026	-13.030	-2.326	0.214	0.954	-0.117	-0.862	0.000000	0.000000
1583202759046	1583202759047	-13.229	-2.448	0.441	1.137	-0.167	-0.838	0.000000	0.000000
1583202759071	1583202759071	-12.153	-2.457	0.657	1.308	-0.178	-0.861	0.000000	0.000000
1583202759087	1583202759087	-11.133	-2.105	0.496	1.414	-0.196	-0.992	0.000000	0.000000
1583202759110	1583202759110	-11.157	-1.811	0.211	1.408	-0.251	-1.210	0.000000	0.000000
1583202759127	1583202759126	-11.940	-1.619	0.010	1.341	-0.324	-1.447	0.000000	0.000000
1583202759149	1583202759146	-12.671	-1.403	-0.127	1.253	-0.446	-1.657	0.000000	0.000000
1583202759168	1583202759166	-12.692	-1.224	-0.218	1.171	-0.563	-1.793	0.000000	0.000000
1583202759187	1583202759187	-11.830	-0.970	-0.198	1.124	-0.615	-1.844	0.000000	0.000000
1583202759208	1583202759208	-10.793	-0.809	-0.148	1.041	-0.595	-1.839	0.000000	0.000000
1583202759227	1583202759226	-10.146	-0.665	-0.184	0.920	-0.539	-1.797	0.000000	0.000000
1583202759246	1583202759246	-9.760	-0.536	-0.237	0.810	-0.490	-1.713	0.000000	0.000000
1583202759271	1583202759271	-9.417	-0.380	-0.244	0.749	-0.462	-1.561	0.000000	0.000000
1583202759286	1583202759286	-9.142	-0.191	-0.182	0.749	-0.466	-1.338	0.000000	0.000000
1583202759309	1583202759307	-8.862	-0.134	-0.021	0.682	-0.458	-1.048	0.000000	0.000000
1583202759326	1583202759326	-8.716	-0.100	0.039	0.512	-0.446	-0.752	0.000000	0.000000
1583202759345	1583202759345	-8.766	0.036	-0.196	0.287	-0.445	-0.459	0.000000	0.000000
1583202759369	1583202759368	-8.984	0.046	-0.507	0.032	-0.453	-0.179	0.000000	0.000000
1583202759390	1583202759389	-9.233	-0.174	-0.627	-0.224	-0.450	0.089	0.000000	0.000000
1583202759407	1583202759406	-9.353	-0.613	-0.584	-0.476	-0.402	0.331	0.000000	0.000000
1583202759426	1583202759425	-9.334	-1.025	-0.517	-0.617	-0.324	0.542	0.000000	0.000000
1583202759446	1583202759445	-9.439	-1.212	-0.515	-0.632	-0.244	0.724	0.000000	0.000000
1583202759465	1583202759465	-9.552	-1.317	-0.510	-0.617	-0.169	0.866	0.000000	0.000000
1583202759486	1583202759487	-9.784	-1.365	-0.503	-0.631	-0.114	0.971	0.000000	0.000000
1583202759506	1583202759505	-10.004	-1.377	-0.500	-0.673	-0.091	1.062	0.000000	0.000000
1583202759532	1583202759526	-10.287	-1.382	-0.364	-0.730	-0.067	1.150	0.000000	0.000000
1583202759545	1583202759544	-10.601	-1.451	-0.270	-0.811	-0.038	1.234	0.000000	0.000000
1583202759565	1583202759564	-10.946	-1.511	-0.414	-0.916	-0.030	1.300	0.000000	0.000000
1583202759584	1583202759584	-11.022	-1.518	-0.637	-1.042	-0.063	1.344	0.000000	0.000000
1583202759612	1583202759609	-10.826	-1.616	-0.603	-1.183	-0.115	1.358	0.000000	0.000000
1583202759628	1583202759624	-10.970	-1.765	-0.349	-1.290	-0.136	1.330	0.000000	0.000000
1583202759644	1583202759644	-11.602	-1.672	-0.424	-1.358	-0.139	1.265	0.000000	0.000000
1583202759665	1583202759665	-11.751	-1.473	-0.723	-1.467	-0.172	1.190	0.000000	0.000000
1583202759687	1583202759684	-11.288	-1.401	-0.864	-1.650	-0.239	1.120	0.000000	0.000000
1583202759704	1583202759704	-10.991	-1.403	-0.958	-1.811	-0.260	1.068	0.000000	0.000000
1583202759731	1583202759724	-11.099	-1.466	-1.056	-1.879	-0.227	1.044	0.000000	0.000000
1583202759743	1583202759743	-10.958	-1.578	-0.965	-1.848	-0.143	1.062	0.000000	0.000000
1583202759763	1583202759763	-10.493	-1.607	-0.658	-1.759	-0.005	1.093	0.000000	0.000000
1583202759784	1583202759784	-9.784	-1.743	-0.198	-1.659	0.167	1.103	0.000000	0.000000
1583202759804	1583202759804	-9.293	-1.684	0.101	-1.587	0.317	1.058	0.000000	0.000000
1583202759824	1583202759824	-9.240	-1.559	0.144	-1.595	0.417	0.950	0.000000	0.000000
1583202759845	1583202759845	-9.518	-1.650	0.283	-1.669	0.481	0.838	0.000000	0.000000
1583202759863	1583202759863	-9.803	-1.961	0.709	-1.714	0.517	0.761	0.000000	0.000000
1583202759884	1583202759882	-9.631	-2.299	1.162	-1.702	0.541	0.686	0.000000	0.000000
1583202759906	1583202759906	-9.118	-2.445	1.325	-1.670	0.572	0.570	0.000000	0.000000
1583202759925	1583202759923	-8.982	-2.393	1.368	-1.668	0.583	0.431	0.000000	0.000000
1583202759944	1583202759944	-9.144	-2.364	1.299	-1.681	0.531	0.299	0.000000	0.000000
1583202759964	1583202759963	-9.427	-2.505	1.423	-1.669	0.462	0.196	0.000000	0.000000
1583202759983	1583202759982	-9.588	-2.673	1.653	-1.592	0.405	0.134	0.000000	0.000000
1583202760004	1583202760004	-9.600	-2.836	1.797	-1.467	0.366	0.099	0.000000	0.000000
1583202760023	1583202760023	-9.643	-2.956	1.883	-1.307	0.341	0.073	0.000000	0.000000
1583202760042	1583202760042	-9.760	-3.037	2.070	-1.142	0.325	0.036	0.000000	0.000000
1583202760062	1583202760062	-9.686	-2.956	2.118	-1.000	0.300	-0.049	0.000000	0.000000
1583202760083	1583202760082	-9.384	-2.687	1.924	-0.946	0.243	-0.191	0.000000	0.000000
1583202760105	1583202760105	-9.161	-2.644	1.783	-0.916	0.156	-0.342	0.000000	0.000000
1583202760124	1583202760122	-9.202	-2.759	1.843	-0.759	0.092	-0.428	0.000000	0.000000
1583202760144	1583202760144	-9.417	-2.843	1.922	-0.464	0.076	-0.446	0.000000	0.000000
1583202760162	1583202760162	-9.576	-2.644	1.958	-0.091	0.089	-0.437	0.000000	0.000000
1583202760182	1583202760181	-9.614	-2.328	1.859	0.260	0.104	-0.446	0.000000	0.000000
1583202760202	1583202760201	-9.650	-2.017	1.529	0.511	0.099	-0.503	0.000000	0.000000
1583202760227	1583202760227	-10.239	-1.779	1.004	0.619	0.070	-0.587	0.000000	0.000000
1583202760241	1583202760241	-11.674	-1.619	0.590	0.710	0.038	-0.617	0.000000	0.000000
1583202760266	1583202760261	-12.932	-1.475	0.314	0.889	-0.000	-0.527	0.000000	0.000000
1583202760282	1583202760281	-12.723	-1.478	0.293	1.104	-0.004	-0.348	0.000000	0.000000
1583202760301	1583202760301	-11.413	-1.597	0.448	1.254	0.086	-0.157	0.000000	0.000000
1583202760322	1583202760322	-10.452	-1.554	0.321	1.311	0.241	-0.022	0.000000	0.000000
1583202760347	1583202760341	-10.311	-1.339	0.089	1.299	0.361	0.020	0.000000	0.000000
1583202760362	1583202760362	-10.586	-1.300	0.039	1.244	0.413	0.036	0.000000	0.000000
1583202760381	1583202760380	-11.099	-1.442	0.190	1.182	0.432	0.089	0.000000	0.000000
1583202760401	1583202760401	-11.164	-1.535	0.302	1.129	0.412	0.158	0.000000	0.000000
1583202760426	1583202760426	-10.711	-1.638	0.276	1.045	0.362	0.202	0.000000	0.000000
1583202760441	1583202760440	-10.002	-1.679	0.254	0.915	0.325	0.169	0.000000	0.000000
1583202760465	1583202760465	-9.161	-1.777	0.235	0.761	0.336	0.060	0.000000	0.000000
1583202760481	1583202760480	-8.423	-1.784	0.312	0.678	0.369	-0.077	0.000000	0.000000
1583202760500	1583202760500	-8.016	-1.789	0.374	0.717	0.388	-0.175	0.000000	0.000000
1583202760521	1583202760521	-8.016	-1.662	0.398	0.822	0.388	-0.211	0.000000	0.000000
1583202760541	1583202760541	-8.229	-1.509	0.420	0.939	0.369	-0.171	0.000000	0.000000
1583202760564	1583202760561	-8.680	-1.391	0.434	1.030	0.334	-0.055	0.000000	0.000000
1583202760580	1583202760580	-9.293	-1.396	0.379	1.048	0.282	0.104	0.000000	0.000000
1583202760600	1583202760599	-9.853	-1.463	0.300	0.996	0.219	0.263	0.000000	0.000000
1583202760621	1583202760619	-10.270	-1.631	0.187	0.911	0.157	0.410	0.000000	0.000000
1583202760650	1583202760650	-10.651	-1.894	0.024	0.834	0.104	0.528	0.000000	0.000000
1583202760662	1583202760659	-11.008	-2.244	-0.074	0.821	0.071	0.606	0.000000	0.000000
1583202760680	1583202760680	-11.130	-2.721	0.022	0.929	0.079	0.650	0.000000	0.000000
1583202760700	1583202760700	-10.999	-3.035	0.209	1.146	0.122	0.649	0.000000	0.000000
1583202760720	1583202760719	-10.692	-3.056	0.317	1.388	0.143	0.582	0.000000	0.000000
1583202760740	1583202760739	-10.392	-2.963	0.341	1.577	0.111	0.460	0.000000	0.000000
1583202760767	1583202760760	-10.251	-2.742	0.278	1.696	0.009	0.319	0.000000	0.000000
1583202760781	1583202760781	-10.230	-2.606	0.240	1.748	-0.124	0.207	0.000000	0.000000
1583202760799	1583202760799	-10.139	-2.589	0.276	1.764	-0.231	0.150	0.000000	0.000000
1583202760819	1583202760819	-9.997	-2.560	0.175	1.803	-0.319	0.142	0.000000	0.000000
1583202760841	1583202760840	-9.921	-2.627	-0.036	1.880	-0.395	0.177	0.000000	0.000000
1583202760859	1583202760859	-9.956	-2.659	-0.232	1.984	-0.464	0.224	0.000000	0.000000
1583202760880	1583202760880	-10.052	-2.606	-0.503	2.078	-0.550	0.260	0.000000	0.000000
1583202760898	1583202760898	-10.165	-2.589	-0.742	2.106	-0.643	0.268	0.000000	0.000000
1583202760919	1583202760918	-10.306	-2.579	-0.790	2.066	-0.737	0.239	0.000000	0.000000
1583202760938	1583202760938	-10.321	-2.484	-0.934	1.957	-0.831	0.166	0.000000	0.000000
1583202760962	1583202760962	-10.620	-2.361	-1.039	1.781	-0.927	0.050	0.000000	0.000000
1583202760980	1583202760980	-11.446	-2.242	-1.310	1.548	-1.038	-0.099	0.000000	0.000000
1583202760999	1583202760997	-12.589	-2.165	-1.729	1.278	-1.162	-0.265	0.000000	0.000000
1583202761018	1583202761017	-12.481	-2.196	-1.928	0.975	-1.282	-0.461	0.000000	0.000000
1583202761039	1583202761038	-10.052	-2.280	-1.784	0.707	-1.363	-0.732	0.000000	0.000000
1583202761058	1583202761058	-8.023	-2.196	-1.494	0.544	-1.287	-1.042	0.000000	0.000000
1583202761080	1583202761078	-8.198	-2.093	-1.257	0.473	-1.112	-1.385	0.000000	0.000000
1583202761099	1583202761099	-9.875	-1.691	-1.269	0.535	-0.942	-1.712	0.000000	0.000000
1583202761118	1583202761118	-11.724	-1.018	-1.518	0.585	-0.815	-1.953	0.000000	0.000000
1583202761137	1583202761137	-12.953	-0.148	-1.727	0.569	-0.736	-2.063	0.000000	0.000000
1583202761160	1583202761160	-12.685	0.956	-1.621	0.485	-0.716	-2.040	0.000000	0.000000
1583202761182	1583202761177	-11.396	1.934	-1.272	0.267	-0.623	-1.873	0.000000	0.000000
1583202761199	1583202761196	-9.576	1.912	-0.713	-0.041	-0.399	-1.646	0.000000	0.000000
1583202761217	1583202761217	-8.196	1.404	0.156	-0.146	-0.011	-1.350	0.000000	0.000000
1583202761237	1583202761237	-7.614	1.577	0.863	0.035	0.505	-0.944	0.000000	0.000000
1583202761260	1583202761260	-7.856	2.041	1.280	0.246	0.979	-0.533	0.000000	0.000000
1583202761283	1583202761278	-8.392	2.020	1.826	0.366	1.295	-0.191	0.000000	0.000000
1583202761299	1583202761298	-8.694	2.015	2.341	0.410	1.508	0.123	0.000000	0.000000
1583202761317	1583202761317	-8.713	1.800	2.556	0.382	1.628	0.416	0.000000	0.000000
1583202761337	1583202761337	-8.814	1.347	2.523	0.311	1.665	0.705	0.000000	0.000000
1583202761357	1583202761356	-9.300	0.815	2.482	0.292	1.633	0.996	0.000000	0.000000
1583202761384	1583202761383	-10.115	0.413	2.597	0.371	1.560	1.266	0.000000	0.000000
1583202761397	1583202761397	-10.809	-0.110	2.870	0.528	1.493	1.515	0.000000	0.000000
1583202761421	1583202761416	-11.312	-0.682	3.143	0.712	1.472	1.753	0.000000	0.000000
1583202761435	1583202761435	-11.710	-1.312	3.392	0.909	1.466	1.976	0.000000	0.000000
1583202761456	1583202761456	-11.981	-1.827	3.862	1.049	1.454	2.157	0.000000	0.000000
1583202761477	1583202761477	-12.156	-2.733	4.377	1.064	1.391	2.219	0.000000	0.000000
