1583202147618	1583202147615	-10.656	0.103	1.227	-1.044	1.311	1.386	0.000000	0.000000
1583202147631	1583202147631	-10.455	0.451	0.475	-1.477	0.994	1.266	0.000000	0.000000
1583202147651	1583202147650	-9.791	-0.098	-0.067	-2.115	0.519	1.183	0.000000	0.000000
1583202147674	1583202147673	-9.144	-0.888	-0.354	-2.592	0.168	1.147	0.000000	0.000000
1583202147698	1583202147692	-8.835	-1.662	-0.622	-2.817	-0.010	1.133	0.000000	0.000000
1583202147713	1583202147710	-8.569	-2.038	-0.967	-2.836	-0.120	1.126	0.000000	0.000000
1583202147731	1583202147730	-8.601	-2.158	-1.264	-2.690	-0.108	1.141	0.000000	0.000000
1583202147751	1583202147750	-9.025	-2.177	-1.384	-2.473	0.060	1.175	0.000000	0.000000
1583202147771	1583202147770	-9.528	-2.314	-1.260	-2.243	0.340	1.246	0.000000	0.000000
1583202147790	1583202147790	-9.889	-2.366	-1.106	-2.033	0.608	1.324	0.000000	0.000000
1583202147811	1583202147810	-10.146	-2.488	-0.896	-1.883	0.785	1.389	0.000000	0.000000
1583202147831	1583202147829	-10.378	-2.735	-0.388	-1.717	0.904	1.466	0.000000	0.000000
1583202147851	1583202147849	-10.558	-2.960	0.293	-1.498	0.993	1.540	0.000000	0.000000
1583202147870	1583202147869	-10.678	-3.102	0.786	-1.262	1.052	1.569	0.000000	0.000000
1583202147894	1583202147894	-10.982	-3.083	0.865	-1.078	1.094	1.532	0.000000	0.000000
1583202147912	1583202147909	-11.629	-2.999	0.712	-1.021	1.041	1.395	0.000000	0.000000
1583202147930	1583202147929	-12.445	-3.164	0.547	-1.041	0.905	1.217	0.000000	0.000000
1583202147950	1583202147949	-12.884	-3.660	0.468	-1.069	0.722	0.997	0.000000	0.000000
1583202147970	1583202147969	-12.723	-4.122	0.412	-1.014	0.551	0.757	0.000000	0.000000
1583202147990	1583202147989	-13.030	-4.448	0.206	-0.810	0.450	0.535	0.000000	0.000000
1583202148010	1583202148009	-13.459	-4.541	-0.002	-0.477	0.392	0.327	0.000000	0.000000
1583202148030	1583202148029	-14.896	-4.709	-0.572	-0.040	0.347	0.180	0.000000	0.000000
1583202148051	1583202148050	-16.693	-5.109	-0.450	0.561	0.284	0.123	0.000000	0.000000
1583202148071	1583202148069	-14.089	-4.853	0.978	1.217	0.128	-0.004	0.000000	0.000000
1583202148094	1583202148091	-10.965	-3.962	1.215	1.720	-0.063	-0.246	0.000000	0.000000
1583202148109	1583202148108	-10.630	-3.013	0.111	2.002	-0.381	-0.585	0.000000	0.000000
1583202148130	1583202148129	-12.156	-2.474	-1.104	2.202	-0.746	-0.899	0.000000	0.000000
1583202148149	1583202148148	-13.979	-2.108	-1.902	2.386	-1.079	-1.130	0.000000	0.000000
1583202148169	1583202148168	-14.556	-1.547	-2.316	2.372	-1.485	-1.357	0.000000	0.000000
1583202148189	1583202148188	-13.622	-1.324	-2.460	2.165	-1.857	-1.631	0.000000	0.000000
1583202148209	1583202148208	-12.031	-1.442	-2.383	1.996	-1.977	-1.883	0.000000	0.000000
1583202148229	1583202148228	-11.109	-1.303	-2.393	1.888	-1.845	-2.115	0.000000	0.000000
1583202148249	1583202148248	-10.843	-1.252	-2.596	1.856	-1.640	-2.323	0.000000	0.000000
1583202148269	1583202148267	-10.965	-1.001	-2.795	1.994	-1.479	-2.446	0.000000	0.000000
1583202148290	1583202148290	-11.202	-0.471	-2.879	2.128	-1.405	-2.482	0.000000	0.000000
1583202148308	1583202148307	-10.991	-0.057	-2.723	2.141	-1.402	-2.408	0.000000	0.000000
1583202148328	1583202148327	-10.294	0.159	-2.486	2.056	-1.407	-2.221	0.000000	0.000000
1583202148349	1583202148347	-9.482	0.283	-2.244	1.925	-1.382	-1.968	0.000000	0.000000
1583202148368	1583202148367	-8.950	0.441	-2.014	1.716	-1.305	-1.703	0.000000	0.000000
1583202148388	1583202148387	-8.586	0.508	-1.916	1.437	-1.201	-1.457	0.000000	0.000000
1583202148413	1583202148411	-8.316	0.597	-1.863	1.185	-1.109	-1.250	0.000000	0.000000
1583202148430	1583202148430	-7.975	0.726	-1.698	0.971	-1.007	-1.055	0.000000	0.000000
1583202148450	1583202148448	-7.939	0.822	-1.523	0.750	-0.879	-0.901	0.000000	0.000000
1583202148468	1583202148468	-8.615	1.016	-1.655	0.560	-0.734	-0.738	0.000000	0.000000
1583202148489	1583202148488	-9.485	1.275	-1.732	0.368	-0.574	-0.511	0.000000	0.000000
1583202148514	1583202148514	-9.619	1.639	-1.502	0.086	-0.362	-0.259	0.000000	0.000000
1583202148529	1583202148528	-9.326	1.792	-1.051	-0.397	-0.059	-0.025	0.000000	0.000000
1583202148550	1583202148549	-9.456	1.364	-0.522	-0.956	0.286	0.215	0.000000	0.000000
1583202148569	1583202148568	-9.326	1.193	0.089	-1.337	0.562	0.519	0.000000	0.000000
1583202148588	1583202148588	-10.028	1.090	-0.122	-1.591	0.754	0.867	0.000000	0.000000
1583202148608	1583202148608	-11.054	1.021	-0.855	-1.837	0.858	1.234	0.000000	0.000000
1583202148638	1583202148628	-11.243	0.254	-0.836	-2.202	0.865	1.580	0.000000	0.000000
1583202148648	1583202148648	-10.843	-0.879	-0.412	-2.382	0.859	1.847	0.000000	0.000000
1583202148668	1583202148667	-11.224	-1.334	-0.129	-2.160	0.936	2.042	0.000000	0.000000
1583202148687	1583202148687	-12.086	-1.334	0.230	-1.766	1.050	2.183	0.000000	0.000000
1583202148715	1583202148715	-12.316	-1.133	0.508	-1.482	1.084	2.211	0.000000	0.000000
1583202148727	1583202148727	-11.966	-0.761	0.436	-1.504	1.014	2.060	0.000000	0.000000
1583202148748	1583202148748	-11.372	-0.788	0.120	-1.822	0.771	1.767	0.000000	0.000000
1583202148767	1583202148767	-10.177	-1.051	-0.242	-2.260	0.371	1.424	0.000000	0.000000
1583202148788	1583202148787	-8.862	-1.442	-0.694	-2.646	-0.013	1.075	0.000000	0.000000
1583202148808	1583202148807	-8.174	-1.739	-1.212	-2.860	-0.225	0.787	0.000000	0.000000
1583202148838	1583202148827	-8.076	-1.882	-1.652	-2.926	-0.337	0.595	0.000000	0.000000
1583202148850	1583202148850	-8.277	-2.036	-1.844	-2.890	-0.380	0.500	0.000000	0.000000
1583202148867	1583202148866	-8.443	-2.057	-1.777	-2.743	-0.317	0.505	0.000000	0.000000
1583202148887	1583202148886	-8.431	-2.084	-1.588	-2.565	-0.127	0.607	0.000000	0.000000
1583202148907	1583202148907	-8.773	-2.040	-1.463	-2.414	0.188	0.805	0.000000	0.000000
1583202148937	1583202148937	-9.221	-2.067	-1.221	-2.283	0.453	1.060	0.000000	0.000000
1583202148947	1583202148947	-9.585	-2.211	-0.522	-2.138	0.626	1.319	0.000000	0.000000
1583202148968	1583202148968	-9.731	-2.606	0.319	-1.930	0.779	1.565	0.000000	0.000000
1583202148986	1583202148986	-10.146	-2.956	0.709	-1.672	0.923	1.767	0.000000	0.000000
1583202149006	1583202149006	-11.209	-3.212	0.743	-1.447	1.034	1.888	0.000000	0.000000
1583202149027	1583202149026	-12.283	-3.478	0.614	-1.300	1.073	1.910	0.000000	0.000000
1583202149050	1583202149050	-12.776	-3.835	0.429	-1.229	1.032	1.793	0.000000	0.000000
1583202149068	1583202149068	-12.668	-4.407	0.544	-1.198	0.932	1.517	0.000000	0.000000
1583202149087	1583202149087	-12.438	-4.865	0.393	-1.101	0.804	1.133	0.000000	0.000000
1583202149106	1583202149105	-13.075	-5.435	0.482	-0.836	0.745	0.770	0.000000	0.000000
1583202149130	1583202149130	-13.181	-5.691	0.362	-0.386	0.645	0.436	0.000000	0.000000
1583202149149	1583202149149	-16.036	-5.991	-0.620	0.287	0.552	0.243	0.000000	0.000000
1583202149170	1583202149167	-17.517	-6.189	0.101	1.072	0.366	0.106	0.000000	0.000000
1583202149185	1583202149185	-14.501	-5.066	0.937	1.757	0.054	-0.149	0.000000	0.000000
1583202149205	1583202149205	-13.212	-3.701	0.276	2.161	-0.268	-0.513	0.000000	0.000000
1583202149225	1583202149225	-13.523	-3.051	-0.749	2.313	-0.667	-0.937	0.000000	0.000000
1583202149252	1583202149249	-13.808	-2.448	-1.576	2.439	-1.076	-1.301	0.000000	0.000000
1583202149265	1583202149265	-13.765	-1.863	-2.084	2.435	-1.479	-1.620	0.000000	0.000000
1583202149288	1583202149288	-13.073	-1.525	-2.273	2.302	-1.890	-1.969	0.000000	0.000000
1583202149305	1583202149305	-11.887	-1.339	-2.266	2.186	-2.124	-2.307	0.000000	0.000000
1583202149325	1583202149324	-11.552	-1.312	-2.251	2.130	-2.029	-2.531	0.000000	0.000000
1583202149346	1583202149346	-11.545	-1.101	-2.445	2.133	-1.831	-2.699	0.000000	0.000000
1583202149367	1583202149365	-11.720	-0.883	-2.774	2.197	-1.646	-2.773	0.000000	0.000000
1583202149387	1583202149385	-11.756	-0.613	-3.051	2.284	-1.532	-2.735	0.000000	0.000000
1583202149404	1583202149404	-11.590	-0.237	-3.039	2.368	-1.494	-2.595	0.000000	0.000000
1583202149425	1583202149424	-11.157	0.010	-2.810	2.351	-1.479	-2.384	0.000000	0.000000
1583202149446	1583202149444	-10.507	0.156	-2.532	2.274	-1.441	-2.114	0.000000	0.000000
1583202149465	1583202149465	-9.738	0.460	-2.376	2.142	-1.392	-1.842	0.000000	0.000000
1583202149484	1583202149484	-9.101	0.760	-2.414	1.870	-1.351	-1.628	0.000000	0.000000
1583202149506	1583202149504	-8.452	0.860	-2.311	1.478	-1.296	-1.429	0.000000	0.000000
1583202149525	1583202149523	-7.786	0.772	-1.916	1.067	-1.196	-1.291	0.000000	0.000000
1583202149548	1583202149548	-7.345	0.777	-1.755	0.706	-1.053	-1.189	0.000000	0.000000
1583202149570	1583202149570	-7.151	0.952	-1.830	0.411	-0.888	-1.089	0.000000	0.000000
1583202149584	1583202149584	-7.539	1.117	-1.858	0.193	-0.685	-0.919	0.000000	0.000000
1583202149605	1583202149603	-7.908	1.364	-1.549	0.042	-0.436	-0.644	0.000000	0.000000
1583202149623	1583202149623	-7.654	1.663	-0.833	-0.213	-0.097	-0.315	0.000000	0.000000
1583202149644	1583202149643	-7.733	1.387	-0.383	-0.688	0.291	0.021	0.000000	0.000000
1583202149673	1583202149672	-8.368	1.292	0.211	-1.121	0.607	0.384	0.000000	0.000000
1583202149685	1583202149683	-9.130	1.486	0.338	-1.507	0.818	0.774	0.000000	0.000000
1583202149705	1583202149704	-11.221	1.582	-1.058	-1.924	0.968	1.203	0.000000	0.000000
1583202149723	1583202149723	-13.854	1.146	-1.791	-2.402	1.033	1.680	0.000000	0.000000
1583202149743	1583202149743	-14.623	-0.891	-1.219	-2.736	0.961	2.161	0.000000	0.000000
1583202149763	1583202149763	-14.489	-2.591	-0.404	-2.383	1.092	2.589	0.000000	0.000000
1583202149788	1583202149782	-14.067	-2.632	0.820	-1.427	1.367	2.866	0.000000	0.000000
1583202149806	1583202149803	-12.802	-1.679	1.855	-0.704	1.635	2.843	0.000000	0.000000
1583202149829	1583202149823	-11.772	-0.747	1.390	-0.545	1.714	2.432	0.000000	0.000000
1583202149842	1583202149842	-11.051	0.432	0.580	-0.866	1.349	1.791	0.000000	0.000000
1583202149864	1583202149863	-9.916	0.286	0.022	-1.675	0.598	1.141	0.000000	0.000000
1583202149883	1583202149883	-9.128	-0.359	-0.582	-2.513	0.011	0.734	0.000000	0.000000
1583202149903	1583202149903	-8.984	-0.816	-1.272	-3.030	-0.320	0.551	0.000000	0.000000
1583202149922	1583202149922	-9.039	-1.260	-1.950	-3.315	-0.639	0.462	0.000000	0.000000
1583202149942	1583202149942	-8.998	-1.513	-2.342	-3.481	-0.980	0.452	0.000000	0.000000
1583202149963	1583202149964	-8.756	-1.729	-2.393	-3.503	-1.089	0.603	0.000000	0.000000
1583202149984	1583202149982	-8.838	-2.000	-2.060	-3.393	-0.799	0.945	0.000000	0.000000
1583202150003	1583202150003	-9.044	-2.680	-1.559	-3.183	-0.262	1.435	0.000000	0.000000
1583202150022	1583202150022	-9.870	-3.157	-0.924	-2.766	0.329	1.996	0.000000	0.000000
1583202150040	1583202150040	-10.517	-3.736	-0.162	-2.189	0.736	2.482	0.000000	0.000000
1583202150061	1583202150060	-10.939	-4.247	0.717	-1.612	1.120	2.841	0.000000	0.000000
1583202150082	1583202150080	-11.082	-4.438	1.057	-1.129	1.428	2.998	0.000000	0.000000
1583202150100	1583202150099	-11.058	-4.256	0.865	-0.861	1.431	2.867	0.000000	0.000000
1583202150121	1583202150122	-11.518	-4.414	0.611	-0.838	1.240	2.512	0.000000	0.000000
1583202150141	1583202150141	-12.426	-5.138	0.240	-0.871	0.938	2.016	0.000000	0.000000
1583202150160	1583202150160	-12.642	-6.096	0.238	-0.836	0.590	1.432	0.000000	0.000000
1583202150186	1583202150181	-12.002	-6.645	0.262	-0.619	0.300	0.828	0.000000	0.000000
1583202150202	1583202150202	-11.667	-6.213	0.159	-0.237	0.137	0.273	0.000000	0.000000
1583202150221	1583202150220	-11.844	-5.433	-0.062	0.171	0.081	-0.177	0.000000	0.000000
1583202150241	1583202150240	-14.297	-5.298	-1.267	0.650	0.054	-0.393	0.000000	0.000000
1583202150261	1583202150260	-16.204	-5.540	-1.248	1.295	0.017	-0.414	0.000000	0.000000
1583202150282	1583202150282	-14.906	-5.313	-0.491	1.959	-0.105	-0.461	0.000000	0.000000
1583202150302	1583202150300	-14.467	-4.333	-1.437	2.507	-0.283	-0.601	0.000000	0.000000
1583202150321	1583202150321	-15.138	-3.655	-2.395	2.968	-0.509	-0.775	0.000000	0.000000
1583202150341	1583202150340	-14.894	-3.214	-2.884	3.314	-0.850	-1.029	0.000000	0.000000
1583202150360	1583202150360	-14.053	-2.364	-3.190	3.489	-1.228	-1.380	0.000000	0.000000
1583202150380	1583202150380	-13.032	-1.806	-3.188	3.486	-1.560	-1.799	0.000000	0.000000
1583202150404	1583202150404	-12.045	-1.506	-3.020	3.445	-1.746	-2.193	0.000000	0.000000
1583202150420	1583202150420	-11.583	-1.319	-3.008	3.437	-1.769	-2.498	0.000000	0.000000
1583202150441	1583202150439	-11.370	-1.111	-3.198	3.454	-1.737	-2.713	0.000000	0.000000
1583202150461	1583202150459	-11.549	-0.725	-3.504	3.506	-1.707	-2.818	0.000000	0.000000
1583202150479	1583202150479	-11.945	-0.220	-3.794	3.518	-1.714	-2.813	0.000000	0.000000
1583202150500	1583202150500	-12.017	0.065	-3.789	3.438	-1.717	-2.683	0.000000	0.000000
1583202150524	1583202150519	-11.463	0.125	-3.507	3.301	-1.687	-2.405	0.000000	0.000000
1583202150542	1583202150540	-10.644	0.187	-3.111	3.116	-1.589	-2.038	0.000000	0.000000
1583202150559	1583202150559	-9.947	0.410	-2.726	2.804	-1.432	-1.675	0.000000	0.000000
1583202150580	1583202150578	-9.295	0.422	-2.592	2.260	-1.314	-1.437	0.000000	0.000000
1583202150607	1583202150603	-9.041	0.432	-2.500	1.685	-1.261	-1.335	0.000000	0.000000
1583202150620	1583202150619	-8.965	0.499	-2.450	1.210	-1.237	-1.291	0.000000	0.000000
1583202150644	1583202150642	-9.147	0.381	-2.675	0.780	-1.210	-1.271	0.000000	0.000000
1583202150659	1583202150658	-9.580	0.310	-2.944	0.435	-1.169	-1.247	0.000000	0.000000
1583202150679	1583202150679	-9.592	0.345	-2.929	0.181	-1.087	-1.181	0.000000	0.000000
1583202150702	1583202150702	-8.958	0.638	-2.699	-0.058	-0.938	-1.069	0.000000	0.000000
1583202150727	1583202150720	-8.776	0.851	-2.450	-0.384	-0.652	-0.913	0.000000	0.000000
1583202150741	1583202150741	-8.040	0.460	-1.763	-0.768	-0.251	-0.687	0.000000	0.000000
1583202150759	1583202150757	-7.995	0.453	-1.442	-0.974	0.214	-0.374	0.000000	0.000000
1583202150778	1583202150778	-9.279	0.710	-1.454	-1.033	0.661	0.018	0.000000	0.000000
1583202150799	1583202150798	-9.916	0.472	-0.987	-1.064	1.088	0.503	0.000000	0.000000
1583202150818	1583202150818	-10.091	-0.146	-0.186	-1.127	1.465	0.975	0.000000	0.000000
1583202150840	1583202150838	-10.273	-0.445	0.472	-1.050	1.773	1.303	0.000000	0.000000
1583202150860	1583202150860	-10.445	-0.277	1.119	-0.836	2.044	1.550	0.000000	0.000000
1583202150877	1583202150877	-10.577	-0.119	1.644	-0.660	2.221	1.732	0.000000	0.000000
1583202150898	1583202150898	-10.812	-0.067	1.799	-0.603	2.284	1.812	0.000000	0.000000
1583202150918	1583202150917	-10.955	0.027	1.495	-0.664	2.159	1.809	0.000000	0.000000
1583202150939	1583202150938	-10.670	0.041	1.078	-0.843	1.802	1.779	0.000000	0.000000
1583202150959	1583202150959	-10.088	-0.162	0.678	-1.189	1.299	1.733	0.000000	0.000000
1583202150979	1583202150979	-9.695	-0.541	0.321	-1.564	0.870	1.691	0.000000	0.000000
1583202150999	1583202150997	-10.069	-1.140	-0.079	-1.853	0.656	1.671	0.000000	0.000000
1583202151018	1583202151018	-10.656	-1.581	-0.357	-2.051	0.532	1.650	0.000000	0.000000
1583202151038	1583202151038	-11.288	-2.163	-0.483	-2.166	0.474	1.600	0.000000	0.000000
1583202151065	1583202151058	-11.607	-2.668	-0.347	-2.119	0.543	1.558	0.000000	0.000000
1583202151077	1583202151076	-11.538	-3.102	-0.230	-1.899	0.722	1.585	0.000000	0.000000
1583202151097	1583202151096	-11.365	-2.970	0.187	-1.594	0.924	1.669	0.000000	0.000000
1583202151121	1583202151116	-11.020	-3.499	1.098	-1.275	1.093	1.713	0.000000	0.000000
1583202151140	1583202151138	-10.215	-3.907	1.682	-0.842	1.252	1.707	0.000000	0.000000
1583202151159	1583202151159	-9.710	-3.612	1.907	-0.399	1.299	1.599	0.000000	0.000000
1583202151177	1583202151177	-9.976	-3.212	1.799	-0.234	1.133	1.389	0.000000	0.000000
1583202151198	1583202151195	-11.245	-3.159	1.299	-0.235	0.841	1.138	0.000000	0.000000
1583202151217	1583202151216	-12.594	-3.507	0.932	-0.185	0.485	0.883	0.000000	0.000000
1583202151238	1583202151238	-13.277	-3.902	0.779	-0.121	0.127	0.642	0.000000	0.000000
1583202151260	1583202151261	-13.497	-4.256	0.307	-0.034	-0.147	0.385	0.000000	0.000000
1583202151277	1583202151277	-13.061	-4.350	-0.052	0.133	-0.296	0.076	0.000000	0.000000
1583202151296	1583202151296	-13.480	-3.938	-0.867	0.413	-0.366	-0.214	0.000000	0.000000
1583202151315	1583202151315	-16.041	-3.758	-1.765	0.867	-0.438	-0.359	0.000000	0.000000
1583202151347	1583202151339	-16.237	-3.514	-0.481	1.400	-0.477	-0.480	0.000000	0.000000
1583202151356	1583202151356	-12.431	-2.980	0.259	1.664	-0.653	-0.720	0.000000	0.000000
1583202151379	1583202151375	-10.524	-2.266	-0.728	1.669	-0.861	-1.027	0.000000	0.000000
1583202151396	1583202151395	-11.600	-1.856	-2.019	1.725	-1.059	-1.276	0.000000	0.000000
1583202151415	1583202151415	-13.404	-1.566	-2.853	1.844	-1.339	-1.438	0.000000	0.000000
1583202151437	1583202151437	-14.462	-1.255	-3.370	1.910	-1.766	-1.594	0.000000	0.000000
1583202151458	1583202151457	-13.631	-1.228	-3.456	1.885	-2.166	-1.709	0.000000	0.000000
1583202151476	1583202151476	-12.316	-1.461	-3.080	1.770	-2.183	-1.710	0.000000	0.000000
1583202151496	1583202151495	-11.152	-1.621	-2.774	1.667	-1.935	-1.727	0.000000	0.000000
1583202151514	1583202151514	-10.596	-1.513	-2.656	1.654	-1.585	-1.786	0.000000	0.000000
1583202151536	1583202151534	-10.407	-1.324	-2.524	1.749	-1.227	-1.851	0.000000	0.000000
1583202151560	1583202151560	-10.421	-1.159	-2.397	1.894	-0.994	-1.897	0.000000	0.000000
1583202151574	1583202151574	-10.345	-0.919	-2.287	2.025	-0.930	-1.896	0.000000	0.000000
1583202151598	1583202151598	-10.139	-0.598	-2.136	2.078	-0.968	-1.855	0.000000	0.000000
1583202151615	1583202151614	-9.846	-0.282	-2.079	2.009	-1.047	-1.794	0.000000	0.000000
1583202151634	1583202151634	-9.717	0.084	-1.957	1.823	-1.114	-1.722	0.000000	0.000000
1583202151657	1583202151658	-9.585	0.221	-1.806	1.531	-1.153	-1.652	0.000000	0.000000
1583202151678	1583202151674	-9.080	0.290	-1.626	1.208	-1.152	-1.603	0.000000	0.000000
1583202151697	1583202151695	-8.524	0.436	-1.557	0.868	-1.113	-1.581	0.000000	0.000000
1583202151715	1583202151714	-8.344	0.549	-1.688	0.507	-1.039	-1.587	0.000000	0.000000
1583202151735	1583202151734	-8.684	0.765	-1.947	0.183	-0.934	-1.564	0.000000	0.000000
1583202151759	1583202151754	-9.223	1.059	-2.029	-0.096	-0.790	-1.456	0.000000	0.000000
1583202151774	1583202151774	-9.061	1.234	-1.712	-0.331	-0.589	-1.224	0.000000	0.000000
1583202151798	1583202151798	-8.589	1.476	-1.149	-0.549	-0.296	-0.863	0.000000	0.000000
1583202151816	1583202151813	-8.421	1.390	-0.460	-0.819	0.082	-0.384	0.000000	0.000000
1583202151834	1583202151833	-8.083	1.186	0.470	-1.055	0.441	0.169	0.000000	0.000000
1583202151858	1583202151858	-8.193	1.359	0.774	-1.259	0.732	0.684	0.000000	0.000000
1583202151882	1583202151873	-9.274	1.498	0.396	-1.574	0.951	1.152	0.000000	0.000000
1583202151896	1583202151893	-10.445	1.268	0.247	-1.966	1.070	1.626	0.000000	0.000000
1583202151913	1583202151913	-10.771	0.226	0.812	-2.258	1.117	2.068	0.000000	0.000000
1583202151934	1583202151932	-10.642	-0.658	1.299	-2.232	1.179	2.439	0.000000	0.000000
1583202151952	1583202151953	-11.286	-0.864	1.495	-1.954	1.298	2.716	0.000000	0.000000
1583202151982	1583202151982	-12.465	-0.891	1.373	-1.652	1.372	2.888	0.000000	0.000000
1583202151994	1583202151992	-13.394	-0.718	0.887	-1.529	1.307	2.896	0.000000	0.000000
1583202152014	1583202152014	-13.830	-0.553	0.137	-1.734	1.072	2.672	0.000000	0.000000
1583202152034	1583202152033	-13.289	-0.874	-0.615	-2.193	0.639	2.287	0.000000	0.000000
1583202152052	1583202152052	-11.938	-1.626	-1.176	-2.682	0.192	1.854	0.000000	0.000000
1583202152073	1583202152073	-10.943	-2.170	-1.674	-2.928	-0.055	1.499	0.000000	0.000000
1583202152094	1583202152093	-10.162	-2.601	-2.017	-2.928	-0.186	1.264	0.000000	0.000000
1583202152117	1583202152115	-9.566	-2.855	-2.129	-2.750	-0.200	1.133	0.000000	0.000000
1583202152135	1583202152135	-9.125	-2.910	-2.045	-2.467	-0.065	1.063	0.000000	0.000000
1583202152152	1583202152152	-9.008	-2.972	-1.940	-2.178	0.209	1.072	0.000000	0.000000
1583202152174	1583202152174	-9.384	-3.111	-1.676	-1.825	0.567	1.219	0.000000	0.000000
1583202152193	1583202152191	-9.844	-3.468	-0.975	-1.399	0.883	1.487	0.000000	0.000000
1583202152212	1583202152213	-9.880	-3.880	0.072	-0.842	1.115	1.833	0.000000	0.000000
1583202152233	1583202152232	-9.657	-4.321	1.136	-0.215	1.411	2.193	0.000000	0.000000
1583202152252	1583202152251	-10.107	-4.637	1.989	0.352	1.760	2.421	0.000000	0.000000
1583202152272	1583202152272	-10.766	-4.711	2.262	0.757	1.895	2.432	0.000000	0.000000
1583202152294	1583202152294	-11.377	-4.795	2.307	0.991	1.854	2.268	0.000000	0.000000
1583202152312	1583202152312	-12.795	-5.054	2.305	1.118	1.650	1.963	0.000000	0.000000
1583202152333	1583202152330	-13.859	-5.088	2.334	1.239	1.281	1.470	0.000000	0.000000
1583202152351	1583202152350	-13.667	-4.551	2.240	1.370	0.740	0.812	0.000000	0.000000
1583202152372	1583202152371	-12.963	-3.514	1.962	1.433	0.139	0.147	0.000000	0.000000
1583202152391	1583202152391	-12.881	-3.277	1.165	1.594	-0.367	-0.335	0.000000	0.000000
1583202152415	1583202152412	-15.025	-3.015	-0.467	2.076	-0.768	-0.559	0.000000	0.000000
1583202152432	1583202152432	-19.400	-3.073	-1.514	2.949	-1.212	-0.529	0.000000	0.000000
1583202152451	1583202152451	-20.216	-2.369	-1.950	3.753	-1.841	-0.562	0.000000	0.000000
1583202152470	1583202152470	-16.391	-0.934	-1.868	3.876	-2.508	-0.708	0.000000	0.000000
1583202152500	1583202152495	-13.095	-0.505	-1.799	3.623	-2.707	-0.871	0.000000	0.000000
1583202152512	1583202152512	-11.320	-0.304	-2.136	3.161	-2.692	-1.137	0.000000	0.000000
1583202152532	1583202152531	-11.058	0.044	-2.805	2.646	-2.697	-1.461	0.000000	0.000000
1583202152550	1583202152550	-11.985	0.355	-3.293	2.250	-2.719	-1.758	0.000000	0.000000
1583202152570	1583202152570	-12.699	0.365	-3.521	1.933	-2.761	-1.939	0.000000	0.000000
1583202152594	1583202152594	-12.568	-0.129	-3.507	1.713	-2.751	-1.881	0.000000	0.000000
1583202152615	1583202152615	-11.600	-0.668	-3.370	1.626	-2.645	-1.589	0.000000	0.000000
1583202152631	1583202152631	-10.460	-1.066	-3.413	1.601	-2.431	-1.214	0.000000	0.000000
1583202152649	1583202152650	-9.628	-1.020	-3.574	1.588	-2.161	-0.906	0.000000	0.000000
1583202152671	1583202152669	-8.874	-0.783	-3.550	1.558	-1.908	-0.734	0.000000	0.000000
1583202152689	1583202152689	-8.383	-0.730	-3.483	1.474	-1.669	-0.694	0.000000	0.000000
1583202152721	1583202152721	-8.052	-0.821	-3.444	1.361	-1.458	-0.722	0.000000	0.000000
1583202152729	1583202152730	-7.947	-0.960	-3.406	1.263	-1.257	-0.767	0.000000	0.000000
1583202152755	1583202152749	-8.181	-1.025	-3.095	1.171	-1.045	-0.823	0.000000	0.000000
1583202152769	1583202152769	-8.390	-0.888	-2.527	1.119	-0.824	-0.877	0.000000	0.000000
1583202152790	1583202152789	-8.840	-0.385	-1.724	1.142	-0.619	-0.894	0.000000	0.000000
1583202152810	1583202152809	-9.532	-0.088	-1.331	1.135	-0.440	-0.864	0.000000	0.000000
1583202152837	1583202152837	-10.007	0.312	-1.214	1.105	-0.299	-0.775	0.000000	0.000000
1583202152851	1583202152848	-10.383	0.700	-1.154	0.986	-0.202	-0.647	0.000000	0.000000
1583202152869	1583202152868	-10.618	0.896	-1.118	0.762	-0.127	-0.511	0.000000	0.000000
1583202152889	1583202152888	-10.555	1.023	-0.960	0.477	-0.062	-0.402	0.000000	0.000000
1583202152909	1583202152909	-10.495	1.083	-0.788	0.149	0.042	-0.339	0.000000	0.000000
1583202152929	1583202152929	-10.536	1.007	-0.737	-0.128	0.184	-0.314	0.000000	0.000000
1583202152949	1583202152949	-10.460	0.930	-0.584	-0.300	0.352	-0.314	0.000000	0.000000
1583202152969	1583202152968	-10.155	0.935	-0.328	-0.376	0.542	-0.315	0.000000	0.000000
1583202152989	1583202152987	-9.746	1.122	-0.021	-0.432	0.723	-0.307	0.000000	0.000000
1583202153013	1583202153008	-9.832	1.452	0.621	-0.524	0.887	-0.278	0.000000	0.000000
1583202153033	1583202153032	-9.834	1.593	1.198	-0.646	1.022	-0.227	0.000000	0.000000
1583202153052	1583202153049	-9.288	1.560	1.387	-0.844	1.084	-0.186	0.000000	0.000000
1583202153068	1583202153068	-8.778	1.385	1.459	-1.131	1.057	-0.173	0.000000	0.000000
1583202153089	1583202153088	-8.728	1.440	1.701	-1.359	0.984	-0.149	0.000000	0.000000
1583202153108	1583202153108	-8.843	1.488	1.440	-1.514	0.855	-0.079	0.000000	0.000000
1583202153137	1583202153137	-8.977	1.500	1.042	-1.705	0.690	0.041	0.000000	0.000000
1583202153149	1583202153147	-9.322	1.328	0.848	-1.931	0.623	0.243	0.000000	0.000000
1583202153169	1583202153169	-9.738	0.892	0.654	-2.139	0.643	0.535	0.000000	0.000000
1583202153187	1583202153187	-9.777	0.506	0.494	-2.312	0.710	0.855	0.000000	0.000000
1583202153208	1583202153207	-9.803	0.051	0.386	-2.504	0.841	1.133	0.000000	0.000000
1583202153228	1583202153227	-9.779	-0.471	0.262	-2.642	0.999	1.374	0.000000	0.000000
1583202153250	1583202153250	-9.928	-0.862	0.357	-2.643	1.126	1.572	0.000000	0.000000
1583202153272	1583202153268	-10.443	-1.075	0.999	-2.483	1.203	1.754	0.000000	0.000000
1583202153288	1583202153288	-10.675	-1.176	1.078	-2.258	1.213	1.885	0.000000	0.000000
1583202153308	1583202153307	-10.654	-0.883	0.532	-2.258	1.125	1.861	0.000000	0.000000
1583202153330	1583202153330	-10.845	-1.054	0.027	-2.503	0.922	1.751	0.000000	0.000000
1583202153347	1583202153347	-11.082	-1.569	-0.237	-2.719	0.675	1.635	0.000000	0.000000
1583202153367	1583202153368	-11.427	-2.127	-0.265	-2.775	0.535	1.531	0.000000	0.000000
1583202153387	1583202153387	-11.432	-2.642	-0.194	-2.685	0.488	1.421	0.000000	0.000000
1583202153407	1583202153406	-10.888	-2.831	-0.146	-2.513	0.501	1.297	0.000000	0.000000
1583202153428	1583202153426	-10.685	-2.932	-0.172	-2.305	0.581	1.191	0.000000	0.000000
1583202153451	1583202153450	-11.267	-3.102	0.067	-2.001	0.695	1.093	0.000000	0.000000
1583202153470	1583202153466	-11.655	-3.186	0.597	-1.656	0.797	0.965	0.000000	0.000000
1583202153488	1583202153488	-11.415	-3.071	0.932	-1.430	0.843	0.779	0.000000	0.000000
1583202153506	1583202153506	-10.946	-2.987	0.951	-1.351	0.797	0.544	0.000000	0.000000
1583202153525	1583202153526	-10.625	-2.774	0.669	-1.336	0.663	0.281	0.000000	0.000000
1583202153552	1583202153552	-11.111	-2.836	0.381	-1.265	0.494	0.059	0.000000	0.000000
1583202153569	1583202153567	-11.444	-2.984	0.156	-1.093	0.333	-0.090	0.000000	0.000000
1583202153586	1583202153586	-13.059	-3.071	-1.015	-0.837	0.238	-0.127	0.000000	0.000000
1583202153606	1583202153606	-16.249	-3.303	-1.890	-0.442	0.162	-0.020	0.000000	0.000000
1583202153625	1583202153625	-16.192	-3.605	-0.922	0.023	0.087	0.076	0.000000	0.000000
1583202153650	1583202153648	-12.946	-3.456	-0.383	0.339	0.071	-0.021	0.000000	0.000000
1583202153666	1583202153666	-10.491	-3.245	-0.280	0.571	0.064	-0.231	0.000000	0.000000
1583202153687	1583202153687	-8.680	-2.807	0.036	0.802	0.018	-0.527	0.000000	0.000000
1583202153705	1583202153705	-7.925	-2.405	0.168	1.015	-0.040	-0.858	0.000000	0.000000
1583202153727	1583202153725	-8.488	-2.182	-0.055	1.252	-0.114	-1.104	0.000000	0.000000
1583202153749	1583202153747	-9.830	-1.863	-0.745	1.544	-0.235	-1.216	0.000000	0.000000
1583202153767	1583202153765	-11.767	-1.521	-1.485	1.867	-0.395	-1.162	0.000000	0.000000
1583202153786	1583202153786	-13.061	-1.303	-1.763	2.156	-0.629	-1.006	0.000000	0.000000
1583202153804	1583202153804	-12.352	-1.128	-1.842	2.314	-0.859	-0.819	0.000000	0.000000
1583202153824	1583202153824	-11.360	-1.025	-2.103	2.245	-0.917	-0.634	0.000000	0.000000
1583202153844	1583202153844	-10.761	-1.104	-2.282	2.071	-0.882	-0.514	0.000000	0.000000
1583202153871	1583202153871	-10.239	-1.147	-2.414	1.958	-0.858	-0.467	0.000000	0.000000
1583202153886	1583202153884	-9.918	-1.135	-2.453	1.893	-0.825	-0.467	0.000000	0.000000
1583202153910	1583202153910	-9.772	-1.216	-2.448	1.824	-0.780	-0.483	0.000000	0.000000
1583202153925	1583202153924	-9.722	-1.226	-2.421	1.755	-0.734	-0.495	0.000000	0.000000
1583202153945	1583202153944	-9.765	-1.216	-2.400	1.705	-0.685	-0.496	0.000000	0.000000
1583202153968	1583202153968	-9.818	-1.113	-2.381	1.678	-0.653	-0.484	0.000000	0.000000
1583202153988	1583202153984	-9.777	-0.977	-2.347	1.622	-0.664	-0.484	0.000000	0.000000
1583202154004	1583202154004	-10.009	-0.819	-2.273	1.517	-0.690	-0.506	0.000000	0.000000
1583202154024	1583202154023	-9.918	-0.737	-2.136	1.368	-0.722	-0.530	0.000000	0.000000
1583202154043	1583202154043	-9.729	-0.697	-2.031	1.232	-0.704	-0.534	0.000000	0.000000
1583202154063	1583202154063	-9.913	-0.603	-1.921	1.135	-0.636	-0.512	0.000000	0.000000
1583202154083	1583202154083	-10.119	-0.467	-1.930	1.016	-0.573	-0.476	0.000000	0.000000
1583202154111	1583202154104	-10.361	-0.294	-1.947	0.835	-0.538	-0.445	0.000000	0.000000
1583202154123	1583202154123	-10.680	-0.124	-1.921	0.606	-0.555	-0.417	0.000000	0.000000
1583202154144	1583202154142	-11.679	0.127	-2.481	0.361	-0.569	-0.369	0.000000	0.000000
1583202154167	1583202154167	-13.578	0.252	-3.399	0.041	-0.603	-0.267	0.000000	0.000000
1583202154188	1583202154183	-13.114	-0.402	-2.810	-0.336	-0.608	-0.106	0.000000	0.000000
1583202154206	1583202154203	-9.571	-1.288	-1.123	-0.558	-0.341	0.029	0.000000	0.000000
1583202154223	1583202154223	-6.576	-1.717	0.022	-0.511	0.069	-0.023	0.000000	0.000000
1583202154243	1583202154242	-6.205	-1.638	0.185	-0.178	0.458	-0.205	0.000000	0.000000
1583202154263	1583202154262	-7.805	-1.231	0.008	0.343	0.775	-0.293	0.000000	0.000000
1583202154283	1583202154282	-9.909	-0.424	0.214	0.831	0.862	-0.281	0.000000	0.000000
1583202154302	1583202154300	-10.999	0.276	0.525	1.093	0.682	-0.189	0.000000	0.000000
1583202154327	1583202154321	-10.263	0.880	0.542	1.001	0.405	-0.015	0.000000	0.000000
1583202154343	1583202154341	-9.300	1.112	0.412	0.614	0.234	0.165	0.000000	0.000000
1583202154362	1583202154362	-8.546	0.640	0.444	0.098	0.180	0.248	0.000000	0.000000
1583202154382	1583202154382	-7.654	-0.129	0.585	-0.339	0.240	0.291	0.000000	0.000000
1583202154405	1583202154405	-7.046	-0.694	0.626	-0.487	0.415	0.390	0.000000	0.000000
1583202154425	1583202154423	-7.276	-1.015	0.712	-0.349	0.607	0.572	0.000000	0.000000
1583202154443	1583202154441	-7.824	-0.917	0.827	-0.033	0.765	0.831	0.000000	0.000000
1583202154462	1583202154461	-8.414	-0.531	0.939	0.257	0.815	1.116	0.000000	0.000000
1583202154484	1583202154482	-9.096	-0.483	1.507	0.490	0.605	1.367	0.000000	0.000000
1583202154506	1583202154501	-9.391	-0.232	1.756	0.564	0.313	1.501	0.000000	0.000000
1583202154522	1583202154522	-9.616	-0.651	1.828	0.477	0.139	1.516	0.000000	0.000000
1583202154543	1583202154541	-10.057	-1.111	2.120	0.400	0.068	1.493	0.000000	0.000000
1583202154561	1583202154561	-10.364	-1.636	2.616	0.417	0.083	1.424	0.000000	0.000000
1583202154581	1583202154581	-10.261	-1.811	2.621	0.458	0.175	1.266	0.000000	0.000000
1583202154605	1583202154605	-10.165	-1.746	2.509	0.369	0.242	0.996	0.000000	0.000000
1583202154621	1583202154621	-10.733	-2.110	2.554	0.353	0.137	0.670	0.000000	0.000000
1583202154643	1583202154643	-11.240	-2.340	2.358	0.438	-0.014	0.395	0.000000	0.000000
1583202154664	1583202154662	-11.442	-2.067	1.986	0.499	-0.060	0.165	0.000000	0.000000
1583202154680	1583202154679	-11.557	-1.928	1.574	0.489	-0.067	-0.056	0.000000	0.000000
1583202154699	1583202154698	-12.925	-1.818	0.669	0.503	-0.051	-0.230	0.000000	0.000000
1583202154720	1583202154718	-16.695	-1.863	-0.675	0.615	-0.014	-0.287	0.000000	0.000000
1583202154742	1583202154741	-19.912	-1.954	-0.656	0.930	0.086	-0.173	0.000000	0.000000
1583202154760	1583202154759	-17.325	-2.227	0.415	1.393	0.233	-0.029	0.000000	0.000000
1583202154780	1583202154780	-12.553	-2.127	0.762	1.709	0.127	-0.029	0.000000	0.000000
1583202154803	1583202154802	-9.401	-2.239	0.736	1.754	-0.161	-0.297	0.000000	0.000000
1583202154820	1583202154820	-7.772	-2.354	0.626	1.828	-0.356	-0.669	0.000000	0.000000
1583202154842	1583202154841	-7.544	-1.947	0.170	2.030	-0.417	-0.940	0.000000	0.000000
1583202154860	1583202154860	-8.421	-1.430	-0.357	2.209	-0.447	-1.069	0.000000	0.000000
1583202154880	1583202154879	-9.676	-1.001	-0.754	2.361	-0.490	-1.019	0.000000	0.000000
1583202154900	1583202154900	-10.761	-0.625	-1.010	2.505	-0.531	-0.794	0.000000	0.000000
1583202154926	1583202154919	-11.166	-0.610	-0.984	2.607	-0.602	-0.460	0.000000	0.000000
1583202154941	1583202154941	-10.881	-0.493	-1.094	2.596	-0.701	-0.112	0.000000	0.000000
1583202154960	1583202154959	-10.783	-0.515	-1.327	2.401	-0.857	0.119	0.000000	0.000000
1583202154980	1583202154978	-10.783	-0.685	-1.578	2.114	-1.062	0.199	0.000000	0.000000
1583202155004	1583202155004	-10.922	-0.867	-1.820	1.795	-1.216	0.183	0.000000	0.000000
1583202155025	1583202155025	-11.027	-1.070	-2.196	1.424	-1.315	0.106	0.000000	0.000000
1583202155039	1583202155039	-10.984	-1.341	-2.544	1.074	-1.394	-0.022	0.000000	0.000000
1583202155061	1583202155059	-10.838	-1.490	-2.764	0.811	-1.415	-0.200	0.000000	0.000000
1583202155078	1583202155078	-10.711	-1.434	-2.826	0.544	-1.378	-0.389	0.000000	0.000000
1583202155098	1583202155098	-10.093	-1.662	-2.790	0.259	-1.329	-0.583	0.000000	0.000000
1583202155123	1583202155122	-9.602	-1.822	-2.520	0.120	-1.146	-0.757	0.000000	0.000000
1583202155141	1583202155139	-9.326	-1.628	-2.244	0.132	-0.924	-0.896	0.000000	0.000000
1583202155159	1583202155159	-9.104	-1.475	-1.887	0.232	-0.686	-0.990	0.000000	0.000000
1583202155179	1583202155178	-9.144	-1.602	-1.712	0.537	-0.476	-1.027	0.000000	0.000000
1583202155199	1583202155197	-9.334	-1.228	-1.399	0.797	-0.327	-1.052	0.000000	0.000000
1583202155220	1583202155220	-9.899	-0.862	-1.025	0.926	-0.184	-1.052	0.000000	0.000000
1583202155239	1583202155239	-10.936	-0.347	-1.451	0.908	-0.096	-1.030	0.000000	0.000000
1583202155265	1583202155259	-13.485	0.161	-3.054	0.652	-0.047	-0.983	0.000000	0.000000
1583202155277	1583202155278	-14.117	0.003	-3.519	0.175	-0.063	-0.887	0.000000	0.000000
1583202155298	1583202155298	-10.234	-0.388	-2.029	-0.245	-0.194	-0.712	0.000000	0.000000
1583202155321	1583202155321	-7.046	-0.840	-0.498	-0.533	-0.023	-0.665	0.000000	0.000000
1583202155340	1583202155338	-6.061	-1.212	0.424	-0.625	0.411	-0.801	0.000000	0.000000
1583202155359	1583202155359	-6.552	-1.310	0.698	-0.393	0.854	-0.941	0.000000	0.000000
1583202155378	1583202155377	-8.062	-1.109	1.033	0.127	1.235	-0.915	0.000000	0.000000
1583202155397	1583202155397	-10.009	-0.579	1.498	0.815	1.529	-0.742	0.000000	0.000000
1583202155417	1583202155417	-10.819	0.139	1.680	1.425	1.684	-0.525	0.000000	0.000000
1583202155440	1583202155440	-10.582	0.880	1.486	1.616	1.680	-0.330	0.000000	0.000000
1583202155459	1583202155457	-10.184	1.438	1.402	1.222	1.523	-0.218	0.000000	0.000000
1583202155478	1583202155478	-9.786	1.366	1.665	0.545	1.249	-0.144	0.000000	0.000000
1583202155497	1583202155497	-9.659	0.875	2.111	0.053	1.080	-0.064	0.000000	0.000000
1583202155517	1583202155517	-10.052	0.293	2.470	-0.028	1.080	0.052	0.000000	0.000000
1583202155545	1583202155537	-10.237	-0.134	2.621	0.191	1.111	0.223	0.000000	0.000000
1583202155561	1583202155557	-10.074	-0.299	2.681	0.544	1.148	0.446	0.000000	0.000000
1583202155577	1583202155576	-9.906	-0.208	2.803	0.913	1.195	0.691	0.000000	0.000000
1583202155597	1583202155596	-9.686	-0.155	2.827	1.168	1.202	0.890	0.000000	0.000000
1583202155616	1583202155616	-9.439	-0.218	2.815	1.247	1.146	1.030	0.000000	0.000000
1583202155638	1583202155638	-9.291	-0.330	2.609	1.197	1.005	1.109	0.000000	0.000000
1583202155658	1583202155656	-9.401	-0.481	1.991	1.088	0.785	1.132	0.000000	0.000000
1583202155677	1583202155678	-10.069	-0.625	1.112	1.007	0.526	1.129	0.000000	0.000000
1583202155696	1583202155696	-11.339	-0.809	0.420	0.974	0.336	1.135	0.000000	0.000000
1583202155716	1583202155716	-12.369	-1.188	0.269	0.963	0.203	1.152	0.000000	0.000000
1583202155740	1583202155739	-11.995	-1.501	0.377	0.924	0.099	1.114	0.000000	0.000000
1583202155765	1583202155765	-10.800	-1.779	0.434	0.853	0.050	0.954	0.000000	0.000000
1583202155777	1583202155776	-9.770	-1.904	0.487	0.820	0.035	0.703	0.000000	0.000000
1583202155801	1583202155795	-9.223	-1.679	0.434	0.849	0.032	0.413	0.000000	0.000000
1583202155816	1583202155816	-9.135	-1.430	0.264	0.861	0.006	0.095	0.000000	0.000000
1583202155836	1583202155835	-9.202	-1.291	0.039	0.810	-0.073	-0.206	0.000000	0.000000
1583202155861	1583202155861	-9.334	-1.248	-0.170	0.713	-0.157	-0.422	0.000000	0.000000
1583202155882	1583202155881	-9.219	-1.140	-0.357	0.605	-0.212	-0.557	0.000000	0.000000
1583202155897	1583202155897	-9.046	-1.061	-0.582	0.503	-0.214	-0.636	0.000000	0.000000
1583202155917	1583202155915	-8.991	-1.101	-0.742	0.433	-0.149	-0.674	0.000000	0.000000
1583202155936	1583202155934	-8.893	-1.200	-0.668	0.431	-0.026	-0.673	0.000000	0.000000
1583202155966	1583202155959	-9.137	-1.149	-0.735	0.501	0.150	-0.626	0.000000	0.000000
1583202155974	1583202155974	-11.272	-0.982	-1.379	0.617	0.350	-0.500	0.000000	0.000000
1583202155999	1583202155999	-13.260	-1.262	-1.142	0.784	0.493	-0.283	0.000000	0.000000
1583202156015	1583202156014	-11.758	-1.650	-0.155	0.970	0.523	-0.058	0.000000	0.000000
1583202156035	1583202156034	-9.743	-1.552	-0.172	1.111	0.483	0.047	0.000000	0.000000
1583202156057	1583202156054	-10.057	-1.238	-1.097	1.222	0.421	0.077	0.000000	0.000000
1583202156083	1583202156074	-11.772	-1.145	-1.573	1.336	0.326	0.142	0.000000	0.000000
1583202156098	1583202156094	-12.553	-1.243	-1.427	1.396	0.198	0.248	0.000000	0.000000
1583202156115	1583202156114	-12.031	-1.501	-1.233	1.332	0.088	0.349	0.000000	0.000000
1583202156135	1583202156135	-10.728	-1.806	-1.166	1.187	0.051	0.375	0.000000	0.000000
1583202156159	1583202156153	-9.525	-1.995	-1.233	1.082	0.046	0.302	0.000000	0.000000
1583202156175	1583202156175	-8.967	-1.916	-1.317	1.067	0.044	0.154	0.000000	0.000000
1583202156196	1583202156194	-8.977	-1.789	-1.396	1.123	0.027	0.004	0.000000	0.000000
1583202156215	1583202156215	-9.329	-1.782	-1.492	1.203	-0.004	-0.078	0.000000	0.000000
1583202156234	1583202156233	-9.403	-1.696	-1.533	1.263	-0.046	-0.099	0.000000	0.000000
1583202156254	1583202156253	-9.291	-1.499	-1.600	1.294	-0.078	-0.075	0.000000	0.000000
1583202156274	1583202156274	-9.341	-1.379	-1.693	1.266	-0.093	-0.036	0.000000	0.000000
1583202156297	1583202156293	-9.568	-1.348	-1.813	1.184	-0.102	0.001	0.000000	0.000000
1583202156313	1583202156313	-9.880	-1.394	-1.904	1.097	-0.112	0.041	0.000000	0.000000
1583202156333	1583202156333	-10.203	-1.470	-1.954	1.016	-0.122	0.078	0.000000	0.000000
1583202156353	1583202156353	-10.369	-1.542	-1.952	0.937	-0.142	0.097	0.000000	0.000000
1583202156375	1583202156375	-10.462	-1.636	-1.981	0.849	-0.178	0.083	0.000000	0.000000
1583202156394	1583202156393	-10.438	-1.621	-2.050	0.747	-0.230	0.011	0.000000	0.000000
1583202156415	1583202156414	-10.333	-1.549	-2.144	0.611	-0.284	-0.113	0.000000	0.000000
1583202156433	1583202156433	-10.383	-1.454	-2.158	0.475	-0.322	-0.266	0.000000	0.000000
1583202156452	1583202156452	-10.450	-1.348	-2.093	0.345	-0.343	-0.426	0.000000	0.000000
1583202156475	1583202156475	-10.390	-1.188	-2.017	0.230	-0.346	-0.572	0.000000	0.000000
1583202156500	1583202156494	-10.565	-0.953	-1.930	0.134	-0.329	-0.677	0.000000	0.000000
1583202156517	1583202156513	-11.109	-0.689	-1.940	0.049	-0.313	-0.720	0.000000	0.000000
1583202156533	1583202156532	-11.394	-0.601	-1.703	-0.032	-0.303	-0.686	0.000000	0.000000
1583202156551	1583202156552	-11.451	-0.481	-1.643	-0.105	-0.277	-0.592	0.000000	0.000000
1583202156577	1583202156571	-11.650	-0.203	-1.691	-0.248	-0.243	-0.495	0.000000	0.000000
1583202156592	1583202156592	-11.293	-0.117	-1.621	-0.510	-0.197	-0.412	0.000000	0.000000
1583202156614	1583202156612	-10.852	-0.265	-1.418	-0.756	-0.095	-0.308	0.000000	0.000000
1583202156633	1583202156632	-10.316	-0.596	-0.879	-0.859	0.080	-0.164	0.000000	0.000000
1583202156651	1583202156651	-9.396	-1.070	0.079	-0.785	0.290	0.017	0.000000	0.000000
1583202156672	1583202156672	-8.320	-1.434	1.002	-0.514	0.439	0.193	0.000000	0.000000
1583202156693	1583202156693	-7.336	-1.573	1.534	-0.139	0.501	0.311	0.000000	0.000000
1583202156713	1583202156712	-6.926	-1.382	1.577	0.185	0.486	0.343	0.000000	0.000000
1583202156734	1583202156734	-7.221	-0.869	1.153	0.328	0.352	0.298	0.000000	0.000000
1583202156751	1583202156751	-8.172	-0.306	0.420	0.227	0.111	0.220	0.000000	0.000000
1583202156771	1583202156771	-9.734	-0.112	-0.184	-0.049	-0.120	0.179	0.000000	0.000000
1583202156794	1583202156794	-11.269	-0.318	-0.642	-0.346	-0.288	0.225	0.000000	0.000000
1583202156817	1583202156811	-11.597	-0.756	-1.082	-0.639	-0.414	0.316	0.000000	0.000000
1583202156832	1583202156832	-11.116	-1.557	-1.181	-0.794	-0.374	0.439	0.000000	0.000000
1583202156850	1583202156850	-10.347	-2.134	-0.886	-0.659	-0.167	0.557	0.000000	0.000000
1583202156872	1583202156870	-9.655	-2.064	-0.392	-0.339	0.091	0.562	0.000000	0.000000
1583202156892	1583202156892	-9.219	-1.784	-0.047	-0.059	0.275	0.447	0.000000	0.000000
1583202156916	1583202156916	-9.010	-1.497	0.228	0.086	0.360	0.269	0.000000	0.000000
1583202156931	1583202156930	-8.941	-1.264	0.403	0.097	0.334	0.081	0.000000	0.000000
1583202156954	1583202156954	-8.838	-1.066	0.412	0.002	0.239	-0.053	0.000000	0.000000
1583202156970	1583202156970	-8.740	-1.018	0.362	-0.129	0.141	-0.102	0.000000	0.000000
1583202156991	1583202156990	-8.773	-1.061	0.266	-0.210	0.083	-0.074	0.000000	0.000000
1583202157012	1583202157011	-8.711	-1.164	0.135	-0.230	0.089	-0.007	0.000000	0.000000
1583202157031	1583202157031	-8.596	-1.322	0.000	-0.210	0.155	0.070	0.000000	0.000000
1583202157051	1583202157049	-8.541	-1.585	0.036	-0.149	0.262	0.146	0.000000	0.000000
1583202157071	1583202157069	-8.416	-1.770	0.214	-0.021	0.370	0.216	0.000000	0.000000
1583202157091	1583202157090	-8.347	-1.799	0.412	0.136	0.457	0.279	0.000000	0.000000
1583202157121	1583202157118	-8.495	-1.734	0.654	0.262	0.506	0.322	0.000000	0.000000
1583202157130	1583202157129	-9.034	-1.667	0.702	0.310	0.508	0.324	0.000000	0.000000
1583202157154	1583202157154	-9.707	-1.686	0.549	0.292	0.460	0.306	0.000000	0.000000
1583202157169	1583202157169	-10.256	-1.688	0.377	0.248	0.384	0.291	0.000000	0.000000
1583202157190	1583202157189	-10.651	-1.803	0.226	0.188	0.321	0.264	0.000000	0.000000
1583202157209	1583202157209	-10.713	-1.983	0.147	0.130	0.289	0.215	0.000000	0.000000
1583202157233	1583202157232	-10.788	-2.064	-0.028	0.109	0.285	0.145	0.000000	0.000000
1583202157252	1583202157249	-11.454	-2.182	-0.366	0.144	0.296	0.079	0.000000	0.000000
1583202157270	1583202157268	-12.596	-2.273	-0.764	0.273	0.289	0.074	0.000000	0.000000
1583202157289	1583202157288	-13.981	-2.364	-1.159	0.480	0.251	0.155	0.000000	0.000000
1583202157313	1583202157311	-14.644	-2.539	-1.245	0.733	0.191	0.283	0.000000	0.000000
1583202157331	1583202157331	-13.634	-2.733	-0.915	0.971	0.146	0.381	0.000000	0.000000
1583202157350	1583202157349	-11.669	-2.888	-0.529	1.172	0.134	0.379	0.000000	0.000000
1583202157370	1583202157369	-9.738	-2.687	-0.299	1.403	0.095	0.243	0.000000	0.000000
1583202157389	1583202157387	-8.308	-2.127	-0.309	1.578	-0.014	-0.004	0.000000	0.000000
1583202157408	1583202157408	-7.813	-1.861	-0.462	1.611	-0.126	-0.268	0.000000	0.000000
1583202157433	1583202157428	-8.337	-1.751	-0.733	1.648	-0.213	-0.459	0.000000	0.000000
1583202157451	1583202157451	-9.590	-1.521	-1.176	1.773	-0.307	-0.490	0.000000	0.000000
1583202157469	1583202157468	-11.042	-1.312	-1.549	1.949	-0.409	-0.341	0.000000	0.000000
1583202157489	1583202157487	-11.813	-1.336	-1.779	2.092	-0.499	-0.085	0.000000	0.000000
1583202157508	1583202157508	-11.918	-1.406	-2.024	2.080	-0.549	0.178	0.000000	0.000000
1583202157529	1583202157529	-11.435	-1.367	-2.120	1.913	-0.587	0.347	0.000000	0.000000
1583202157550	1583202157547	-10.728	-1.511	-2.096	1.663	-0.627	0.365	0.000000	0.000000
