1583202097845	1583202097838	-10.819	-2.218	0.602	-1.260	0.719	1.571	0.000000	0.000000
1583202097859	1583202097857	-11.753	-2.424	0.506	-1.185	0.734	1.625	0.000000	0.000000
1583202097876	1583202097875	-12.807	-2.790	0.350	-1.078	0.724	1.654	0.000000	0.000000
1583202097896	1583202097895	-13.418	-3.176	0.204	-0.920	0.690	1.635	0.000000	0.000000
1583202097919	1583202097915	-13.943	-3.475	-0.136	-0.759	0.656	1.545	0.000000	0.000000
1583202097936	1583202097935	-14.958	-3.751	-0.737	-0.620	0.595	1.370	0.000000	0.000000
1583202097956	1583202097955	-15.828	-4.055	-1.061	-0.462	0.482	1.103	0.000000	0.000000
1583202097976	1583202097974	-16.642	-4.367	-1.243	-0.219	0.377	0.812	0.000000	0.000000
1583202097996	1583202097994	-16.453	-4.690	-0.711	0.149	0.280	0.506	0.000000	0.000000
1583202098015	1583202098014	-13.466	-4.623	0.575	0.593	0.159	0.154	0.000000	0.000000
1583202098038	1583202098037	-10.340	-3.847	0.858	0.987	-0.007	-0.250	0.000000	0.000000
1583202098055	1583202098054	-9.772	-3.030	-0.016	1.257	-0.286	-0.658	0.000000	0.000000
1583202098075	1583202098074	-10.929	-2.678	-0.783	1.479	-0.582	-0.956	0.000000	0.000000
1583202098098	1583202098096	-12.129	-2.347	-1.183	1.714	-0.834	-1.142	0.000000	0.000000
1583202098119	1583202098116	-12.539	-2.012	-1.432	1.908	-1.141	-1.265	0.000000	0.000000
1583202098136	1583202098133	-11.976	-1.722	-1.698	1.974	-1.424	-1.361	0.000000	0.000000
1583202098155	1583202098153	-11.157	-1.626	-1.873	1.977	-1.535	-1.433	0.000000	0.000000
1583202098174	1583202098173	-10.692	-1.449	-2.060	1.967	-1.505	-1.499	0.000000	0.000000
1583202098194	1583202098193	-10.527	-1.262	-2.220	1.971	-1.429	-1.565	0.000000	0.000000
1583202098214	1583202098213	-10.591	-1.092	-2.352	1.989	-1.359	-1.610	0.000000	0.000000
1583202098234	1583202098233	-10.543	-0.994	-2.489	2.006	-1.336	-1.631	0.000000	0.000000
1583202098259	1583202098258	-10.373	-0.725	-2.589	2.001	-1.345	-1.601	0.000000	0.000000
1583202098274	1583202098273	-10.033	-0.562	-2.632	1.920	-1.378	-1.553	0.000000	0.000000
1583202098294	1583202098293	-9.729	-0.340	-2.551	1.782	-1.390	-1.493	0.000000	0.000000
1583202098319	1583202098313	-9.324	-0.268	-2.510	1.556	-1.369	-1.449	0.000000	0.000000
1583202098335	1583202098333	-8.965	-0.292	-2.474	1.274	-1.309	-1.414	0.000000	0.000000
1583202098354	1583202098352	-8.615	-0.392	-2.419	1.032	-1.219	-1.373	0.000000	0.000000
1583202098374	1583202098373	-8.229	-0.194	-2.318	0.883	-1.104	-1.327	0.000000	0.000000
1583202098393	1583202098392	-8.296	-0.117	-2.271	0.761	-0.962	-1.258	0.000000	0.000000
1583202098413	1583202098412	-8.756	0.024	-2.333	0.690	-0.831	-1.145	0.000000	0.000000
1583202098433	1583202098432	-9.144	0.314	-2.443	0.624	-0.687	-0.966	0.000000	0.000000
1583202098453	1583202098453	-9.003	0.619	-2.282	0.444	-0.502	-0.755	0.000000	0.000000
1583202098473	1583202098472	-8.649	0.858	-1.708	0.130	-0.224	-0.539	0.000000	0.000000
1583202098493	1583202098492	-8.634	0.753	-0.816	-0.279	0.175	-0.282	0.000000	0.000000
1583202098513	1583202098512	-8.914	0.523	-0.167	-0.639	0.597	0.037	0.000000	0.000000
1583202098536	1583202098536	-9.894	0.554	0.163	-0.851	0.939	0.388	0.000000	0.000000
1583202098553	1583202098552	-10.893	0.377	0.736	-0.984	1.215	0.770	0.000000	0.000000
1583202098572	1583202098572	-10.464	-0.337	1.819	-1.103	1.385	1.115	0.000000	0.000000
1583202098593	1583202098591	-9.566	-0.943	2.271	-1.090	1.477	1.358	0.000000	0.000000
1583202098612	1583202098611	-9.949	-0.668	1.862	-0.880	1.518	1.528	0.000000	0.000000
1583202098632	1583202098631	-11.624	-0.210	1.373	-0.706	1.433	1.604	0.000000	0.000000
1583202098653	1583202098651	-12.860	-0.117	1.071	-0.683	1.154	1.564	0.000000	0.000000
1583202098674	1583202098673	-12.798	-0.435	0.937	-0.883	0.776	1.393	0.000000	0.000000
1583202098692	1583202098691	-12.477	-1.945	1.392	-1.320	0.472	1.109	0.000000	0.000000
1583202098714	1583202098714	-11.763	-3.245	2.101	-1.854	0.248	0.686	0.000000	0.000000
1583202098751	1583202098739	-9.933	-4.067	1.598	-2.151	0.031	0.218	0.000000	0.000000
1583202098755	1583202098752	-8.431	-4.577	0.860	-1.995	-0.187	-0.131	0.000000	0.000000
1583202098776	1583202098776	-8.019	-5.044	0.906	-1.453	-0.313	-0.286	0.000000	0.000000
1583202098793	1583202098793	-8.011	-4.865	1.042	-0.967	-0.392	-0.337	0.000000	0.000000
1583202098813	1583202098812	-7.693	-4.386	0.935	-0.692	-0.475	-0.335	0.000000	0.000000
1583202098834	1583202098834	-7.319	-3.899	0.688	-0.586	-0.515	-0.286	0.000000	0.000000
1583202098859	1583202098853	-7.149	-3.538	0.573	-0.620	-0.486	-0.228	0.000000	0.000000
1583202098874	1583202098874	-7.089	-3.502	0.523	-0.692	-0.397	-0.148	0.000000	0.000000
1583202098892	1583202098892	-6.763	-3.530	0.456	-0.694	-0.260	-0.028	0.000000	0.000000
1583202098912	1583202098911	-6.735	-3.557	0.448	-0.635	-0.085	0.123	0.000000	0.000000
1583202098937	1583202098935	-7.377	-3.437	0.326	-0.525	0.114	0.288	0.000000	0.000000
1583202098953	1583202098953	-8.414	-3.162	-0.141	-0.394	0.253	0.455	0.000000	0.000000
1583202098972	1583202098973	-9.612	-3.015	-0.675	-0.300	0.346	0.633	0.000000	0.000000
1583202098993	1583202098993	-10.536	-3.008	-1.178	-0.280	0.427	0.789	0.000000	0.000000
1583202099012	1583202099012	-12.338	-2.951	-2.206	-0.339	0.513	0.903	0.000000	0.000000
1583202099031	1583202099031	-15.219	-3.289	-3.190	-0.370	0.616	1.031	0.000000	0.000000
1583202099061	1583202099052	-16.031	-4.172	-2.414	-0.269	0.792	1.226	0.000000	0.000000
1583202099076	1583202099072	-13.976	-5.226	-0.524	0.062	1.043	1.369	0.000000	0.000000
1583202099092	1583202099090	-10.972	-5.957	0.968	0.506	1.263	1.310	0.000000	0.000000
1583202099111	1583202099111	-8.953	-5.830	1.253	1.107	1.480	1.041	0.000000	0.000000
1583202099132	1583202099130	-9.477	-4.929	0.688	1.801	1.493	0.622	0.000000	0.000000
1583202099152	1583202099152	-11.660	-4.352	0.511	2.362	1.199	0.196	0.000000	0.000000
1583202099175	1583202099170	-12.548	-3.595	0.391	2.602	0.655	-0.200	0.000000	0.000000
1583202099195	1583202099193	-12.558	-2.946	-0.021	2.490	0.116	-0.523	0.000000	0.000000
1583202099211	1583202099211	-12.206	-2.431	-0.256	2.213	-0.253	-0.766	0.000000	0.000000
1583202099230	1583202099230	-11.588	-1.993	-0.364	1.990	-0.532	-0.893	0.000000	0.000000
1583202099253	1583202099253	-10.864	-1.875	-0.546	1.913	-0.688	-0.934	0.000000	0.000000
1583202099277	1583202099277	-10.493	-1.808	-0.864	1.945	-0.710	-0.913	0.000000	0.000000
1583202099296	1583202099291	-10.292	-1.614	-1.260	1.991	-0.712	-0.843	0.000000	0.000000
1583202099311	1583202099311	-10.112	-1.334	-1.619	1.982	-0.750	-0.744	0.000000	0.000000
1583202099330	1583202099330	-9.760	-1.133	-1.811	1.915	-0.827	-0.646	0.000000	0.000000
1583202099350	1583202099350	-9.415	-0.984	-1.770	1.771	-0.878	-0.575	0.000000	0.000000
1583202099370	1583202099370	-9.120	-0.718	-1.626	1.566	-0.898	-0.547	0.000000	0.000000
1583202099393	1583202099391	-8.795	-0.598	-1.454	1.292	-0.885	-0.565	0.000000	0.000000
1583202099411	1583202099411	-8.438	-0.586	-1.633	0.983	-0.899	-0.634	0.000000	0.000000
1583202099430	1583202099430	-8.344	-0.388	-1.837	0.711	-0.927	-0.703	0.000000	0.000000
1583202099449	1583202099449	-8.929	-0.385	-1.962	0.515	-0.939	-0.730	0.000000	0.000000
1583202099473	1583202099473	-9.858	-0.268	-1.918	0.447	-0.921	-0.689	0.000000	0.000000
1583202099490	1583202099490	-10.448	-0.038	-1.844	0.387	-0.860	-0.590	0.000000	0.000000
1583202099510	1583202099509	-10.460	0.161	-1.633	0.190	-0.783	-0.491	0.000000	0.000000
1583202099530	1583202099529	-10.246	0.362	-1.432	-0.154	-0.713	-0.449	0.000000	0.000000
1583202099550	1583202099548	-11.034	0.712	-1.825	-0.542	-0.645	-0.447	0.000000	0.000000
1583202099572	1583202099572	-12.153	1.198	-2.699	-1.014	-0.624	-0.413	0.000000	0.000000
1583202099594	1583202099594	-12.230	1.002	-3.133	-1.614	-0.644	-0.285	0.000000	0.000000
1583202099611	1583202099610	-10.960	-0.203	-2.393	-2.126	-0.509	-0.028	0.000000	0.000000
1583202099628	1583202099629	-9.386	-1.559	-0.982	-2.151	-0.126	0.299	0.000000	0.000000
1583202099651	1583202099649	-9.077	-1.696	0.067	-1.716	0.380	0.556	0.000000	0.000000
1583202099668	1583202099668	-9.667	-1.351	0.899	-1.110	0.763	0.772	0.000000	0.000000
1583202099699	1583202099688	-10.860	-0.816	1.117	-0.645	1.014	0.929	0.000000	0.000000
1583202099709	1583202099709	-11.343	0.000	0.664	-0.638	1.050	0.881	0.000000	0.000000
1583202099731	1583202099731	-10.397	0.456	0.350	-1.179	0.736	0.670	0.000000	0.000000
1583202099749	1583202099748	-8.826	0.022	0.295	-1.856	0.248	0.428	0.000000	0.000000
1583202099769	1583202099768	-7.295	-0.498	0.228	-2.333	-0.145	0.224	0.000000	0.000000
1583202099789	1583202099789	-6.885	-0.970	0.137	-2.562	-0.279	0.109	0.000000	0.000000
1583202099814	1583202099808	-6.835	-1.221	-0.050	-2.590	-0.365	0.095	0.000000	0.000000
1583202099830	1583202099830	-6.921	-1.178	-0.481	-2.509	-0.413	0.195	0.000000	0.000000
1583202099849	1583202099847	-7.106	-1.116	-0.848	-2.409	-0.382	0.397	0.000000	0.000000
1583202099868	1583202099867	-7.326	-1.142	-1.082	-2.355	-0.286	0.667	0.000000	0.000000
1583202099892	1583202099891	-7.630	-1.188	-1.286	-2.362	-0.144	0.970	0.000000	0.000000
1583202099925	1583202099919	-8.122	-1.370	-1.389	-2.390	0.042	1.306	0.000000	0.000000
1583202099932	1583202099932	-8.843	-1.712	-1.238	-2.373	0.268	1.648	0.000000	0.000000
1583202099954	1583202099948	-9.727	-2.079	-1.090	-2.256	0.494	1.967	0.000000	0.000000
1583202099967	1583202099967	-10.445	-2.460	-0.955	-2.086	0.658	2.215	0.000000	0.000000
1583202099988	1583202099987	-11.013	-2.848	-0.843	-1.930	0.783	2.358	0.000000	0.000000
1583202100011	1583202100008	-11.538	-3.277	-0.764	-1.791	0.873	2.369	0.000000	0.000000
1583202100031	1583202100028	-12.026	-3.669	-0.680	-1.625	0.927	2.261	0.000000	0.000000
1583202100049	1583202100046	-12.299	-3.808	-0.495	-1.468	0.961	2.049	0.000000	0.000000
1583202100068	1583202100066	-12.278	-3.832	-0.321	-1.359	0.963	1.691	0.000000	0.000000
1583202100086	1583202100086	-12.501	-3.576	-0.709	-1.319	0.894	1.197	0.000000	0.000000
1583202100107	1583202100106	-13.691	-3.564	-1.061	-1.319	0.755	0.691	0.000000	0.000000
1583202100127	1583202100127	-14.359	-4.225	-0.838	-1.232	0.586	0.298	0.000000	0.000000
1583202100155	1583202100144	-14.965	-5.205	-0.304	-0.861	0.469	0.118	0.000000	0.000000
1583202100165	1583202100164	-14.264	-5.447	0.111	-0.269	0.356	0.032	0.000000	0.000000
1583202100186	1583202100184	-14.014	-5.018	-0.606	0.285	0.153	-0.149	0.000000	0.000000
1583202100209	1583202100207	-14.381	-4.321	-1.248	0.730	-0.155	-0.490	0.000000	0.000000
1583202100230	1583202100227	-13.571	-3.351	-1.303	1.011	-0.463	-0.951	0.000000	0.000000
1583202100252	1583202100252	-12.829	-2.922	-1.240	1.075	-0.652	-1.459	0.000000	0.000000
1583202100266	1583202100266	-12.232	-2.541	-1.070	1.095	-0.791	-1.953	0.000000	0.000000
1583202100287	1583202100285	-11.597	-2.098	-0.989	1.212	-0.868	-2.348	0.000000	0.000000
1583202100312	1583202100305	-11.346	-1.844	-1.109	1.420	-0.868	-2.614	0.000000	0.000000
1583202100328	1583202100328	-11.461	-1.607	-1.384	1.670	-0.874	-2.764	0.000000	0.000000
1583202100349	1583202100348	-11.657	-1.133	-1.641	1.894	-0.923	-2.807	0.000000	0.000000
1583202100367	1583202100367	-11.703	-0.594	-1.480	2.044	-0.995	-2.756	0.000000	0.000000
1583202100385	1583202100385	-11.439	-0.088	-1.178	2.072	-1.047	-2.635	0.000000	0.000000
1583202100405	1583202100405	-10.793	0.300	-1.130	1.950	-1.109	-2.476	0.000000	0.000000
1583202100430	1583202100427	-10.124	0.436	-1.291	1.696	-1.184	-2.292	0.000000	0.000000
1583202100451	1583202100450	-9.537	0.549	-1.382	1.423	-1.253	-2.073	0.000000	0.000000
1583202100467	1583202100465	-8.979	0.611	-1.197	1.217	-1.276	-1.806	0.000000	0.000000
1583202100485	1583202100485	-8.443	0.439	-1.018	1.003	-1.216	-1.527	0.000000	0.000000
1583202100505	1583202100505	-7.956	0.609	-1.159	0.911	-1.153	-1.250	0.000000	0.000000
1583202100527	1583202100527	-7.523	1.193	-1.339	0.802	-1.089	-0.958	0.000000	0.000000
1583202100545	1583202100545	-7.499	0.973	-1.439	0.444	-0.985	-0.723	0.000000	0.000000
1583202100565	1583202100566	-7.702	1.158	-1.509	0.155	-0.886	-0.466	0.000000	0.000000
1583202100584	1583202100584	-8.023	1.122	-1.528	-0.107	-0.736	-0.131	0.000000	0.000000
1583202100604	1583202100604	-8.246	1.112	-1.502	-0.413	-0.537	0.202	0.000000	0.000000
1583202100624	1583202100624	-8.407	0.784	-1.128	-0.911	-0.266	0.483	0.000000	0.000000
1583202100652	1583202100650	-8.694	0.379	-0.951	-1.418	-0.012	0.736	0.000000	0.000000
1583202100664	1583202100664	-9.398	0.484	-1.264	-1.733	0.126	1.020	0.000000	0.000000
1583202100687	1583202100685	-10.591	0.690	-2.115	-2.129	0.180	1.270	0.000000	0.000000
1583202100704	1583202100703	-12.103	0.362	-2.869	-2.673	0.157	1.518	0.000000	0.000000
1583202100723	1583202100723	-12.271	-0.601	-2.450	-3.168	0.193	1.840	0.000000	0.000000
1583202100744	1583202100745	-11.902	-2.148	-1.427	-3.240	0.431	2.276	0.000000	0.000000
1583202100768	1583202100764	-12.613	-2.860	-0.757	-2.569	0.710	2.746	0.000000	0.000000
1583202100784	1583202100784	-13.765	-2.438	-0.903	-1.699	0.904	3.090	0.000000	0.000000
1583202100805	1583202100804	-15.380	-2.021	-1.432	-1.284	1.045	3.158	0.000000	0.000000
1583202100823	1583202100823	-16.036	-1.985	-1.509	-1.355	0.967	2.884	0.000000	0.000000
1583202100850	1583202100843	-14.443	-1.784	-1.113	-1.736	0.662	2.329	0.000000	0.000000
1583202100863	1583202100863	-12.304	-1.420	-0.987	-2.291	0.310	1.598	0.000000	0.000000
1583202100888	1583202100888	-10.783	-1.492	-1.183	-2.782	0.002	0.847	0.000000	0.000000
1583202100904	1583202100903	-9.825	-1.921	-1.296	-3.024	-0.188	0.324	0.000000	0.000000
1583202100922	1583202100922	-9.092	-2.369	-1.214	-2.994	-0.312	0.043	0.000000	0.000000
1583202100947	1583202100947	-8.340	-2.512	-1.190	-2.784	-0.422	-0.089	0.000000	0.000000
1583202100970	1583202100962	-7.880	-2.378	-1.358	-2.556	-0.491	-0.127	0.000000	0.000000
1583202100986	1583202100986	-7.714	-2.074	-1.638	-2.365	-0.550	-0.090	0.000000	0.000000
1583202101003	1583202101002	-7.937	-1.779	-1.813	-2.215	-0.594	0.011	0.000000	0.000000
1583202101022	1583202101022	-8.361	-1.607	-1.942	-2.119	-0.606	0.169	0.000000	0.000000
1583202101042	1583202101042	-8.725	-1.743	-1.887	-2.084	-0.552	0.392	0.000000	0.000000
1583202101064	1583202101062	-8.852	-2.227	-1.590	-2.116	-0.371	0.673	0.000000	0.000000
1583202101082	1583202101081	-8.871	-2.836	-1.022	-2.120	-0.094	0.983	0.000000	0.000000
1583202101101	1583202101100	-8.816	-3.495	-0.280	-1.912	0.165	1.298	0.000000	0.000000
1583202101121	1583202101121	-8.795	-4.204	0.551	-1.483	0.385	1.624	0.000000	0.000000
1583202101141	1583202101140	-8.840	-4.618	1.165	-0.949	0.600	1.887	0.000000	0.000000
1583202101162	1583202101161	-9.441	-4.649	1.284	-0.507	0.777	1.990	0.000000	0.000000
1583202101185	1583202101185	-10.359	-4.716	0.793	-0.211	0.766	1.891	0.000000	0.000000
1583202101202	1583202101202	-11.516	-4.800	-0.021	-0.082	0.551	1.590	0.000000	0.000000
1583202101221	1583202101219	-12.901	-5.140	-1.022	-0.061	0.226	1.141	0.000000	0.000000
1583202101241	1583202101241	-14.300	-5.332	-2.069	-0.048	-0.032	0.587	0.000000	0.000000
1583202101272	1583202101265	-16.429	-5.442	-2.903	0.069	-0.152	0.081	0.000000	0.000000
1583202101282	1583202101282	-17.318	-5.363	-2.709	0.364	-0.201	-0.365	0.000000	0.000000
1583202101306	1583202101307	-14.331	-4.982	-0.666	0.835	-0.050	-0.767	0.000000	0.000000
1583202101320	1583202101320	-10.637	-4.376	1.313	1.372	0.214	-1.071	0.000000	0.000000
1583202101341	1583202101340	-9.166	-3.684	0.995	1.807	0.304	-1.334	0.000000	0.000000
1583202101361	1583202101360	-10.560	-3.066	-0.491	2.173	0.236	-1.555	0.000000	0.000000
1583202101383	1583202101383	-12.402	-2.757	-1.370	2.528	-0.029	-1.688	0.000000	0.000000
1583202101407	1583202101401	-12.922	-2.323	-1.676	2.848	-0.377	-1.770	0.000000	0.000000
1583202101421	1583202101420	-12.771	-1.794	-1.873	3.054	-0.747	-1.849	0.000000	0.000000
1583202101441	1583202101440	-12.687	-1.166	-2.177	3.155	-1.056	-1.922	0.000000	0.000000
1583202101460	1583202101460	-12.556	-0.606	-2.431	3.138	-1.219	-1.999	0.000000	0.000000
1583202101481	1583202101480	-12.318	-0.479	-2.429	3.048	-1.211	-2.039	0.000000	0.000000
1583202101505	1583202101503	-11.811	-0.541	-2.354	2.926	-1.110	-2.023	0.000000	0.000000
1583202101524	1583202101519	-11.157	-0.646	-2.338	2.779	-0.966	-1.954	0.000000	0.000000
1583202101541	1583202101539	-10.541	-0.570	-2.417	2.636	-0.837	-1.850	0.000000	0.000000
1583202101560	1583202101560	-9.940	-0.426	-2.510	2.503	-0.791	-1.744	0.000000	0.000000
1583202101583	1583202101583	-9.317	-0.119	-2.548	2.445	-0.814	-1.624	0.000000	0.000000
1583202101606	1583202101606	-8.986	0.274	-2.479	2.329	-0.847	-1.487	0.000000	0.000000
1583202101621	1583202101620	-8.478	0.432	-2.383	2.049	-0.878	-1.375	0.000000	0.000000
1583202101643	1583202101643	-7.966	0.436	-2.294	1.692	-0.873	-1.274	0.000000	0.000000
1583202101660	1583202101660	-7.652	0.465	-2.208	1.357	-0.815	-1.144	0.000000	0.000000
1583202101680	1583202101679	-7.755	0.506	-2.067	1.105	-0.677	-0.942	0.000000	0.000000
1583202101702	1583202101699	-8.308	0.511	-1.990	0.935	-0.484	-0.669	0.000000	0.000000
1583202101720	1583202101720	-9.015	0.523	-1.954	0.785	-0.256	-0.330	0.000000	0.000000
1583202101740	1583202101739	-9.389	0.499	-1.710	0.518	0.002	0.012	0.000000	0.000000
1583202101759	1583202101758	-9.717	0.331	-1.367	0.140	0.269	0.310	0.000000	0.000000
1583202101780	1583202101778	-9.875	0.135	-1.003	-0.217	0.488	0.568	0.000000	0.000000
1583202101805	1583202101805	-9.750	-0.047	-0.730	-0.489	0.668	0.799	0.000000	0.000000
1583202101819	1583202101819	-10.831	-0.057	-0.800	-0.656	0.856	1.019	0.000000	0.000000
1583202101843	1583202101838	-11.758	-0.352	-0.565	-0.809	1.027	1.252	0.000000	0.000000
1583202101859	1583202101858	-10.783	-1.118	0.573	-0.899	1.141	1.471	0.000000	0.000000
1583202101878	1583202101878	-9.379	-1.722	2.017	-0.768	1.329	1.604	0.000000	0.000000
1583202101903	1583202101900	-8.960	-1.854	2.511	-0.439	1.576	1.623	0.000000	0.000000
1583202101921	1583202101921	-9.758	-1.463	2.197	-0.104	1.732	1.552	0.000000	0.000000
1583202101942	1583202101939	-10.620	-0.953	1.747	0.029	1.617	1.370	0.000000	0.000000
1583202101958	1583202101957	-10.936	-0.536	1.160	-0.083	1.248	1.081	0.000000	0.000000
1583202101979	1583202101978	-10.766	-0.522	0.532	-0.329	0.721	0.762	0.000000	0.000000
1583202101998	1583202101997	-10.452	-0.797	0.192	-0.611	0.313	0.543	0.000000	0.000000
1583202102018	1583202102018	-10.349	-1.200	0.020	-0.864	0.116	0.411	0.000000	0.000000
1583202102039	1583202102038	-10.004	-1.667	0.070	-0.991	-0.006	0.349	0.000000	0.000000
1583202102060	1583202102059	-9.394	-2.012	0.281	-0.900	-0.001	0.376	0.000000	0.000000
1583202102078	1583202102077	-9.010	-2.208	0.544	-0.639	0.203	0.482	0.000000	0.000000
1583202102097	1583202102097	-8.914	-2.172	0.642	-0.353	0.433	0.582	0.000000	0.000000
1583202102119	1583202102117	-8.704	-1.947	0.798	-0.176	0.529	0.601	0.000000	0.000000
1583202102141	1583202102141	-8.625	-1.791	0.942	-0.135	0.543	0.546	0.000000	0.000000
1583202102162	1583202102159	-8.680	-1.722	0.997	-0.162	0.488	0.459	0.000000	0.000000
1583202102181	1583202102178	-8.761	-1.664	1.023	-0.220	0.388	0.373	0.000000	0.000000
1583202102197	1583202102195	-9.022	-1.779	1.129	-0.269	0.300	0.323	0.000000	0.000000
1583202102217	1583202102217	-9.211	-1.971	1.232	-0.254	0.250	0.324	0.000000	0.000000
1583202102236	1583202102235	-9.245	-1.993	1.165	-0.193	0.228	0.346	0.000000	0.000000
1583202102259	1583202102259	-9.568	-1.969	0.939	-0.121	0.236	0.372	0.000000	0.000000
1583202102276	1583202102275	-10.254	-1.973	0.681	-0.032	0.255	0.404	0.000000	0.000000
1583202102297	1583202102295	-10.977	-2.052	0.494	0.051	0.271	0.433	0.000000	0.000000
1583202102321	1583202102321	-11.475	-2.093	0.223	0.110	0.281	0.450	0.000000	0.000000
1583202102345	1583202102345	-11.959	-2.242	0.032	0.176	0.297	0.455	0.000000	0.000000
1583202102359	1583202102358	-12.158	-2.381	-0.004	0.262	0.318	0.428	0.000000	0.000000
1583202102378	1583202102378	-12.671	-2.455	-0.366	0.346	0.347	0.354	0.000000	0.000000
1583202102398	1583202102396	-14.046	-2.500	-1.188	0.453	0.365	0.274	0.000000	0.000000
1583202102416	1583202102416	-16.197	-2.678	-1.753	0.635	0.349	0.258	0.000000	0.000000
1583202102439	1583202102439	-15.725	-3.164	-0.333	0.902	0.275	0.315	0.000000	0.000000
1583202102460	1583202102457	-11.847	-3.468	1.138	1.232	0.172	0.346	0.000000	0.000000
1583202102478	1583202102477	-10.567	-3.267	0.451	1.606	0.130	0.277	0.000000	0.000000
1583202102496	1583202102496	-11.942	-3.032	-0.778	1.983	-0.087	0.138	0.000000	0.000000
1583202102515	1583202102515	-12.357	-2.481	-1.145	2.308	-0.488	-0.034	0.000000	0.000000
1583202102545	1583202102540	-12.139	-2.069	-1.109	2.481	-0.788	-0.201	0.000000	0.000000
1583202102562	1583202102555	-11.700	-1.832	-1.137	2.429	-1.011	-0.427	0.000000	0.000000
1583202102576	1583202102575	-11.027	-1.693	-1.255	2.297	-1.156	-0.674	0.000000	0.000000
1583202102596	1583202102596	-10.577	-1.597	-1.403	2.223	-1.204	-0.890	0.000000	0.000000
1583202102617	1583202102615	-10.464	-1.432	-1.655	2.237	-1.200	-1.049	0.000000	0.000000
1583202102641	1583202102641	-10.663	-1.185	-1.904	2.259	-1.214	-1.162	0.000000	0.000000
1583202102656	1583202102656	-10.800	-0.998	-2.124	2.244	-1.291	-1.230	0.000000	0.000000
1583202102677	1583202102677	-10.855	-0.816	-2.259	2.193	-1.394	-1.257	0.000000	0.000000
1583202102695	1583202102695	-10.749	-0.558	-2.407	2.091	-1.508	-1.275	0.000000	0.000000
1583202102717	1583202102715	-10.627	-0.241	-2.503	1.863	-1.590	-1.326	0.000000	0.000000
1583202102734	1583202102734	-10.594	-0.256	-2.529	1.526	-1.640	-1.421	0.000000	0.000000
1583202102760	1583202102760	-10.563	-0.105	-2.457	1.194	-1.643	-1.523	0.000000	0.000000
1583202102776	1583202102776	-10.263	-0.028	-2.414	0.844	-1.613	-1.644	0.000000	0.000000
1583202102798	1583202102794	-9.949	-0.031	-2.417	0.527	-1.572	-1.762	0.000000	0.000000
1583202102815	1583202102814	-10.153	0.190	-2.637	0.294	-1.550	-1.849	0.000000	0.000000
1583202102834	1583202102834	-10.881	0.539	-2.929	0.103	-1.550	-1.874	0.000000	0.000000
1583202102854	1583202102854	-11.133	0.822	-3.023	-0.078	-1.545	-1.772	0.000000	0.000000
1583202102877	1583202102877	-10.639	1.172	-2.850	-0.291	-1.488	-1.559	0.000000	0.000000
1583202102895	1583202102895	-10.038	1.385	-2.663	-0.580	-1.344	-1.268	0.000000	0.000000
1583202102914	1583202102914	-9.482	1.411	-2.395	-0.931	-1.129	-0.905	0.000000	0.000000
1583202102934	1583202102934	-9.657	1.500	-2.417	-1.284	-0.814	-0.461	0.000000	0.000000
1583202102959	1583202102959	-9.595	1.404	-2.170	-1.673	-0.439	0.060	0.000000	0.000000
1583202102974	1583202102974	-8.864	0.496	-1.078	-2.060	0.069	0.618	0.000000	0.000000
1583202102995	1583202102994	-7.913	-0.431	0.123	-2.271	0.628	1.043	0.000000	0.000000
1583202103016	1583202103015	-7.305	-0.555	0.980	-2.289	1.012	1.214	0.000000	0.000000
1583202103033	1583202103033	-7.204	-0.577	1.256	-2.184	1.270	1.297	0.000000	0.000000
1583202103053	1583202103054	-7.805	-0.160	0.971	-2.012	1.387	1.361	0.000000	0.000000
1583202103077	1583202103074	-8.910	0.429	0.388	-1.950	1.241	1.380	0.000000	0.000000
1583202103095	1583202103095	-9.853	1.105	-0.323	-2.218	0.819	1.372	0.000000	0.000000
1583202103113	1583202103113	-10.658	1.220	-1.042	-2.824	0.277	1.462	0.000000	0.000000
1583202103134	1583202103132	-11.590	0.832	-1.664	-3.554	-0.159	1.691	0.000000	0.000000
1583202103154	1583202103154	-12.290	-0.268	-2.278	-4.234	-0.509	1.957	0.000000	0.000000
1583202103174	1583202103172	-12.378	-1.279	-2.867	-4.673	-0.883	2.228	0.000000	0.000000
1583202103193	1583202103193	-12.153	-1.964	-3.176	-4.889	-1.105	2.493	0.000000	0.000000
1583202103214	1583202103214	-12.096	-2.227	-3.116	-4.830	-1.106	2.752	0.000000	0.000000
1583202103232	1583202103233	-12.170	-2.373	-3.147	-4.563	-0.924	2.970	0.000000	0.000000
1583202103252	1583202103252	-12.441	-2.608	-3.018	-4.245	-0.623	3.118	0.000000	0.000000
1583202103277	1583202103277	-13.018	-2.941	-2.752	-3.944	-0.290	3.193	0.000000	0.000000
1583202103300	1583202103296	-13.126	-3.320	-2.601	-3.691	-0.085	3.182	0.000000	0.000000
1583202103318	1583202103314	-12.913	-3.559	-2.378	-3.515	0.040	3.092	0.000000	0.000000
1583202103334	1583202103331	-12.728	-3.816	-2.007	-3.411	0.126	2.941	0.000000	0.000000
1583202103352	1583202103352	-12.587	-4.292	-1.794	-3.355	0.167	2.711	0.000000	0.000000
1583202103373	1583202103372	-12.067	-5.068	-1.355	-3.260	0.197	2.409	0.000000	0.000000
1583202103394	1583202103394	-12.019	-6.060	-0.541	-3.003	0.290	2.112	0.000000	0.000000
1583202103416	1583202103416	-12.239	-7.188	-0.143	-2.462	0.400	1.834	0.000000	0.000000
1583202103433	1583202103433	-12.362	-7.864	0.079	-1.763	0.504	1.542	0.000000	0.000000
1583202103452	1583202103451	-12.668	-7.627	-0.321	-1.121	0.488	1.195	0.000000	0.000000
1583202103472	1583202103471	-15.092	-7.450	-1.736	-0.642	0.321	0.811	0.000000	0.000000
1583202103494	1583202103494	-15.251	-7.862	-1.585	-0.283	0.068	0.387	0.000000	0.000000
1583202103512	1583202103512	-12.026	-7.560	0.592	0.145	0.007	-0.053	0.000000	0.000000
1583202103534	1583202103533	-9.331	-6.278	2.604	0.523	0.093	-0.537	0.000000	0.000000
1583202103552	1583202103550	-8.478	-5.064	2.724	0.689	0.232	-1.048	0.000000	0.000000
1583202103571	1583202103570	-10.414	-4.467	1.081	0.754	0.231	-1.524	0.000000	0.000000
1583202103596	1583202103594	-13.013	-4.448	-0.333	0.975	0.012	-1.891	0.000000	0.000000
1583202103615	1583202103615	-14.709	-3.919	-0.869	1.377	-0.258	-2.191	0.000000	0.000000
1583202103632	1583202103632	-14.985	-2.776	-0.975	1.760	-0.580	-2.496	0.000000	0.000000
1583202103652	1583202103650	-15.011	-2.045	-0.939	2.065	-0.812	-2.780	0.000000	0.000000
1583202103671	1583202103670	-15.274	-1.521	-0.891	2.355	-0.923	-3.013	0.000000	0.000000
1583202103690	1583202103690	-15.351	-1.037	-1.087	2.614	-0.991	-3.218	0.000000	0.000000
1583202103717	1583202103717	-15.195	-0.718	-1.612	2.764	-1.082	-3.424	0.000000	0.000000
1583202103730	1583202103730	-15.366	-0.342	-2.019	2.836	-1.205	-3.621	0.000000	0.000000
1583202103755	1583202103755	-15.610	0.211	-2.048	2.903	-1.360	-3.793	0.000000	0.000000
1583202103771	1583202103770	-15.512	1.035	-1.952	2.908	-1.492	-3.900	0.000000	0.000000
1583202103790	1583202103789	-15.009	1.646	-1.892	2.740	-1.572	-3.918	0.000000	0.000000
1583202103811	1583202103811	-14.108	1.917	-1.842	2.463	-1.643	-3.830	0.000000	0.000000
1583202103838	1583202103830	-13.035	2.109	-1.652	2.158	-1.687	-3.644	0.000000	0.000000
1583202103851	1583202103851	-11.799	2.137	-1.310	1.834	-1.664	-3.377	0.000000	0.000000
1583202103870	1583202103869	-10.517	2.293	-1.044	1.510	-1.588	-3.041	0.000000	0.000000
1583202103891	1583202103890	-9.281	2.602	-0.833	1.228	-1.481	-2.638	0.000000	0.000000
1583202103911	1583202103911	-8.098	2.751	-0.656	0.933	-1.357	-2.191	0.000000	0.000000
1583202103930	1583202103930	-6.821	2.925	-0.301	0.601	-1.216	-1.727	0.000000	0.000000
1583202103950	1583202103950	-5.554	2.887	0.149	0.274	-1.024	-1.225	0.000000	0.000000
1583202103970	1583202103970	-5.029	3.012	0.159	-0.028	-0.791	-0.673	0.000000	0.000000
1583202103989	1583202103989	-4.924	3.117	-0.045	-0.386	-0.535	-0.058	0.000000	0.000000
1583202104009	1583202104009	-5.288	2.870	-0.177	-0.823	-0.272	0.628	0.000000	0.000000
1583202104034	1583202104029	-5.762	2.077	0.008	-1.297	0.021	1.359	0.000000	0.000000
1583202104054	1583202104052	-5.922	1.433	0.494	-1.753	0.409	1.992	0.000000	0.000000
1583202104069	1583202104069	-6.212	0.817	0.942	-2.138	0.825	2.410	0.000000	0.000000
1583202104090	1583202104088	-6.857	0.573	0.820	-2.406	1.141	2.682	0.000000	0.000000
1583202104108	1583202104108	-8.110	0.480	0.230	-2.652	1.395	2.934	0.000000	0.000000
1583202104130	1583202104130	-10.191	0.077	-0.311	-2.909	1.606	3.220	0.000000	0.000000
1583202104149	1583202104149	-12.239	-0.658	-0.589	-3.172	1.754	3.539	0.000000	0.000000
1583202104175	1583202104170	-13.957	-1.353	-0.910	-3.380	1.887	3.886	0.000000	0.000000
1583202104188	1583202104188	-15.260	-2.060	-1.329	-3.416	1.971	4.271	0.000000	0.000000
1583202104208	1583202104208	-16.125	-2.637	-1.303	-3.239	1.984	4.634	0.000000	0.000000
1583202104232	1583202104230	-16.853	-2.874	-0.757	-2.934	1.960	4.908	0.000000	0.000000
1583202104258	1583202104251	-17.809	-3.200	-0.359	-2.612	1.983	5.082	0.000000	0.000000
1583202104269	1583202104266	-19.174	-3.387	-0.165	-2.430	1.975	5.022	0.000000	0.000000
1583202104287	1583202104286	-19.510	-4.556	0.784	-2.451	1.812	4.656	0.000000	0.000000
1583202104309	1583202104307	-17.864	-6.467	2.037	-2.379	1.546	4.122	0.000000	0.000000
1583202104329	1583202104327	-15.916	-9.186	2.865	-2.036	1.343	3.516	0.000000	0.000000
1583202104347	1583202104346	-14.446	-11.026	3.891	-1.294	1.228	2.793	0.000000	0.000000
1583202104367	1583202104366	-13.780	-9.546	4.638	-0.325	1.104	2.010	0.000000	0.000000
1583202104389	1583202104387	-13.964	-6.575	4.547	0.236	0.758	1.293	0.000000	0.000000
1583202104407	1583202104405	-13.159	-5.550	4.296	0.080	0.147	0.648	0.000000	0.000000
1583202104426	1583202104425	-11.818	-6.039	3.567	-0.243	-0.459	0.226	0.000000	0.000000
1583202104459	1583202104452	-11.116	-6.544	2.592	-0.276	-0.846	0.050	0.000000	0.000000
1583202104470	1583202104466	-10.658	-6.558	1.696	-0.013	-1.112	-0.021	0.000000	0.000000
1583202104487	1583202104487	-10.598	-6.328	0.875	0.400	-1.352	-0.059	0.000000	0.000000
1583202104507	1583202104507	-10.886	-6.221	-0.206	0.830	-1.571	-0.123	0.000000	0.000000
1583202104526	1583202104526	-11.272	-6.094	-1.296	1.212	-1.762	-0.251	0.000000	0.000000
1583202104549	1583202104549	-11.691	-5.777	-2.302	1.477	-1.923	-0.472	0.000000	0.000000
1583202104571	1583202104571	-13.293	-5.413	-3.478	1.689	-1.937	-0.740	0.000000	0.000000
1583202104590	1583202104587	-15.931	-5.150	-4.553	1.944	-1.891	-1.024	0.000000	0.000000
1583202104606	1583202104606	-16.949	-5.306	-4.668	2.306	-1.846	-1.278	0.000000	0.000000
1583202104627	1583202104626	-15.550	-5.250	-3.777	2.864	-1.547	-1.507	0.000000	0.000000
1583202104647	1583202104647	-15.059	-4.474	-3.938	3.401	-1.168	-1.779	0.000000	0.000000
1583202104673	1583202104672	-16.312	-3.772	-5.140	3.721	-1.064	-2.129	0.000000	0.000000
1583202104687	1583202104686	-17.208	-3.257	-5.950	3.961	-1.235	-2.465	0.000000	0.000000
1583202104709	1583202104707	-17.339	-2.730	-6.403	4.222	-1.573	-2.726	0.000000	0.000000
1583202104727	1583202104726	-16.896	-2.043	-6.616	4.466	-1.954	-2.916	0.000000	0.000000
1583202104747	1583202104745	-16.350	-1.360	-6.597	4.607	-2.239	-3.087	0.000000	0.000000
1583202104766	1583202104766	-15.960	-0.850	-6.355	4.612	-2.401	-3.245	0.000000	0.000000
1583202104787	1583202104787	-15.825	-0.435	-6.096	4.467	-2.437	-3.379	0.000000	0.000000
1583202104807	1583202104807	-15.825	-0.050	-6.043	4.172	-2.381	-3.476	0.000000	0.000000
1583202104825	1583202104823	-15.622	0.034	-5.948	3.759	-2.255	-3.510	0.000000	0.000000
1583202104845	1583202104845	-14.965	-0.002	-5.598	3.337	-2.081	-3.456	0.000000	0.000000
1583202104871	1583202104871	-14.261	-0.059	-5.140	2.931	-1.864	-3.328	0.000000	0.000000
1583202104885	1583202104885	-13.758	-0.002	-4.668	2.543	-1.666	-3.197	0.000000	0.000000
1583202104910	1583202104910	-13.164	0.252	-4.489	2.158	-1.539	-3.122	0.000000	0.000000
1583202104926	1583202104924	-12.100	0.446	-4.280	1.746	-1.466	-3.068	0.000000	0.000000
1583202104945	1583202104944	-11.147	0.561	-3.746	1.357	-1.392	-3.037	0.000000	0.000000
1583202104972	1583202104972	-10.404	0.549	-3.219	1.019	-1.281	-3.024	0.000000	0.000000
1583202104992	1583202104990	-10.019	0.719	-2.606	0.869	-1.098	-2.944	0.000000	0.000000
1583202105004	1583202105003	-9.322	0.944	-2.136	0.909	-0.873	-2.744	0.000000	0.000000
1583202105025	1583202105024	-8.488	1.490	-2.019	0.969	-0.657	-2.508	0.000000	0.000000
1583202105045	1583202105045	-7.686	2.468	-2.191	0.821	-0.449	-2.264	0.000000	0.000000
1583202105065	1583202105064	-6.991	2.980	-2.084	0.440	-0.180	-1.979	0.000000	0.000000
1583202105085	1583202105085	-7.070	2.995	-1.645	0.041	0.199	-1.601	0.000000	0.000000
1583202105105	1583202105104	-7.923	2.722	-1.260	-0.325	0.661	-1.095	0.000000	0.000000
1583202105130	1583202105125	-7.695	2.334	-0.263	-0.693	1.188	-0.468	0.000000	0.000000
1583202105144	1583202105143	-7.056	1.766	1.464	-1.006	1.787	0.207	0.000000	0.000000
1583202105165	1583202105163	-7.106	1.215	2.645	-1.116	2.331	0.724	0.000000	0.000000
1583202105185	1583202105184	-8.042	1.138	2.564	-1.085	2.827	1.143	0.000000	0.000000
1583202105205	1583202105204	-9.786	1.435	1.871	-1.103	3.216	1.548	0.000000	0.000000
1583202105226	1583202105223	-11.698	1.577	1.248	-1.201	3.354	1.927	0.000000	0.000000
1583202105245	1583202105244	-13.253	1.613	0.863	-1.385	3.170	2.226	0.000000	0.000000
1583202105264	1583202105263	-14.084	1.629	0.817	-1.672	2.756	2.466	0.000000	0.000000
1583202105284	1583202105283	-14.208	1.330	0.525	-2.132	2.268	2.632	0.000000	0.000000
1583202105307	1583202105307	-13.854	0.762	0.044	-2.736	1.759	2.729	0.000000	0.000000
1583202105328	1583202105323	-13.543	0.154	-0.414	-3.350	1.333	2.785	0.000000	0.000000
1583202105344	1583202105344	-13.394	-0.479	-0.649	-3.905	1.016	2.776	0.000000	0.000000
1583202105364	1583202105363	-13.413	-1.456	-0.697	-4.271	0.799	2.789	0.000000	0.000000
1583202105383	1583202105383	-13.734	-2.021	-0.735	-4.313	0.716	2.902	0.000000	0.000000
1583202105411	1583202105407	-14.278	-2.881	-0.867	-4.178	0.728	3.049	0.000000	0.000000
1583202105428	1583202105425	-14.714	-3.799	-0.833	-3.778	0.698	3.203	0.000000	0.000000
1583202105443	1583202105442	-14.453	-4.108	-0.742	-3.223	0.623	3.363	0.000000	0.000000
1583202105464	1583202105462	-14.292	-4.405	-0.781	-2.818	0.610	3.394	0.000000	0.000000
1583202105483	1583202105482	-14.012	-4.846	-0.709	-2.601	0.513	3.145	0.000000	0.000000
1583202105502	1583202105502	-13.274	-5.658	-0.678	-2.499	0.353	2.730	0.000000	0.000000
1583202105527	1583202105527	-12.314	-6.566	-0.517	-2.424	0.199	2.162	0.000000	0.000000
1583202105544	1583202105543	-11.686	-7.102	-0.289	-2.195	0.135	1.556	0.000000	0.000000
1583202105562	1583202105561	-11.837	-6.987	-0.321	-1.805	0.132	0.980	0.000000	0.000000
1583202105583	1583202105581	-11.954	-6.431	-0.625	-1.364	0.123	0.488	0.000000	0.000000
1583202105606	1583202105606	-11.897	-6.245	-0.824	-0.992	0.126	0.124	0.000000	0.000000
1583202105629	1583202105629	-11.559	-6.022	-0.972	-0.697	0.139	-0.128	0.000000	0.000000
1583202105642	1583202105642	-11.327	-5.804	-1.080	-0.377	0.179	-0.287	0.000000	0.000000
1583202105666	1583202105666	-11.331	-5.425	-1.169	0.030	0.220	-0.429	0.000000	0.000000
1583202105682	1583202105682	-12.194	-5.071	-1.010	0.502	0.275	-0.562	0.000000	0.000000
1583202105702	1583202105701	-12.256	-4.891	-0.213	0.957	0.306	-0.714	0.000000	0.000000
1583202105722	1583202105722	-11.264	-4.295	-0.062	1.307	0.249	-0.943	0.000000	0.000000
1583202105751	1583202105742	-11.930	-3.849	-0.828	1.615	0.159	-1.227	0.000000	0.000000
1583202105762	1583202105763	-13.313	-3.614	-1.456	2.017	0.005	-1.490	0.000000	0.000000
1583202105781	1583202105781	-13.777	-3.001	-1.811	2.462	-0.278	-1.733	0.000000	0.000000
1583202105802	1583202105801	-13.801	-2.170	-2.105	2.779	-0.567	-1.989	0.000000	0.000000
1583202105827	1583202105821	-13.842	-1.564	-2.359	2.917	-0.788	-2.250	0.000000	0.000000
1583202105841	1583202105840	-13.926	-1.190	-2.500	2.923	-0.923	-2.484	0.000000	0.000000
1583202105862	1583202105860	-13.871	-0.982	-2.618	2.845	-0.997	-2.686	0.000000	0.000000
1583202105881	1583202105880	-13.598	-0.800	-2.704	2.780	-1.036	-2.821	0.000000	0.000000
1583202105901	1583202105900	-13.301	-0.582	-2.857	2.735	-1.059	-2.884	0.000000	0.000000
1583202105924	1583202105924	-13.073	-0.309	-2.790	2.722	-1.078	-2.870	0.000000	0.000000
1583202105949	1583202105942	-12.740	-0.064	-2.805	2.735	-1.118	-2.777	0.000000	0.000000
1583202105964	1583202105960	-12.354	0.743	-2.790	2.903	-1.233	-2.571	0.000000	0.000000
1583202105980	1583202105980	-11.605	1.234	-2.692	2.762	-1.360	-2.324	0.000000	0.000000
1583202106000	1583202106000	-10.795	1.026	-2.486	2.359	-1.436	-2.136	0.000000	0.000000
1583202106019	1583202106019	-9.921	1.287	-2.227	1.925	-1.459	-1.959	0.000000	0.000000
1583202106051	1583202106051	-9.073	1.383	-2.069	1.424	-1.426	-1.820	0.000000	0.000000
1583202106064	1583202106064	-8.292	1.318	-2.019	0.966	-1.341	-1.663	0.000000	0.000000
1583202106080	1583202106080	-7.698	1.265	-2.026	0.633	-1.239	-1.478	0.000000	0.000000
1583202106100	1583202106099	-7.386	1.282	-1.928	0.417	-1.080	-1.235	0.000000	0.000000
1583202106120	1583202106119	-7.151	1.356	-1.878	0.236	-0.849	-0.922	0.000000	0.000000
1583202106140	1583202106140	-6.938	1.402	-1.674	-0.054	-0.574	-0.563	0.000000	0.000000
1583202106167	1583202106167	-6.600	1.311	-1.195	-0.435	-0.222	-0.155	0.000000	0.000000
1583202106182	1583202106179	-6.684	1.105	-0.673	-0.842	0.262	0.329	0.000000	0.000000
1583202106201	1583202106201	-7.175	0.741	-0.218	-1.144	0.796	0.918	0.000000	0.000000
1583202106219	1583202106219	-8.459	0.760	-0.170	-1.336	1.245	1.547	0.000000	0.000000
1583202106251	1583202106249	-10.033	0.475	-0.383	-1.543	1.562	2.164	0.000000	0.000000
1583202106259	1583202106258	-10.625	0.041	-0.074	-1.807	1.764	2.711	0.000000	0.000000
1583202106280	1583202106280	-10.208	-0.821	0.367	-2.153	1.880	3.093	0.000000	0.000000
1583202106299	1583202106298	-10.385	-1.844	0.379	-2.240	1.983	3.368	0.000000	0.000000
1583202106320	1583202106318	-12.251	-2.450	0.293	-1.767	2.070	3.647	0.000000	0.000000
1583202106338	1583202106338	-14.072	-2.512	0.403	-0.917	2.084	3.890	0.000000	0.000000
1583202106361	1583202106361	-15.236	-2.517	0.305	-0.270	2.060	3.923	0.000000	0.000000
1583202106384	1583202106378	-15.334	-3.049	-0.024	-0.094	1.903	3.584	0.000000	0.000000
1583202106398	1583202106398	-13.876	-2.989	-0.155	-0.253	1.563	3.019	0.000000	0.000000
1583202106418	1583202106418	-12.093	-3.011	0.206	-0.464	1.217	2.314	0.000000	0.000000
1583202106439	1583202106437	-10.785	-2.848	0.712	-0.714	0.930	1.475	0.000000	0.000000
1583202106458	1583202106459	-10.009	-2.726	0.990	-0.849	0.699	0.712	0.000000	0.000000
1583202106478	1583202106476	-9.911	-2.982	0.865	-0.765	0.534	0.240	0.000000	0.000000
1583202106497	1583202106497	-9.990	-3.071	0.618	-0.545	0.400	-0.037	0.000000	0.000000
1583202106519	1583202106518	-9.973	-2.838	0.456	-0.252	0.263	-0.168	0.000000	0.000000
1583202106538	1583202106537	-9.916	-2.390	0.525	0.012	0.154	-0.200	0.000000	0.000000
1583202106560	1583202106560	-9.614	-2.076	0.681	0.190	0.078	-0.164	0.000000	0.000000
1583202106583	1583202106582	-9.190	-1.957	0.860	0.300	0.049	-0.064	0.000000	0.000000
1583202106598	1583202106598	-9.269	-2.052	0.987	0.424	0.093	0.082	0.000000	0.000000
1583202106620	1583202106620	-9.389	-2.148	1.112	0.570	0.141	0.199	0.000000	0.000000
1583202106637	1583202106637	-9.085	-2.153	1.110	0.697	0.133	0.224	0.000000	0.000000
1583202106657	1583202106657	-8.946	-2.026	0.877	0.775	0.093	0.157	0.000000	0.000000
1583202106680	1583202106678	-9.813	-1.971	0.381	0.829	0.041	0.041	0.000000	0.000000
1583202106698	1583202106698	-11.197	-2.050	-0.218	0.921	-0.031	-0.062	0.000000	0.000000
1583202106717	1583202106717	-12.268	-2.115	-0.773	1.045	-0.120	-0.140	0.000000	0.000000
1583202106737	1583202106736	-13.550	-2.143	-1.633	1.173	-0.209	-0.210	0.000000	0.000000
1583202106757	1583202106757	-15.143	-2.108	-2.563	1.316	-0.307	-0.292	0.000000	0.000000
1583202106783	1583202106783	-16.982	-2.242	-3.468	1.449	-0.381	-0.372	0.000000	0.000000
1583202106798	1583202106797	-18.161	-2.699	-3.387	1.620	-0.422	-0.416	0.000000	0.000000
1583202106819	1583202106817	-16.094	-3.346	-1.887	1.903	-0.401	-0.437	0.000000	0.000000
1583202106837	1583202106836	-12.304	-3.804	-1.238	2.270	-0.454	-0.549	0.000000	0.000000
1583202106857	1583202106857	-10.186	-3.729	-2.196	2.643	-0.615	-0.790	0.000000	0.000000
1583202106878	1583202106876	-10.601	-3.382	-3.020	2.948	-0.801	-1.119	0.000000	0.000000
1583202106905	1583202106895	-11.784	-3.075	-3.535	3.178	-1.028	-1.441	0.000000	0.000000
1583202106918	1583202106918	-12.352	-2.762	-3.921	3.219	-1.419	-1.775	0.000000	0.000000
1583202106936	1583202106935	-11.914	-2.453	-4.070	3.081	-1.758	-2.081	0.000000	0.000000
1583202106956	1583202106956	-11.413	-2.450	-3.808	2.900	-1.796	-2.244	0.000000	0.000000
1583202106977	1583202106975	-10.630	-2.694	-3.471	2.758	-1.640	-2.286	0.000000	0.000000
1583202107004	1583202107004	-9.844	-2.632	-3.222	2.683	-1.340	-2.238	0.000000	0.000000
1583202107017	1583202107017	-9.319	-2.601	-3.042	2.638	-1.009	-2.113	0.000000	0.000000
1583202107037	1583202107037	-9.046	-2.721	-2.915	2.623	-0.766	-1.915	0.000000	0.000000
1583202107057	1583202107055	-8.907	-2.661	-2.865	2.668	-0.661	-1.699	0.000000	0.000000
1583202107075	1583202107075	-8.768	-2.393	-2.735	2.682	-0.627	-1.489	0.000000	0.000000
1583202107095	1583202107095	-8.677	-2.220	-2.508	2.553	-0.635	-1.331	0.000000	0.000000
1583202107123	1583202107115	-8.720	-2.076	-2.314	2.296	-0.652	-1.236	0.000000	0.000000
1583202107139	1583202107134	-8.967	-2.139	-2.187	1.915	-0.650	-1.211	0.000000	0.000000
1583202107157	1583202107154	-8.936	-2.024	-1.935	1.522	-0.615	-1.257	0.000000	0.000000
1583202107174	1583202107174	-8.713	-1.763	-1.406	1.231	-0.528	-1.314	0.000000	0.000000
1583202107198	1583202107196	-8.948	-1.604	-0.689	1.033	-0.406	-1.346	0.000000	0.000000
1583202107217	1583202107214	-9.489	-1.516	-0.086	0.919	-0.280	-1.314	0.000000	0.000000
1583202107236	1583202107236	-9.968	-1.346	-0.014	0.761	-0.236	-1.246	0.000000	0.000000
1583202107254	1583202107254	-10.055	-1.077	-0.131	0.428	-0.288	-1.192	0.000000	0.000000
1583202107275	1583202107274	-9.949	-1.216	0.302	-0.009	-0.323	-1.170	0.000000	0.000000
1583202107300	1583202107294	-10.148	-1.854	1.105	-0.529	-0.276	-1.273	0.000000	0.000000
1583202107322	1583202107321	-9.901	-2.723	2.094	-0.968	-0.100	-1.255	0.000000	0.000000
1583202107339	1583202107339	-9.470	-3.389	2.770	-1.054	0.255	-0.932	0.000000	0.000000
1583202107354	1583202107354	-9.235	-3.368	2.676	-0.934	0.530	-0.530	0.000000	0.000000
1583202107374	1583202107374	-9.094	-3.856	2.798	-0.988	0.549	-0.350	0.000000	0.000000
1583202107394	1583202107394	-8.725	-4.671	3.002	-1.238	0.253	-0.348	0.000000	0.000000
1583202107417	1583202107417	-7.995	-5.363	3.014	-1.343	-0.047	-0.407	0.000000	0.000000
1583202107437	1583202107434	-7.899	-5.128	3.416	-1.139	-0.267	-0.348	0.000000	0.000000
1583202107456	1583202107456	-7.973	-6.276	3.371	-0.991	-0.509	-0.337	0.000000	0.000000
1583202107474	1583202107473	-7.688	-7.255	2.856	-0.789	-0.630	-0.419	0.000000	0.000000
1583202107493	1583202107493	-7.300	-6.041	2.753	-0.622	-0.598	-0.239	0.000000	0.000000
1583202107515	1583202107513	-6.823	-6.122	2.755	-0.524	-0.539	-0.042	0.000000	0.000000
1583202107550	1583202107539	-6.500	-7.181	2.834	-0.396	-0.699	-0.150	0.000000	0.000000
1583202107553	1583202107552	-6.160	-7.150	2.803	-0.463	-0.897	-0.290	0.000000	0.000000
1583202107576	1583202107576	-5.307	-6.740	2.477	-0.645	-1.008	-0.403	0.000000	0.000000
1583202107593	1583202107593	-4.291	-6.899	2.178	-0.668	-1.064	-0.480	0.000000	0.000000
1583202107617	1583202107612	-3.481	-6.398	2.271	-0.620	-1.130	-0.459	0.000000	0.000000
1583202107637	1583202107633	-2.899	-6.340	2.446	-0.580	-1.150	-0.362	0.000000	0.000000
1583202107655	1583202107654	-2.559	-6.491	2.679	-0.587	-1.112	-0.267	0.000000	0.000000
1583202107673	1583202107672	-2.775	-7.129	3.215	-0.609	-1.042	-0.211	0.000000	0.000000
1583202107693	1583202107693	-3.321	-7.409	3.577	-0.529	-1.073	-0.196	0.000000	0.000000
1583202107713	1583202107712	-3.496	-7.387	4.123	-0.329	-1.107	-0.188	0.000000	0.000000
1583202107738	1583202107737	-3.340	-7.792	4.837	-0.381	-1.135	-0.248	0.000000	0.000000
1583202107752	1583202107751	-2.969	-8.822	5.088	-0.554	-1.110	-0.433	0.000000	0.000000
1583202107778	1583202107776	-2.986	-8.391	4.818	-0.397	-0.796	-0.488	0.000000	0.000000
