1583203104469	1583203104462	-11.549	3.371	0.343	-0.005	0.024	-0.917	0.000000	0.000000
1583203104480	1583203104478	-9.235	3.323	1.347	-0.008	0.073	-0.812	0.000000	0.000000
1583203104499	1583203104498	-7.630	3.208	2.137	0.309	0.361	-0.663	0.000000	0.000000
1583203104519	1583203104518	-7.872	3.510	2.221	0.644	0.645	-0.502	0.000000	0.000000
1583203104539	1583203104538	-9.183	3.706	2.001	0.724	0.821	-0.339	0.000000	0.000000
1583203104559	1583203104557	-10.443	3.876	1.912	0.646	0.915	-0.108	0.000000	0.000000
1583203104584	1583203104580	-11.149	3.673	1.847	0.506	0.898	0.216	0.000000	0.000000
1583203104600	1583203104597	-11.461	2.643	1.943	0.319	0.844	0.583	0.000000	0.000000
1583203104618	1583203104617	-10.979	1.658	2.185	0.197	0.839	0.909	0.000000	0.000000
1583203104639	1583203104637	-10.383	0.913	2.463	0.162	0.940	1.112	0.000000	0.000000
1583203104658	1583203104657	-10.182	0.235	2.662	0.142	1.102	1.217	0.000000	0.000000
1583203104679	1583203104677	-10.019	-0.282	2.806	0.080	1.241	1.226	0.000000	0.000000
1583203104698	1583203104697	-9.465	-0.507	2.952	-0.010	1.324	1.107	0.000000	0.000000
1583203104718	1583203104717	-8.831	-0.649	2.968	-0.090	1.296	0.877	0.000000	0.000000
1583203104738	1583203104736	-8.411	-0.886	2.935	-0.124	1.161	0.632	0.000000	0.000000
1583203104758	1583203104756	-8.282	-1.195	2.976	-0.106	0.984	0.475	0.000000	0.000000
1583203104783	1583203104780	-8.414	-1.492	3.076	-0.017	0.812	0.371	0.000000	0.000000
1583203104798	1583203104796	-8.744	-1.844	3.150	0.148	0.657	0.313	0.000000	0.000000
1583203104819	1583203104817	-9.101	-2.151	3.184	0.387	0.542	0.292	0.000000	0.000000
1583203104838	1583203104836	-9.274	-2.258	3.052	0.621	0.479	0.253	0.000000	0.000000
1583203104858	1583203104856	-9.420	-2.218	2.657	0.786	0.426	0.154	0.000000	0.000000
1583203104883	1583203104876	-9.942	-2.172	2.274	0.895	0.355	-0.000	0.000000	0.000000
1583203104898	1583203104898	-10.373	-2.165	1.938	1.032	0.272	-0.182	0.000000	0.000000
1583203104922	1583203104916	-10.790	-2.069	1.514	1.231	0.133	-0.346	0.000000	0.000000
1583203104937	1583203104936	-11.729	-1.755	0.911	1.412	-0.041	-0.503	0.000000	0.000000
1583203104957	1583203104956	-12.419	-1.358	0.496	1.551	-0.124	-0.612	0.000000	0.000000
1583203104979	1583203104978	-12.738	-1.013	0.034	1.585	-0.192	-0.644	0.000000	0.000000
1583203104997	1583203104996	-12.915	-0.977	-0.273	1.515	-0.258	-0.648	0.000000	0.000000
1583203105017	1583203105017	-12.637	-1.104	-0.323	1.422	-0.297	-0.609	0.000000	0.000000
1583203105037	1583203105036	-11.926	-1.358	-0.340	1.362	-0.294	-0.530	0.000000	0.000000
1583203105057	1583203105055	-11.022	-1.513	-0.440	1.319	-0.273	-0.462	0.000000	0.000000
1583203105077	1583203105075	-10.263	-1.614	-0.781	1.260	-0.280	-0.443	0.000000	0.000000
1583203105097	1583203105096	-9.806	-1.583	-1.054	1.172	-0.306	-0.468	0.000000	0.000000
1583203105117	1583203105115	-9.645	-1.458	-1.061	1.062	-0.326	-0.531	0.000000	0.000000
1583203105136	1583203105135	-9.422	-1.341	-1.252	0.906	-0.334	-0.610	0.000000	0.000000
1583203105156	1583203105155	-8.989	-1.353	-1.236	0.760	-0.309	-0.655	0.000000	0.000000
1583203105177	1583203105175	-8.500	-1.480	-1.073	0.706	-0.255	-0.660	0.000000	0.000000
1583203105196	1583203105195	-8.550	-1.576	-0.903	0.794	-0.168	-0.601	0.000000	0.000000
1583203105216	1583203105214	-9.384	-1.583	-0.761	0.967	-0.068	-0.477	0.000000	0.000000
1583203105236	1583203105235	-10.646	-1.458	-0.618	1.146	0.018	-0.320	0.000000	0.000000
1583203105257	1583203105255	-11.708	-1.358	-0.555	1.214	0.058	-0.184	0.000000	0.000000
1583203105277	1583203105275	-12.158	-1.461	-0.352	1.163	0.016	-0.092	0.000000	0.000000
1583203105302	1583203105302	-11.981	-1.559	-0.093	1.017	-0.082	-0.078	0.000000	0.000000
1583203105322	1583203105316	-11.538	-1.566	0.067	0.783	-0.191	-0.170	0.000000	0.000000
1583203105341	1583203105337	-10.927	-1.394	-0.021	0.504	-0.311	-0.373	0.000000	0.000000
1583203105357	1583203105356	-10.369	-1.147	-0.206	0.213	-0.440	-0.645	0.000000	0.000000
1583203105376	1583203105376	-10.191	-1.159	-0.151	-0.069	-0.519	-0.907	0.000000	0.000000
1583203105397	1583203105395	-10.282	-1.171	0.202	-0.248	-0.517	-1.111	0.000000	0.000000
1583203105416	1583203105416	-10.527	-0.951	0.432	-0.273	-0.490	-1.217	0.000000	0.000000
1583203105437	1583203105435	-10.548	-0.632	0.559	-0.229	-0.471	-1.225	0.000000	0.000000
1583203105456	1583203105455	-10.639	-0.428	0.563	-0.203	-0.469	-1.160	0.000000	0.000000
1583203105477	1583203105475	-11.068	-0.206	0.353	-0.231	-0.499	-1.056	0.000000	0.000000
1583203105499	1583203105499	-11.662	-0.035	0.091	-0.299	-0.537	-0.927	0.000000	0.000000
1583203105521	1583203105516	-11.945	-0.026	-0.170	-0.372	-0.551	-0.787	0.000000	0.000000
1583203105540	1583203105536	-11.530	-0.007	-0.340	-0.364	-0.505	-0.642	0.000000	0.000000
1583203105557	1583203105554	-10.318	-0.079	-0.146	-0.306	-0.342	-0.490	0.000000	0.000000
1583203105576	1583203105574	-9.161	-0.277	0.396	-0.212	-0.086	-0.351	0.000000	0.000000
1583203105597	1583203105594	-8.426	-0.304	1.004	-0.059	0.177	-0.183	0.000000	0.000000
1583203105625	1583203105625	-8.134	-0.074	1.450	0.080	0.383	-0.025	0.000000	0.000000
1583203105637	1583203105636	-8.531	0.305	1.581	0.090	0.430	0.087	0.000000	0.000000
1583203105657	1583203105657	-9.374	0.616	1.404	-0.070	0.354	0.160	0.000000	0.000000
1583203105677	1583203105674	-10.098	0.784	1.088	-0.337	0.206	0.278	0.000000	0.000000
1583203105694	1583203105694	-10.507	0.805	0.736	-0.687	0.040	0.439	0.000000	0.000000
1583203105716	1583203105716	-10.634	0.645	0.657	-1.116	-0.075	0.632	0.000000	0.000000
1583203105738	1583203105737	-10.380	0.283	0.686	-1.540	-0.133	0.837	0.000000	0.000000
1583203105755	1583203105754	-9.856	-0.067	0.858	-1.882	-0.093	1.011	0.000000	0.000000
1583203105776	1583203105774	-9.453	-0.323	1.019	-2.149	-0.013	1.120	0.000000	0.000000
1583203105796	1583203105793	-9.305	-0.481	0.968	-2.357	0.053	1.199	0.000000	0.000000
1583203105818	1583203105815	-9.286	-0.852	1.064	-2.542	0.125	1.281	0.000000	0.000000
1583203105838	1583203105837	-9.554	-1.049	1.289	-2.616	0.139	1.365	0.000000	0.000000
1583203105857	1583203105856	-9.583	-1.207	1.057	-2.677	0.068	1.456	0.000000	0.000000
1583203105875	1583203105873	-9.451	-1.276	0.606	-2.857	-0.041	1.497	0.000000	0.000000
1583203105895	1583203105893	-9.391	-1.657	0.190	-3.107	-0.176	1.481	0.000000	0.000000
1583203105914	1583203105913	-9.425	-2.024	-0.215	-3.273	-0.320	1.442	0.000000	0.000000
1583203105940	1583203105939	-9.537	-2.242	-0.699	-3.352	-0.406	1.434	0.000000	0.000000
1583203105954	1583203105954	-9.770	-2.548	-0.953	-3.343	-0.445	1.466	0.000000	0.000000
1583203105974	1583203105973	-9.985	-2.872	-1.006	-3.274	-0.410	1.485	0.000000	0.000000
1583203105994	1583203105993	-10.093	-2.958	-1.078	-3.039	-0.334	1.510	0.000000	0.000000
1583203106013	1583203106013	-10.033	-3.020	-1.080	-2.722	-0.196	1.609	0.000000	0.000000
1583203106039	1583203106039	-10.045	-3.226	-0.972	-2.543	0.007	1.717	0.000000	0.000000
1583203106060	1583203106055	-10.105	-3.408	-0.759	-2.389	0.232	1.718	0.000000	0.000000
1583203106075	1583203106075	-10.122	-3.679	-0.483	-2.243	0.407	1.601	0.000000	0.000000
1583203106093	1583203106092	-9.887	-3.751	-0.289	-2.128	0.537	1.415	0.000000	0.000000
1583203106113	1583203106112	-10.294	-3.602	-0.531	-2.128	0.559	1.124	0.000000	0.000000
1583203106147	1583203106137	-11.595	-3.607	-0.680	-2.197	0.511	0.783	0.000000	0.000000
1583203106154	1583203106152	-12.951	-3.720	-0.589	-2.201	0.477	0.454	0.000000	0.000000
1583203106174	1583203106172	-14.434	-3.978	-0.651	-2.087	0.402	0.169	0.000000	0.000000
1583203106193	1583203106192	-14.898	-4.455	-0.079	-1.759	0.401	-0.014	0.000000	0.000000
1583203106213	1583203106211	-13.547	-4.426	0.441	-1.270	0.399	-0.166	0.000000	0.000000
1583203106233	1583203106233	-12.060	-4.158	0.544	-0.807	0.314	-0.349	0.000000	0.000000
1583203106256	1583203106256	-11.245	-3.509	0.772	-0.381	0.208	-0.550	0.000000	0.000000
1583203106274	1583203106274	-10.826	-3.104	0.985	-0.172	0.138	-0.781	0.000000	0.000000
1583203106293	1583203106291	-10.872	-2.682	1.179	-0.068	0.047	-1.034	0.000000	0.000000
1583203106312	1583203106311	-11.408	-2.311	1.239	-0.012	-0.048	-1.273	0.000000	0.000000
1583203106333	1583203106331	-11.540	-2.251	1.387	0.049	-0.107	-1.488	0.000000	0.000000
1583203106359	1583203106359	-10.948	-2.112	1.517	0.181	-0.162	-1.652	0.000000	0.000000
1583203106373	1583203106372	-10.182	-1.767	1.347	0.331	-0.251	-1.751	0.000000	0.000000
1583203106395	1583203106395	-9.782	-1.463	1.066	0.458	-0.372	-1.801	0.000000	0.000000
1583203106412	1583203106411	-9.652	-1.135	0.796	0.563	-0.519	-1.790	0.000000	0.000000
1583203106432	1583203106431	-9.559	-0.776	0.662	0.667	-0.661	-1.703	0.000000	0.000000
1583203106458	1583203106450	-9.300	-0.550	0.547	0.684	-0.780	-1.546	0.000000	0.000000
1583203106473	1583203106473	-9.065	-0.598	0.410	0.559	-0.835	-1.343	0.000000	0.000000
1583203106492	1583203106490	-8.902	-0.550	0.120	0.392	-0.856	-1.109	0.000000	0.000000
1583203106511	1583203106510	-8.917	-0.529	-0.261	0.210	-0.848	-0.869	0.000000	0.000000
1583203106531	1583203106530	-9.108	-0.620	-0.567	0.050	-0.813	-0.655	0.000000	0.000000
1583203106552	1583203106550	-9.310	-0.776	-0.802	-0.067	-0.757	-0.478	0.000000	0.000000
1583203106573	1583203106570	-9.417	-0.903	-0.941	-0.144	-0.675	-0.325	0.000000	0.000000
1583203106595	1583203106595	-9.437	-0.989	-1.085	-0.190	-0.562	-0.205	0.000000	0.000000
1583203106611	1583203106610	-9.310	-1.003	-1.133	-0.239	-0.425	-0.122	0.000000	0.000000
1583203106632	1583203106629	-9.044	-1.022	-0.900	-0.267	-0.257	-0.066	0.000000	0.000000
1583203106653	1583203106653	-8.766	-0.931	-0.570	-0.300	-0.063	-0.013	0.000000	0.000000
1583203106672	1583203106671	-8.591	-0.886	-0.218	-0.357	0.116	0.054	0.000000	0.000000
1583203106694	1583203106692	-8.488	-0.845	0.127	-0.418	0.239	0.153	0.000000	0.000000
1583203106711	1583203106709	-8.663	-0.797	0.417	-0.484	0.296	0.286	0.000000	0.000000
1583203106731	1583203106729	-9.135	-0.874	0.623	-0.585	0.296	0.438	0.000000	0.000000
1583203106751	1583203106749	-9.635	-1.020	0.769	-0.710	0.252	0.596	0.000000	0.000000
1583203106771	1583203106771	-9.913	-1.171	0.822	-0.862	0.183	0.737	0.000000	0.000000
1583203106794	1583203106793	-10.112	-1.324	0.817	-1.021	0.110	0.847	0.000000	0.000000
1583203106811	1583203106810	-10.196	-1.492	0.815	-1.168	0.049	0.910	0.000000	0.000000
1583203106831	1583203106829	-10.177	-1.652	0.882	-1.299	-0.004	0.905	0.000000	0.000000
1583203106850	1583203106850	-10.093	-1.751	0.913	-1.406	-0.049	0.843	0.000000	0.000000
1583203106875	1583203106875	-10.462	-1.547	0.420	-1.539	-0.175	0.730	0.000000	0.000000
1583203106892	1583203106888	-11.712	-1.343	-0.098	-1.763	-0.322	0.622	0.000000	0.000000
1583203106911	1583203106908	-13.440	-1.054	-0.507	-2.034	-0.425	0.542	0.000000	0.000000
1583203106930	1583203106928	-15.004	-0.749	-1.075	-2.433	-0.502	0.497	0.000000	0.000000
1583203106949	1583203106949	-13.600	-1.214	-0.860	-3.007	-0.451	0.499	0.000000	0.000000
1583203106972	1583203106971	-9.925	-2.647	-0.198	-3.373	-0.223	0.537	0.000000	0.000000
1583203106991	1583203106989	-7.506	-3.198	0.221	-2.971	-0.045	0.616	0.000000	0.000000
1583203107010	1583203107008	-6.763	-3.384	0.556	-2.143	0.125	0.782	0.000000	0.000000
1583203107030	1583203107028	-7.494	-3.353	0.961	-1.177	0.302	0.983	0.000000	0.000000
1583203107048	1583203107048	-9.056	-2.980	1.160	-0.385	0.422	1.115	0.000000	0.000000
1583203107073	1583203107067	-10.579	-2.544	1.196	-0.020	0.475	1.171	0.000000	0.000000
1583203107093	1583203107093	-11.456	-2.316	1.153	-0.043	0.471	1.219	0.000000	0.000000
1583203107109	1583203107108	-11.324	-2.321	0.985	-0.338	0.421	1.208	0.000000	0.000000
1583203107129	1583203107128	-10.704	-2.886	0.856	-0.733	0.414	1.141	0.000000	0.000000
1583203107149	1583203107147	-10.172	-3.530	0.904	-0.931	0.418	0.994	0.000000	0.000000
1583203107169	1583203107168	-9.784	-3.705	0.925	-0.868	0.419	0.750	0.000000	0.000000
1583203107190	1583203107187	-9.406	-3.411	0.992	-0.710	0.422	0.416	0.000000	0.000000
1583203107210	1583203107210	-9.413	-3.380	1.316	-0.519	0.435	0.164	0.000000	0.000000
1583203107229	1583203107228	-9.580	-3.641	1.675	-0.279	0.430	0.049	0.000000	0.000000
1583203107249	1583203107247	-9.729	-3.770	2.068	0.048	0.454	0.049	0.000000	0.000000
1583203107267	1583203107267	-9.753	-3.782	2.643	0.477	0.462	0.147	0.000000	0.000000
1583203107292	1583203107287	-9.964	-3.732	3.004	0.914	0.443	0.258	0.000000	0.000000
1583203107308	1583203107307	-10.289	-3.542	3.220	1.242	0.422	0.325	0.000000	0.000000
1583203107327	1583203107327	-10.249	-3.336	3.186	1.394	0.357	0.319	0.000000	0.000000
1583203107347	1583203107347	-9.736	-3.142	2.930	1.348	0.240	0.221	0.000000	0.000000
1583203107369	1583203107366	-9.240	-2.745	2.432	1.171	0.008	0.020	0.000000	0.000000
1583203107389	1583203107389	-9.195	-2.409	1.737	0.979	-0.316	-0.221	0.000000	0.000000
1583203107412	1583203107406	-9.396	-2.433	1.208	0.834	-0.594	-0.472	0.000000	0.000000
1583203107429	1583203107429	-9.904	-2.503	0.760	0.740	-0.828	-0.662	0.000000	0.000000
1583203107448	1583203107446	-10.388	-2.304	0.336	0.706	-1.037	-0.798	0.000000	0.000000
1583203107468	1583203107466	-10.601	-2.409	-0.151	0.684	-1.145	-0.892	0.000000	0.000000
1583203107490	1583203107490	-10.371	-2.050	-0.462	0.662	-1.145	-1.054	0.000000	0.000000
1583203107515	1583203107515	-10.266	-1.645	-0.721	0.466	-1.086	-1.242	0.000000	0.000000
1583203107528	1583203107527	-10.275	-1.346	-1.092	0.141	-0.981	-1.464	0.000000	0.000000
1583203107549	1583203107549	-10.625	-0.939	-1.763	-0.201	-0.911	-1.685	0.000000	0.000000
1583203107567	1583203107566	-12.009	-0.560	-2.366	-0.529	-0.836	-1.849	0.000000	0.000000
1583203107587	1583203107585	-13.796	-0.642	-2.671	-0.811	-0.720	-1.861	0.000000	0.000000
1583203107610	1583203107609	-13.394	-1.398	-2.455	-0.880	-0.597	-1.657	0.000000	0.000000
1583203107630	1583203107627	-10.692	-2.433	-1.399	-0.631	-0.259	-1.225	0.000000	0.000000
1583203107647	1583203107645	-8.203	-2.867	-0.227	-0.069	0.403	-0.778	0.000000	0.000000
1583203107667	1583203107665	-7.228	-2.486	0.166	0.593	0.921	-0.518	0.000000	0.000000
1583203107686	1583203107685	-8.431	-2.189	0.170	1.187	1.142	-0.395	0.000000	0.000000
1583203107709	1583203107709	-10.615	-1.921	0.470	1.717	1.210	-0.336	0.000000	0.000000
1583203107727	1583203107726	-12.948	-1.834	1.157	2.131	1.256	-0.295	0.000000	0.000000
1583203107750	1583203107750	-14.194	-1.240	1.066	2.431	1.145	-0.271	0.000000	0.000000
1583203107767	1583203107765	-14.017	-0.325	0.350	2.126	0.885	-0.373	0.000000	0.000000
1583203107787	1583203107784	-13.152	0.027	0.446	1.379	0.665	-0.546	0.000000	0.000000
1583203107807	1583203107807	-11.571	-0.009	0.963	0.757	0.457	-0.708	0.000000	0.000000
1583203107833	1583203107833	-10.277	-0.182	1.644	0.570	0.328	-0.801	0.000000	0.000000
1583203107847	1583203107847	-9.384	-0.129	2.147	0.503	0.302	-0.914	0.000000	0.000000
1583203107867	1583203107865	-8.771	0.027	2.259	0.442	0.284	-0.958	0.000000	0.000000
1583203107886	1583203107884	-8.251	0.551	1.934	0.350	0.171	-0.871	0.000000	0.000000
1583203107910	1583203107904	-7.944	0.714	1.682	0.153	0.027	-0.650	0.000000	0.000000
1583203107930	1583203107930	-7.834	0.686	1.658	-0.017	-0.130	-0.302	0.000000	0.000000
1583203107950	1583203107944	-7.904	0.559	1.672	-0.198	-0.266	0.119	0.000000	0.000000
1583203107971	1583203107965	-8.088	0.441	1.478	-0.420	-0.401	0.543	0.000000	0.000000
1583203107985	1583203107984	-8.227	0.202	1.076	-0.715	-0.526	0.917	0.000000	0.000000
1583203108004	1583203108004	-8.385	-0.210	0.415	-1.038	-0.661	1.253	0.000000	0.000000
1583203108026	1583203108026	-8.766	-0.503	-0.119	-1.239	-0.770	1.574	0.000000	0.000000
1583203108048	1583203108044	-9.406	-0.800	-0.579	-1.313	-0.844	1.908	0.000000	0.000000
1583203108065	1583203108064	-10.627	-1.080	-0.953	-1.331	-0.884	2.264	0.000000	0.000000
1583203108085	1583203108084	-11.954	-1.513	-1.154	-1.349	-0.858	2.610	0.000000	0.000000
1583203108104	1583203108103	-12.965	-2.304	-1.209	-1.311	-0.701	2.928	0.000000	0.000000
1583203108124	1583203108124	-13.447	-3.315	-0.970	-1.117	-0.445	3.141	0.000000	0.000000
1583203108151	1583203108144	-13.032	-4.115	-0.194	-0.847	-0.029	3.350	0.000000	0.000000
1583203108165	1583203108164	-13.938	-4.745	0.336	-0.473	0.456	3.384	0.000000	0.000000
1583203108184	1583203108183	-15.088	-5.207	0.120	-0.065	0.721	3.114	0.000000	0.000000
1583203108203	1583203108203	-15.548	-5.662	-0.330	0.208	0.864	2.615	0.000000	0.000000
1583203108227	1583203108224	-13.828	-5.265	-0.129	0.293	0.992	1.808	0.000000	0.000000
1583203108250	1583203108250	-10.330	-4.223	0.784	0.132	0.967	0.748	0.000000	0.000000
1583203108264	1583203108263	-7.690	-3.861	1.696	-0.106	0.616	-0.184	0.000000	0.000000
1583203108284	1583203108282	-6.713	-3.943	1.816	-0.164	0.215	-0.897	0.000000	0.000000
1583203108303	1583203108302	-6.852	-3.765	1.534	0.161	-0.054	-1.390	0.000000	0.000000
1583203108323	1583203108323	-7.978	-2.956	1.030	0.448	-0.362	-1.819	0.000000	0.000000
1583203108349	1583203108347	-10.318	-2.223	0.451	0.590	-0.660	-2.047	0.000000	0.000000
1583203108370	1583203108363	-12.105	-1.708	0.113	0.666	-0.889	-2.101	0.000000	0.000000
1583203108383	1583203108382	-12.819	-1.363	0.058	0.611	-1.060	-2.144	0.000000	0.000000
1583203108404	1583203108402	-12.680	-1.358	0.290	0.471	-1.019	-2.193	0.000000	0.000000
1583203108424	1583203108422	-12.397	-1.492	0.755	0.448	-0.741	-2.222	0.000000	0.000000
1583203108449	1583203108448	-12.000	-1.324	1.007	0.498	-0.392	-2.287	0.000000	0.000000
1583203108462	1583203108460	-11.382	-1.073	1.208	0.602	-0.084	-2.396	0.000000	0.000000
1583203108482	1583203108480	-10.462	-0.723	1.522	0.726	0.127	-2.518	0.000000	0.000000
1583203108502	1583203108502	-9.700	-0.079	1.737	0.799	0.237	-2.607	0.000000	0.000000
1583203108523	1583203108521	-9.183	0.446	1.958	0.868	0.215	-2.594	0.000000	0.000000
1583203108544	1583203108543	-8.663	0.892	1.914	0.720	0.076	-2.514	0.000000	0.000000
1583203108563	1583203108563	-8.011	1.244	1.852	0.475	-0.072	-2.350	0.000000	0.000000
1583203108586	1583203108582	-7.324	1.608	1.852	0.292	-0.199	-2.048	0.000000	0.000000
1583203108602	1583203108601	-6.883	1.831	2.077	0.106	-0.245	-1.629	0.000000	0.000000
1583203108623	1583203108621	-6.418	1.697	2.223	-0.136	-0.226	-1.161	0.000000	0.000000
1583203108643	1583203108643	-6.081	1.610	2.262	-0.364	-0.166	-0.702	0.000000	0.000000
1583203108670	1583203108670	-5.954	1.517	2.238	-0.723	-0.039	-0.250	0.000000	0.000000
1583203108683	1583203108680	-6.524	0.923	2.154	-1.179	0.131	0.144	0.000000	0.000000
1583203108706	1583203108700	-7.389	0.312	2.125	-1.512	0.264	0.522	0.000000	0.000000
1583203108722	1583203108721	-8.416	0.015	1.972	-1.601	0.320	1.011	0.000000	0.000000
1583203108741	1583203108740	-9.159	-0.479	1.759	-1.737	0.374	1.465	0.000000	0.000000
1583203108770	1583203108761	-9.607	-0.857	1.373	-1.901	0.348	1.874	0.000000	0.000000
1583203108784	1583203108784	-10.826	-1.003	0.796	-2.017	0.269	2.323	0.000000	0.000000
1583203108802	1583203108800	-12.718	-1.295	0.099	-2.200	0.158	2.712	0.000000	0.000000
1583203108822	1583203108820	-16.695	-1.674	-0.809	-2.220	0.047	3.165	0.000000	0.000000
1583203108842	1583203108840	-23.163	-3.444	-0.872	-2.050	-0.042	3.789	0.000000	0.000000
1583203108865	1583203108865	-21.886	-7.840	0.733	-1.323	-0.331	4.287	0.000000	0.000000
1583203108881	1583203108881	-12.781	-8.197	1.749	0.098	0.477	4.654	0.000000	0.000000
1583203108905	1583203108900	-10.340	-6.405	1.914	1.479	1.470	4.678	0.000000	0.000000
1583203108920	1583203108920	-8.979	-5.928	2.128	2.017	1.491	3.759	0.000000	0.000000
1583203108941	1583203108939	-9.789	-5.210	1.953	1.758	1.054	2.596	0.000000	0.000000
1583203108962	1583203108959	-11.363	-4.180	0.995	1.878	0.559	1.784	0.000000	0.000000
1583203108982	1583203108982	-13.255	-3.341	0.681	1.771	-0.135	0.923	0.000000	0.000000
1583203109003	1583203108999	-13.681	-3.224	-0.095	1.006	-0.786	0.033	0.000000	0.000000
1583203109020	1583203109019	-13.320	-3.231	-0.400	0.614	-1.252	-0.559	0.000000	0.000000
1583203109040	1583203109039	-12.254	-3.059	-0.323	0.414	-1.661	-0.976	0.000000	0.000000
1583203109063	1583203109063	-10.651	-2.946	-0.297	0.440	-1.988	-1.317	0.000000	0.000000
1583203109080	1583203109079	-9.585	-2.721	-0.488	0.709	-2.013	-1.627	0.000000	0.000000
1583203109105	1583203109099	-9.073	-2.273	-0.634	1.012	-1.797	-1.808	0.000000	0.000000
1583203109121	1583203109119	-8.977	-1.993	-0.608	1.201	-1.514	-1.833	0.000000	0.000000
1583203109139	1583203109139	-9.051	-1.897	-0.728	1.314	-1.244	-1.773	0.000000	0.000000
1583203109159	1583203109158	-9.298	-1.719	-0.836	1.380	-1.019	-1.647	0.000000	0.000000
1583203109183	1583203109183	-9.664	-1.391	-0.991	1.331	-0.851	-1.511	0.000000	0.000000
1583203109202	1583203109198	-9.971	-1.135	-1.042	1.180	-0.758	-1.430	0.000000	0.000000
1583203109220	1583203109218	-10.347	-1.101	-0.917	0.993	-0.736	-1.417	0.000000	0.000000
1583203109241	1583203109238	-10.754	-0.996	-0.922	0.813	-0.752	-1.489	0.000000	0.000000
1583203109259	1583203109258	-10.855	-0.836	-1.025	0.624	-0.786	-1.625	0.000000	0.000000
1583203109280	1583203109278	-11.240	-0.646	-1.082	0.428	-0.811	-1.777	0.000000	0.000000
1583203109300	1583203109300	-11.985	-0.572	-0.982	0.245	-0.811	-1.922	0.000000	0.000000
1583203109325	1583203109318	-12.443	-0.368	-0.989	0.136	-0.776	-2.032	0.000000	0.000000
1583203109338	1583203109338	-12.333	-0.033	-0.927	0.059	-0.683	-2.060	0.000000	0.000000
1583203109360	1583203109358	-11.509	0.108	-0.610	-0.054	-0.513	-1.981	0.000000	0.000000
1583203109387	1583203109382	-10.900	0.132	-0.031	-0.119	-0.287	-1.784	0.000000	0.000000
1583203109399	1583203109397	-9.827	0.168	0.930	-0.110	-0.024	-1.482	0.000000	0.000000
1583203109419	1583203109419	-9.635	0.501	1.454	-0.121	0.199	-1.140	0.000000	0.000000
1583203109440	1583203109437	-10.218	0.851	1.548	-0.226	0.326	-0.776	0.000000	0.000000
1583203109459	1583203109457	-9.985	0.609	1.852	-0.503	0.438	-0.386	0.000000	0.000000
1583203109481	1583203109481	-8.910	-0.265	2.456	-0.845	0.604	-0.069	0.000000	0.000000
1583203109501	1583203109500	-7.961	-0.881	2.724	-0.942	0.674	0.157	0.000000	0.000000
1583203109520	1583203109518	-7.820	-0.716	2.837	-0.730	0.582	0.272	0.000000	0.000000
1583203109538	1583203109537	-8.313	-0.344	2.746	-0.500	0.431	0.322	0.000000	0.000000
1583203109559	1583203109557	-8.802	-0.218	2.396	-0.410	0.254	0.350	0.000000	0.000000
1583203109580	1583203109578	-8.919	0.039	1.998	-0.555	0.045	0.422	0.000000	0.000000
1583203109606	1583203109606	-8.950	0.192	1.572	-0.955	-0.172	0.583	0.000000	0.000000
1583203109618	1583203109618	-8.934	-0.088	1.078	-1.477	-0.382	0.776	0.000000	0.000000
1583203109638	1583203109637	-8.756	-0.596	0.410	-1.928	-0.566	0.975	0.000000	0.000000
1583203109657	1583203109657	-8.567	-1.003	-0.115	-2.193	-0.709	1.179	0.000000	0.000000
1583203109678	1583203109676	-8.531	-1.257	-0.558	-2.295	-0.780	1.383	0.000000	0.000000
1583203109697	1583203109697	-8.558	-1.427	-0.893	-2.278	-0.770	1.583	0.000000	0.000000
1583203109725	1583203109723	-8.809	-1.494	-1.022	-2.207	-0.684	1.784	0.000000	0.000000
1583203109739	1583203109739	-9.094	-1.628	-1.152	-2.147	-0.524	1.978	0.000000	0.000000
1583203109757	1583203109756	-9.338	-1.842	-1.171	-2.090	-0.294	2.160	0.000000	0.000000
1583203109778	1583203109776	-9.676	-2.146	-0.862	-1.995	-0.014	2.344	0.000000	0.000000
1583203109803	1583203109797	-9.983	-2.644	-0.368	-1.819	0.275	2.503	0.000000	0.000000
1583203109818	1583203109816	-10.340	-3.198	0.197	-1.543	0.603	2.633	0.000000	0.000000
1583203109838	1583203109835	-10.893	-3.890	0.851	-1.182	0.934	2.779	0.000000	0.000000
1583203109856	1583203109856	-11.324	-4.359	1.356	-0.818	1.215	2.881	0.000000	0.000000
1583203109876	1583203109876	-11.911	-4.465	1.280	-0.519	1.320	2.826	0.000000	0.000000
1583203109896	1583203109896	-12.869	-4.462	1.019	-0.357	1.216	2.627	0.000000	0.000000
1583203109921	1583203109918	-13.202	-4.640	0.834	-0.359	1.049	2.306	0.000000	0.000000
1583203109946	1583203109939	-13.241	-4.877	0.700	-0.469	0.871	1.828	0.000000	0.000000
1583203109957	1583203109955	-13.047	-5.234	0.563	-0.566	0.619	1.216	0.000000	0.000000
1583203109976	1583203109975	-12.934	-5.272	0.309	-0.595	0.308	0.591	0.000000	0.000000
1583203109996	1583203109995	-14.223	-5.234	-0.299	-0.450	-0.005	0.053	0.000000	0.000000
1583203110017	1583203110017	-16.621	-5.409	-0.752	-0.049	-0.272	-0.285	0.000000	0.000000
1583203110037	1583203110036	-15.773	-5.804	0.367	0.629	-0.195	-0.379	0.000000	0.000000
1583203110055	1583203110053	-11.514	-5.531	1.390	1.328	-0.048	-0.491	0.000000	0.000000
1583203110075	1583203110074	-8.986	-4.362	0.966	1.714	-0.130	-0.782	0.000000	0.000000
1583203110094	1583203110093	-9.492	-3.279	0.091	2.003	-0.326	-1.075	0.000000	0.000000
1583203110115	1583203110114	-11.686	-2.785	-0.608	2.301	-0.649	-1.275	0.000000	0.000000
1583203110148	1583203110138	-13.902	-2.505	-0.860	2.642	-0.970	-1.420	0.000000	0.000000
1583203110157	1583203110154	-15.018	-2.024	-1.003	2.876	-1.282	-1.578	0.000000	0.000000
1583203110177	1583203110174	-14.671	-1.717	-1.310	2.835	-1.503	-1.744	0.000000	0.000000
1583203110195	1583203110194	-13.638	-1.535	-1.530	2.633	-1.583	-1.925	0.000000	0.000000
1583203110218	1583203110216	-12.577	-1.300	-1.643	2.433	-1.563	-2.153	0.000000	0.000000
1583203110237	1583203110233	-11.933	-0.915	-1.638	2.243	-1.480	-2.417	0.000000	0.000000
1583203110259	1583203110260	-11.583	-0.721	-1.305	2.076	-1.329	-2.681	0.000000	0.000000
1583203110276	1583203110274	-11.485	-0.524	-1.106	1.924	-1.165	-2.905	0.000000	0.000000
1583203110295	1583203110293	-11.226	-0.328	-1.164	1.748	-1.071	-3.026	0.000000	0.000000
1583203110314	1583203110314	-10.551	-0.126	-1.279	1.519	-1.020	-3.020	0.000000	0.000000
1583203110339	1583203110339	-9.966	-0.074	-1.205	1.312	-1.006	-2.890	0.000000	0.000000
1583203110355	1583203110354	-9.286	-0.040	-1.142	1.149	-1.001	-2.674	0.000000	0.000000
1583203110374	1583203110374	-8.720	0.070	-1.056	1.050	-0.966	-2.396	0.000000	0.000000
1583203110394	1583203110393	-8.227	0.190	-0.955	0.982	-0.903	-2.074	0.000000	0.000000
1583203110414	1583203110413	-7.920	0.283	-0.912	0.897	-0.806	-1.746	0.000000	0.000000
1583203110438	1583203110438	-7.997	0.408	-0.828	0.773	-0.693	-1.418	0.000000	0.000000
1583203110460	1583203110454	-8.684	0.463	-0.869	0.636	-0.579	-1.092	0.000000	0.000000
1583203110475	1583203110475	-9.427	0.566	-0.838	0.545	-0.463	-0.733	0.000000	0.000000
1583203110493	1583203110493	-9.389	0.657	-0.666	0.391	-0.304	-0.349	0.000000	0.000000
1583203110515	1583203110512	-8.950	0.707	-0.345	0.076	-0.078	-0.029	0.000000	0.000000
1583203110538	1583203110532	-8.579	0.458	0.321	-0.312	0.182	0.260	0.000000	0.000000
1583203110554	1583203110552	-8.050	0.235	0.939	-0.577	0.438	0.517	0.000000	0.000000
1583203110574	1583203110572	-8.541	0.408	1.304	-0.707	0.629	0.810	0.000000	0.000000
1583203110593	1583203110592	-10.146	0.575	1.459	-0.818	0.778	1.210	0.000000	0.000000
1583203110614	1583203110612	-11.605	0.537	1.488	-0.976	0.918	1.711	0.000000	0.000000
1583203110638	1583203110633	-11.818	-0.170	1.919	-1.240	1.057	2.237	0.000000	0.000000
1583203110657	1583203110652	-10.589	-1.315	2.511	-1.483	1.186	2.652	0.000000	0.000000
1583203110675	1583203110673	-9.595	-1.921	2.978	-1.469	1.304	2.910	0.000000	0.000000
1583203110692	1583203110692	-9.437	-1.976	3.263	-1.264	1.313	2.993	0.000000	0.000000
1583203110713	1583203110711	-10.364	-1.914	3.167	-1.028	1.169	2.902	0.000000	0.000000
1583203110733	1583203110731	-11.777	-1.763	2.537	-0.880	0.897	2.636	0.000000	0.000000
1583203110753	1583203110753	-12.505	-1.384	1.476	-1.004	0.542	2.197	0.000000	0.000000
1583203110774	1583203110772	-12.501	-1.317	0.542	-1.374	0.164	1.676	0.000000	0.000000
1583203110793	1583203110791	-12.321	-1.633	0.058	-1.792	-0.156	1.233	0.000000	0.000000
1583203110812	1583203110811	-11.751	-2.258	-0.160	-2.155	-0.330	0.896	0.000000	0.000000
1583203110832	1583203110831	-10.785	-2.785	0.151	-2.236	-0.360	0.672	0.000000	0.000000
1583203110853	1583203110853	-9.650	-3.054	0.621	-1.982	-0.251	0.551	0.000000	0.000000
1583203110873	1583203110873	-8.728	-3.039	0.872	-1.525	-0.048	0.529	0.000000	0.000000
1583203110896	1583203110891	-8.289	-2.702	0.853	-1.109	0.178	0.582	0.000000	0.000000
1583203110912	1583203110911	-8.184	-2.419	0.820	-0.899	0.338	0.640	0.000000	0.000000
1583203110932	1583203110931	-8.296	-2.278	0.856	-0.830	0.394	0.674	0.000000	0.000000
1583203110959	1583203110953	-8.438	-2.359	0.815	-0.822	0.383	0.696	0.000000	0.000000
1583203110972	1583203110971	-8.816	-2.579	0.824	-0.854	0.350	0.705	0.000000	0.000000
1583203110992	1583203110990	-9.120	-2.819	0.805	-0.844	0.309	0.691	0.000000	0.000000
1583203111012	1583203111010	-9.176	-2.975	0.817	-0.781	0.312	0.646	0.000000	0.000000
1583203111031	1583203111030	-9.068	-3.049	1.007	-0.721	0.386	0.569	0.000000	0.000000
1583203111051	1583203111051	-8.972	-3.087	1.186	-0.672	0.477	0.469	0.000000	0.000000
1583203111076	1583203111071	-9.336	-3.068	1.155	-0.628	0.517	0.370	0.000000	0.000000
1583203111092	1583203111092	-10.433	-3.166	1.129	-0.535	0.488	0.302	0.000000	0.000000
1583203111113	1583203111110	-11.224	-3.336	1.306	-0.343	0.467	0.284	0.000000	0.000000
1583203111131	1583203111130	-11.597	-3.459	1.409	-0.119	0.467	0.286	0.000000	0.000000
1583203111150	1583203111150	-12.218	-3.353	1.143	0.043	0.436	0.270	0.000000	0.000000
1583203111171	1583203111170	-13.188	-3.219	0.640	0.107	0.369	0.209	0.000000	0.000000
1583203111195	1583203111190	-15.425	-3.284	0.032	0.193	0.243	0.126	0.000000	0.000000
1583203111216	1583203111216	-17.332	-3.825	0.472	0.522	0.239	0.100	0.000000	0.000000
1583203111231	1583203111230	-15.018	-4.275	1.749	1.019	0.453	0.035	0.000000	0.000000
1583203111251	1583203111249	-10.891	-4.216	2.293	1.453	0.617	-0.164	0.000000	0.000000
1583203111272	1583203111269	-8.225	-3.667	1.984	1.717	0.490	-0.406	0.000000	0.000000
1583203111294	1583203111294	-7.444	-2.771	1.086	1.831	0.100	-0.774	0.000000	0.000000
1583203111313	1583203111312	-8.553	-2.127	0.367	1.864	-0.340	-1.079	0.000000	0.000000
1583203111331	1583203111329	-11.018	-1.894	0.127	1.923	-0.672	-1.274	0.000000	0.000000
1583203111351	1583203111348	-13.442	-1.772	-0.069	2.089	-0.973	-1.358	0.000000	0.000000
1583203111372	1583203111372	-14.446	-1.456	-0.304	2.229	-1.212	-1.413	0.000000	0.000000
1583203111390	1583203111390	-14.247	-1.293	-0.613	2.183	-1.270	-1.439	0.000000	0.000000
1583203111415	1583203111415	-13.013	-1.401	-0.584	1.990	-1.154	-1.458	0.000000	0.000000
1583203111429	1583203111429	-11.590	-1.485	-0.462	1.815	-0.942	-1.505	0.000000	0.000000
1583203111450	1583203111448	-10.527	-1.260	-0.510	1.785	-0.752	-1.593	0.000000	0.000000
1583203111470	1583203111468	-10.012	-1.066	-0.601	1.789	-0.650	-1.698	0.000000	0.000000
1583203111494	1583203111494	-9.707	-0.833	-0.570	1.772	-0.647	-1.799	0.000000	0.000000
1583203111512	1583203111509	-9.427	-0.483	-0.565	1.626	-0.702	-1.847	0.000000	0.000000
1583203111530	1583203111528	-9.166	-0.311	-0.666	1.365	-0.783	-1.837	0.000000	0.000000
1583203111549	1583203111548	-8.893	-0.162	-0.749	1.115	-0.859	-1.770	0.000000	0.000000
1583203111570	1583203111568	-8.584	-0.026	-0.802	0.859	-0.892	-1.662	0.000000	0.000000
1583203111589	1583203111588	-8.244	-0.067	-0.723	0.603	-0.855	-1.535	0.000000	0.000000
1583203111612	1583203111612	-7.920	-0.138	-0.642	0.383	-0.767	-1.387	0.000000	0.000000
1583203111631	1583203111628	-7.796	-0.208	-0.630	0.220	-0.654	-1.208	0.000000	0.000000
1583203111648	1583203111648	-8.098	-0.124	-0.713	0.123	-0.548	-1.019	0.000000	0.000000
1583203111670	1583203111667	-9.061	0.080	-0.816	0.065	-0.447	-0.815	0.000000	0.000000
1583203111693	1583203111693	-9.841	0.341	-0.843	0.003	-0.342	-0.573	0.000000	0.000000
1583203111709	1583203111707	-9.901	0.501	-0.709	-0.143	-0.197	-0.288	0.000000	0.000000
1583203111728	1583203111728	-9.662	0.460	-0.330	-0.422	0.020	0.030	0.000000	0.000000
1583203111749	1583203111747	-9.209	0.120	0.341	-0.688	0.279	0.384	0.000000	0.000000
1583203111769	1583203111767	-8.847	-0.028	1.059	-0.813	0.520	0.766	0.000000	0.000000
1583203111791	1583203111791	-9.868	0.199	1.260	-0.889	0.662	1.143	0.000000	0.000000
1583203111811	1583203111808	-12.314	0.511	0.834	-1.044	0.722	1.577	0.000000	0.000000
1583203111829	1583203111828	-13.844	0.118	0.836	-1.350	0.784	2.094	0.000000	0.000000
1583203111848	1583203111847	-12.021	-1.650	1.912	-1.707	0.873	2.535	0.000000	0.000000
1583203111868	1583203111867	-9.712	-2.527	2.559	-1.736	1.114	2.771	0.000000	0.000000
1583203111888	1583203111886	-9.077	-2.395	2.607	-1.643	1.208	2.769	0.000000	0.000000
1583203111907	1583203111907	-9.691	-2.579	2.535	-1.578	1.125	2.550	0.000000	0.000000
1583203111927	1583203111925	-11.171	-2.594	2.518	-1.343	0.970	2.213	0.000000	0.000000
1583203111947	1583203111945	-11.856	-2.323	1.986	-1.208	0.711	1.706	0.000000	0.000000
1583203111967	1583203111967	-11.847	-1.945	0.892	-1.338	0.304	1.132	0.000000	0.000000
1583203111987	1583203111986	-11.490	-1.679	-0.088	-1.650	-0.134	0.639	0.000000	0.000000
1583203112007	1583203112006	-11.087	-1.686	-0.632	-2.030	-0.442	0.279	0.000000	0.000000
1583203112028	1583203112028	-10.666	-2.057	-0.570	-2.257	-0.601	0.030	0.000000	0.000000
1583203112050	1583203112048	-9.688	-2.345	-0.194	-2.206	-0.712	-0.129	0.000000	0.000000
1583203112068	1583203112066	-8.670	-2.587	0.072	-1.920	-0.652	-0.124	0.000000	0.000000
1583203112088	1583203112086	-8.026	-2.400	0.139	-1.577	-0.416	0.035	0.000000	0.000000
1583203112114	1583203112107	-7.774	-2.117	0.118	-1.323	-0.114	0.298	0.000000	0.000000
1583203112127	1583203112126	-8.042	-2.091	0.187	-1.152	0.154	0.592	0.000000	0.000000
1583203112149	1583203112145	-8.342	-2.177	0.345	-0.991	0.295	0.830	0.000000	0.000000
1583203112167	1583203112165	-8.668	-2.349	0.400	-0.885	0.377	1.004	0.000000	0.000000
1583203112187	1583203112185	-9.223	-2.797	0.561	-0.845	0.476	1.133	0.000000	0.000000
1583203112207	1583203112207	-9.549	-3.087	0.805	-0.784	0.559	1.185	0.000000	0.000000
1583203112228	1583203112228	-9.528	-3.308	0.954	-0.682	0.616	1.165	0.000000	0.000000
1583203112250	1583203112245	-9.456	-3.466	1.086	-0.569	0.651	1.072	0.000000	0.000000
1583203112266	1583203112265	-9.796	-3.408	1.021	-0.490	0.609	0.924	0.000000	0.000000
1583203112287	1583203112285	-10.754	-3.497	0.942	-0.425	0.524	0.748	0.000000	0.000000
1583203112306	1583203112305	-11.423	-3.720	0.999	-0.273	0.436	0.598	0.000000	0.000000
1583203112330	1583203112330	-11.753	-3.945	1.102	-0.052	0.367	0.496	0.000000	0.000000
1583203112350	1583203112344	-11.856	-3.856	0.961	0.148	0.296	0.387	0.000000	0.000000
1583203112371	1583203112365	-11.310	-3.569	0.709	0.212	0.251	0.210	0.000000	0.000000
1583203112386	1583203112384	-10.735	-3.372	0.647	0.138	0.234	-0.047	0.000000	0.000000
1583203112405	1583203112404	-11.593	-3.308	0.192	0.109	0.148	-0.279	0.000000	0.000000
1583203112425	1583203112425	-13.562	-3.669	-0.270	0.338	0.017	-0.353	0.000000	0.000000
1583203112450	1583203112450	-13.981	-4.165	0.410	0.851	0.047	-0.298	0.000000	0.000000
1583203112466	1583203112465	-11.638	-4.184	1.217	1.401	0.173	-0.282	0.000000	0.000000
1583203112485	1583203112484	-9.875	-3.535	0.705	1.693	0.122	-0.406	0.000000	0.000000
1583203112505	1583203112504	-10.517	-2.898	-0.486	1.836	-0.166	-0.614	0.000000	0.000000
1583203112527	1583203112527	-12.302	-2.663	-0.814	2.001	-0.428	-0.811	0.000000	0.000000
1583203112547	1583203112544	-13.660	-2.599	-0.723	2.091	-0.632	-0.971	0.000000	0.000000
1583203112566	1583203112564	-13.820	-2.333	-1.010	2.097	-0.794	-1.147	0.000000	0.000000
1583203112585	1583203112583	-13.483	-2.038	-1.444	2.058	-0.875	-1.337	0.000000	0.000000
1583203112606	1583203112603	-12.992	-1.885	-1.564	2.028	-0.887	-1.552	0.000000	0.000000
1583203112624	1583203112623	-12.316	-1.667	-1.320	2.031	-0.838	-1.783	0.000000	0.000000
1583203112648	1583203112648	-11.554	-1.437	-0.891	2.065	-0.718	-2.002	0.000000	0.000000
1583203112664	1583203112663	-10.872	-1.231	-0.551	2.099	-0.584	-2.184	0.000000	0.000000
1583203112685	1583203112683	-10.335	-0.970	-0.433	2.085	-0.496	-2.301	0.000000	0.000000
1583203112705	1583203112703	-9.755	-0.591	-0.469	2.001	-0.493	-2.343	0.000000	0.000000
1583203112724	1583203112723	-9.336	-0.318	-0.543	1.847	-0.539	-2.296	0.000000	0.000000
1583203112749	1583203112749	-9.092	-0.150	-0.543	1.686	-0.609	-2.170	0.000000	0.000000
1583203112767	1583203112762	-8.845	0.065	-0.524	1.562	-0.690	-1.968	0.000000	0.000000
1583203112787	1583203112784	-8.490	0.211	-0.400	1.375	-0.726	-1.707	0.000000	0.000000
1583203112804	1583203112802	-8.086	0.257	-0.306	1.096	-0.704	-1.429	0.000000	0.000000
1583203112824	1583203112822	-7.743	0.262	-0.383	0.761	-0.660	-1.157	0.000000	0.000000
1583203112848	1583203112843	-7.678	0.269	-0.639	0.434	-0.617	-0.925	0.000000	0.000000
1583203112864	1583203112863	-8.347	0.295	-0.788	0.198	-0.567	-0.712	0.000000	0.000000
1583203112883	1583203112883	-9.154	0.396	-0.788	0.014	-0.499	-0.473	0.000000	0.000000
1583203112904	1583203112902	-9.358	0.451	-0.747	-0.209	-0.389	-0.205	0.000000	0.000000
1583203112924	1583203112922	-9.039	0.290	-0.440	-0.503	-0.216	0.090	0.000000	0.000000
1583203112946	1583203112947	-8.874	-0.043	0.046	-0.737	-0.014	0.407	0.000000	0.000000
1583203112967	1583203112963	-8.924	-0.155	0.384	-0.849	0.174	0.750	0.000000	0.000000
1583203112984	1583203112984	-10.342	0.082	0.108	-0.958	0.284	1.124	0.000000	0.000000
1583203113003	1583203113002	-13.059	0.276	-0.345	-1.108	0.349	1.565	0.000000	0.000000
1583203113023	1583203113021	-14.374	-0.603	0.554	-1.275	0.482	2.073	0.000000	0.000000
1583203113043	1583203113041	-11.614	-2.797	2.602	-1.253	0.859	2.486	0.000000	0.000000
1583203113063	1583203113062	-9.408	-3.147	3.263	-0.902	1.407	2.640	0.000000	0.000000
1583203113084	1583203113081	-8.802	-2.395	3.239	-0.669	1.611	2.487	0.000000	0.000000
1583203113103	1583203113101	-9.803	-1.676	2.985	-0.666	1.471	2.079	0.000000	0.000000
1583203113123	1583203113121	-11.250	-0.972	2.398	-0.753	1.087	1.515	0.000000	0.000000
1583203113142	1583203113141	-11.765	-0.457	1.328	-1.113	0.560	0.913	0.000000	0.000000
1583203113164	1583203113164	-11.650	-0.687	0.441	-1.618	0.039	0.541	0.000000	0.000000
1583203113183	1583203113183	-11.147	-1.281	0.147	-2.101	-0.330	0.367	0.000000	0.000000
1583203113203	1583203113203	-10.153	-1.969	0.168	-2.324	-0.535	0.273	0.000000	0.000000
1583203113223	1583203113220	-9.204	-2.529	0.508	-2.271	-0.665	0.269	0.000000	0.000000
1583203113242	1583203113241	-8.641	-2.865	0.822	-1.926	-0.612	0.419	0.000000	0.000000
1583203113262	1583203113262	-8.265	-2.762	1.110	-1.410	-0.301	0.688	0.000000	0.000000
1583203113282	1583203113280	-8.466	-2.690	1.426	-0.882	0.128	1.045	0.000000	0.000000
1583203113306	1583203113306	-8.596	-2.807	1.565	-0.488	0.453	1.369	0.000000	0.000000
1583203113322	1583203113320	-8.651	-2.905	1.668	-0.238	0.700	1.610	0.000000	0.000000
1583203113341	1583203113340	-9.106	-3.332	1.931	-0.104	0.879	1.798	0.000000	0.000000
1583203113366	1583203113366	-9.286	-3.677	2.053	0.019	0.915	1.892	0.000000	0.000000
1583203113383	1583203113383	-9.530	-3.983	2.132	0.166	0.866	1.907	0.000000	0.000000
1583203113401	1583203113401	-9.578	-4.146	2.144	0.293	0.773	1.769	0.000000	0.000000
1583203113422	1583203113420	-9.956	-4.048	1.735	0.311	0.582	1.478	0.000000	0.000000
1583203113441	1583203113440	-11.379	-4.017	1.282	0.250	0.328	1.072	0.000000	0.000000
1583203113460	1583203113459	-12.683	-4.309	1.316	0.257	0.126	0.581	0.000000	0.000000
1583203113480	1583203113480	-12.857	-4.407	1.148	0.374	-0.051	0.043	0.000000	0.000000
1583203113502	1583203113499	-12.335	-3.868	0.911	0.587	-0.197	-0.439	0.000000	0.000000
1583203113526	1583203113520	-11.130	-2.932	0.944	0.654	-0.270	-0.890	0.000000	0.000000
1583203113541	1583203113539	-10.955	-2.012	0.633	0.480	-0.380	-1.310	0.000000	0.000000
1583203113561	1583203113559	-12.294	-1.418	-0.050	0.227	-0.496	-1.633	0.000000	0.000000
1583203113587	1583203113587	-14.283	-1.243	-0.601	0.012	-0.589	-1.839	0.000000	0.000000
1583203113602	1583203113599	-16.187	-1.767	-0.383	0.003	-0.606	-1.830	0.000000	0.000000
1583203113621	1583203113619	-14.014	-2.730	0.623	0.351	-0.560	-1.612	0.000000	0.000000
1583203113641	1583203113639	-9.930	-3.212	1.179	0.806	-0.305	-1.282	0.000000	0.000000
1583203113660	1583203113658	-7.805	-2.747	1.205	1.228	-0.043	-1.107	0.000000	0.000000
1583203113682	1583203113681	-6.960	-2.012	0.951	1.647	0.029	-1.129	0.000000	0.000000
1583203113700	1583203113699	-7.712	-1.293	0.271	2.019	-0.064	-1.171	0.000000	0.000000
1583203113720	1583203113719	-10.289	-0.831	-0.141	2.210	-0.211	-1.152	0.000000	0.000000
1583203113740	1583203113738	-14.125	-0.644	-0.050	2.251	-0.382	-1.045	0.000000	0.000000
1583203113761	1583203113759	-15.595	-1.027	-0.177	2.322	-0.686	-0.862	0.000000	0.000000
1583203113780	1583203113778	-14.628	-0.931	-0.843	2.239	-0.937	-0.635	0.000000	0.000000
1583203113804	1583203113798	-13.468	-0.977	-1.221	1.835	-0.963	-0.530	0.000000	0.000000
1583203113820	1583203113818	-11.571	-1.145	-1.015	1.364	-0.914	-0.616	0.000000	0.000000
1583203113840	1583203113837	-9.961	-0.996	-0.680	1.116	-0.757	-0.800	0.000000	0.000000
1583203113859	1583203113858	-8.701	-0.917	-0.570	1.049	-0.620	-1.049	0.000000	0.000000
1583203113880	1583203113877	-7.971	-0.965	-0.589	1.006	-0.503	-1.309	0.000000	0.000000
1583203113898	1583203113898	-7.767	-0.874	-0.594	0.945	-0.414	-1.517	0.000000	0.000000
1583203113922	1583203113919	-7.647	-0.505	-0.543	0.856	-0.366	-1.608	0.000000	0.000000
1583203113939	1583203113939	-7.566	-0.229	-0.368	0.731	-0.338	-1.565	0.000000	0.000000
1583203113958	1583203113957	-7.417	-0.081	-0.155	0.588	-0.315	-1.426	0.000000	0.000000
1583203113979	1583203113977	-7.297	0.058	0.012	0.412	-0.277	-1.212	0.000000	0.000000
1583203114003	1583203113998	-7.326	0.142	0.108	0.180	-0.217	-0.940	0.000000	0.000000
1583203114019	1583203114018	-7.580	0.183	0.147	-0.065	-0.171	-0.646	0.000000	0.000000
1583203114039	1583203114037	-8.114	0.147	0.063	-0.260	-0.158	-0.339	0.000000	0.000000
1583203114058	1583203114057	-8.998	0.096	-0.031	-0.385	-0.157	-0.028	0.000000	0.000000
1583203114078	1583203114077	-9.798	0.022	-0.131	-0.511	-0.138	0.274	0.000000	0.000000
1583203114102	1583203114101	-10.345	0.041	-0.105	-0.722	-0.070	0.514	0.000000	0.000000
1583203114122	1583203114122	-10.661	-0.055	0.149	-1.029	0.059	0.697	0.000000	0.000000
1583203114141	1583203114140	-10.716	-0.325	0.657	-1.289	0.224	0.871	0.000000	0.000000
1583203114158	1583203114156	-11.034	-0.539	1.342	-1.393	0.371	1.072	0.000000	0.000000
1583203114179	1583203114176	-11.145	-0.646	2.125	-1.443	0.510	1.302	0.000000	0.000000
1583203114198	1583203114196	-11.039	-0.831	2.509	-1.530	0.600	1.512	0.000000	0.000000
1583203114218	1583203114216	-12.072	-0.677	2.135	-1.667	0.520	1.688	0.000000	0.000000
1583203114239	1583203114238	-13.998	-0.615	1.634	-1.819	0.326	1.866	0.000000	0.000000
1583203114256	1583203114255	-13.523	-1.238	2.197	-1.995	0.252	2.050	0.000000	0.000000
1583203114277	1583203114275	-10.984	-2.407	2.779	-2.181	0.312	2.071	0.000000	0.000000
1583203114296	1583203114295	-9.298	-2.627	2.439	-2.197	0.174	1.878	0.000000	0.000000
1583203114316	1583203114315	-9.631	-2.390	1.490	-2.079	-0.223	1.639	0.000000	0.000000
1583203114341	1583203114340	-10.824	-2.345	0.853	-1.865	-0.526	1.381	0.000000	0.000000
1583203114357	1583203114354	-11.609	-2.270	0.398	-1.681	-0.701	1.121	0.000000	0.000000
1583203114376	1583203114374	-11.938	-2.072	-0.364	-1.699	-0.855	0.888	0.000000	0.000000
1583203114397	1583203114394	-11.823	-1.866	-1.171	-1.926	-0.961	0.670	0.000000	0.000000
