1583203034774	1583203034774	-12.218	-1.401	-1.396	2.889	-1.081	-2.413	0.000000	0.000000
1583203034790	1583203034788	-11.784	-1.295	-1.260	2.873	-1.065	-2.514	0.000000	0.000000
1583203034809	1583203034807	-11.629	-1.099	-1.255	2.873	-1.001	-2.605	0.000000	0.000000
1583203034828	1583203034827	-11.662	-0.857	-1.291	2.894	-0.919	-2.648	0.000000	0.000000
1583203034848	1583203034847	-11.686	-0.658	-1.317	2.855	-0.831	-2.632	0.000000	0.000000
1583203034870	1583203034867	-11.427	-0.505	-1.336	2.779	-0.785	-2.559	0.000000	0.000000
1583203034890	1583203034887	-10.941	-0.368	-1.315	2.693	-0.784	-2.407	0.000000	0.000000
1583203034908	1583203034907	-10.213	-0.253	-1.228	2.590	-0.805	-2.211	0.000000	0.000000
1583203034927	1583203034926	-9.676	0.096	-1.217	2.376	-0.838	-2.002	0.000000	0.000000
1583203034948	1583203034946	-9.384	0.298	-1.276	1.988	-0.880	-1.829	0.000000	0.000000
1583203034968	1583203034966	-8.955	0.441	-1.200	1.552	-0.912	-1.684	0.000000	0.000000
1583203034988	1583203034987	-8.682	0.384	-1.042	1.089	-0.900	-1.562	0.000000	0.000000
1583203035008	1583203035007	-9.049	0.496	-1.178	0.621	-0.879	-1.512	0.000000	0.000000
1583203035027	1583203035026	-9.537	0.642	-1.427	0.207	-0.865	-1.484	0.000000	0.000000
1583203035047	1583203035046	-10.266	0.690	-1.458	-0.106	-0.815	-1.401	0.000000	0.000000
1583203035068	1583203035066	-10.352	0.736	-1.432	-0.328	-0.720	-1.212	0.000000	0.000000
1583203035091	1583203035086	-10.182	1.086	-1.260	-0.583	-0.556	-0.940	0.000000	0.000000
1583203035107	1583203035106	-9.940	1.055	-0.900	-0.996	-0.291	-0.600	0.000000	0.000000
1583203035127	1583203035126	-10.088	0.856	-0.630	-1.410	0.017	-0.184	0.000000	0.000000
1583203035147	1583203035146	-10.201	0.597	-0.407	-1.688	0.323	0.336	0.000000	0.000000
1583203035167	1583203035165	-9.329	-0.143	0.226	-1.817	0.662	0.896	0.000000	0.000000
1583203035187	1583203035185	-8.692	-0.943	1.263	-1.774	0.998	1.361	0.000000	0.000000
1583203035207	1583203035206	-9.065	-1.461	2.053	-1.420	1.250	1.689	0.000000	0.000000
1583203035227	1583203035225	-9.750	-1.382	2.367	-0.936	1.370	1.978	0.000000	0.000000
1583203035247	1583203035245	-10.685	-1.140	2.470	-0.688	1.405	2.175	0.000000	0.000000
1583203035267	1583203035267	-11.114	-0.907	2.204	-0.822	1.311	2.208	0.000000	0.000000
1583203035287	1583203035287	-10.673	-0.584	1.519	-1.330	1.026	2.121	0.000000	0.000000
1583203035306	1583203035305	-10.239	-0.723	0.906	-1.830	0.522	2.051	0.000000	0.000000
1583203035327	1583203035326	-9.909	-1.322	0.590	-2.100	0.035	2.032	0.000000	0.000000
1583203035346	1583203035345	-9.609	-1.801	0.377	-2.250	-0.264	2.020	0.000000	0.000000
1583203035366	1583203035365	-9.415	-2.069	0.108	-2.442	-0.463	1.982	0.000000	0.000000
1583203035389	1583203035387	-9.243	-2.091	-0.196	-2.539	-0.594	1.955	0.000000	0.000000
1583203035407	1583203035405	-9.341	-2.208	-0.551	-2.556	-0.605	1.961	0.000000	0.000000
1583203035426	1583203035424	-9.719	-2.393	-0.701	-2.496	-0.518	1.995	0.000000	0.000000
1583203035446	1583203035444	-10.179	-2.675	-0.745	-2.455	-0.366	2.015	0.000000	0.000000
1583203035466	1583203035464	-10.452	-3.032	-0.709	-2.426	-0.186	2.001	0.000000	0.000000
1583203035487	1583203035484	-10.481	-3.497	-0.431	-2.354	0.056	2.004	0.000000	0.000000
1583203035505	1583203035504	-10.709	-4.046	0.003	-2.145	0.323	1.999	0.000000	0.000000
1583203035525	1583203035524	-10.814	-4.388	0.518	-1.805	0.533	1.959	0.000000	0.000000
1583203035547	1583203035547	-11.377	-4.884	1.014	-1.411	0.679	1.915	0.000000	0.000000
1583203035566	1583203035565	-12.271	-5.358	1.342	-0.967	0.743	1.853	0.000000	0.000000
1583203035588	1583203035585	-12.417	-5.483	1.296	-0.565	0.755	1.690	0.000000	0.000000
1583203035616	1583203035605	-12.170	-5.497	0.875	-0.385	0.689	1.416	0.000000	0.000000
1583203035627	1583203035626	-11.976	-5.416	0.410	-0.411	0.511	1.023	0.000000	0.000000
1583203035646	1583203035646	-12.220	-5.320	-0.134	-0.509	0.243	0.508	0.000000	0.000000
1583203035667	1583203035665	-13.804	-5.327	-0.931	-0.525	-0.075	-0.084	0.000000	0.000000
1583203035687	1583203035684	-15.483	-5.543	-0.910	-0.193	-0.260	-0.563	0.000000	0.000000
1583203035708	1583203035708	-13.202	-5.128	0.103	0.330	-0.154	-0.925	0.000000	0.000000
1583203035726	1583203035726	-11.973	-4.489	0.072	0.800	-0.175	-1.248	0.000000	0.000000
1583203035747	1583203035747	-13.406	-3.940	-0.649	1.293	-0.339	-1.505	0.000000	0.000000
1583203035766	1583203035764	-14.704	-3.490	-1.130	1.823	-0.485	-1.706	0.000000	0.000000
1583203035786	1583203035784	-15.025	-2.611	-1.303	2.127	-0.613	-1.969	0.000000	0.000000
1583203035807	1583203035805	-14.252	-1.930	-1.128	2.116	-0.732	-2.301	0.000000	0.000000
1583203035838	1583203035828	-13.025	-1.504	-0.804	1.919	-0.770	-2.720	0.000000	0.000000
1583203035848	1583203035844	-11.942	-1.176	-0.704	1.626	-0.744	-3.189	0.000000	0.000000
1583203035865	1583203035863	-11.715	-0.867	-0.802	1.352	-0.698	-3.609	0.000000	0.000000
1583203035885	1583203035883	-12.160	-0.642	-1.008	1.170	-0.658	-3.936	0.000000	0.000000
1583203035905	1583203035904	-12.891	-0.337	-1.173	1.126	-0.645	-4.119	0.000000	0.000000
1583203035925	1583203035924	-13.128	0.096	-1.205	1.153	-0.667	-4.133	0.000000	0.000000
1583203035947	1583203035946	-12.618	0.338	-0.960	1.251	-0.721	-3.956	0.000000	0.000000
1583203035965	1583203035965	-11.717	0.379	-0.692	1.452	-0.790	-3.601	0.000000	0.000000
1583203035984	1583203035983	-10.644	0.480	-0.721	1.505	-0.795	-3.109	0.000000	0.000000
1583203036004	1583203036003	-9.789	1.055	-0.694	1.503	-0.801	-2.640	0.000000	0.000000
1583203036027	1583203036027	-8.776	1.701	-0.725	1.348	-0.757	-2.170	0.000000	0.000000
1583203036046	1583203036044	-7.549	2.291	-0.689	0.988	-0.728	-1.772	0.000000	0.000000
1583203036065	1583203036064	-6.478	2.456	-0.558	0.480	-0.655	-1.415	0.000000	0.000000
1583203036085	1583203036083	-6.222	2.499	-0.450	0.018	-0.566	-1.025	0.000000	0.000000
1583203036103	1583203036103	-6.965	2.367	-0.352	-0.365	-0.435	-0.459	0.000000	0.000000
1583203036124	1583203036123	-7.880	1.821	-0.103	-0.738	-0.282	0.254	0.000000	0.000000
1583203036145	1583203036145	-8.390	0.995	-0.012	-1.319	-0.141	0.966	0.000000	0.000000
1583203036165	1583203036165	-9.468	0.777	-0.505	-1.984	-0.128	1.613	0.000000	0.000000
1583203036184	1583203036184	-11.217	0.906	-1.063	-2.534	-0.215	2.218	0.000000	0.000000
1583203036204	1583203036202	-12.407	0.520	-1.645	-3.040	-0.371	2.757	0.000000	0.000000
1583203036225	1583203036225	-12.486	-0.555	-1.918	-3.364	-0.564	3.212	0.000000	0.000000
1583203036249	1583203036249	-12.038	-1.708	-1.662	-3.419	-0.647	3.635	0.000000	0.000000
1583203036263	1583203036263	-12.709	-2.345	-1.298	-3.108	-0.593	4.040	0.000000	0.000000
1583203036286	1583203036286	-14.671	-2.546	-1.106	-2.548	-0.471	4.376	0.000000	0.000000
1583203036304	1583203036301	-16.894	-3.439	-0.898	-1.944	-0.300	4.609	0.000000	0.000000
1583203036323	1583203036322	-16.947	-4.156	-0.505	-1.403	0.160	4.565	0.000000	0.000000
1583203036346	1583203036342	-15.552	-3.186	-0.321	-1.426	0.732	4.258	0.000000	0.000000
1583203036363	1583203036362	-13.777	-2.793	-0.551	-1.725	0.911	3.513	0.000000	0.000000
1583203036383	1583203036381	-12.203	-2.606	-0.733	-2.204	0.754	2.685	0.000000	0.000000
1583203036402	1583203036401	-11.063	-2.227	-0.824	-2.725	0.466	1.833	0.000000	0.000000
1583203036422	1583203036421	-10.472	-2.496	-0.632	-3.089	0.140	1.172	0.000000	0.000000
1583203036452	1583203036452	-10.234	-2.762	-0.781	-3.261	-0.143	0.777	0.000000	0.000000
1583203036463	1583203036463	-10.242	-2.855	-0.991	-3.361	-0.336	0.506	0.000000	0.000000
1583203036487	1583203036481	-10.263	-2.841	-0.749	-3.409	-0.501	0.330	0.000000	0.000000
1583203036502	1583203036501	-9.930	-2.963	-0.622	-3.452	-0.646	0.293	0.000000	0.000000
1583203036522	1583203036521	-9.549	-3.015	-0.730	-3.370	-0.785	0.383	0.000000	0.000000
1583203036543	1583203036540	-9.671	-2.795	-0.821	-3.210	-0.891	0.555	0.000000	0.000000
1583203036566	1583203036561	-9.949	-3.025	-0.907	-3.081	-0.913	0.751	0.000000	0.000000
1583203036585	1583203036581	-9.303	-3.497	-1.056	-2.936	-0.871	0.902	0.000000	0.000000
1583203036602	1583203036600	-8.232	-4.390	-0.769	-2.654	-0.674	1.027	0.000000	0.000000
1583203036621	1583203036620	-7.731	-5.248	0.032	-2.102	-0.292	1.184	0.000000	0.000000
1583203036646	1583203036640	-7.877	-5.401	0.535	-1.348	-0.061	1.349	0.000000	0.000000
1583203036670	1583203036670	-8.737	-5.179	0.618	-0.703	0.046	1.405	0.000000	0.000000
1583203036683	1583203036680	-9.602	-5.095	0.508	-0.323	0.165	1.347	0.000000	0.000000
1583203036703	1583203036702	-9.961	-4.968	0.360	-0.207	0.265	1.157	0.000000	0.000000
1583203036721	1583203036720	-10.881	-4.774	-0.460	-0.324	0.176	0.845	0.000000	0.000000
1583203036742	1583203036740	-12.318	-5.112	-1.137	-0.375	-0.005	0.500	0.000000	0.000000
1583203036766	1583203036760	-12.366	-5.907	-0.570	-0.149	0.067	0.193	0.000000	0.000000
1583203036782	1583203036782	-11.125	-6.187	-0.079	0.223	0.270	-0.117	0.000000	0.000000
1583203036801	1583203036799	-11.478	-5.756	-0.385	0.673	0.371	-0.554	0.000000	0.000000
1583203036822	1583203036820	-12.302	-4.865	-0.649	1.069	0.415	-1.076	0.000000	0.000000
1583203036841	1583203036839	-12.898	-3.933	-0.819	1.231	0.427	-1.559	0.000000	0.000000
1583203036862	1583203036862	-13.605	-3.236	-0.893	1.259	0.429	-2.009	0.000000	0.000000
1583203036882	1583203036882	-14.177	-2.769	-0.797	1.250	0.422	-2.458	0.000000	0.000000
1583203036907	1583203036901	-14.031	-2.376	-0.493	1.280	0.455	-2.829	0.000000	0.000000
1583203036920	1583203036919	-13.286	-2.091	-0.265	1.357	0.521	-3.074	0.000000	0.000000
1583203036940	1583203036939	-12.570	-2.052	-0.335	1.456	0.572	-3.183	0.000000	0.000000
1583203036963	1583203036960	-12.350	-1.959	-0.486	1.668	0.560	-3.179	0.000000	0.000000
1583203036988	1583203036981	-12.347	-1.753	-0.524	1.951	0.510	-3.103	0.000000	0.000000
1583203037003	1583203037003	-12.407	-1.240	-0.634	2.230	0.433	-3.014	0.000000	0.000000
1583203037020	1583203037020	-12.424	-0.699	-0.579	2.359	0.344	-2.951	0.000000	0.000000
1583203037039	1583203037039	-12.515	-0.354	-0.361	2.431	0.223	-2.895	0.000000	0.000000
1583203037061	1583203037058	-12.457	0.755	-0.194	2.551	0.056	-2.844	0.000000	0.000000
1583203037080	1583203037078	-12.280	1.146	-0.313	2.326	-0.080	-2.724	0.000000	0.000000
1583203037102	1583203037100	-12.330	1.229	-0.107	1.968	-0.216	-2.581	0.000000	0.000000
1583203037122	1583203037119	-12.728	1.387	0.149	1.680	-0.363	-2.376	0.000000	0.000000
1583203037139	1583203037138	-12.738	1.728	0.017	1.366	-0.516	-2.111	0.000000	0.000000
1583203037158	1583203037158	-12.199	1.665	-0.146	0.950	-0.650	-1.810	0.000000	0.000000
1583203037182	1583203037182	-11.164	2.041	-0.105	0.609	-0.784	-1.539	0.000000	0.000000
1583203037199	1583203037198	-9.992	2.597	0.053	0.207	-0.878	-1.302	0.000000	0.000000
1583203037222	1583203037221	-9.118	2.616	0.094	-0.442	-0.963	-1.058	0.000000	0.000000
1583203037239	1583203037238	-8.888	2.391	-0.033	-0.987	-1.110	-0.714	0.000000	0.000000
1583203037259	1583203037258	-8.608	1.788	-0.371	-1.292	-1.188	-0.200	0.000000	0.000000
1583203037279	1583203037279	-8.970	1.512	-0.591	-1.409	-1.195	0.395	0.000000	0.000000
1583203037301	1583203037299	-9.120	1.165	-0.603	-1.552	-1.170	1.048	0.000000	0.000000
1583203037320	1583203037318	-8.862	0.310	-0.237	-1.824	-0.937	1.662	0.000000	0.000000
1583203037339	1583203037337	-8.280	-0.323	0.266	-2.063	-0.480	2.203	0.000000	0.000000
1583203037358	1583203037357	-8.553	-0.455	0.700	-2.135	-0.048	2.738	0.000000	0.000000
1583203037382	1583203037382	-9.695	-0.788	1.019	-2.048	0.272	3.270	0.000000	0.000000
1583203037406	1583203037406	-11.056	-1.252	0.939	-1.849	0.486	3.759	0.000000	0.000000
1583203037418	1583203037417	-12.390	-1.118	0.369	-1.738	0.597	4.181	0.000000	0.000000
1583203037444	1583203037437	-14.038	-1.142	-0.261	-1.814	0.584	4.576	0.000000	0.000000
1583203037457	1583203037457	-15.710	-1.588	-0.586	-1.949	0.403	4.920	0.000000	0.000000
1583203037478	1583203037477	-16.899	-2.390	-0.510	-2.117	0.128	5.150	0.000000	0.000000
1583203037501	1583203037497	-17.641	-3.389	-0.388	-2.245	-0.025	5.260	0.000000	0.000000
1583203037521	1583203037519	-17.474	-3.839	-0.368	-2.257	0.033	5.149	0.000000	0.000000
1583203037538	1583203037536	-17.220	-3.624	-0.491	-2.459	0.177	4.942	0.000000	0.000000
1583203037558	1583203037556	-17.109	-4.556	-0.297	-2.713	0.292	4.674	0.000000	0.000000
1583203037578	1583203037576	-16.352	-6.096	0.281	-2.613	0.465	4.244	0.000000	0.000000
1583203037598	1583203037598	-15.186	-7.416	0.702	-2.097	0.640	3.759	0.000000	0.000000
1583203037619	1583203037617	-13.729	-8.250	0.990	-1.403	0.772	3.220	0.000000	0.000000
1583203037642	1583203037641	-12.651	-8.458	1.347	-0.750	0.756	2.658	0.000000	0.000000
1583203037657	1583203037655	-11.894	-7.998	1.656	-0.248	0.593	2.031	0.000000	0.000000
1583203037678	1583203037675	-11.233	-7.287	1.926	0.029	0.306	1.472	0.000000	0.000000
1583203037700	1583203037697	-10.718	-7.004	2.037	0.061	-0.028	1.004	0.000000	0.000000
1583203037720	1583203037720	-10.146	-7.193	1.931	0.102	-0.349	0.661	0.000000	0.000000
1583203037739	1583203037737	-9.952	-7.363	1.886	0.447	-0.609	0.473	0.000000	0.000000
1583203037758	1583203037755	-10.148	-7.191	1.718	1.081	-0.792	0.396	0.000000	0.000000
1583203037778	1583203037775	-11.427	-6.587	0.973	1.772	-1.020	0.339	0.000000	0.000000
1583203037802	1583203037795	-12.649	-5.976	0.087	2.266	-1.264	0.192	0.000000	0.000000
1583203037825	1583203037825	-13.940	-5.291	-0.615	2.492	-1.442	-0.093	0.000000	0.000000
1583203037838	1583203037835	-14.652	-5.035	-0.776	2.627	-1.620	-0.504	0.000000	0.000000
1583203037864	1583203037857	-13.483	-3.966	-1.257	2.513	-1.823	-1.217	0.000000	0.000000
1583203037877	1583203037875	-12.074	-2.824	-2.256	2.085	-2.002	-2.112	0.000000	0.000000
1583203037896	1583203037894	-12.024	-2.177	-3.157	1.686	-2.191	-2.927	0.000000	0.000000
1583203037921	1583203037920	-13.499	-1.803	-3.370	1.592	-2.324	-3.585	0.000000	0.000000
1583203037939	1583203037935	-15.811	-1.736	-3.190	1.816	-2.361	-4.129	0.000000	0.000000
1583203037955	1583203037955	-17.418	-1.887	-3.147	2.193	-2.236	-4.560	0.000000	0.000000
1583203037976	1583203037974	-18.849	-2.055	-3.394	2.650	-2.004	-4.644	0.000000	0.000000
1583203037995	1583203037994	-20.013	-1.688	-3.703	3.062	-1.763	-4.465	0.000000	0.000000
1583203038017	1583203038014	-20.113	-1.315	-3.986	3.333	-1.528	-4.227	0.000000	0.000000
1583203038038	1583203038034	-19.527	-0.915	-4.098	3.573	-1.359	-3.995	0.000000	0.000000
1583203038057	1583203038057	-18.695	-0.596	-4.120	3.730	-1.324	-3.833	0.000000	0.000000
1583203038075	1583203038074	-17.723	-0.304	-4.043	3.724	-1.380	-3.709	0.000000	0.000000
1583203038095	1583203038094	-17.014	-0.057	-3.979	3.453	-1.460	-3.604	0.000000	0.000000
1583203038118	1583203038118	-16.187	0.242	-3.784	2.964	-1.521	-3.526	0.000000	0.000000
1583203038139	1583203038139	-15.310	0.391	-3.739	2.346	-1.539	-3.451	0.000000	0.000000
1583203038157	1583203038154	-14.182	0.341	-3.514	1.761	-1.478	-3.406	0.000000	0.000000
1583203038177	1583203038173	-12.671	0.163	-3.095	1.239	-1.342	-3.420	0.000000	0.000000
1583203038195	1583203038194	-11.583	-0.009	-2.730	0.768	-1.101	-3.486	0.000000	0.000000
1583203038215	1583203038213	-11.056	-0.033	-2.596	0.391	-0.781	-3.554	0.000000	0.000000
1583203038239	1583203038239	-10.680	0.106	-2.532	0.096	-0.520	-3.608	0.000000	0.000000
1583203038257	1583203038253	-10.203	0.149	-2.654	-0.111	-0.364	-3.624	0.000000	0.000000
1583203038275	1583203038274	-9.882	0.115	-2.551	-0.167	-0.202	-3.563	0.000000	0.000000
1583203038294	1583203038293	-9.640	0.027	-2.076	-0.054	0.014	-3.334	0.000000	0.000000
1583203038314	1583203038312	-9.523	0.008	-1.260	0.182	0.304	-2.958	0.000000	0.000000
1583203038348	1583203038337	-9.480	0.324	-0.718	0.466	0.571	-2.501	0.000000	0.000000
1583203038354	1583203038353	-9.245	0.870	-0.692	0.578	0.791	-2.019	0.000000	0.000000
1583203038376	1583203038376	-8.387	1.282	-0.510	0.392	1.077	-1.497	0.000000	0.000000
1583203038394	1583203038393	-7.245	1.421	0.444	0.065	1.492	-0.932	0.000000	0.000000
1583203038415	1583203038412	-6.121	0.839	2.389	-0.135	2.063	-0.301	0.000000	0.000000
1583203038434	1583203038434	-6.059	-0.050	3.603	0.084	2.559	0.358	0.000000	0.000000
1583203038453	1583203038453	-7.199	-0.203	3.689	0.577	2.908	0.960	0.000000	0.000000
1583203038474	1583203038473	-8.239	0.168	3.469	0.867	3.119	1.440	0.000000	0.000000
1583203038493	1583203038492	-9.370	0.456	3.409	0.795	3.174	1.784	0.000000	0.000000
1583203038512	1583203038512	-10.831	0.966	3.464	0.503	3.082	2.067	0.000000	0.000000
1583203038533	1583203038532	-12.199	1.205	3.845	0.154	2.949	2.387	0.000000	0.000000
1583203038565	1583203038565	-13.042	1.210	3.500	-0.283	2.593	2.625	0.000000	0.000000
1583203038574	1583203038571	-13.305	1.237	2.858	-0.876	2.146	2.770	0.000000	0.000000
1583203038598	1583203038592	-13.368	1.076	2.271	-1.672	1.669	2.860	0.000000	0.000000
1583203038612	1583203038612	-13.475	0.439	1.864	-2.575	1.205	2.888	0.000000	0.000000
1583203038633	1583203038631	-13.272	-0.342	1.258	-3.517	0.771	2.856	0.000000	0.000000
1583203038655	1583203038656	-13.624	-1.461	0.930	-3.987	0.394	2.931	0.000000	0.000000
1583203038676	1583203038676	-13.610	-2.647	1.402	-3.932	0.173	3.024	0.000000	0.000000
1583203038696	1583203038691	-13.533	-3.624	1.512	-3.482	0.205	3.248	0.000000	0.000000
1583203038712	1583203038712	-13.784	-3.768	1.534	-2.583	0.352	3.618	0.000000	0.000000
1583203038734	1583203038731	-13.931	-4.017	1.186	-1.693	0.444	3.923	0.000000	0.000000
1583203038752	1583203038751	-14.115	-4.556	1.301	-0.993	0.608	4.033	0.000000	0.000000
1583203038773	1583203038771	-13.794	-4.314	1.670	-0.577	0.858	3.924	0.000000	0.000000
1583203038794	1583203038791	-13.301	-4.285	1.644	-0.631	0.984	3.717	0.000000	0.000000
1583203038812	1583203038811	-12.678	-4.434	1.313	-0.786	0.913	3.288	0.000000	0.000000
1583203038833	1583203038830	-11.796	-4.510	1.050	-0.889	0.690	2.750	0.000000	0.000000
1583203038857	1583203038853	-11.732	-4.723	0.846	-0.945	0.397	2.151	0.000000	0.000000
1583203038878	1583203038872	-12.191	-5.512	0.817	-0.823	0.166	1.645	0.000000	0.000000
1583203038897	1583203038890	-12.424	-6.173	0.621	-0.584	-0.026	1.218	0.000000	0.000000
1583203038912	1583203038910	-12.630	-6.554	0.166	-0.268	-0.177	0.869	0.000000	0.000000
1583203038931	1583203038930	-13.344	-6.609	-0.570	0.114	-0.335	0.578	0.000000	0.000000
1583203038952	1583203038949	-14.676	-6.841	-1.161	0.563	-0.462	0.253	0.000000	0.000000
1583203038973	1583203038972	-15.792	-6.558	-1.188	1.113	-0.521	-0.148	0.000000	0.000000
1583203038992	1583203038989	-14.309	-5.950	-0.455	1.700	-0.432	-0.605	0.000000	0.000000
1583203039013	1583203039011	-11.597	-5.032	-0.313	2.190	-0.459	-1.074	0.000000	0.000000
1583203039031	1583203039029	-11.284	-4.216	-0.706	2.568	-0.629	-1.528	0.000000	0.000000
1583203039051	1583203039049	-12.577	-3.581	-1.058	3.003	-0.880	-1.915	0.000000	0.000000
1583203039073	1583203039073	-13.701	-2.970	-1.336	3.457	-1.159	-2.233	0.000000	0.000000
1583203039095	1583203039095	-14.704	-2.153	-1.710	3.735	-1.481	-2.518	0.000000	0.000000
1583203039111	1583203039110	-15.469	-1.490	-1.921	3.869	-1.821	-2.773	0.000000	0.000000
1583203039133	1583203039129	-15.512	-0.831	-1.976	3.849	-2.125	-2.979	0.000000	0.000000
1583203039150	1583203039149	-15.387	-0.498	-2.012	3.652	-2.280	-3.141	0.000000	0.000000
1583203039171	1583203039170	-15.080	-0.311	-2.081	3.379	-2.359	-3.215	0.000000	0.000000
1583203039194	1583203039193	-14.798	-0.191	-2.120	3.077	-2.395	-3.197	0.000000	0.000000
1583203039211	1583203039211	-14.556	-0.047	-2.208	2.715	-2.370	-3.112	0.000000	0.000000
1583203039230	1583203039229	-14.192	-0.021	-2.306	2.322	-2.327	-2.989	0.000000	0.000000
1583203039249	1583203039249	-13.787	0.056	-2.369	1.929	-2.283	-2.828	0.000000	0.000000
1583203039272	1583203039272	-13.332	0.221	-2.544	1.504	-2.238	-2.653	0.000000	0.000000
1583203039303	1583203039292	-12.807	0.504	-2.992	0.951	-2.210	-2.507	0.000000	0.000000
1583203039310	1583203039309	-11.736	0.163	-3.293	0.365	-2.176	-2.467	0.000000	0.000000
1583203039331	1583203039331	-10.697	0.163	-3.039	0.003	-2.058	-2.488	0.000000	0.000000
1583203039349	1583203039348	-9.738	0.029	-2.587	-0.246	-1.843	-2.509	0.000000	0.000000
1583203039370	1583203039368	-9.221	-0.124	-2.400	-0.337	-1.550	-2.518	0.000000	0.000000
1583203039392	1583203039392	-9.085	-0.007	-2.364	-0.309	-1.260	-2.489	0.000000	0.000000
1583203039413	1583203039413	-9.231	0.127	-2.347	-0.238	-0.988	-2.383	0.000000	0.000000
1583203039431	1583203039430	-9.104	0.381	-2.115	-0.174	-0.675	-2.177	0.000000	0.000000
1583203039450	1583203039448	-8.850	0.815	-1.497	-0.161	-0.297	-1.845	0.000000	0.000000
1583203039470	1583203039467	-8.495	1.205	-0.872	-0.322	0.075	-1.435	0.000000	0.000000
1583203039493	1583203039493	-8.181	1.414	-0.313	-0.617	0.439	-0.966	0.000000	0.000000
1583203039509	1583203039508	-8.572	1.392	0.070	-0.885	0.748	-0.389	0.000000	0.000000
1583203039531	1583203039531	-8.440	1.378	0.614	-1.132	1.089	0.327	0.000000	0.000000
1583203039549	1583203039547	-7.846	0.669	1.222	-1.455	1.459	1.068	0.000000	0.000000
1583203039570	1583203039567	-7.324	-0.136	1.368	-1.723	1.665	1.647	0.000000	0.000000
1583203039590	1583203039587	-7.698	-0.493	1.354	-1.845	1.741	2.093	0.000000	0.000000
1583203039611	1583203039611	-8.524	-0.699	1.680	-1.641	1.820	2.471	0.000000	0.000000
1583203039630	1583203039629	-9.698	-0.792	2.233	-1.273	1.925	2.822	0.000000	0.000000
1583203039648	1583203039647	-11.272	-0.874	2.573	-0.934	1.977	3.071	0.000000	0.000000
1583203039668	1583203039667	-12.362	-0.503	2.350	-0.836	1.865	3.244	0.000000	0.000000
1583203039692	1583203039691	-12.910	-0.033	1.749	-1.401	1.601	3.323	0.000000	0.000000
1583203039717	1583203039717	-12.625	-0.076	0.489	-2.491	1.215	3.345	0.000000	0.000000
1583203039730	1583203039727	-13.073	-1.061	-0.134	-3.180	0.691	3.431	0.000000	0.000000
1583203039755	1583203039748	-13.830	-3.027	0.350	-3.475	0.284	3.475	0.000000	0.000000
1583203039768	1583203039767	-14.094	-4.022	0.755	-3.391	0.026	3.404	0.000000	0.000000
1583203039788	1583203039786	-13.636	-4.726	0.700	-2.889	0.070	3.307	0.000000	0.000000
1583203039808	1583203039808	-12.989	-4.256	0.695	-2.260	0.249	3.124	0.000000	0.000000
1583203039827	1583203039825	-12.800	-3.935	0.223	-1.788	0.339	2.929	0.000000	0.000000
1583203039847	1583203039845	-12.553	-3.993	-0.079	-1.406	0.390	2.648	0.000000	0.000000
1583203039868	1583203039866	-12.220	-4.010	-0.165	-1.179	0.389	2.301	0.000000	0.000000
1583203039888	1583203039885	-11.657	-3.892	-0.160	-1.147	0.361	1.943	0.000000	0.000000
1583203039908	1583203039905	-10.931	-3.887	-0.103	-1.319	0.348	1.596	0.000000	0.000000
1583203039926	1583203039926	-10.483	-4.079	0.115	-1.553	0.386	1.285	0.000000	0.000000
1583203039947	1583203039947	-10.814	-4.438	0.259	-1.650	0.386	1.063	0.000000	0.000000
1583203039967	1583203039966	-11.439	-4.922	0.300	-1.496	0.349	0.917	0.000000	0.000000
1583203039987	1583203039985	-11.650	-5.361	0.312	-1.152	0.334	0.857	0.000000	0.000000
1583203040010	1583203040009	-12.239	-5.864	0.072	-0.723	0.306	0.880	0.000000	0.000000
1583203040027	1583203040027	-13.210	-6.441	-0.256	-0.235	0.266	0.886	0.000000	0.000000
1583203040050	1583203040047	-14.458	-7.028	-0.618	0.310	0.227	0.793	0.000000	0.000000
1583203040071	1583203040071	-15.710	-7.723	-0.354	1.037	0.268	0.565	0.000000	0.000000
1583203040087	1583203040085	-14.340	-6.975	0.480	1.949	0.361	0.110	0.000000	0.000000
1583203040107	1583203040105	-12.843	-4.776	0.240	2.590	0.120	-0.505	0.000000	0.000000
1583203040131	1583203040131	-13.380	-3.681	-0.639	2.704	-0.350	-1.251	0.000000	0.000000
1583203040149	1583203040149	-14.767	-3.183	-1.039	2.760	-0.770	-1.895	0.000000	0.000000
1583203040167	1583203040167	-15.545	-2.690	-1.140	2.943	-1.157	-2.325	0.000000	0.000000
1583203040185	1583203040185	-15.260	-1.751	-1.296	3.143	-1.589	-2.708	0.000000	0.000000
1583203040205	1583203040204	-14.604	-1.305	-1.049	3.386	-1.890	-2.998	0.000000	0.000000
1583203040233	1583203040228	-13.502	-0.831	-1.327	3.328	-1.996	-3.282	0.000000	0.000000
1583203040252	1583203040244	-13.267	-0.426	-1.195	3.391	-1.892	-3.301	0.000000	0.000000
1583203040266	1583203040266	-13.044	-0.265	-1.351	3.222	-1.829	-3.313	0.000000	0.000000
1583203040288	1583203040286	-13.083	-0.019	-1.425	2.903	-1.759	-3.236	0.000000	0.000000
1583203040305	1583203040304	-12.996	-0.114	-1.557	2.654	-1.681	-3.079	0.000000	0.000000
1583203040325	1583203040325	-12.505	-0.172	-1.631	2.578	-1.684	-2.816	0.000000	0.000000
1583203040346	1583203040346	-11.837	-0.019	-1.799	2.480	-1.728	-2.511	0.000000	0.000000
1583203040367	1583203040365	-11.324	0.264	-1.983	2.247	-1.774	-2.193	0.000000	0.000000
1583203040384	1583203040384	-10.529	0.654	-2.105	1.827	-1.842	-1.929	0.000000	0.000000
1583203040404	1583203040403	-9.952	0.527	-2.160	1.251	-1.844	-1.724	0.000000	0.000000
1583203040428	1583203040423	-9.166	0.307	-2.223	0.728	-1.823	-1.619	0.000000	0.000000
1583203040451	1583203040450	-8.550	0.233	-2.160	0.306	-1.733	-1.563	0.000000	0.000000
1583203040464	1583203040464	-8.807	0.324	-2.074	-0.063	-1.570	-1.556	0.000000	0.000000
1583203040487	1583203040487	-9.542	0.350	-2.067	-0.354	-1.379	-1.520	0.000000	0.000000
1583203040505	1583203040504	-9.825	0.305	-2.067	-0.556	-1.173	-1.433	0.000000	0.000000
1583203040525	1583203040523	-9.403	0.511	-1.882	-0.719	-0.917	-1.283	0.000000	0.000000
1583203040548	1583203040549	-8.977	0.786	-1.494	-0.954	-0.608	-1.053	0.000000	0.000000
1583203040568	1583203040565	-8.531	0.729	-0.713	-1.216	-0.234	-0.760	0.000000	0.000000
1583203040586	1583203040584	-8.771	0.798	-0.067	-1.311	0.110	-0.385	0.000000	0.000000
1583203040603	1583203040603	-9.228	1.272	0.142	-1.319	0.419	0.138	0.000000	0.000000
1583203040625	1583203040622	-9.176	1.045	0.628	-1.518	0.762	0.762	0.000000	0.000000
1583203040648	1583203040648	-8.833	0.180	1.435	-1.812	1.063	1.336	0.000000	0.000000
1583203040664	1583203040663	-9.142	-0.421	1.522	-1.994	1.191	1.763	0.000000	0.000000
1583203040688	1583203040688	-9.698	-0.543	1.572	-1.951	1.245	2.134	0.000000	0.000000
1583203040703	1583203040702	-10.323	-0.848	1.871	-1.770	1.328	2.494	0.000000	0.000000
1583203040724	1583203040722	-11.046	-1.099	2.185	-1.577	1.362	2.732	0.000000	0.000000
1583203040746	1583203040742	-11.614	-0.934	2.087	-1.585	1.303	2.874	0.000000	0.000000
1583203040763	1583203040763	-11.789	-0.828	1.593	-1.787	1.102	2.960	0.000000	0.000000
1583203040785	1583203040783	-11.727	-0.637	0.829	-2.060	0.747	3.049	0.000000	0.000000
1583203040803	1583203040803	-11.995	-1.097	0.772	-2.395	0.387	3.125	0.000000	0.000000
1583203040824	1583203040822	-11.997	-1.394	0.415	-2.822	0.029	3.147	0.000000	0.000000
1583203040847	1583203040841	-12.156	-1.724	-0.076	-3.287	-0.283	3.100	0.000000	0.000000
1583203040865	1583203040865	-12.431	-2.256	-0.328	-3.654	-0.480	3.040	0.000000	0.000000
1583203040882	1583203040882	-12.644	-3.008	-0.450	-3.772	-0.571	2.995	0.000000	0.000000
1583203040904	1583203040903	-13.018	-3.928	-0.448	-3.587	-0.545	2.944	0.000000	0.000000
1583203040922	1583203040921	-12.620	-4.230	-0.189	-3.196	-0.352	2.891	0.000000	0.000000
1583203040943	1583203040941	-12.397	-4.458	0.127	-2.774	-0.073	2.778	0.000000	0.000000
1583203040967	1583203040962	-11.859	-4.534	0.511	-2.326	0.152	2.552	0.000000	0.000000
1583203040985	1583203040983	-11.102	-4.340	0.892	-1.992	0.334	2.239	0.000000	0.000000
1583203041001	1583203041001	-10.903	-4.371	1.167	-1.872	0.417	1.866	0.000000	0.000000
1583203041022	1583203041020	-11.557	-4.448	1.019	-1.844	0.321	1.519	0.000000	0.000000
1583203041043	1583203041041	-12.306	-4.637	0.645	-1.831	0.162	1.243	0.000000	0.000000
1583203041063	1583203041060	-12.517	-5.135	0.278	-1.754	-0.003	1.044	0.000000	0.000000
1583203041082	1583203041081	-12.532	-5.775	-0.174	-1.541	-0.161	0.937	0.000000	0.000000
1583203041103	1583203041102	-12.601	-6.436	-0.625	-1.230	-0.253	0.837	0.000000	0.000000
1583203041122	1583203041120	-12.489	-7.018	-0.797	-0.823	-0.231	0.641	0.000000	0.000000
1583203041142	1583203041140	-12.989	-7.289	-1.049	-0.280	-0.184	0.363	0.000000	0.000000
1583203041166	1583203041163	-12.407	-7.117	-0.335	0.414	0.029	0.031	0.000000	0.000000
1583203041187	1583203041183	-10.141	-6.144	0.623	1.066	0.295	-0.448	0.000000	0.000000
1583203041203	1583203041203	-9.465	-4.975	0.441	1.461	0.321	-0.988	0.000000	0.000000
1583203041222	1583203041219	-10.987	-4.417	-0.261	1.737	0.146	-1.497	0.000000	0.000000
1583203041242	1583203041240	-13.375	-4.101	-0.975	2.182	-0.078	-1.847	0.000000	0.000000
1583203041262	1583203041260	-14.683	-3.461	-1.365	2.628	-0.321	-2.083	0.000000	0.000000
1583203041281	1583203041280	-14.855	-2.920	-1.526	2.944	-0.616	-2.326	0.000000	0.000000
1583203041304	1583203041301	-14.108	-2.342	-1.485	3.170	-0.794	-2.565	0.000000	0.000000
1583203041322	1583203041322	-13.131	-1.801	-1.391	3.299	-0.779	-2.800	0.000000	0.000000
1583203041340	1583203041340	-12.584	-1.432	-1.485	3.347	-0.695	-3.054	0.000000	0.000000
1583203041361	1583203041360	-12.683	-1.006	-1.624	3.373	-0.632	-3.301	0.000000	0.000000
1583203041388	1583203041388	-13.195	-0.591	-1.631	3.340	-0.576	-3.505	0.000000	0.000000
1583203041401	1583203041401	-13.507	-0.143	-1.585	3.199	-0.552	-3.634	0.000000	0.000000
1583203041421	1583203041421	-13.344	0.034	-1.492	2.937	-0.561	-3.640	0.000000	0.000000
1583203041442	1583203041440	-12.723	0.084	-1.260	2.685	-0.605	-3.505	0.000000	0.000000
1583203041461	1583203041459	-11.880	0.532	-1.116	2.523	-0.684	-3.277	0.000000	0.000000
1583203041480	1583203041479	-10.876	0.798	-1.025	2.278	-0.760	-2.935	0.000000	0.000000
1583203041504	1583203041501	-10.014	0.741	-0.917	1.832	-0.774	-2.642	0.000000	0.000000
1583203041520	1583203041520	-9.231	1.117	-0.826	1.458	-0.744	-2.423	0.000000	0.000000
1583203041539	1583203041539	-8.558	1.131	-0.824	1.064	-0.699	-2.207	0.000000	0.000000
1583203041560	1583203041558	-8.670	1.210	-0.745	0.757	-0.674	-1.975	0.000000	0.000000
1583203041584	1583203041583	-9.231	1.287	-0.728	0.565	-0.632	-1.692	0.000000	0.000000
1583203041604	1583203041598	-9.619	1.534	-0.718	0.404	-0.530	-1.323	0.000000	0.000000
1583203041620	1583203041618	-9.401	1.814	-0.620	0.095	-0.338	-0.866	0.000000	0.000000
1583203041642	1583203041641	-9.101	1.591	-0.074	-0.386	-0.070	-0.401	0.000000	0.000000
1583203041659	1583203041658	-9.401	1.280	0.362	-0.877	0.206	0.057	0.000000	0.000000
1583203041681	1583203041678	-10.318	1.105	0.463	-1.255	0.508	0.625	0.000000	0.000000
1583203041700	1583203041698	-10.745	0.592	0.791	-1.594	0.854	1.248	0.000000	0.000000
1583203041725	1583203041724	-10.007	-0.670	1.625	-1.851	1.191	1.759	0.000000	0.000000
1583203041742	1583203041738	-9.437	-1.669	2.140	-1.749	1.415	2.132	0.000000	0.000000
1583203041759	1583203041757	-9.532	-1.983	2.329	-1.362	1.543	2.422	0.000000	0.000000
1583203041779	1583203041778	-9.992	-2.055	2.461	-0.940	1.590	2.581	0.000000	0.000000
1583203041803	1583203041798	-10.079	-1.612	2.053	-0.614	1.461	2.540	0.000000	0.000000
1583203041818	1583203041818	-10.402	-0.931	1.270	-0.521	1.103	2.367	0.000000	0.000000
1583203041843	1583203041843	-10.570	-0.483	0.487	-0.886	0.625	2.156	0.000000	0.000000
1583203041859	1583203041857	-10.725	-0.771	-0.016	-1.409	0.160	2.038	0.000000	0.000000
1583203041879	1583203041877	-10.915	-1.109	-0.395	-1.860	-0.113	2.084	0.000000	0.000000
1583203041900	1583203041900	-10.953	-1.899	-0.392	-2.325	-0.268	2.067	0.000000	0.000000
1583203041921	1583203041921	-10.639	-2.424	-0.373	-2.602	-0.328	2.035	0.000000	0.000000
1583203041941	1583203041937	-10.426	-3.020	-0.261	-2.607	-0.200	2.069	0.000000	0.000000
1583203041959	1583203041957	-10.474	-3.226	-0.081	-2.375	0.058	2.103	0.000000	0.000000
1583203041978	1583203041977	-10.589	-3.550	-0.045	-2.064	0.313	2.089	0.000000	0.000000
1583203041998	1583203041997	-10.510	-3.890	0.032	-1.654	0.584	2.069	0.000000	0.000000
1583203042026	1583203042026	-10.591	-4.160	0.326	-1.272	0.828	1.985	0.000000	0.000000
1583203042039	1583203042037	-10.608	-4.369	0.817	-0.923	0.972	1.835	0.000000	0.000000
1583203042065	1583203042058	-10.460	-4.398	1.282	-0.640	1.036	1.671	0.000000	0.000000
1583203042078	1583203042076	-10.294	-4.460	1.740	-0.426	1.036	1.430	0.000000	0.000000
1583203042098	1583203042096	-10.057	-4.297	1.871	-0.271	0.939	1.164	0.000000	0.000000
1583203042122	1583203042121	-10.349	-4.172	1.828	-0.198	0.755	0.929	0.000000	0.000000
1583203042140	1583203042137	-11.370	-4.429	1.756	-0.115	0.514	0.770	0.000000	0.000000
1583203042157	1583203042155	-12.062	-4.661	1.586	0.048	0.276	0.630	0.000000	0.000000
1583203042177	1583203042176	-12.328	-4.917	1.320	0.252	0.077	0.492	0.000000	0.000000
1583203042198	1583203042195	-12.769	-4.771	0.664	0.438	-0.119	0.323	0.000000	0.000000
1583203042218	1583203042218	-13.416	-4.611	-0.081	0.614	-0.287	0.079	0.000000	0.000000
1583203042239	1583203042238	-14.805	-4.472	-0.661	0.860	-0.434	-0.192	0.000000	0.000000
1583203042264	1583203042257	-15.282	-4.520	-0.227	1.322	-0.420	-0.405	0.000000	0.000000
1583203042277	1583203042275	-12.829	-4.182	0.312	1.856	-0.351	-0.654	0.000000	0.000000
1583203042297	1583203042295	-11.523	-3.432	-0.378	2.184	-0.478	-0.936	0.000000	0.000000
1583203042318	1583203042318	-12.405	-2.932	-1.078	2.421	-0.692	-1.168	0.000000	0.000000
1583203042341	1583203042339	-13.406	-2.508	-1.296	2.751	-0.925	-1.344	0.000000	0.000000
1583203042361	1583203042355	-13.816	-2.021	-1.492	2.924	-1.186	-1.559	0.000000	0.000000
1583203042376	1583203042376	-13.559	-1.583	-1.576	2.894	-1.359	-1.801	0.000000	0.000000
1583203042397	1583203042395	-12.790	-1.166	-1.518	2.845	-1.444	-2.020	0.000000	0.000000
1583203042417	1583203042415	-11.938	-1.099	-1.645	2.541	-1.448	-2.268	0.000000	0.000000
1583203042440	1583203042440	-11.597	-0.816	-1.734	2.213	-1.385	-2.521	0.000000	0.000000
1583203042460	1583203042460	-11.480	-0.610	-1.691	1.969	-1.285	-2.722	0.000000	0.000000
1583203042476	1583203042476	-11.252	-0.567	-1.727	1.807	-1.169	-2.855	0.000000	0.000000
1583203042495	1583203042495	-10.934	-0.443	-1.736	1.745	-1.071	-2.856	0.000000	0.000000
1583203042515	1583203042514	-10.431	-0.433	-1.715	1.720	-1.008	-2.735	0.000000	0.000000
1583203042538	1583203042537	-9.664	-0.323	-1.597	1.706	-0.942	-2.506	0.000000	0.000000
1583203042560	1583203042554	-9.032	-0.246	-1.434	1.632	-0.847	-2.203	0.000000	0.000000
1583203042577	1583203042573	-8.593	-0.057	-1.240	1.483	-0.748	-1.894	0.000000	0.000000
1583203042596	1583203042594	-8.220	0.147	-1.042	1.227	-0.654	-1.626	0.000000	0.000000
1583203042615	1583203042614	-8.019	0.161	-0.876	0.891	-0.576	-1.424	0.000000	0.000000
1583203042635	1583203042634	-8.325	0.331	-0.857	0.561	-0.532	-1.300	0.000000	0.000000
1583203042657	1583203042654	-9.046	0.504	-0.984	0.236	-0.534	-1.179	0.000000	0.000000
1583203042676	1583203042675	-9.736	0.616	-1.056	-0.055	-0.537	-1.015	0.000000	0.000000
1583203042694	1583203042694	-9.961	0.767	-0.963	-0.324	-0.482	-0.784	0.000000	0.000000
1583203042714	1583203042713	-9.707	1.033	-0.967	-0.689	-0.352	-0.522	0.000000	0.000000
1583203042738	1583203042737	-9.168	0.820	-0.725	-1.159	-0.133	-0.227	0.000000	0.000000
1583203042759	1583203042759	-8.807	0.396	-0.091	-1.522	0.168	0.152	0.000000	0.000000
1583203042776	1583203042774	-9.645	0.365	0.417	-1.641	0.450	0.608	0.000000	0.000000
1583203042795	1583203042793	-10.421	0.099	0.985	-1.654	0.760	1.144	0.000000	0.000000
1583203042814	1583203042813	-10.673	-0.816	1.713	-1.635	1.053	1.653	0.000000	0.000000
1583203042835	1583203042833	-10.924	-1.655	1.948	-1.448	1.210	2.020	0.000000	0.000000
1583203042856	1583203042853	-11.195	-1.499	1.835	-1.162	1.248	2.274	0.000000	0.000000
1583203042874	1583203042872	-11.379	-1.190	1.900	-1.041	1.253	2.417	0.000000	0.000000
1583203042893	1583203042893	-11.377	-1.063	1.855	-1.073	1.154	2.386	0.000000	0.000000
1583203042913	1583203042913	-11.245	-1.106	1.593	-1.216	0.869	2.233	0.000000	0.000000
1583203042934	1583203042932	-10.754	-0.991	1.064	-1.509	0.473	2.046	0.000000	0.000000
1583203042954	1583203042954	-10.131	-1.358	0.530	-1.944	0.086	1.876	0.000000	0.000000
1583203042975	1583203042973	-9.518	-1.628	-0.033	-2.332	-0.262	1.727	0.000000	0.000000
1583203042999	1583203042992	-9.092	-1.846	-0.627	-2.578	-0.498	1.639	0.000000	0.000000
1583203043014	1583203043012	-9.063	-1.923	-0.951	-2.710	-0.643	1.569	0.000000	0.000000
1583203043032	1583203043032	-9.286	-2.000	-1.164	-2.797	-0.716	1.535	0.000000	0.000000
1583203043054	1583203043054	-9.647	-2.333	-1.317	-2.819	-0.695	1.579	0.000000	0.000000
1583203043074	1583203043074	-9.995	-2.745	-1.444	-2.748	-0.564	1.668	0.000000	0.000000
1583203043097	1583203043092	-10.268	-3.071	-1.284	-2.578	-0.343	1.770	0.000000	0.000000
1583203043112	1583203043112	-10.182	-3.401	-0.749	-2.342	-0.092	1.842	0.000000	0.000000
1583203043133	1583203043131	-9.923	-3.617	-0.265	-2.077	0.207	1.861	0.000000	0.000000
1583203043153	1583203043151	-9.700	-3.866	0.295	-1.798	0.543	1.839	0.000000	0.000000
1583203043172	1583203043171	-10.301	-4.101	0.719	-1.487	0.734	1.791	0.000000	0.000000
1583203043195	1583203043193	-11.631	-4.194	0.983	-1.173	0.773	1.712	0.000000	0.000000
1583203043217	1583203043210	-12.807	-4.252	0.995	-0.928	0.755	1.624	0.000000	0.000000
1583203043232	1583203043231	-13.047	-4.314	0.575	-0.864	0.652	1.469	0.000000	0.000000
1583203043252	1583203043251	-13.303	-4.642	0.135	-0.960	0.483	1.248	0.000000	0.000000
1583203043281	1583203043272	-13.684	-5.123	-0.158	-1.022	0.319	0.995	0.000000	0.000000
1583203043296	1583203043291	-14.338	-5.562	-0.323	-0.922	0.200	0.661	0.000000	0.000000
1583203043312	1583203043311	-15.732	-5.868	-0.546	-0.546	0.088	0.301	0.000000	0.000000
1583203043333	1583203043330	-15.358	-6.034	0.034	0.141	0.165	-0.031	0.000000	0.000000
1583203043351	1583203043351	-12.889	-5.650	0.880	0.904	0.330	-0.373	0.000000	0.000000
1583203043373	1583203043373	-11.717	-4.970	0.671	1.524	0.230	-0.700	0.000000	0.000000
1583203043394	1583203043390	-12.189	-4.481	0.058	2.040	-0.032	-1.018	0.000000	0.000000
1583203043413	1583203043412	-12.680	-3.847	-0.165	2.550	-0.285	-1.317	0.000000	0.000000
1583203043431	1583203043430	-12.623	-3.078	-0.323	2.840	-0.540	-1.616	0.000000	0.000000
1583203043453	1583203043450	-12.208	-2.364	-0.577	2.925	-0.809	-1.899	0.000000	0.000000
1583203043475	1583203043475	-11.966	-1.760	-0.843	2.917	-1.018	-2.225	0.000000	0.000000
1583203043495	1583203043495	-11.926	-1.248	-1.073	2.832	-1.153	-2.578	0.000000	0.000000
1583203043513	1583203043510	-11.983	-0.936	-1.264	2.690	-1.217	-2.892	0.000000	0.000000
1583203043532	1583203043529	-12.215	-0.653	-1.458	2.556	-1.228	-3.106	0.000000	0.000000
1583203043551	1583203043549	-12.278	-0.392	-1.490	2.422	-1.206	-3.179	0.000000	0.000000
1583203043571	1583203043569	-11.866	-0.361	-1.434	2.264	-1.147	-3.092	0.000000	0.000000
1583203043590	1583203043589	-11.166	-0.388	-1.401	2.130	-1.057	-2.860	0.000000	0.000000
1583203043614	1583203043614	-10.340	-0.409	-1.427	2.055	-0.962	-2.535	0.000000	0.000000
1583203043632	1583203043631	-9.597	-0.277	-1.432	1.994	-0.872	-2.167	0.000000	0.000000
1583203043650	1583203043649	-9.029	-0.043	-1.406	1.864	-0.781	-1.833	0.000000	0.000000
1583203043671	1583203043670	-8.627	0.092	-1.367	1.635	-0.720	-1.554	0.000000	0.000000
1583203043693	1583203043693	-8.117	0.106	-1.240	1.319	-0.693	-1.331	0.000000	0.000000
1583203043711	1583203043710	-7.796	0.058	-1.243	0.957	-0.659	-1.182	0.000000	0.000000
1583203043730	1583203043730	-8.150	0.127	-1.317	0.633	-0.619	-1.085	0.000000	0.000000
1583203043751	1583203043749	-9.209	0.206	-1.181	0.362	-0.568	-0.988	0.000000	0.000000
1583203043770	1583203043769	-9.861	0.290	-1.027	0.132	-0.494	-0.857	0.000000	0.000000
1583203043792	1583203043791	-9.815	0.487	-0.917	-0.124	-0.375	-0.670	0.000000	0.000000
1583203043812	1583203043812	-9.765	0.592	-0.687	-0.496	-0.203	-0.435	0.000000	0.000000
1583203043830	1583203043828	-9.997	0.367	-0.136	-0.914	0.022	-0.146	0.000000	0.000000
1583203043849	1583203043848	-11.085	0.365	0.106	-1.192	0.215	0.203	0.000000	0.000000
1583203043870	1583203043868	-11.564	0.130	0.056	-1.380	0.424	0.639	0.000000	0.000000
1583203043889	1583203043888	-10.905	-0.637	0.724	-1.584	0.695	1.084	0.000000	0.000000
1583203043918	1583203043917	-10.141	-1.631	1.907	-1.591	0.992	1.395	0.000000	0.000000
1583203043932	1583203043928	-10.086	-1.921	2.334	-1.246	1.223	1.598	0.000000	0.000000
1583203043950	1583203043948	-9.700	-1.796	2.477	-0.796	1.366	1.738	0.000000	0.000000
1583203043969	1583203043968	-9.602	-1.518	2.494	-0.493	1.389	1.748	0.000000	0.000000
1583203043989	1583203043987	-9.607	-1.135	2.106	-0.454	1.222	1.640	0.000000	0.000000
1583203044009	1583203044008	-9.274	-0.663	1.649	-0.672	0.891	1.507	0.000000	0.000000
1583203044039	1583203044029	-8.759	-0.618	1.148	-1.130	0.485	1.420	0.000000	0.000000
1583203044052	1583203044050	-8.340	-0.867	0.597	-1.653	0.102	1.412	0.000000	0.000000
1583203044070	1583203044069	-8.347	-1.159	0.079	-2.094	-0.170	1.466	0.000000	0.000000
1583203044089	1583203044087	-8.632	-1.485	-0.385	-2.388	-0.371	1.568	0.000000	0.000000
1583203044108	1583203044108	-8.979	-1.743	-0.661	-2.551	-0.507	1.706	0.000000	0.000000
1583203044128	1583203044128	-9.521	-2.153	-0.749	-2.580	-0.531	1.892	0.000000	0.000000
1583203044154	1583203044148	-10.263	-2.527	-0.651	-2.456	-0.408	2.151	0.000000	0.000000
1583203044167	1583203044167	-11.030	-3.116	-0.352	-2.231	-0.183	2.444	0.000000	0.000000
1583203044188	1583203044187	-11.442	-3.780	0.343	-1.951	0.169	2.596	0.000000	0.000000
1583203044211	1583203044211	-11.346	-3.950	0.702	-1.747	0.620	2.626	0.000000	0.000000
1583203044230	1583203044227	-10.970	-4.144	0.731	-1.632	0.911	2.583	0.000000	0.000000
1583203044252	1583203044247	-10.589	-4.252	1.011	-1.529	1.024	2.324	0.000000	0.000000
1583203044268	1583203044266	-10.567	-4.240	0.968	-1.446	0.923	1.978	0.000000	0.000000
1583203044288	1583203044287	-11.712	-4.390	0.726	-1.332	0.725	1.594	0.000000	0.000000
1583203044308	1583203044306	-12.788	-4.896	0.475	-1.130	0.517	1.243	0.000000	0.000000
1583203044331	1583203044331	-13.243	-5.428	0.283	-0.852	0.320	0.936	0.000000	0.000000
1583203044350	1583203044346	-13.188	-5.595	0.034	-0.559	0.142	0.628	0.000000	0.000000
1583203044368	1583203044368	-12.814	-5.449	-0.186	-0.356	0.020	0.268	0.000000	0.000000
1583203044388	1583203044386	-13.267	-5.088	-0.575	-0.255	-0.088	-0.158	0.000000	0.000000
1583203044408	1583203044405	-15.037	-5.001	-0.970	-0.038	-0.159	-0.508	0.000000	0.000000
1583203044428	1583203044427	-15.071	-5.104	-0.347	0.514	-0.048	-0.703	0.000000	0.000000
1583203044452	1583203044446	-12.968	-4.992	0.384	1.097	0.079	-0.894	0.000000	0.000000
1583203044468	1583203044465	-11.825	-4.275	-0.208	1.492	-0.029	-1.171	0.000000	0.000000
1583203044487	1583203044486	-12.654	-3.535	-1.159	1.830	-0.250	-1.431	0.000000	0.000000
1583203044507	1583203044505	-13.435	-2.910	-1.463	2.229	-0.507	-1.650	0.000000	0.000000
1583203044527	1583203044527	-13.279	-2.299	-1.518	2.469	-0.775	-1.887	0.000000	0.000000
1583203044548	1583203044547	-12.481	-1.937	-1.454	2.512	-0.960	-2.157	0.000000	0.000000
1583203044568	1583203044566	-11.794	-1.846	-1.197	2.544	-1.016	-2.385	0.000000	0.000000
1583203044587	1583203044585	-11.748	-1.669	-0.953	2.600	-0.967	-2.571	0.000000	0.000000
1583203044606	1583203044605	-11.916	-1.499	-0.982	2.638	-0.859	-2.723	0.000000	0.000000
1583203044630	1583203044629	-12.005	-1.214	-1.030	2.676	-0.746	-2.816	0.000000	0.000000
1583203044659	1583203044649	-11.959	-0.986	-1.106	2.676	-0.675	-2.839	0.000000	0.000000
1583203044668	1583203044665	-11.717	-0.706	-1.087	2.665	-0.652	-2.796	0.000000	0.000000
1583203044686	1583203044686	-11.197	-0.376	-0.991	2.579	-0.669	-2.701	0.000000	0.000000
1583203044705	1583203044705	-10.675	-0.383	-0.891	2.435	-0.700	-2.559	0.000000	0.000000
