1583203004903	1583203004901	-14.000	-3.605	-0.462	0.249	-0.027	-0.534	0.000000	0.000000
1583203004926	1583203004926	-14.426	-4.108	-0.095	0.619	0.024	-0.666	0.000000	0.000000
1583203004942	1583203004940	-12.469	-4.534	0.599	1.265	0.134	-0.726	0.000000	0.000000
1583203004961	1583203004960	-11.485	-4.091	-0.081	1.904	0.038	-0.831	0.000000	0.000000
1583203004982	1583203004981	-12.572	-3.444	-0.965	2.442	-0.169	-0.953	0.000000	0.000000
1583203005006	1583203005001	-13.394	-2.963	-1.219	2.875	-0.403	-1.060	0.000000	0.000000
1583203005024	1583203005019	-13.207	-2.390	-1.327	3.078	-0.651	-1.238	0.000000	0.000000
1583203005041	1583203005040	-12.587	-1.858	-1.557	3.016	-0.834	-1.479	0.000000	0.000000
1583203005061	1583203005060	-11.983	-1.626	-1.638	2.812	-0.917	-1.751	0.000000	0.000000
1583203005080	1583203005079	-11.631	-1.501	-1.595	2.624	-0.950	-2.026	0.000000	0.000000
1583203005101	1583203005099	-11.267	-1.331	-1.506	2.514	-0.920	-2.278	0.000000	0.000000
1583203005120	1583203005119	-10.987	-1.236	-1.478	2.462	-0.849	-2.478	0.000000	0.000000
1583203005144	1583203005144	-10.821	-0.898	-1.473	2.456	-0.784	-2.598	0.000000	0.000000
1583203005160	1583203005159	-10.618	-0.630	-1.535	2.417	-0.752	-2.612	0.000000	0.000000
1583203005180	1583203005179	-10.251	-0.392	-1.504	2.365	-0.763	-2.523	0.000000	0.000000
1583203005200	1583203005199	-9.691	-0.182	-1.351	2.275	-0.778	-2.356	0.000000	0.000000
1583203005226	1583203005220	-9.228	0.060	-1.157	2.078	-0.757	-2.134	0.000000	0.000000
1583203005240	1583203005240	-9.068	0.214	-1.013	1.717	-0.711	-1.894	0.000000	0.000000
1583203005262	1583203005260	-8.941	0.108	-0.785	1.267	-0.669	-1.668	0.000000	0.000000
1583203005280	1583203005278	-8.696	0.082	-0.687	0.873	-0.659	-1.505	0.000000	0.000000
1583203005300	1583203005298	-8.708	0.065	-0.735	0.567	-0.652	-1.389	0.000000	0.000000
1583203005319	1583203005318	-9.525	0.075	-0.694	0.380	-0.642	-1.284	0.000000	0.000000
1583203005342	1583203005341	-10.584	0.259	-0.627	0.282	-0.658	-1.145	0.000000	0.000000
1583203005359	1583203005358	-10.864	0.729	-0.733	0.096	-0.647	-0.977	0.000000	0.000000
1583203005380	1583203005380	-10.515	1.050	-0.886	-0.332	-0.550	-0.783	0.000000	0.000000
1583203005399	1583203005398	-10.038	0.971	-0.675	-0.860	-0.358	-0.527	0.000000	0.000000
1583203005419	1583203005418	-9.715	0.556	-0.129	-1.258	-0.098	-0.177	0.000000	0.000000
1583203005440	1583203005439	-10.239	0.312	0.240	-1.395	0.160	0.306	0.000000	0.000000
1583203005461	1583203005459	-10.380	0.022	0.784	-1.401	0.460	0.879	0.000000	0.000000
1583203005479	1583203005478	-9.499	-0.934	1.780	-1.454	0.804	1.379	0.000000	0.000000
1583203005500	1583203005499	-8.852	-1.528	2.317	-1.345	1.011	1.677	0.000000	0.000000
1583203005519	1583203005517	-9.303	-1.384	2.061	-1.194	0.996	1.874	0.000000	0.000000
1583203005541	1583203005540	-10.052	-1.066	1.747	-1.142	0.879	1.956	0.000000	0.000000
1583203005559	1583203005558	-10.426	-0.862	1.380	-1.224	0.714	1.939	0.000000	0.000000
1583203005578	1583203005577	-10.582	-0.917	0.963	-1.398	0.435	1.868	0.000000	0.000000
1583203005598	1583203005597	-10.548	-1.022	0.606	-1.668	0.095	1.818	0.000000	0.000000
1583203005618	1583203005617	-10.397	-1.439	0.377	-1.999	-0.159	1.810	0.000000	0.000000
1583203005638	1583203005637	-9.985	-1.791	-0.014	-2.278	-0.340	1.783	0.000000	0.000000
1583203005658	1583203005656	-9.475	-1.923	-0.584	-2.493	-0.474	1.725	0.000000	0.000000
1583203005678	1583203005677	-9.247	-1.983	-1.121	-2.624	-0.548	1.679	0.000000	0.000000
1583203005698	1583203005696	-9.367	-2.076	-1.423	-2.688	-0.552	1.645	0.000000	0.000000
1583203005718	1583203005716	-9.645	-2.251	-1.564	-2.679	-0.493	1.617	0.000000	0.000000
1583203005742	1583203005742	-9.897	-2.385	-1.605	-2.607	-0.357	1.636	0.000000	0.000000
1583203005763	1583203005759	-10.031	-2.548	-1.559	-2.537	-0.161	1.696	0.000000	0.000000
1583203005779	1583203005778	-10.064	-2.912	-1.157	-2.442	0.053	1.784	0.000000	0.000000
1583203005800	1583203005798	-9.849	-3.487	-0.472	-2.234	0.272	1.885	0.000000	0.000000
1583203005819	1583203005818	-9.736	-3.988	0.329	-1.864	0.563	2.001	0.000000	0.000000
1583203005840	1583203005840	-10.162	-4.367	1.023	-1.440	0.836	2.104	0.000000	0.000000
1583203005861	1583203005861	-11.411	-4.549	1.253	-1.060	0.937	2.167	0.000000	0.000000
1583203005882	1583203005879	-12.833	-4.563	1.117	-0.774	0.894	2.164	0.000000	0.000000
1583203005898	1583203005897	-13.416	-4.702	0.789	-0.647	0.794	2.052	0.000000	0.000000
1583203005918	1583203005917	-13.071	-5.004	0.496	-0.740	0.688	1.804	0.000000	0.000000
1583203005939	1583203005939	-12.745	-5.423	0.137	-0.926	0.522	1.401	0.000000	0.000000
1583203005962	1583203005962	-12.742	-5.636	-0.012	-0.998	0.316	0.905	0.000000	0.000000
1583203005983	1583203005977	-12.745	-5.588	0.065	-0.895	0.205	0.344	0.000000	0.000000
1583203005998	1583203005996	-14.146	-5.536	-0.491	-0.573	0.060	-0.127	0.000000	0.000000
1583203006019	1583203006017	-15.787	-5.916	-0.718	-0.018	-0.052	-0.361	0.000000	0.000000
1583203006041	1583203006037	-14.091	-6.170	0.305	0.726	0.098	-0.409	0.000000	0.000000
1583203006060	1583203006056	-11.078	-5.768	0.906	1.405	0.185	-0.513	0.000000	0.000000
1583203006080	1583203006078	-10.266	-4.819	0.518	1.947	0.060	-0.756	0.000000	0.000000
1583203006098	1583203006096	-11.121	-4.017	0.000	2.538	-0.168	-0.989	0.000000	0.000000
1583203006117	1583203006116	-12.692	-3.468	-0.354	3.059	-0.481	-1.175	0.000000	0.000000
1583203006138	1583203006136	-13.887	-2.819	-0.606	3.371	-0.817	-1.397	0.000000	0.000000
1583203006160	1583203006160	-13.988	-1.993	-1.022	3.388	-1.130	-1.668	0.000000	0.000000
1583203006179	1583203006176	-13.602	-1.487	-1.298	3.147	-1.345	-1.986	0.000000	0.000000
1583203006200	1583203006195	-13.016	-1.257	-1.411	2.817	-1.466	-2.324	0.000000	0.000000
1583203006217	1583203006216	-12.541	-1.106	-1.547	2.536	-1.485	-2.663	0.000000	0.000000
1583203006238	1583203006235	-12.287	-0.915	-1.650	2.377	-1.454	-2.937	0.000000	0.000000
1583203006257	1583203006257	-12.187	-0.682	-1.533	2.277	-1.386	-3.128	0.000000	0.000000
1583203006282	1583203006277	-12.005	-0.447	-1.173	2.133	-1.278	-3.211	0.000000	0.000000
1583203006299	1583203006296	-11.633	-0.282	-1.152	1.945	-1.183	-3.182	0.000000	0.000000
1583203006316	1583203006316	-10.781	-0.059	-1.346	1.715	-1.129	-3.035	0.000000	0.000000
1583203006336	1583203006335	-9.997	-0.074	-1.377	1.449	-1.085	-2.828	0.000000	0.000000
1583203006357	1583203006357	-9.386	-0.047	-1.279	1.221	-1.032	-2.568	0.000000	0.000000
1583203006384	1583203006384	-8.730	-0.033	-1.066	1.036	-0.949	-2.297	0.000000	0.000000
1583203006397	1583203006395	-8.169	0.017	-0.922	0.929	-0.834	-2.057	0.000000	0.000000
1583203006421	1583203006420	-7.829	0.156	-0.953	0.838	-0.721	-1.855	0.000000	0.000000
1583203006437	1583203006434	-8.268	0.408	-0.943	0.731	-0.625	-1.692	0.000000	0.000000
1583203006455	1583203006454	-9.058	0.583	-0.788	0.629	-0.521	-1.463	0.000000	0.000000
1583203006479	1583203006475	-9.319	0.992	-0.591	0.461	-0.400	-1.147	0.000000	0.000000
1583203006499	1583203006495	-9.049	1.287	-0.289	0.065	-0.220	-0.821	0.000000	0.000000
1583203006515	1583203006514	-8.795	1.083	0.108	-0.459	-0.020	-0.435	0.000000	0.000000
1583203006535	1583203006534	-8.215	0.774	0.551	-0.894	0.187	-0.014	0.000000	0.000000
1583203006554	1583203006554	-8.344	0.626	0.846	-1.147	0.349	0.447	0.000000	0.000000
1583203006582	1583203006582	-9.271	0.611	1.105	-1.291	0.496	0.985	0.000000	0.000000
1583203006597	1583203006594	-9.614	0.010	1.622	-1.451	0.686	1.558	0.000000	0.000000
1583203006620	1583203006620	-9.616	-0.903	2.068	-1.540	0.836	2.038	0.000000	0.000000
1583203006635	1583203006634	-10.347	-1.142	1.917	-1.444	0.856	2.383	0.000000	0.000000
1583203006655	1583203006653	-11.569	-1.089	1.828	-1.260	0.858	2.670	0.000000	0.000000
1583203006674	1583203006673	-12.364	-1.377	2.056	-1.112	0.905	2.881	0.000000	0.000000
1583203006700	1583203006694	-12.623	-1.566	2.300	-1.049	0.920	2.959	0.000000	0.000000
1583203006719	1583203006718	-12.455	-1.473	2.185	-1.162	0.834	2.885	0.000000	0.000000
1583203006734	1583203006732	-11.758	-1.291	1.392	-1.576	0.609	2.632	0.000000	0.000000
1583203006754	1583203006754	-10.836	-1.375	0.348	-2.196	0.262	2.264	0.000000	0.000000
1583203006778	1583203006778	-10.203	-1.942	-0.368	-2.662	-0.119	1.903	0.000000	0.000000
1583203006803	1583203006798	-9.844	-2.369	-0.850	-2.772	-0.380	1.648	0.000000	0.000000
1583203006816	1583203006813	-9.643	-2.520	-1.090	-2.653	-0.497	1.535	0.000000	0.000000
1583203006842	1583203006835	-9.600	-2.570	-1.202	-2.471	-0.527	1.505	0.000000	0.000000
1583203006854	1583203006853	-9.669	-2.738	-1.214	-2.267	-0.474	1.552	0.000000	0.000000
1583203006873	1583203006873	-9.877	-3.015	-1.149	-2.031	-0.304	1.687	0.000000	0.000000
1583203006899	1583203006894	-10.165	-3.099	-0.951	-1.758	-0.041	1.884	0.000000	0.000000
1583203006916	1583203006912	-10.139	-3.547	-0.541	-1.550	0.202	2.067	0.000000	0.000000
1583203006935	1583203006932	-9.868	-4.292	-0.021	-1.361	0.547	2.196	0.000000	0.000000
1583203006954	1583203006952	-9.801	-4.613	0.290	-1.096	0.873	2.218	0.000000	0.000000
1583203006974	1583203006972	-9.578	-4.779	0.396	-0.888	1.057	2.084	0.000000	0.000000
1583203006994	1583203006994	-10.179	-4.731	0.391	-0.776	1.060	1.789	0.000000	0.000000
1583203007017	1583203007016	-11.363	-4.826	0.420	-0.675	0.976	1.430	0.000000	0.000000
1583203007034	1583203007034	-12.112	-4.680	0.518	-0.565	0.885	0.954	0.000000	0.000000
1583203007052	1583203007052	-12.613	-4.493	0.592	-0.562	0.744	0.386	0.000000	0.000000
1583203007074	1583203007072	-12.548	-4.340	0.743	-0.612	0.535	-0.152	0.000000	0.000000
1583203007094	1583203007093	-12.108	-4.105	0.753	-0.610	0.337	-0.626	0.000000	0.000000
1583203007116	1583203007116	-13.111	-3.569	0.336	-0.563	0.140	-1.026	0.000000	0.000000
1583203007134	1583203007132	-15.315	-3.202	-0.038	-0.442	-0.036	-1.319	0.000000	0.000000
1583203007153	1583203007151	-15.241	-3.183	0.978	-0.158	-0.054	-1.514	0.000000	0.000000
1583203007172	1583203007172	-12.769	-3.274	1.603	0.048	-0.063	-1.724	0.000000	0.000000
1583203007196	1583203007191	-11.454	-2.548	0.769	0.087	-0.189	-1.996	0.000000	0.000000
1583203007213	1583203007211	-12.294	-1.638	-0.337	0.068	-0.421	-2.252	0.000000	0.000000
1583203007233	1583203007232	-13.830	-1.389	-0.697	0.109	-0.666	-2.491	0.000000	0.000000
1583203007252	1583203007251	-14.958	-1.518	-0.615	0.268	-0.880	-2.723	0.000000	0.000000
1583203007272	1583203007271	-14.927	-1.401	-0.342	0.477	-1.004	-2.875	0.000000	0.000000
1583203007292	1583203007291	-13.538	-1.444	0.135	0.647	-0.988	-2.920	0.000000	0.000000
1583203007317	1583203007317	-12.232	-1.355	0.578	0.760	-0.794	-2.889	0.000000	0.000000
1583203007334	1583203007331	-11.751	-0.929	0.621	0.831	-0.616	-2.908	0.000000	0.000000
1583203007355	1583203007350	-11.593	-0.462	0.393	0.850	-0.563	-2.938	0.000000	0.000000
1583203007372	1583203007370	-11.662	-0.213	0.060	0.831	-0.598	-2.895	0.000000	0.000000
1583203007392	1583203007390	-11.365	0.008	-0.040	0.846	-0.675	-2.792	0.000000	0.000000
1583203007412	1583203007411	-11.183	0.202	-0.194	0.913	-0.786	-2.620	0.000000	0.000000
1583203007435	1583203007435	-10.479	0.774	-0.189	1.230	-0.966	-2.370	0.000000	0.000000
1583203007452	1583203007450	-9.549	1.627	-0.131	1.498	-1.090	-2.010	0.000000	0.000000
1583203007471	1583203007470	-8.958	1.977	-0.117	1.301	-1.097	-1.675	0.000000	0.000000
1583203007492	1583203007490	-8.153	2.525	-0.124	0.897	-1.125	-1.376	0.000000	0.000000
1583203007516	1583203007515	-7.645	3.026	-0.038	0.302	-1.130	-0.936	0.000000	0.000000
1583203007531	1583203007530	-7.156	2.774	0.029	-0.491	-1.101	-0.454	0.000000	0.000000
1583203007554	1583203007554	-7.048	2.317	0.125	-1.254	-1.102	0.037	0.000000	0.000000
1583203007571	1583203007570	-7.235	1.869	0.012	-1.904	-1.210	0.592	0.000000	0.000000
1583203007591	1583203007590	-7.657	1.378	-0.151	-2.408	-1.385	1.175	0.000000	0.000000
1583203007614	1583203007614	-8.483	0.348	-0.527	-2.937	-1.563	1.706	0.000000	0.000000
1583203007631	1583203007631	-9.314	-0.735	-1.219	-3.410	-1.766	2.149	0.000000	0.000000
1583203007654	1583203007650	-10.282	-1.420	-2.115	-3.654	-2.036	2.580	0.000000	0.000000
1583203007671	1583203007669	-11.686	-2.108	-3.056	-3.716	-2.308	3.061	0.000000	0.000000
1583203007691	1583203007689	-14.163	-2.302	-4.122	-3.674	-2.504	3.528	0.000000	0.000000
1583203007711	1583203007711	-18.084	-1.784	-5.457	-3.737	-2.624	3.975	0.000000	0.000000
1583203007740	1583203007740	-19.730	-2.742	-5.854	-3.928	-2.595	4.378	0.000000	0.000000
1583203007751	1583203007751	-16.362	-4.659	-4.604	-4.075	-2.343	4.655	0.000000	0.000000
1583203007776	1583203007769	-13.555	-5.186	-2.486	-4.071	-1.303	4.862	0.000000	0.000000
1583203007789	1583203007789	-12.747	-4.970	-0.474	-3.348	-0.233	4.807	0.000000	0.000000
1583203007810	1583203007809	-12.740	-4.362	0.360	-2.178	0.492	4.622	0.000000	0.000000
1583203007829	1583203007829	-13.835	-3.734	-0.311	-1.289	0.979	4.437	0.000000	0.000000
1583203007850	1583203007850	-15.076	-3.878	-1.149	-0.731	1.350	4.039	0.000000	0.000000
1583203007874	1583203007869	-15.126	-3.624	-1.228	-0.559	1.450	3.483	0.000000	0.000000
1583203007890	1583203007888	-13.679	-3.365	-1.161	-0.977	1.136	2.934	0.000000	0.000000
1583203007910	1583203007908	-11.454	-2.872	-0.987	-1.786	0.652	2.329	0.000000	0.000000
1583203007934	1583203007929	-9.911	-2.599	-0.807	-2.648	0.156	1.666	0.000000	0.000000
1583203007954	1583203007954	-9.456	-2.821	-0.598	-3.221	-0.121	1.107	0.000000	0.000000
1583203007969	1583203007968	-9.544	-3.394	-0.265	-3.486	-0.180	0.737	0.000000	0.000000
1583203007992	1583203007989	-9.571	-3.933	0.108	-3.378	-0.127	0.511	0.000000	0.000000
1583203008008	1583203008008	-9.358	-4.271	0.439	-2.991	0.012	0.468	0.000000	0.000000
1583203008028	1583203008028	-8.852	-4.393	0.693	-2.518	0.167	0.553	0.000000	0.000000
1583203008049	1583203008049	-8.505	-4.287	0.963	-2.090	0.333	0.585	0.000000	0.000000
1583203008072	1583203008070	-8.471	-4.297	1.256	-1.797	0.475	0.540	0.000000	0.000000
1583203008090	1583203008088	-8.790	-4.594	1.373	-1.499	0.465	0.482	0.000000	0.000000
1583203008109	1583203008107	-9.037	-4.922	1.567	-1.076	0.442	0.428	0.000000	0.000000
1583203008128	1583203008127	-9.085	-5.032	1.802	-0.618	0.468	0.298	0.000000	0.000000
1583203008152	1583203008152	-8.977	-4.680	1.855	-0.247	0.473	0.062	0.000000	0.000000
1583203008168	1583203008168	-8.857	-3.998	1.807	-0.061	0.420	-0.262	0.000000	0.000000
1583203008190	1583203008188	-8.689	-3.557	1.766	-0.032	0.332	-0.627	0.000000	0.000000
1583203008209	1583203008206	-8.716	-3.289	1.680	0.006	0.259	-0.973	0.000000	0.000000
1583203008228	1583203008227	-9.688	-2.956	1.186	0.115	0.118	-1.234	0.000000	0.000000
1583203008248	1583203008247	-11.811	-2.479	0.417	0.281	-0.073	-1.392	0.000000	0.000000
1583203008273	1583203008273	-12.891	-2.318	0.230	0.645	-0.110	-1.422	0.000000	0.000000
1583203008289	1583203008288	-11.890	-2.417	0.472	1.031	-0.051	-1.430	0.000000	0.000000
1583203008307	1583203008305	-9.770	-2.297	0.757	1.325	0.109	-1.432	0.000000	0.000000
1583203008326	1583203008325	-8.409	-1.890	0.470	1.478	0.275	-1.442	0.000000	0.000000
1583203008349	1583203008348	-8.926	-1.243	-0.273	1.497	0.339	-1.512	0.000000	0.000000
1583203008366	1583203008365	-10.711	-0.704	-0.725	1.471	0.335	-1.576	0.000000	0.000000
1583203008392	1583203008385	-12.462	-0.550	-0.515	1.498	0.322	-1.570	0.000000	0.000000
1583203008406	1583203008405	-12.898	-0.598	-0.146	1.553	0.329	-1.466	0.000000	0.000000
1583203008426	1583203008424	-12.378	-0.711	-0.165	1.483	0.362	-1.262	0.000000	0.000000
1583203008446	1583203008444	-11.736	-0.752	-0.428	1.258	0.379	-1.055	0.000000	0.000000
1583203008468	1583203008464	-11.399	-0.606	-0.488	0.996	0.416	-0.947	0.000000	0.000000
1583203008487	1583203008485	-11.080	-0.570	-0.273	0.842	0.472	-0.901	0.000000	0.000000
1583203008507	1583203008505	-10.675	-0.613	-0.040	0.822	0.516	-0.872	0.000000	0.000000
1583203008526	1583203008525	-10.500	-0.742	0.168	0.825	0.548	-0.832	0.000000	0.000000
1583203008547	1583203008545	-10.208	-0.639	0.551	0.851	0.560	-0.774	0.000000	0.000000
1583203008568	1583203008568	-9.889	-0.395	0.880	0.828	0.531	-0.686	0.000000	0.000000
1583203008588	1583203008588	-9.638	-0.306	1.045	0.688	0.469	-0.593	0.000000	0.000000
1583203008607	1583203008607	-9.422	-0.208	1.076	0.514	0.355	-0.475	0.000000	0.000000
1583203008626	1583203008625	-9.521	-0.146	1.054	0.291	0.189	-0.324	0.000000	0.000000
1583203008647	1583203008644	-9.657	-0.268	1.052	-0.000	0.039	-0.168	0.000000	0.000000
1583203008671	1583203008671	-9.571	-0.388	0.983	-0.339	-0.079	-0.016	0.000000	0.000000
1583203008687	1583203008686	-9.609	-0.620	0.798	-0.661	-0.202	0.127	0.000000	0.000000
1583203008709	1583203008709	-9.827	-0.754	0.621	-0.882	-0.323	0.244	0.000000	0.000000
1583203008727	1583203008725	-10.424	-0.627	0.079	-1.055	-0.465	0.342	0.000000	0.000000
1583203008746	1583203008745	-12.124	-0.433	-0.553	-1.250	-0.600	0.483	0.000000	0.000000
1583203008770	1583203008767	-11.835	-0.838	-0.575	-1.527	-0.684	0.659	0.000000	0.000000
1583203008790	1583203008789	-8.926	-1.540	-0.311	-1.803	-0.592	0.800	0.000000	0.000000
1583203008807	1583203008805	-7.235	-2.151	-0.004	-1.752	-0.341	0.886	0.000000	0.000000
1583203008824	1583203008824	-7.139	-2.364	0.456	-1.262	-0.142	1.012	0.000000	0.000000
1583203008846	1583203008844	-7.959	-2.572	0.930	-0.532	0.057	1.196	0.000000	0.000000
1583203008864	1583203008864	-9.712	-2.817	1.557	0.241	0.239	1.405	0.000000	0.000000
1583203008886	1583203008885	-11.521	-2.826	2.034	0.870	0.349	1.600	0.000000	0.000000
1583203008905	1583203008903	-12.529	-2.520	1.735	1.093	0.321	1.678	0.000000	0.000000
1583203008929	1583203008922	-12.582	-1.724	0.932	0.742	0.151	1.558	0.000000	0.000000
1583203008944	1583203008943	-12.163	-1.494	0.427	-0.032	-0.040	1.209	0.000000	0.000000
1583203008964	1583203008962	-11.660	-1.949	0.482	-0.686	-0.231	0.673	0.000000	0.000000
1583203008984	1583203008982	-11.399	-2.424	0.904	-0.888	-0.320	0.122	0.000000	0.000000
1583203009011	1583203009005	-11.379	-2.505	1.354	-0.771	-0.268	-0.302	0.000000	0.000000
1583203009027	1583203009027	-11.348	-2.359	1.481	-0.573	-0.170	-0.585	0.000000	0.000000
1583203009045	1583203009043	-10.862	-2.093	1.541	-0.428	-0.069	-0.773	0.000000	0.000000
1583203009064	1583203009063	-10.165	-1.973	1.845	-0.362	0.023	-0.851	0.000000	0.000000
1583203009083	1583203009083	-9.422	-2.031	2.269	-0.303	0.064	-0.846	0.000000	0.000000
1583203009104	1583203009103	-8.847	-2.009	2.523	-0.194	0.047	-0.810	0.000000	0.000000
1583203009131	1583203009124	-8.498	-1.880	2.473	-0.050	-0.013	-0.759	0.000000	0.000000
1583203009144	1583203009142	-8.356	-1.765	2.346	0.109	-0.093	-0.687	0.000000	0.000000
1583203009163	1583203009162	-8.387	-1.664	2.216	0.293	-0.153	-0.583	0.000000	0.000000
1583203009187	1583203009187	-8.577	-1.590	2.118	0.497	-0.174	-0.436	0.000000	0.000000
1583203009207	1583203009205	-8.855	-1.490	2.017	0.717	-0.164	-0.251	0.000000	0.000000
1583203009226	1583203009223	-9.111	-1.463	1.833	0.889	-0.115	-0.045	0.000000	0.000000
1583203009244	1583203009244	-9.300	-1.547	1.569	1.017	-0.045	0.149	0.000000	0.000000
1583203009263	1583203009262	-9.303	-1.557	1.328	1.131	0.021	0.316	0.000000	0.000000
1583203009283	1583203009282	-9.087	-1.616	1.131	1.229	0.079	0.440	0.000000	0.000000
1583203009304	1583203009302	-8.768	-1.719	0.985	1.316	0.122	0.521	0.000000	0.000000
1583203009327	1583203009327	-8.486	-1.801	0.875	1.384	0.159	0.566	0.000000	0.000000
1583203009344	1583203009344	-8.328	-1.849	0.793	1.417	0.182	0.585	0.000000	0.000000
1583203009363	1583203009362	-8.263	-1.911	0.707	1.421	0.186	0.585	0.000000	0.000000
1583203009382	1583203009382	-8.292	-1.935	0.594	1.393	0.174	0.564	0.000000	0.000000
1583203009410	1583203009409	-8.478	-1.921	0.297	1.310	0.135	0.516	0.000000	0.000000
1583203009423	1583203009423	-8.910	-1.988	-0.038	1.179	0.091	0.451	0.000000	0.000000
1583203009444	1583203009441	-9.573	-2.175	-0.392	1.059	0.060	0.380	0.000000	0.000000
1583203009463	1583203009461	-10.694	-2.328	-0.754	1.015	0.036	0.305	0.000000	0.000000
1583203009482	1583203009481	-11.552	-2.678	-0.816	1.055	0.055	0.236	0.000000	0.000000
1583203009504	1583203009504	-11.078	-3.054	-0.584	1.190	0.168	0.137	0.000000	0.000000
1583203009526	1583203009526	-9.736	-3.104	-0.443	1.346	0.293	-0.069	0.000000	0.000000
1583203009544	1583203009542	-8.828	-2.738	-0.658	1.427	0.330	-0.381	0.000000	0.000000
1583203009561	1583203009561	-9.022	-2.098	-1.044	1.462	0.279	-0.730	0.000000	0.000000
1583203009581	1583203009581	-10.352	-1.861	-1.303	1.474	0.233	-0.994	0.000000	0.000000
1583203009602	1583203009600	-11.969	-1.770	-1.468	1.523	0.174	-1.151	0.000000	0.000000
1583203009628	1583203009628	-12.893	-1.583	-1.458	1.604	0.128	-1.194	0.000000	0.000000
1583203009643	1583203009641	-12.774	-1.501	-1.310	1.662	0.131	-1.167	0.000000	0.000000
1583203009666	1583203009660	-12.239	-1.497	-1.267	1.653	0.183	-1.133	0.000000	0.000000
1583203009682	1583203009680	-11.830	-1.351	-1.298	1.618	0.255	-1.123	0.000000	0.000000
1583203009701	1583203009700	-11.691	-1.171	-1.305	1.612	0.301	-1.145	0.000000	0.000000
1583203009722	1583203009722	-11.626	-1.025	-1.255	1.637	0.314	-1.178	0.000000	0.000000
1583203009750	1583203009750	-11.600	-0.905	-1.169	1.630	0.301	-1.198	0.000000	0.000000
1583203009762	1583203009762	-11.140	-0.790	-0.948	1.589	0.277	-1.187	0.000000	0.000000
1583203009782	1583203009780	-10.567	-0.701	-0.721	1.520	0.260	-1.149	0.000000	0.000000
1583203009801	1583203009799	-10.177	-0.531	-0.661	1.460	0.236	-1.092	0.000000	0.000000
1583203009825	1583203009825	-10.069	-0.297	-0.630	1.420	0.198	-1.004	0.000000	0.000000
1583203009841	1583203009840	-10.110	-0.184	-0.610	1.288	0.152	-0.895	0.000000	0.000000
1583203009865	1583203009859	-10.115	-0.062	-0.586	1.135	0.091	-0.758	0.000000	0.000000
1583203009880	1583203009879	-10.079	-0.011	-0.591	0.982	0.035	-0.592	0.000000	0.000000
1583203009902	1583203009899	-10.038	-0.014	-0.618	0.810	-0.015	-0.419	0.000000	0.000000
1583203009923	1583203009923	-9.976	-0.004	-0.692	0.644	-0.065	-0.253	0.000000	0.000000
1583203009944	1583203009939	-10.000	0.000	-0.766	0.466	-0.101	-0.096	0.000000	0.000000
1583203009961	1583203009961	-10.036	-0.095	-0.855	0.268	-0.123	0.037	0.000000	0.000000
1583203009981	1583203009979	-10.019	-0.234	-0.893	0.093	-0.124	0.154	0.000000	0.000000
1583203010001	1583203009999	-10.028	-0.419	-0.852	-0.061	-0.104	0.260	0.000000	0.000000
1583203010019	1583203010019	-9.968	-0.673	-0.692	-0.186	-0.072	0.371	0.000000	0.000000
1583203010048	1583203010048	-9.899	-0.821	-0.431	-0.264	-0.048	0.486	0.000000	0.000000
1583203010062	1583203010062	-9.978	-0.960	-0.062	-0.355	-0.055	0.583	0.000000	0.000000
1583203010086	1583203010080	-10.179	-1.089	0.470	-0.476	-0.104	0.639	0.000000	0.000000
1583203010100	1583203010098	-10.589	-1.111	1.045	-0.628	-0.186	0.644	0.000000	0.000000
1583203010120	1583203010118	-10.958	-0.900	1.236	-0.803	-0.335	0.622	0.000000	0.000000
1583203010142	1583203010142	-11.070	-0.553	1.165	-1.038	-0.538	0.600	0.000000	0.000000
1583203010161	1583203010161	-11.243	-0.366	1.217	-1.302	-0.742	0.582	0.000000	0.000000
1583203010179	1583203010178	-11.617	-0.424	1.433	-1.486	-0.932	0.580	0.000000	0.000000
1583203010200	1583203010198	-12.074	-0.196	1.299	-1.503	-1.122	0.617	0.000000	0.000000
1583203010220	1583203010218	-12.271	0.262	1.160	-1.505	-1.294	0.700	0.000000	0.000000
1583203010240	1583203010237	-12.182	0.851	0.980	-1.622	-1.435	0.815	0.000000	0.000000
1583203010260	1583203010260	-12.227	0.837	0.860	-1.762	-1.539	0.981	0.000000	0.000000
1583203010280	1583203010280	-12.575	0.192	0.865	-1.772	-1.585	1.203	0.000000	0.000000
1583203010299	1583203010297	-12.417	-0.287	1.201	-1.604	-1.565	1.475	0.000000	0.000000
1583203010319	1583203010317	-11.753	-0.376	1.677	-1.335	-1.448	1.747	0.000000	0.000000
1583203010342	1583203010342	-11.034	-0.435	2.046	-1.089	-1.309	1.921	0.000000	0.000000
1583203010366	1583203010361	-10.658	-0.342	2.264	-0.931	-1.225	1.971	0.000000	0.000000
1583203010381	1583203010377	-10.745	-0.198	2.041	-0.927	-1.222	1.940	0.000000	0.000000
1583203010400	1583203010397	-10.833	-0.392	1.802	-1.064	-1.277	1.844	0.000000	0.000000
1583203010418	1583203010417	-10.661	-0.862	1.569	-1.209	-1.349	1.725	0.000000	0.000000
1583203010438	1583203010437	-10.270	-1.466	1.304	-1.287	-1.371	1.611	0.000000	0.000000
1583203010460	1583203010460	-9.741	-1.990	1.196	-1.233	-1.296	1.516	0.000000	0.000000
1583203010482	1583203010483	-9.082	-2.165	1.366	-1.073	-1.140	1.429	0.000000	0.000000
1583203010501	1583203010499	-8.608	-2.184	1.488	-0.896	-0.940	1.347	0.000000	0.000000
1583203010518	1583203010517	-8.328	-2.488	1.790	-0.730	-0.746	1.255	0.000000	0.000000
1583203010538	1583203010536	-8.191	-2.611	2.094	-0.584	-0.597	1.152	0.000000	0.000000
1583203010560	1583203010560	-7.836	-2.659	2.180	-0.480	-0.431	1.032	0.000000	0.000000
1583203010579	1583203010576	-7.444	-2.762	2.255	-0.451	-0.190	0.885	0.000000	0.000000
1583203010597	1583203010597	-7.274	-2.989	2.360	-0.422	0.064	0.722	0.000000	0.000000
1583203010617	1583203010616	-7.429	-3.186	2.489	-0.305	0.272	0.577	0.000000	0.000000
1583203010638	1583203010635	-7.595	-3.255	2.631	-0.131	0.464	0.442	0.000000	0.000000
1583203010660	1583203010657	-7.781	-3.384	2.774	0.065	0.650	0.355	0.000000	0.000000
1583203010679	1583203010679	-7.832	-3.545	2.928	0.266	0.803	0.323	0.000000	0.000000
1583203010699	1583203010698	-7.920	-3.645	3.047	0.464	0.912	0.295	0.000000	0.000000
1583203010717	1583203010716	-8.086	-3.636	3.179	0.607	0.985	0.227	0.000000	0.000000
1583203010739	1583203010736	-8.172	-3.523	3.280	0.676	0.989	0.115	0.000000	0.000000
1583203010761	1583203010755	-8.443	-3.358	3.311	0.701	0.920	-0.032	0.000000	0.000000
1583203010781	1583203010776	-8.766	-3.255	2.966	0.709	0.756	-0.224	0.000000	0.000000
1583203010798	1583203010796	-8.821	-3.154	2.389	0.735	0.557	-0.436	0.000000	0.000000
1583203010816	1583203010816	-8.960	-3.229	2.013	0.810	0.436	-0.592	0.000000	0.000000
1583203010836	1583203010835	-9.190	-3.262	2.041	0.947	0.422	-0.695	0.000000	0.000000
1583203010857	1583203010855	-9.573	-3.241	2.094	1.133	0.463	-0.780	0.000000	0.000000
1583203010882	1583203010876	-9.750	-3.176	1.752	1.342	0.505	-0.856	0.000000	0.000000
1583203010899	1583203010896	-9.822	-3.015	1.253	1.537	0.547	-0.928	0.000000	0.000000
1583203010915	1583203010915	-9.942	-2.860	0.954	1.725	0.599	-0.987	0.000000	0.000000
1583203010936	1583203010935	-9.921	-2.706	0.709	1.895	0.639	-1.056	0.000000	0.000000
1583203010955	1583203010955	-10.019	-2.611	0.290	2.022	0.626	-1.136	0.000000	0.000000
1583203010976	1583203010976	-10.376	-2.601	-0.105	2.136	0.593	-1.209	0.000000	0.000000
1583203010996	1583203010995	-10.711	-2.560	-0.232	2.280	0.603	-1.289	0.000000	0.000000
1583203011017	1583203011015	-11.219	-2.385	-0.301	2.425	0.642	-1.393	0.000000	0.000000
1583203011035	1583203011034	-12.038	-2.153	-0.699	2.515	0.649	-1.520	0.000000	0.000000
1583203011056	1583203011054	-13.339	-1.940	-1.413	2.571	0.624	-1.629	0.000000	0.000000
1583203011078	1583203011075	-15.251	-1.746	-2.141	2.619	0.592	-1.694	0.000000	0.000000
1583203011102	1583203011094	-16.822	-1.755	-2.266	2.704	0.567	-1.718	0.000000	0.000000
1583203011119	1583203011116	-16.113	-2.014	-1.789	2.920	0.542	-1.728	0.000000	0.000000
1583203011136	1583203011133	-13.849	-2.326	-1.058	3.214	0.643	-1.723	0.000000	0.000000
1583203011155	1583203011154	-12.067	-2.457	-0.749	3.505	0.824	-1.763	0.000000	0.000000
1583203011175	1583203011173	-11.061	-2.110	-1.209	3.750	0.803	-1.934	0.000000	0.000000
1583203011196	1583203011196	-11.894	-1.420	-2.158	3.918	0.624	-2.174	0.000000	0.000000
1583203011216	1583203011214	-13.902	-0.625	-2.603	3.933	0.418	-2.396	0.000000	0.000000
1583203011235	1583203011235	-15.337	-0.249	-2.620	3.764	0.201	-2.528	0.000000	0.000000
1583203011254	1583203011253	-15.404	0.293	-2.615	3.478	-0.108	-2.584	0.000000	0.000000
1583203011273	1583203011273	-14.403	0.683	-2.386	3.078	-0.302	-2.576	0.000000	0.000000
1583203011297	1583203011293	-13.150	0.561	-2.124	2.541	-0.261	-2.472	0.000000	0.000000
1583203011314	1583203011314	-11.552	0.171	-1.952	2.003	-0.105	-2.299	0.000000	0.000000
1583203011335	1583203011333	-9.945	-0.071	-1.940	1.642	0.072	-2.086	0.000000	0.000000
1583203011354	1583203011353	-8.629	-0.064	-1.858	1.465	0.221	-1.881	0.000000	0.000000
1583203011374	1583203011372	-7.839	-0.062	-1.753	1.394	0.353	-1.677	0.000000	0.000000
1583203011394	1583203011394	-7.503	0.008	-1.643	1.397	0.462	-1.441	0.000000	0.000000
1583203011415	1583203011412	-7.348	0.087	-1.456	1.407	0.553	-1.147	0.000000	0.000000
1583203011436	1583203011434	-7.350	0.060	-0.975	1.403	0.646	-0.791	0.000000	0.000000
1583203011454	1583203011452	-7.389	0.034	-0.524	1.366	0.726	-0.393	0.000000	0.000000
1583203011474	1583203011472	-7.465	0.044	-0.345	1.240	0.765	-0.008	0.000000	0.000000
1583203011494	1583203011494	-7.719	-0.095	-0.237	0.986	0.763	0.329	0.000000	0.000000
1583203011523	1583203011522	-8.270	-0.323	0.024	0.696	0.740	0.624	0.000000	0.000000
1583203011535	1583203011532	-8.950	-0.546	0.247	0.462	0.705	0.875	0.000000	0.000000
1583203011554	1583203011554	-9.667	-0.639	0.297	0.290	0.644	1.088	0.000000	0.000000
1583203011572	1583203011572	-10.888	-0.620	0.238	0.123	0.569	1.274	0.000000	0.000000
1583203011593	1583203011592	-12.407	-0.606	0.012	-0.107	0.502	1.448	0.000000	0.000000
1583203011617	1583203011617	-13.543	-0.670	-0.234	-0.398	0.436	1.593	0.000000	0.000000
1583203011637	1583203011637	-14.278	-0.747	-0.309	-0.702	0.370	1.695	0.000000	0.000000
1583203011653	1583203011653	-14.082	-1.135	0.091	-1.014	0.362	1.750	0.000000	0.000000
1583203011673	1583203011671	-13.006	-1.827	0.904	-1.206	0.450	1.745	0.000000	0.000000
1583203011693	1583203011691	-12.759	-2.132	1.371	-1.137	0.598	1.723	0.000000	0.000000
1583203011715	1583203011715	-13.763	-1.961	1.172	-0.946	0.643	1.678	0.000000	0.000000
1583203011735	1583203011731	-14.211	-1.741	1.057	-0.867	0.597	1.587	0.000000	0.000000
1583203011755	1583203011754	-12.374	-1.897	1.431	-0.998	0.566	1.398	0.000000	0.000000
1583203011772	1583203011771	-9.322	-1.995	1.752	-1.215	0.552	1.108	0.000000	0.000000
1583203011793	1583203011791	-7.707	-2.036	1.708	-1.401	0.358	0.771	0.000000	0.000000
1583203011814	1583203011814	-7.875	-1.748	1.220	-1.453	-0.014	0.440	0.000000	0.000000
1583203011832	1583203011832	-8.828	-1.542	0.846	-1.402	-0.290	0.234	0.000000	0.000000
1583203011851	1583203011850	-9.693	-1.478	0.573	-1.379	-0.473	0.173	0.000000	0.000000
1583203011872	1583203011870	-10.048	-1.245	0.226	-1.466	-0.664	0.209	0.000000	0.000000
1583203011893	1583203011890	-9.887	-1.317	-0.009	-1.666	-0.800	0.311	0.000000	0.000000
1583203011912	1583203011910	-9.408	-1.789	-0.093	-1.830	-0.822	0.463	0.000000	0.000000
1583203011939	1583203011939	-8.811	-2.206	-0.103	-1.845	-0.734	0.623	0.000000	0.000000
1583203011952	1583203011951	-8.505	-2.366	-0.170	-1.749	-0.581	0.724	0.000000	0.000000
1583203011977	1583203011971	-8.443	-2.457	-0.239	-1.583	-0.420	0.749	0.000000	0.000000
1583203011992	1583203011990	-8.399	-2.529	-0.201	-1.390	-0.272	0.728	0.000000	0.000000
1583203012012	1583203012009	-8.270	-2.544	-0.115	-1.217	-0.131	0.667	0.000000	0.000000
1583203012032	1583203012031	-8.205	-2.625	0.056	-1.089	-0.005	0.588	0.000000	0.000000
1583203012053	1583203012051	-8.356	-2.711	0.309	-0.966	0.101	0.532	0.000000	0.000000
1583203012071	1583203012070	-8.378	-2.821	0.575	-0.822	0.191	0.513	0.000000	0.000000
1583203012091	1583203012089	-8.471	-2.917	0.951	-0.651	0.282	0.520	0.000000	0.000000
1583203012111	1583203012109	-8.531	-2.917	1.157	-0.493	0.352	0.526	0.000000	0.000000
1583203012130	1583203012129	-8.445	-2.877	1.102	-0.395	0.381	0.509	0.000000	0.000000
1583203012151	1583203012150	-8.593	-2.841	0.987	-0.348	0.369	0.489	0.000000	0.000000
1583203012172	1583203012170	-8.910	-2.932	0.975	-0.289	0.350	0.487	0.000000	0.000000
1583203012191	1583203012189	-9.394	-3.104	0.966	-0.162	0.335	0.514	0.000000	0.000000
1583203012210	1583203012209	-10.093	-3.327	1.014	0.021	0.353	0.573	0.000000	0.000000
1583203012233	1583203012231	-10.821	-3.495	1.042	0.213	0.402	0.641	0.000000	0.000000
1583203012250	1583203012250	-11.475	-3.605	0.801	0.348	0.457	0.682	0.000000	0.000000
1583203012275	1583203012271	-12.194	-3.689	0.451	0.442	0.490	0.657	0.000000	0.000000
1583203012291	1583203012289	-12.893	-3.677	0.065	0.538	0.487	0.559	0.000000	0.000000
1583203012309	1583203012308	-14.561	-3.713	-0.495	0.676	0.428	0.432	0.000000	0.000000
1583203012329	1583203012328	-16.647	-4.141	-0.481	1.017	0.380	0.340	0.000000	0.000000
1583203012354	1583203012354	-16.230	-4.915	0.530	1.568	0.520	0.281	0.000000	0.000000
1583203012372	1583203012368	-12.848	-5.126	1.054	2.111	0.718	0.084	0.000000	0.000000
1583203012390	1583203012389	-9.588	-4.685	0.853	2.508	0.739	-0.269	0.000000	0.000000
1583203012410	1583203012408	-8.169	-3.660	0.233	2.710	0.428	-0.753	0.000000	0.000000
1583203012429	1583203012427	-8.816	-2.709	-0.479	2.808	-0.048	-1.286	0.000000	0.000000
1583203012454	1583203012449	-11.355	-2.352	-0.548	2.921	-0.458	-1.673	0.000000	0.000000
1583203012473	1583203012468	-14.800	-2.129	-0.488	3.131	-0.866	-1.920	0.000000	0.000000
1583203012490	1583203012487	-16.635	-1.528	-0.721	3.432	-1.272	-2.063	0.000000	0.000000
1583203012510	1583203012507	-16.733	-0.919	-1.233	3.364	-1.617	-2.194	0.000000	0.000000
1583203012529	1583203012529	-15.950	-0.606	-1.379	2.845	-1.767	-2.290	0.000000	0.000000
1583203012549	1583203012549	-15.013	-0.471	-1.379	2.231	-1.781	-2.347	0.000000	0.000000
1583203012572	1583203012572	-14.240	-0.443	-1.389	1.724	-1.742	-2.458	0.000000	0.000000
1583203012591	1583203012589	-13.729	-0.289	-1.655	1.326	-1.675	-2.613	0.000000	0.000000
1583203012608	1583203012607	-13.418	-0.239	-2.043	0.999	-1.664	-2.776	0.000000	0.000000
1583203012628	1583203012627	-12.759	0.034	-2.350	0.749	-1.715	-2.912	0.000000	0.000000
1583203012651	1583203012648	-12.175	0.568	-2.340	0.587	-1.734	-3.012	0.000000	0.000000
1583203012671	1583203012671	-11.451	0.707	-2.232	0.415	-1.685	-3.078	0.000000	0.000000
1583203012690	1583203012687	-10.582	0.666	-2.132	0.268	-1.598	-3.112	0.000000	0.000000
1583203012708	1583203012708	-9.638	0.832	-1.911	0.178	-1.437	-3.044	0.000000	0.000000
1583203012729	1583203012727	-8.864	0.999	-1.688	0.147	-1.218	-2.835	0.000000	0.000000
1583203012753	1583203012747	-7.880	1.270	-1.310	0.146	-0.948	-2.556	0.000000	0.000000
1583203012770	1583203012770	-7.168	1.570	-0.874	0.093	-0.716	-2.174	0.000000	0.000000
1583203012790	1583203012788	-6.735	1.800	-0.412	-0.052	-0.531	-1.664	0.000000	0.000000
1583203012808	1583203012806	-6.569	1.934	-0.146	-0.309	-0.436	-1.038	0.000000	0.000000
1583203012827	1583203012826	-6.548	2.049	0.079	-0.653	-0.396	-0.393	0.000000	0.000000
1583203012847	1583203012847	-6.236	2.070	0.156	-1.066	-0.426	0.250	0.000000	0.000000
1583203012871	1583203012871	-6.191	2.041	0.156	-1.617	-0.468	0.863	0.000000	0.000000
1583203012888	1583203012886	-6.814	1.558	0.132	-2.267	-0.483	1.498	0.000000	0.000000
1583203012910	1583203012910	-7.904	1.007	0.044	-2.844	-0.567	2.253	0.000000	0.000000
1583203012927	1583203012926	-9.607	0.815	-0.472	-3.320	-0.714	2.985	0.000000	0.000000
1583203012948	1583203012945	-12.060	0.894	-1.482	-3.715	-0.884	3.662	0.000000	0.000000
1583203012967	1583203012966	-15.100	0.489	-2.620	-4.175	-1.038	4.366	0.000000	0.000000
1583203012989	1583203012987	-17.454	-0.567	-3.516	-4.679	-1.323	5.020	0.000000	0.000000
1583203013008	1583203013006	-17.953	-2.361	-3.507	-4.919	-1.652	5.540	0.000000	0.000000
1583203013027	1583203013025	-17.601	-4.584	-2.290	-4.640	-1.733	5.956	0.000000	0.000000
1583203013046	1583203013045	-18.096	-5.988	-0.912	-3.732	-1.287	6.160	0.000000	0.000000
1583203013069	1583203013069	-17.280	-6.338	-0.527	-2.804	-0.627	6.232	0.000000	0.000000
1583203013087	1583203013087	-16.451	-5.102	-1.564	-1.989	-0.105	5.715	0.000000	0.000000
1583203013106	1583203013106	-15.085	-4.546	-2.196	-1.239	0.096	4.714	0.000000	0.000000
1583203013127	1583203013126	-13.765	-4.247	-2.338	-1.291	0.135	3.561	0.000000	0.000000
1583203013146	1583203013145	-12.244	-2.699	-2.364	-1.845	-0.044	2.246	0.000000	0.000000
1583203013166	1583203013165	-11.638	-2.127	-2.342	-2.633	-0.176	1.091	0.000000	0.000000
1583203013192	1583203013192	-11.655	-1.902	-1.969	-3.145	-0.189	0.278	0.000000	0.000000
1583203013208	1583203013206	-11.327	-1.969	-1.928	-3.539	-0.280	-0.398	0.000000	0.000000
1583203013225	1583203013224	-10.115	-2.167	-1.660	-3.871	-0.313	-0.683	0.000000	0.000000
1583203013246	1583203013244	-9.806	-2.877	-1.394	-4.031	-0.300	-0.475	0.000000	0.000000
1583203013265	1583203013264	-9.348	-3.514	-0.970	-3.709	-0.331	-0.026	0.000000	0.000000
1583203013286	1583203013286	-8.617	-3.710	-0.345	-3.025	-0.390	0.557	0.000000	0.000000
1583203013306	1583203013305	-8.203	-3.641	0.127	-2.384	-0.397	1.128	0.000000	0.000000
1583203013326	1583203013326	-8.332	-3.878	0.178	-1.963	-0.267	1.520	0.000000	0.000000
1583203013346	1583203013344	-8.879	-4.113	0.415	-1.666	-0.070	1.789	0.000000	0.000000
1583203013366	1583203013363	-9.096	-4.513	0.635	-1.536	0.155	1.937	0.000000	0.000000
1583203013386	1583203013386	-8.886	-5.150	1.069	-1.422	0.452	1.955	0.000000	0.000000
1583203013405	1583203013405	-9.008	-6.082	1.478	-1.195	0.701	1.839	0.000000	0.000000
1583203013430	1583203013425	-9.319	-6.688	1.627	-0.781	0.854	1.563	0.000000	0.000000
1583203013445	1583203013443	-9.549	-7.064	1.649	-0.234	0.943	1.254	0.000000	0.000000
1583203013464	1583203013463	-9.564	-6.635	1.749	0.248	0.952	0.819	0.000000	0.000000
1583203013485	1583203013483	-10.886	-5.521	1.244	0.465	0.718	0.262	0.000000	0.000000
1583203013509	1583203013508	-13.758	-4.630	-0.043	0.407	0.258	-0.330	0.000000	0.000000
1583203013526	1583203013523	-15.902	-4.810	0.709	0.514	0.092	-0.764	0.000000	0.000000
1583203013544	1583203013544	-14.115	-5.078	2.818	0.857	0.222	-1.146	0.000000	0.000000
1583203013564	1583203013563	-11.988	-4.057	3.227	1.190	0.257	-1.631	0.000000	0.000000
1583203013585	1583203013583	-12.508	-2.668	2.022	1.348	0.069	-2.111	0.000000	0.000000
1583203013606	1583203013603	-14.460	-1.935	0.915	1.393	-0.163	-2.520	0.000000	0.000000
1583203013626	1583203013626	-16.151	-1.858	0.745	1.594	-0.352	-2.873	0.000000	0.000000
1583203013645	1583203013644	-16.779	-1.394	0.966	1.847	-0.588	-3.248	0.000000	0.000000
1583203013665	1583203013662	-16.249	-0.653	1.474	2.032	-0.753	-3.605	0.000000	0.000000
1583203013685	1583203013682	-15.274	0.154	2.223	2.085	-0.757	-3.810	0.000000	0.000000
1583203013704	1583203013704	-14.424	0.992	2.458	1.977	-0.691	-3.844	0.000000	0.000000
1583203013729	1583203013723	-13.710	1.555	2.398	1.796	-0.695	-3.747	0.000000	0.000000
1583203013745	1583203013745	-12.661	1.910	1.979	1.606	-0.779	-3.548	0.000000	0.000000
1583203013763	1583203013762	-11.250	2.506	1.320	1.346	-0.954	-3.270	0.000000	0.000000
1583203013783	1583203013782	-10.313	2.439	0.915	1.057	-1.140	-2.946	0.000000	0.000000
1583203013804	1583203013804	-9.624	1.955	0.583	0.808	-1.280	-2.577	0.000000	0.000000
1583203013829	1583203013826	-9.073	1.622	0.630	0.630	-1.333	-2.199	0.000000	0.000000
1583203013845	1583203013842	-8.651	1.510	0.997	0.516	-1.274	-1.816	0.000000	0.000000
1583203013864	1583203013864	-8.397	1.467	1.026	0.475	-1.088	-1.421	0.000000	0.000000
1583203013884	1583203013882	-8.347	1.431	1.028	0.427	-0.912	-1.029	0.000000	0.000000
1583203013903	1583203013901	-8.617	1.277	0.844	0.354	-0.792	-0.611	0.000000	0.000000
1583203013922	1583203013922	-8.792	1.169	0.630	0.234	-0.756	-0.191	0.000000	0.000000
1583203013944	1583203013943	-8.704	0.978	0.674	0.071	-0.751	0.194	0.000000	0.000000
1583203013963	1583203013961	-8.502	0.662	1.033	-0.072	-0.716	0.549	0.000000	0.000000
1583203013983	1583203013981	-8.270	0.355	1.505	-0.158	-0.625	0.896	0.000000	0.000000
1583203014002	1583203014001	-8.395	0.230	1.838	-0.186	-0.493	1.257	0.000000	0.000000
1583203014033	1583203014026	-9.338	0.223	1.833	-0.223	-0.387	1.683	0.000000	0.000000
1583203014043	1583203014041	-10.596	-0.067	1.967	-0.421	-0.253	2.201	0.000000	0.000000
1583203014064	1583203014063	-10.601	-0.893	3.244	-0.772	0.039	2.734	0.000000	0.000000
1583203014083	1583203014081	-10.395	-1.973	5.227	-0.943	0.362	3.156	0.000000	0.000000
1583203014103	1583203014100	-10.761	-2.541	6.499	-0.747	0.479	3.424	0.000000	0.000000
1583203014122	1583203014121	-11.317	-2.747	6.751	-0.573	0.306	3.522	0.000000	0.000000
1583203014146	1583203014146	-11.595	-2.865	6.495	-0.624	-0.102	3.352	0.000000	0.000000
1583203014161	1583203014161	-11.255	-2.795	5.948	-0.756	-0.653	3.026	0.000000	0.000000
1583203014182	1583203014180	-10.967	-2.718	4.961	-0.921	-1.101	2.788	0.000000	0.000000
1583203014202	1583203014200	-10.694	-2.809	3.864	-1.111	-1.236	2.585	0.000000	0.000000
1583203014226	1583203014223	-10.136	-3.427	3.821	-1.217	-0.932	2.435	0.000000	0.000000
1583203014257	1583203014250	-9.532	-3.854	4.296	-1.125	-0.408	2.348	0.000000	0.000000
1583203014261	1583203014261	-9.125	-4.017	4.485	-0.951	0.055	2.223	0.000000	0.000000
1583203014287	1583203014287	-9.135	-3.825	4.238	-0.841	0.396	2.108	0.000000	0.000000
1583203014301	1583203014299	-8.890	-3.839	3.816	-0.755	0.665	1.979	0.000000	0.000000
1583203014321	1583203014320	-8.890	-4.575	3.790	-0.533	0.790	1.821	0.000000	0.000000
1583203014349	1583203014347	-8.732	-5.095	3.891	-0.226	0.639	1.610	0.000000	0.000000
1583203014362	1583203014361	-8.371	-5.047	3.723	-0.114	0.388	1.341	0.000000	0.000000
1583203014381	1583203014379	-8.189	-5.023	3.584	-0.206	0.213	1.053	0.000000	0.000000
1583203014400	1583203014400	-8.114	-5.109	3.615	-0.238	0.159	0.814	0.000000	0.000000
1583203014421	1583203014419	-7.961	-5.370	3.563	-0.109	0.201	0.608	0.000000	0.000000
1583203014449	1583203014449	-7.714	-5.516	3.651	0.095	0.271	0.396	0.000000	0.000000
1583203014462	1583203014459	-7.698	-5.310	3.790	0.274	0.320	0.176	0.000000	0.000000
1583203014486	1583203014480	-7.738	-4.894	3.622	0.394	0.303	-0.046	0.000000	0.000000
1583203014500	1583203014499	-7.705	-4.779	3.412	0.546	0.281	-0.226	0.000000	0.000000
1583203014520	1583203014519	-7.681	-4.704	3.457	0.838	0.288	-0.333	0.000000	0.000000
1583203014540	1583203014539	-7.458	-4.400	3.378	1.172	0.303	-0.407	0.000000	0.000000
1583203014565	1583203014560	-7.616	-3.868	3.014	1.404	0.298	-0.490	0.000000	0.000000
1583203014583	1583203014579	-8.294	-3.442	2.348	1.483	0.249	-0.582	0.000000	0.000000
1583203014601	1583203014599	-9.082	-3.329	1.785	1.472	0.206	-0.698	0.000000	0.000000
1583203014620	1583203014618	-9.628	-3.257	1.380	1.428	0.178	-0.829	0.000000	0.000000
1583203014643	1583203014643	-10.208	-3.193	0.913	1.400	0.205	-0.973	0.000000	0.000000
1583203014660	1583203014660	-10.376	-3.030	0.518	1.403	0.315	-1.167	0.000000	0.000000
1583203014680	1583203014680	-11.171	-2.788	-0.198	1.399	0.385	-1.360	0.000000	0.000000
1583203014700	1583203014697	-13.214	-2.697	-0.953	1.455	0.418	-1.493	0.000000	0.000000
1583203014720	1583203014718	-14.498	-2.980	-0.495	1.627	0.569	-1.551	0.000000	0.000000
1583203014739	1583203014737	-13.887	-3.348	0.585	1.806	0.824	-1.675	0.000000	0.000000
1583203014760	1583203014760	-14.024	-3.315	0.331	1.914	0.997	-1.903	0.000000	0.000000
1583203014783	1583203014779	-15.825	-3.128	-1.133	2.007	0.930	-2.211	0.000000	0.000000
1583203014799	1583203014797	-17.172	-2.989	-1.583	2.245	0.817	-2.531	0.000000	0.000000
1583203014819	1583203014817	-17.162	-2.620	-1.401	2.685	0.653	-2.862	0.000000	0.000000
1583203014839	1583203014839	-16.769	-1.799	-1.499	3.104	0.482	-3.270	0.000000	0.000000
