1583203874212	1583203874190	-7.781	-2.508	0.623	-0.036	-0.175	-0.145	0.000000	0.000000
1583203874230	1583203874212	-8.105	-2.417	0.707	0.215	-0.182	-0.097	0.000000	0.000000
1583203874254	1583203874229	-8.253	-2.632	1.110	0.443	-0.172	-0.021	0.000000	0.000000
1583203874270	1583203874254	-8.148	-2.774	1.581	0.675	-0.101	0.096	0.000000	0.000000
1583203874290	1583203874269	-8.021	-2.551	1.684	0.908	0.022	0.216	0.000000	0.000000
1583203874311	1583203874289	-7.875	-2.232	1.610	1.063	0.106	0.246	0.000000	0.000000
1583203874330	1583203874310	-7.772	-1.966	1.440	1.069	0.140	0.147	0.000000	0.000000
1583203874350	1583203874329	-8.210	-1.813	1.201	0.946	0.102	-0.041	0.000000	0.000000
1583203874370	1583203874348	-9.291	-1.916	1.131	0.782	0.001	-0.254	0.000000	0.000000
1583203874390	1583203874368	-10.383	-1.952	0.992	0.680	-0.092	-0.426	0.000000	0.000000
1583203874411	1583203874388	-11.260	-1.839	0.935	0.715	-0.193	-0.541	0.000000	0.000000
1583203874432	1583203874410	-11.734	-1.511	0.645	0.786	-0.234	-0.618	0.000000	0.000000
1583203874455	1583203874430	-12.287	-1.015	0.094	0.772	-0.215	-0.737	0.000000	0.000000
1583203874469	1583203874448	-12.613	-1.032	0.144	0.582	-0.190	-0.899	0.000000	0.000000
1583203874490	1583203874468	-13.188	-1.188	0.166	0.295	-0.115	-1.044	0.000000	0.000000
1583203874509	1583203874488	-14.273	-1.628	0.238	0.114	-0.016	-1.110	0.000000	0.000000
1583203874529	1583203874508	-14.379	-2.302	1.042	0.208	0.103	-1.026	0.000000	0.000000
1583203874549	1583203874528	-12.874	-2.819	2.044	0.662	0.276	-0.764	0.000000	0.000000
1583203874569	1583203874548	-11.032	-2.326	1.876	1.305	0.437	-0.498	0.000000	0.000000
1583203874589	1583203874568	-10.872	-1.686	1.258	1.833	0.478	-0.400	0.000000	0.000000
1583203874609	1583203874587	-11.547	-1.631	1.409	2.121	0.401	-0.377	0.000000	0.000000
1583203874629	1583203874607	-11.789	-1.535	1.833	2.316	0.231	-0.365	0.000000	0.000000
1583203874649	1583203874628	-11.296	-1.255	1.993	2.524	0.020	-0.383	0.000000	0.000000
1583203874668	1583203874647	-10.321	-1.010	1.807	2.584	-0.180	-0.435	0.000000	0.000000
1583203874688	1583203874667	-9.374	-0.922	1.529	2.424	-0.350	-0.527	0.000000	0.000000
1583203874708	1583203874687	-8.766	-0.879	1.174	2.163	-0.499	-0.654	0.000000	0.000000
1583203874728	1583203874707	-8.361	-0.632	0.712	1.916	-0.650	-0.809	0.000000	0.000000
1583203874748	1583203874727	-8.301	-0.493	0.326	1.684	-0.770	-0.951	0.000000	0.000000
1583203874768	1583203874747	-8.531	-0.447	0.015	1.409	-0.850	-1.049	0.000000	0.000000
1583203874789	1583203874767	-8.692	-0.440	-0.194	1.159	-0.910	-1.065	0.000000	0.000000
1583203874808	1583203874787	-8.538	-0.826	-0.251	0.904	-0.926	-0.988	0.000000	0.000000
1583203874828	1583203874807	-8.342	-1.092	-0.390	0.653	-0.878	-0.866	0.000000	0.000000
1583203874851	1583203874826	-8.395	-1.154	-0.654	0.504	-0.792	-0.738	0.000000	0.000000
1583203874870	1583203874850	-8.452	-1.068	-0.850	0.410	-0.685	-0.650	0.000000	0.000000
1583203874888	1583203874866	-8.373	-0.864	-0.996	0.319	-0.586	-0.642	0.000000	0.000000
1583203874907	1583203874886	-8.581	-0.644	-0.864	0.189	-0.493	-0.708	0.000000	0.000000
1583203874927	1583203874906	-9.432	-0.366	-0.493	0.028	-0.371	-0.824	0.000000	0.000000
1583203874947	1583203874926	-10.294	0.063	-0.483	-0.108	-0.235	-0.939	0.000000	0.000000
1583203874968	1583203874946	-10.850	0.719	-0.737	-0.246	-0.125	-1.014	0.000000	0.000000
1583203874988	1583203874967	-11.583	0.985	-0.907	-0.555	-0.000	-1.016	0.000000	0.000000
1583203875009	1583203874987	-11.866	0.856	-0.785	-0.992	0.160	-0.888	0.000000	0.000000
1583203875029	1583203875007	-11.724	0.609	-0.301	-1.358	0.331	-0.646	0.000000	0.000000
1583203875049	1583203875027	-12.005	0.147	0.609	-1.569	0.552	-0.274	0.000000	0.000000
1583203875073	1583203875049	-11.420	-0.927	2.453	-1.587	0.874	0.265	0.000000	0.000000
1583203875089	1583203875068	-9.947	-1.712	3.826	-1.386	1.298	0.868	0.000000	0.000000
1583203875108	1583203875087	-9.343	-1.446	3.833	-0.879	1.711	1.316	0.000000	0.000000
1583203875129	1583203875107	-9.679	-0.421	3.189	-0.348	1.822	1.545	0.000000	0.000000
1583203875148	1583203875129	-10.416	0.075	2.463	-0.192	1.552	1.571	0.000000	0.000000
1583203875173	1583203875147	-11.219	-0.196	1.823	-0.430	1.021	1.451	0.000000	0.000000
1583203875188	1583203875172	-11.693	-0.903	1.387	-0.944	0.396	1.354	0.000000	0.000000
1583203875208	1583203875187	-11.631	-1.844	1.126	-1.426	-0.092	1.414	0.000000	0.000000
1583203875231	1583203875207	-10.831	-2.479	1.133	-1.697	-0.380	1.573	0.000000	0.000000
1583203875257	1583203875226	-9.875	-2.795	1.320	-1.681	-0.511	1.732	0.000000	0.000000
1583203875268	1583203875255	-9.106	-2.747	1.280	-1.518	-0.466	1.836	0.000000	0.000000
1583203875288	1583203875268	-8.457	-2.496	1.059	-1.306	-0.270	1.826	0.000000	0.000000
1583203875307	1583203875286	-8.081	-2.532	0.937	-1.118	-0.038	1.697	0.000000	0.000000
1583203875327	1583203875306	-7.990	-2.723	0.798	-1.003	0.172	1.514	0.000000	0.000000
1583203875349	1583203875325	-8.031	-2.812	0.712	-0.965	0.237	1.271	0.000000	0.000000
1583203875367	1583203875349	-8.282	-2.781	0.686	-0.976	0.178	1.029	0.000000	0.000000
1583203875389	1583203875367	-8.316	-2.680	0.733	-0.986	0.087	0.827	0.000000	0.000000
1583203875408	1583203875385	-8.701	-2.776	0.753	-0.985	0.037	0.676	0.000000	0.000000
1583203875426	1583203875405	-9.949	-2.862	0.817	-0.994	0.045	0.569	0.000000	0.000000
1583203875458	1583203875425	-11.181	-3.051	0.937	-0.953	0.080	0.489	0.000000	0.000000
1583203875469	1583203875456	-11.681	-3.198	0.997	-0.863	0.161	0.433	0.000000	0.000000
1583203875487	1583203875465	-12.060	-3.164	0.786	-0.770	0.256	0.360	0.000000	0.000000
1583203875505	1583203875485	-12.896	-3.186	0.628	-0.720	0.332	0.241	0.000000	0.000000
1583203875527	1583203875505	-13.983	-3.430	0.987	-0.690	0.402	0.082	0.000000	0.000000
1583203875547	1583203875524	-14.977	-3.816	1.821	-0.576	0.455	-0.076	0.000000	0.000000
1583203875568	1583203875547	-15.045	-4.017	2.655	-0.306	0.531	-0.237	0.000000	0.000000
1583203875591	1583203875568	-13.571	-3.835	3.064	0.106	0.584	-0.406	0.000000	0.000000
1583203875606	1583203875586	-11.777	-3.217	2.516	0.617	0.508	-0.577	0.000000	0.000000
1583203875626	1583203875605	-11.748	-2.678	1.486	1.032	0.191	-0.790	0.000000	0.000000
1583203875646	1583203875624	-12.996	-2.381	1.035	1.252	-0.242	-1.009	0.000000	0.000000
1583203875672	1583203875645	-13.535	-2.201	1.105	1.499	-0.597	-1.117	0.000000	0.000000
1583203875687	1583203875672	-12.927	-1.806	1.057	1.862	-0.856	-1.080	0.000000	0.000000
1583203875705	1583203875685	-11.363	-1.751	0.918	2.129	-1.001	-0.999	0.000000	0.000000
1583203875725	1583203875704	-9.624	-1.700	0.662	2.237	-1.008	-0.953	0.000000	0.000000
1583203875746	1583203875724	-8.505	-1.420	0.206	2.224	-0.940	-0.994	0.000000	0.000000
1583203875766	1583203875746	-8.222	-1.068	-0.172	2.119	-0.891	-1.125	0.000000	0.000000
1583203875787	1583203875766	-8.526	-0.869	-0.402	1.949	-0.876	-1.283	0.000000	0.000000
1583203875806	1583203875784	-8.862	-0.713	-0.555	1.803	-0.899	-1.414	0.000000	0.000000
1583203875825	1583203875803	-9.140	-0.680	-0.742	1.703	-0.964	-1.484	0.000000	0.000000
1583203875844	1583203875824	-9.180	-0.541	-0.893	1.619	-1.010	-1.413	0.000000	0.000000
1583203875877	1583203875843	-9.075	-0.503	-0.965	1.504	-1.008	-1.247	0.000000	0.000000
1583203875887	1583203875872	-8.943	-0.536	-1.056	1.292	-0.947	-1.067	0.000000	0.000000
1583203875905	1583203875887	-8.790	-0.622	-1.243	1.001	-0.852	-0.927	0.000000	0.000000
1583203875923	1583203875905	-8.421	-0.625	-1.145	0.711	-0.760	-0.852	0.000000	0.000000
1583203875945	1583203875923	-8.150	-0.515	-0.896	0.493	-0.685	-0.825	0.000000	0.000000
1583203875964	1583203875943	-8.950	-0.404	-0.845	0.303	-0.610	-0.838	0.000000	0.000000
1583203875989	1583203875963	-10.321	-0.263	-0.831	0.137	-0.563	-0.863	0.000000	0.000000
1583203876008	1583203875988	-10.618	-0.059	-0.728	-0.005	-0.547	-0.842	0.000000	0.000000
1583203876024	1583203876003	-10.143	0.475	-0.673	-0.223	-0.494	-0.784	0.000000	0.000000
1583203876044	1583203876023	-10.218	0.578	-0.100	-0.631	-0.390	-0.750	0.000000	0.000000
1583203876064	1583203876043	-9.988	0.065	0.925	-1.212	-0.196	-0.715	0.000000	0.000000
1583203876083	1583203876063	-10.416	0.005	0.858	-1.640	0.053	-0.593	0.000000	0.000000
1583203876104	1583203876082	-11.547	-0.196	0.932	-1.813	0.220	-0.387	0.000000	0.000000
1583203876123	1583203876104	-11.377	-1.130	2.149	-1.868	0.401	-0.125	0.000000	0.000000
1583203876142	1583203876122	-10.153	-1.813	3.052	-1.676	0.677	0.182	0.000000	0.000000
1583203876163	1583203876142	-9.439	-1.401	3.804	-1.209	0.959	0.459	0.000000	0.000000
1583203876184	1583203876163	-9.425	-0.263	3.414	-0.691	1.100	0.633	0.000000	0.000000
1583203876207	1583203876184	-9.458	0.511	2.099	-0.512	0.950	0.665	0.000000	0.000000
1583203876223	1583203876203	-9.801	0.422	1.316	-0.849	0.579	0.629	0.000000	0.000000
1583203876242	1583203876221	-10.071	-0.234	0.882	-1.439	0.171	0.659	0.000000	0.000000
1583203876270	1583203876242	-10.055	-0.970	0.659	-1.995	-0.184	0.798	0.000000	0.000000
1583203876282	1583203876263	-9.647	-1.696	0.745	-2.344	-0.414	1.027	0.000000	0.000000
1583203876307	1583203876282	-9.046	-2.120	0.841	-2.445	-0.572	1.288	0.000000	0.000000
1583203876322	1583203876307	-8.627	-2.218	0.827	-2.323	-0.617	1.550	0.000000	0.000000
1583203876343	1583203876321	-8.802	-2.167	0.765	-2.062	-0.487	1.837	0.000000	0.000000
1583203876364	1583203876341	-9.480	-2.395	0.750	-1.754	-0.254	2.152	0.000000	0.000000
1583203876384	1583203876362	-10.153	-2.841	0.760	-1.460	-0.029	2.478	0.000000	0.000000
1583203876404	1583203876384	-10.754	-3.289	0.832	-1.193	0.103	2.767	0.000000	0.000000
1583203876423	1583203876401	-10.996	-3.684	1.038	-1.005	0.235	2.955	0.000000	0.000000
1583203876443	1583203876421	-10.855	-3.825	1.289	-0.984	0.402	2.940	0.000000	0.000000
1583203876461	1583203876440	-10.134	-3.950	1.213	-1.067	0.524	2.775	0.000000	0.000000
1583203876483	1583203876461	-9.607	-4.026	0.820	-1.228	0.506	2.501	0.000000	0.000000
1583203876506	1583203876483	-10.107	-4.601	0.817	-1.490	0.363	2.032	0.000000	0.000000
1583203876527	1583203876501	-11.399	-5.327	0.829	-1.587	0.218	1.607	0.000000	0.000000
1583203876542	1583203876526	-12.285	-5.670	0.602	-1.405	0.103	1.189	0.000000	0.000000
1583203876563	1583203876540	-12.793	-5.459	0.149	-0.997	0.025	0.780	0.000000	0.000000
1583203876587	1583203876560	-13.384	-5.128	-0.136	-0.621	-0.035	0.367	0.000000	0.000000
1583203876602	1583203876582	-13.753	-4.673	0.051	-0.382	-0.058	-0.021	0.000000	0.000000
1583203876621	1583203876602	-13.964	-4.410	0.343	-0.229	-0.033	-0.391	0.000000	0.000000
1583203876642	1583203876620	-14.247	-4.371	0.774	-0.057	0.007	-0.707	0.000000	0.000000
1583203876662	1583203876640	-13.593	-4.098	1.483	0.284	0.039	-0.951	0.000000	0.000000
1583203876681	1583203876659	-11.641	-3.557	1.814	0.819	0.053	-1.147	0.000000	0.000000
1583203876705	1583203876680	-11.034	-2.682	1.023	1.352	0.022	-1.342	0.000000	0.000000
1583203876727	1583203876700	-12.786	-2.052	0.144	1.682	-0.216	-1.569	0.000000	0.000000
1583203876741	1583203876720	-14.326	-1.808	0.154	1.849	-0.582	-1.712	0.000000	0.000000
1583203876760	1583203876739	-14.149	-1.511	0.578	2.061	-0.812	-1.840	0.000000	0.000000
1583203876781	1583203876759	-12.752	-1.159	0.935	2.311	-0.943	-1.933	0.000000	0.000000
1583203876804	1583203876781	-11.257	-1.037	1.007	2.430	-0.953	-2.014	0.000000	0.000000
1583203876820	1583203876804	-9.985	-0.821	0.884	2.397	-0.834	-2.069	0.000000	0.000000
1583203876841	1583203876819	-9.108	-0.536	0.575	2.294	-0.692	-2.084	0.000000	0.000000
1583203876860	1583203876839	-8.584	-0.328	0.386	2.193	-0.601	-2.060	0.000000	0.000000
1583203876880	1583203876859	-8.141	-0.158	0.391	2.138	-0.571	-1.976	0.000000	0.000000
1583203876901	1583203876879	-7.705	-0.162	0.424	2.114	-0.587	-1.816	0.000000	0.000000
1583203876927	1583203876900	-7.331	-0.198	0.415	2.066	-0.615	-1.572	0.000000	0.000000
1583203876940	1583203876920	-7.082	-0.179	0.290	1.967	-0.622	-1.270	0.000000	0.000000
1583203876959	1583203876938	-7.048	-0.031	0.005	1.785	-0.599	-0.961	0.000000	0.000000
1583203876979	1583203876959	-7.252	-0.043	-0.328	1.454	-0.537	-0.710	0.000000	0.000000
1583203877004	1583203876979	-7.365	-0.335	-0.476	1.035	-0.472	-0.560	0.000000	0.000000
1583203877019	1583203877004	-7.415	-0.522	-0.610	0.702	-0.399	-0.443	0.000000	0.000000
1583203877040	1583203877019	-8.052	-0.622	-0.728	0.525	-0.319	-0.333	0.000000	0.000000
1583203877059	1583203877038	-9.013	-0.522	-0.591	0.401	-0.225	-0.252	0.000000	0.000000
1583203877079	1583203877058	-9.638	-0.364	-0.419	0.310	-0.102	-0.180	0.000000	0.000000
1583203877099	1583203877079	-9.521	-0.318	-0.081	0.152	0.075	-0.104	0.000000	0.000000
1583203877127	1583203877098	-9.219	-0.328	0.388	-0.145	0.311	-0.074	0.000000	0.000000
1583203877142	1583203877127	-9.628	-0.306	0.518	-0.483	0.569	-0.059	0.000000	0.000000
1583203877160	1583203877139	-10.242	-0.347	0.815	-0.676	0.761	0.027	0.000000	0.000000
1583203877179	1583203877157	-11.025	-0.364	0.987	-0.699	0.929	0.251	0.000000	0.000000
1583203877204	1583203877177	-12.177	-0.447	1.280	-0.625	1.090	0.604	0.000000	0.000000
1583203877218	1583203877198	-12.096	-1.372	2.403	-0.568	1.256	1.057	0.000000	0.000000
1583203877240	1583203877217	-10.979	-2.611	3.819	-0.511	1.461	1.540	0.000000	0.000000
1583203877259	1583203877237	-10.091	-3.078	4.696	-0.208	1.711	1.946	0.000000	0.000000
1583203877278	1583203877257	-10.232	-2.467	4.485	0.380	1.914	2.188	0.000000	0.000000
1583203877299	1583203877278	-11.581	-1.341	3.227	0.835	1.856	2.180	0.000000	0.000000
1583203877323	1583203877299	-13.090	-0.613	1.981	0.870	1.471	1.934	0.000000	0.000000
1583203877342	1583203877323	-13.030	-0.507	1.445	0.535	0.948	1.450	0.000000	0.000000
1583203877359	1583203877338	-12.031	-0.960	1.634	0.036	0.375	0.773	0.000000	0.000000
1583203877379	1583203877357	-10.977	-1.396	2.089	-0.341	-0.085	0.110	0.000000	0.000000
1583203877397	1583203877376	-10.098	-1.504	2.626	-0.456	-0.300	-0.333	0.000000	0.000000
1583203877417	1583203877397	-9.214	-1.420	2.655	-0.406	-0.409	-0.646	0.000000	0.000000
1583203877439	1583203877417	-8.359	-1.339	2.408	-0.375	-0.486	-0.878	0.000000	0.000000
1583203877458	1583203877437	-7.738	-1.284	2.188	-0.393	-0.413	-0.959	0.000000	0.000000
1583203877477	1583203877456	-7.389	-1.159	1.989	-0.389	-0.251	-0.910	0.000000	0.000000
1583203877498	1583203877476	-7.384	-0.929	1.864	-0.307	-0.142	-0.801	0.000000	0.000000
1583203877522	1583203877497	-7.549	-0.694	1.696	-0.181	-0.097	-0.684	0.000000	0.000000
1583203877541	1583203877517	-7.736	-0.524	1.622	-0.094	-0.081	-0.580	0.000000	0.000000
1583203877557	1583203877538	-7.944	-0.527	1.694	-0.078	-0.063	-0.479	0.000000	0.000000
1583203877577	1583203877557	-7.983	-0.670	1.785	-0.112	-0.028	-0.381	0.000000	0.000000
1583203877597	1583203877576	-7.951	-0.711	1.804	-0.130	0.031	-0.286	0.000000	0.000000
1583203877617	1583203877596	-8.526	-0.524	1.819	-0.094	0.113	-0.192	0.000000	0.000000
1583203877638	1583203877617	-9.791	-0.407	2.001	-0.072	0.198	-0.099	0.000000	0.000000
1583203877663	1583203877636	-10.879	-0.424	2.176	-0.137	0.250	0.004	0.000000	0.000000
1583203877678	1583203877661	-11.375	-0.488	1.993	-0.311	0.252	0.107	0.000000	0.000000
1583203877698	1583203877675	-11.756	-0.780	1.593	-0.587	0.207	0.171	0.000000	0.000000
1583203877718	1583203877695	-11.473	-1.451	1.938	-0.900	0.158	0.203	0.000000	0.000000
1583203877742	1583203877715	-11.212	-1.892	2.657	-1.004	0.176	0.262	0.000000	0.000000
1583203877759	1583203877740	-11.619	-2.215	3.057	-0.832	0.233	0.329	0.000000	0.000000
1583203877776	1583203877754	-11.741	-1.890	2.228	-0.435	0.238	0.440	0.000000	0.000000
1583203877796	1583203877774	-12.632	-1.401	0.721	-0.008	0.067	0.571	0.000000	0.000000
1583203877817	1583203877796	-14.472	-1.547	-0.222	0.160	-0.197	0.698	0.000000	0.000000
1583203877838	1583203877814	-15.569	-2.376	-0.565	0.153	-0.421	0.888	0.000000	0.000000
1583203877857	1583203877837	-15.001	-2.991	-0.134	0.260	-0.644	1.114	0.000000	0.000000
1583203877875	1583203877855	-13.150	-3.360	0.851	0.543	-0.687	1.216	0.000000	0.000000
1583203877895	1583203877874	-11.013	-3.610	1.819	0.720	-0.313	1.185	0.000000	0.000000
1583203877918	1583203877894	-8.735	-3.116	2.650	0.875	0.200	1.012	0.000000	0.000000
1583203877939	1583203877917	-7.781	-2.326	2.808	1.127	0.460	0.562	0.000000	0.000000
1583203877958	1583203877939	-7.216	-1.842	2.425	1.231	0.348	0.096	0.000000	0.000000
1583203877975	1583203877954	-6.835	-1.480	1.756	1.172	0.078	-0.337	0.000000	0.000000
1583203877995	1583203877974	-7.044	-1.207	1.299	0.990	-0.257	-0.698	0.000000	0.000000
1583203878014	1583203877994	-7.472	-0.939	0.839	0.769	-0.631	-0.942	0.000000	0.000000
1583203878038	1583203878014	-8.062	-0.929	0.230	0.531	-1.014	-1.036	0.000000	0.000000
1583203878061	1583203878038	-8.859	-1.192	-0.227	0.274	-1.316	-0.989	0.000000	0.000000
1583203878075	1583203878061	-9.638	-1.585	-0.464	-0.001	-1.456	-0.943	0.000000	0.000000
1583203878096	1583203878075	-10.131	-1.890	-0.390	-0.223	-1.437	-0.927	0.000000	0.000000
1583203878115	1583203878093	-9.942	-1.772	-0.210	-0.287	-1.256	-0.882	0.000000	0.000000
1583203878140	1583203878113	-9.825	-1.475	-0.407	-0.245	-0.929	-0.881	0.000000	0.000000
1583203878157	1583203878137	-10.275	-1.140	-0.733	-0.224	-0.593	-0.979	0.000000	0.000000
1583203878175	1583203878154	-11.063	-0.536	-0.725	-0.246	-0.347	-1.156	0.000000	0.000000
1583203878194	1583203878173	-11.549	-0.067	-0.347	-0.353	-0.187	-1.364	0.000000	0.000000
1583203878214	1583203878193	-11.317	0.206	-0.031	-0.537	-0.081	-1.490	0.000000	0.000000
1583203878238	1583203878213	-10.620	0.487	0.405	-0.672	-0.003	-1.422	0.000000	0.000000
1583203878255	1583203878238	-10.280	0.621	0.695	-0.722	0.088	-1.158	0.000000	0.000000
1583203878275	1583203878255	-11.415	0.729	0.415	-0.781	0.209	-0.724	0.000000	0.000000
1583203878294	1583203878275	-11.973	0.058	0.997	-0.910	0.342	-0.174	0.000000	0.000000
1583203878313	1583203878293	-10.294	-1.236	2.456	-1.169	0.499	0.409	0.000000	0.000000
1583203878338	1583203878313	-8.773	-1.945	3.265	-1.326	0.726	0.826	0.000000	0.000000
1583203878356	1583203878337	-8.656	-1.578	3.361	-1.053	1.051	1.028	0.000000	0.000000
1583203878374	1583203878353	-9.398	-0.668	2.765	-0.556	1.163	1.076	0.000000	0.000000
1583203878394	1583203878372	-10.131	0.264	1.919	-0.233	0.974	0.960	0.000000	0.000000
1583203878414	1583203878392	-10.359	0.391	1.189	-0.288	0.633	0.718	0.000000	0.000000
1583203878434	1583203878412	-10.443	-0.220	0.973	-0.721	0.233	0.531	0.000000	0.000000
1583203878453	1583203878434	-10.311	-0.948	1.007	-1.173	-0.140	0.549	0.000000	0.000000
1583203878476	1583203878453	-9.873	-1.516	1.064	-1.415	-0.412	0.702	0.000000	0.000000
1583203878492	1583203878474	-9.398	-1.899	1.193	-1.484	-0.580	0.889	0.000000	0.000000
1583203878513	1583203878492	-9.075	-2.096	1.210	-1.490	-0.617	1.086	0.000000	0.000000
1583203878534	1583203878511	-9.053	-2.052	1.074	-1.463	-0.464	1.262	0.000000	0.000000
1583203878562	1583203878531	-8.998	-2.081	0.935	-1.371	-0.240	1.376	0.000000	0.000000
1583203878575	1583203878561	-8.977	-2.328	0.810	-1.256	-0.073	1.421	0.000000	0.000000
1583203878592	1583203878576	-9.051	-2.517	0.827	-1.147	0.055	1.406	0.000000	0.000000
1583203878612	1583203878592	-9.173	-2.553	0.911	-1.022	0.145	1.341	0.000000	0.000000
1583203878632	1583203878611	-9.276	-2.453	0.980	-0.902	0.172	1.240	0.000000	0.000000
1583203878656	1583203878631	-9.010	-2.402	1.193	-0.834	0.153	1.111	0.000000	0.000000
1583203878675	1583203878656	-8.661	-2.445	1.404	-0.853	0.148	0.950	0.000000	0.000000
1583203878692	1583203878675	-8.852	-2.520	1.344	-0.931	0.153	0.781	0.000000	0.000000
1583203878712	1583203878691	-9.650	-2.632	1.201	-1.011	0.111	0.620	0.000000	0.000000
1583203878733	1583203878711	-10.630	-2.912	1.277	-1.034	0.058	0.496	0.000000	0.000000
1583203878752	1583203878733	-11.399	-3.238	1.459	-0.962	0.058	0.446	0.000000	0.000000
1583203878773	1583203878751	-11.705	-3.186	1.474	-0.779	0.106	0.440	0.000000	0.000000
1583203878793	1583203878771	-11.528	-3.346	1.531	-0.619	0.193	0.391	0.000000	0.000000
1583203878813	1583203878790	-11.025	-3.564	1.756	-0.601	0.323	0.287	0.000000	0.000000
1583203878830	1583203878810	-11.641	-3.799	1.677	-0.545	0.449	0.135	0.000000	0.000000
1583203878853	1583203878830	-12.271	-3.962	1.847	-0.311	0.411	-0.015	0.000000	0.000000
1583203878877	1583203878850	-12.479	-3.725	1.929	0.224	0.308	-0.063	0.000000	0.000000
1583203878891	1583203878871	-13.140	-3.293	1.337	0.771	0.178	-0.081	0.000000	0.000000
1583203878912	1583203878891	-13.684	-3.023	1.155	1.059	-0.027	-0.161	0.000000	0.000000
1583203878930	1583203878910	-13.360	-2.778	1.239	1.202	-0.175	-0.299	0.000000	0.000000
1583203878952	1583203878930	-12.601	-2.670	1.471	1.322	-0.285	-0.501	0.000000	0.000000
1583203878971	1583203878951	-11.231	-2.635	1.541	1.397	-0.353	-0.761	0.000000	0.000000
1583203878993	1583203878970	-10.119	-2.390	1.248	1.487	-0.392	-1.040	0.000000	0.000000
1583203879011	1583203878993	-9.561	-1.952	0.824	1.632	-0.444	-1.310	0.000000	0.000000
1583203879030	1583203879010	-9.367	-1.415	0.427	1.777	-0.532	-1.557	0.000000	0.000000
1583203879050	1583203879029	-9.269	-0.903	0.008	1.839	-0.657	-1.777	0.000000	0.000000
1583203879077	1583203879049	-9.303	-0.517	-0.093	1.726	-0.783	-1.965	0.000000	0.000000
1583203879092	1583203879070	-9.238	-0.292	-0.064	1.498	-0.875	-2.105	0.000000	0.000000
1583203879110	1583203879092	-8.929	-0.289	-0.208	1.242	-0.910	-2.160	0.000000	0.000000
1583203879129	1583203879110	-8.716	-0.287	-0.376	0.949	-0.892	-2.128	0.000000	0.000000
1583203879151	1583203879129	-8.514	-0.273	-0.273	0.659	-0.830	-2.023	0.000000	0.000000
1583203879174	1583203879149	-8.347	-0.342	0.008	0.430	-0.713	-1.850	0.000000	0.000000
1583203879194	1583203879174	-8.299	-0.309	0.060	0.275	-0.549	-1.626	0.000000	0.000000
1583203879212	1583203879193	-8.522	0.008	-0.002	0.194	-0.388	-1.398	0.000000	0.000000
1583203879230	1583203879211	-9.425	0.312	0.135	0.150	-0.262	-1.199	0.000000	0.000000
1583203879250	1583203879228	-10.457	0.705	0.281	0.096	-0.166	-1.010	0.000000	0.000000
1583203879275	1583203879248	-11.025	1.191	0.331	-0.006	-0.085	-0.793	0.000000	0.000000
1583203879290	1583203879272	-11.351	1.203	0.396	-0.268	-0.005	-0.533	0.000000	0.000000
1583203879310	1583203879290	-11.056	0.659	0.741	-0.666	0.103	-0.215	0.000000	0.000000
1583203879330	1583203879308	-10.948	0.113	1.289	-0.933	0.257	0.184	0.000000	0.000000
1583203879348	1583203879328	-11.916	-0.014	1.649	-0.970	0.454	0.641	0.000000	0.000000
1583203879368	1583203879347	-12.563	-0.610	2.106	-0.870	0.637	1.103	0.000000	0.000000
1583203879392	1583203879367	-12.024	-1.391	2.607	-0.786	0.801	1.489	0.000000	0.000000
1583203879415	1583203879389	-11.497	-1.363	2.547	-0.672	0.925	1.713	0.000000	0.000000
1583203879428	1583203879408	-11.272	-0.812	2.197	-0.473	0.954	1.788	0.000000	0.000000
1583203879449	1583203879428	-10.915	-0.428	1.735	-0.371	0.824	1.756	0.000000	0.000000
1583203879469	1583203879447	-10.474	-0.421	1.268	-0.511	0.554	1.613	0.000000	0.000000
1583203879493	1583203879469	-10.198	-0.814	1.038	-0.852	0.193	1.431	0.000000	0.000000
1583203879508	1583203879492	-10.119	-1.367	1.090	-1.267	-0.134	1.340	0.000000	0.000000
1583203879528	1583203879507	-9.746	-1.700	1.011	-1.554	-0.335	1.368	0.000000	0.000000
1583203879549	1583203879528	-9.214	-1.952	0.793	-1.694	-0.467	1.444	0.000000	0.000000
1583203879572	1583203879547	-8.958	-2.347	0.714	-1.779	-0.529	1.540	0.000000	0.000000
1583203879588	1583203879567	-8.749	-2.783	0.810	-1.799	-0.481	1.661	0.000000	0.000000
1583203879610	1583203879588	-8.756	-3.130	0.949	-1.659	-0.377	1.792	0.000000	0.000000
1583203879628	1583203879609	-9.015	-3.368	0.925	-1.370	-0.260	1.900	0.000000	0.000000
1583203879649	1583203879627	-9.104	-3.430	0.949	-1.033	-0.110	1.927	0.000000	0.000000
1583203879668	1583203879646	-9.166	-3.466	0.997	-0.787	0.042	1.830	0.000000	0.000000
1583203879692	1583203879666	-8.993	-3.449	1.196	-0.675	0.133	1.647	0.000000	0.000000
1583203879708	1583203879692	-8.706	-3.480	1.227	-0.631	0.173	1.422	0.000000	0.000000
1583203879727	1583203879707	-8.407	-3.612	1.253	-0.685	0.135	1.124	0.000000	0.000000
1583203879747	1583203879727	-8.958	-3.880	1.313	-0.725	0.102	0.820	0.000000	0.000000
1583203879769	1583203879747	-10.213	-4.129	1.419	-0.658	0.070	0.574	0.000000	0.000000
1583203879788	1583203879766	-11.430	-4.225	1.622	-0.456	0.042	0.413	0.000000	0.000000
1583203879812	1583203879787	-12.148	-4.242	1.610	-0.165	0.057	0.318	0.000000	0.000000
1583203879831	1583203879806	-12.668	-4.220	1.478	0.128	0.093	0.255	0.000000	0.000000
1583203879847	1583203879828	-12.867	-4.220	1.625	0.318	0.145	0.160	0.000000	0.000000
1583203879867	1583203879845	-12.754	-4.007	1.869	0.450	0.217	-0.035	0.000000	0.000000
1583203879887	1583203879866	-13.142	-3.794	1.898	0.625	0.244	-0.354	0.000000	0.000000
1583203879908	1583203879886	-13.356	-3.691	1.871	0.898	0.135	-0.674	0.000000	0.000000
1583203879930	1583203879906	-13.293	-3.329	1.622	1.292	-0.041	-0.913	0.000000	0.000000
1583203879946	1583203879929	-13.648	-2.632	0.561	1.772	-0.269	-1.097	0.000000	0.000000
1583203879968	1583203879945	-14.237	-2.167	-0.088	2.164	-0.639	-1.274	0.000000	0.000000
1583203879988	1583203879965	-14.110	-1.925	-0.182	2.461	-0.923	-1.358	0.000000	0.000000
1583203880010	1583203879987	-13.305	-1.664	-0.040	2.712	-1.094	-1.391	0.000000	0.000000
1583203880030	1583203880005	-11.993	-1.439	0.175	2.880	-1.151	-1.464	0.000000	0.000000
1583203880047	1583203880025	-10.838	-1.324	0.204	2.898	-1.069	-1.577	0.000000	0.000000
1583203880067	1583203880045	-9.966	-1.008	-0.107	2.740	-0.914	-1.750	0.000000	0.000000
1583203880090	1583203880065	-9.374	-0.723	-0.397	2.524	-0.816	-1.982	0.000000	0.000000
1583203880115	1583203880084	-9.250	-0.574	-0.579	2.266	-0.784	-2.214	0.000000	0.000000
1583203880127	1583203880115	-9.288	-0.323	-0.601	2.046	-0.810	-2.384	0.000000	0.000000
1583203880150	1583203880124	-9.336	0.008	-0.699	1.935	-0.881	-2.454	0.000000	0.000000
1583203880167	1583203880144	-9.384	0.147	-0.778	1.803	-0.946	-2.430	0.000000	0.000000
1583203880185	1583203880164	-9.255	0.123	-0.733	1.578	-0.967	-2.333	0.000000	0.000000
1583203880215	1583203880184	-8.728	0.010	-0.639	1.308	-0.904	-2.162	0.000000	0.000000
1583203880228	1583203880215	-8.227	0.024	-0.469	1.034	-0.765	-1.950	0.000000	0.000000
1583203880245	1583203880227	-7.803	0.024	-0.206	0.788	-0.564	-1.742	0.000000	0.000000
1583203880267	1583203880244	-7.585	0.115	-0.016	0.595	-0.352	-1.562	0.000000	0.000000
1583203880285	1583203880264	-7.937	0.408	0.077	0.488	-0.190	-1.431	0.000000	0.000000
1583203880309	1583203880284	-8.833	0.808	0.084	0.409	-0.108	-1.316	0.000000	0.000000
1583203880326	1583203880309	-9.597	1.354	0.082	0.289	-0.090	-1.169	0.000000	0.000000
1583203880346	1583203880326	-9.837	1.641	0.099	0.013	-0.063	-0.973	0.000000	0.000000
1583203880365	1583203880344	-10.191	1.366	0.159	-0.519	-0.009	-0.758	0.000000	0.000000
1583203880384	1583203880364	-9.688	0.738	0.561	-1.145	0.069	-0.496	0.000000	0.000000
1583203880406	1583203880383	-9.566	0.326	0.635	-1.576	0.200	-0.138	0.000000	0.000000
1583203880427	1583203880403	-10.404	0.192	0.381	-1.787	0.346	0.275	0.000000	0.000000
1583203880449	1583203880426	-11.104	-0.426	0.690	-1.888	0.488	0.710	0.000000	0.000000
1583203880465	1583203880443	-11.425	-1.569	1.617	-1.923	0.699	1.182	0.000000	0.000000
1583203880484	1583203880463	-11.906	-1.925	2.564	-1.684	0.957	1.630	0.000000	0.000000
1583203880504	1583203880483	-12.196	-1.801	3.337	-1.052	1.197	2.010	0.000000	0.000000
1583203880524	1583203880504	-12.254	-1.478	3.493	-0.458	1.464	2.312	0.000000	0.000000
1583203880548	1583203880525	-12.062	-0.857	2.925	-0.230	1.630	2.461	0.000000	0.000000
1583203880565	1583203880548	-11.700	-0.529	2.288	-0.421	1.500	2.378	0.000000	0.000000
1583203880583	1583203880562	-11.066	-0.895	1.756	-0.946	1.153	2.175	0.000000	0.000000
1583203880607	1583203880582	-10.282	-1.638	1.431	-1.524	0.695	1.950	0.000000	0.000000
1583203880635	1583203880603	-9.712	-2.294	1.090	-1.988	0.192	1.705	0.000000	0.000000
1583203880650	1583203880635	-9.211	-2.771	0.963	-2.288	-0.178	1.458	0.000000	0.000000
1583203880665	1583203880645	-9.099	-2.991	0.860	-2.404	-0.356	1.251	0.000000	0.000000
1583203880683	1583203880662	-9.168	-3.032	0.599	-2.377	-0.431	1.127	0.000000	0.000000
1583203880703	1583203880682	-9.286	-3.265	0.367	-2.232	-0.420	1.096	0.000000	0.000000
1583203880723	1583203880702	-9.168	-3.686	0.331	-2.065	-0.289	1.143	0.000000	0.000000
1583203880743	1583203880722	-9.087	-4.029	0.456	-1.847	-0.075	1.245	0.000000	0.000000
1583203880765	1583203880743	-9.123	-4.407	0.853	-1.548	0.198	1.374	0.000000	0.000000
1583203880783	1583203880762	-9.089	-4.836	1.332	-1.149	0.483	1.513	0.000000	0.000000
1583203880804	1583203880782	-9.164	-4.963	1.742	-0.718	0.681	1.556	0.000000	0.000000
1583203880828	1583203880801	-9.937	-4.946	2.053	-0.283	0.844	1.469	0.000000	0.000000
1583203880842	1583203880826	-11.492	-4.831	2.202	0.164	0.898	1.400	0.000000	0.000000
1583203880864	1583203880841	-12.661	-4.582	2.336	0.521	0.854	1.250	0.000000	0.000000
1583203880882	1583203880861	-12.999	-4.156	2.123	0.718	0.754	0.939	0.000000	0.000000
1583203880902	1583203880881	-13.090	-3.820	1.584	0.657	0.562	0.497	0.000000	0.000000
1583203880925	1583203880901	-12.671	-3.717	1.397	0.365	0.289	-0.043	0.000000	0.000000
1583203880947	1583203880925	-12.893	-3.801	1.229	0.087	0.027	-0.629	0.000000	0.000000
1583203880964	1583203880944	-14.453	-3.720	0.920	0.097	-0.195	-1.086	0.000000	0.000000
1583203880981	1583203880962	-14.920	-3.348	0.812	0.456	-0.491	-1.356	0.000000	0.000000
1583203881002	1583203880981	-13.370	-2.726	0.793	1.021	-0.719	-1.513	0.000000	0.000000
1583203881021	1583203881000	-12.716	-1.957	0.115	1.486	-0.809	-1.678	0.000000	0.000000
1583203881056	1583203881021	-12.963	-1.547	-0.426	1.657	-0.929	-1.834	0.000000	0.000000
1583203881063	1583203881055	-13.305	-1.367	-0.618	1.725	-1.060	-1.908	0.000000	0.000000
1583203881083	1583203881061	-13.665	-1.315	-0.591	1.814	-1.180	-1.929	0.000000	0.000000
1583203881102	1583203881084	-13.150	-1.300	-0.536	1.890	-1.252	-1.895	0.000000	0.000000
1583203881124	1583203881101	-12.014	-1.264	-0.548	1.885	-1.267	-1.843	0.000000	0.000000
1583203881148	1583203881124	-10.994	-1.161	-0.620	1.767	-1.194	-1.812	0.000000	0.000000
1583203881162	1583203881141	-10.349	-0.819	-0.725	1.588	-1.090	-1.875	0.000000	0.000000
1583203881181	1583203881162	-9.949	-0.498	-0.795	1.401	-1.021	-2.040	0.000000	0.000000
1583203881201	1583203881179	-9.822	-0.332	-0.879	1.187	-0.979	-2.255	0.000000	0.000000
1583203881220	1583203881199	-9.693	0.000	-0.903	0.951	-0.948	-2.452	0.000000	0.000000
1583203881248	1583203881219	-9.453	0.307	-0.838	0.738	-0.932	-2.591	0.000000	0.000000
1583203881262	1583203881248	-8.740	0.453	-0.486	0.524	-0.907	-2.618	0.000000	0.000000
1583203881283	1583203881262	-8.179	0.547	-0.043	0.341	-0.827	-2.506	0.000000	0.000000
1583203881301	1583203881279	-7.662	0.635	0.250	0.182	-0.695	-2.303	0.000000	0.000000
1583203881320	1583203881299	-7.123	0.750	0.317	0.051	-0.544	-2.009	0.000000	0.000000
1583203881343	1583203881319	-6.768	1.031	0.331	-0.086	-0.408	-1.648	0.000000	0.000000
1583203881364	1583203881343	-7.077	1.352	0.554	-0.281	-0.299	-1.245	0.000000	0.000000
1583203881381	1583203881360	-7.834	1.433	1.016	-0.507	-0.208	-0.800	0.000000	0.000000
1583203881401	1583203881379	-8.308	1.119	1.543	-0.754	-0.093	-0.289	0.000000	0.000000
1583203881421	1583203881399	-8.495	0.781	1.816	-1.040	0.038	0.232	0.000000	0.000000
1583203881442	1583203881419	-9.073	0.631	1.747	-1.356	0.140	0.719	0.000000	0.000000
1583203881461	1583203881442	-9.592	0.362	1.809	-1.615	0.162	1.190	0.000000	0.000000
1583203881483	1583203881459	-10.153	0.113	1.483	-1.822	0.166	1.689	0.000000	0.000000
1583203881499	1583203881482	-11.516	-0.050	0.762	-2.024	0.098	2.154	0.000000	0.000000
1583203881520	1583203881498	-12.759	-0.577	0.690	-2.173	-0.026	2.623	0.000000	0.000000
1583203881540	1583203881519	-13.006	-1.336	1.042	-2.284	-0.089	3.118	0.000000	0.000000
1583203881566	1583203881540	-13.715	-2.062	0.870	-2.352	-0.053	3.551	0.000000	0.000000
1583203881582	1583203881561	-15.011	-2.424	0.736	-2.266	0.036	3.904	0.000000	0.000000
1583203881598	1583203881578	-16.226	-3.384	1.042	-1.963	0.124	4.208	0.000000	0.000000
1583203881620	1583203881596	-16.022	-4.002	1.208	-1.606	0.250	4.413	0.000000	0.000000
1583203881642	1583203881617	-14.601	-3.439	0.652	-1.208	0.467	4.378	0.000000	0.000000
1583203881659	1583203881640	-13.068	-3.054	-0.119	-1.133	0.670	3.962	0.000000	0.000000
1583203881679	1583203881659	-11.777	-3.109	-0.268	-1.394	0.598	3.410	0.000000	0.000000
1583203881698	1583203881679	-11.406	-3.691	-0.141	-1.712	0.364	2.758	0.000000	0.000000
1583203881718	1583203881696	-10.603	-4.340	-0.004	-1.888	0.090	2.135	0.000000	0.000000
1583203881738	1583203881716	-9.894	-4.973	-0.031	-1.958	-0.012	1.605	0.000000	0.000000
1583203881761	1583203881738	-9.595	-5.363	0.077	-1.868	-0.048	1.234	0.000000	0.000000
1583203881779	1583203881761	-9.288	-5.531	0.355	-1.551	-0.039	1.055	0.000000	0.000000
1583203881798	1583203881779	-9.111	-5.866	0.822	-1.066	0.047	1.041	0.000000	0.000000
1583203881818	1583203881798	-8.821	-5.993	1.330	-0.555	0.203	1.105	0.000000	0.000000
1583203881839	1583203881817	-8.823	-6.213	1.895	-0.063	0.341	1.163	0.000000	0.000000
1583203881859	1583203881837	-8.876	-6.249	2.461	0.331	0.469	1.141	0.000000	0.000000
1583203881879	1583203881860	-8.567	-5.799	2.954	0.703	0.528	0.975	0.000000	0.000000
1583203881904	1583203881879	-8.656	-4.989	2.748	1.019	0.487	0.668	0.000000	0.000000
1583203881917	1583203881898	-9.748	-4.331	2.065	1.118	0.269	0.232	0.000000	0.000000
1583203881938	1583203881917	-11.011	-3.811	1.486	1.063	-0.088	-0.281	0.000000	0.000000
1583203881960	1583203881937	-12.309	-3.356	0.899	1.073	-0.454	-0.783	0.000000	0.000000
1583203881980	1583203881960	-13.382	-2.642	-0.074	1.101	-0.852	-1.253	0.000000	0.000000
1583203881998	1583203881979	-14.395	-2.112	-0.821	1.051	-1.303	-1.724	0.000000	0.000000
1583203882018	1583203881997	-15.303	-1.748	-1.233	0.858	-1.501	-2.199	0.000000	0.000000
1583203882038	1583203882016	-16.283	-1.573	-1.389	0.640	-1.563	-2.708	0.000000	0.000000
1583203882057	1583203882036	-16.841	-1.672	-1.015	0.538	-1.449	-3.092	0.000000	0.000000
1583203882078	1583203882057	-15.318	-2.474	0.032	0.597	-1.159	-3.302	0.000000	0.000000
1583203882099	1583203882077	-12.206	-2.980	0.611	0.980	-0.680	-3.227	0.000000	0.000000
1583203882117	1583203882098	-10.263	-2.328	-0.155	1.678	-0.114	-2.911	0.000000	0.000000
1583203882138	1583203882116	-10.380	-1.444	-0.987	2.306	0.186	-2.666	0.000000	0.000000
1583203882157	1583203882136	-11.667	-0.919	-0.958	2.714	0.227	-2.532	0.000000	0.000000
1583203882183	1583203882157	-12.728	-0.560	-0.539	3.059	0.188	-2.341	0.000000	0.000000
1583203882197	1583203882183	-12.896	-0.124	-0.107	3.402	0.057	-2.109	0.000000	0.000000
1583203882218	1583203882196	-12.194	-0.136	0.106	3.626	-0.086	-1.817	0.000000	0.000000
1583203882237	1583203882215	-10.879	-0.447	0.185	3.506	-0.130	-1.489	0.000000	0.000000
1583203882259	1583203882235	-9.679	-0.354	0.269	3.088	-0.117	-1.249	0.000000	0.000000
1583203882278	1583203882255	-9.120	-0.241	0.331	2.656	-0.074	-1.174	0.000000	0.000000
1583203882298	1583203882277	-8.689	-0.122	0.333	2.283	-0.028	-1.192	0.000000	0.000000
1583203882316	1583203882296	-8.522	-0.071	0.353	2.023	-0.067	-1.281	0.000000	0.000000
1583203882337	1583203882315	-8.299	0.029	0.329	1.813	-0.164	-1.360	0.000000	0.000000
1583203882357	1583203882335	-8.191	0.223	0.305	1.579	-0.256	-1.404	0.000000	0.000000
1583203882383	1583203882354	-8.215	0.386	0.204	1.312	-0.327	-1.396	0.000000	0.000000
1583203882396	1583203882383	-8.093	0.444	0.149	0.998	-0.373	-1.331	0.000000	0.000000
1583203882417	1583203882395	-8.038	0.420	0.245	0.688	-0.368	-1.228	0.000000	0.000000
1583203882435	1583203882414	-7.975	0.468	0.329	0.412	-0.322	-1.103	0.000000	0.000000
1583203882456	1583203882434	-8.057	0.659	0.367	0.192	-0.257	-0.961	0.000000	0.000000
1583203882476	1583203882454	-8.478	1.090	0.420	0.031	-0.189	-0.781	0.000000	0.000000
1583203882495	1583203882475	-9.106	1.373	0.709	-0.152	-0.113	-0.551	0.000000	0.000000
1583203882519	1583203882495	-9.671	1.282	1.028	-0.435	0.004	-0.278	0.000000	0.000000
1583203882536	1583203882515	-10.313	1.316	1.086	-0.779	0.138	0.039	0.000000	0.000000
1583203882556	1583203882534	-11.008	1.198	1.047	-1.140	0.255	0.389	0.000000	0.000000
1583203882574	1583203882554	-11.851	0.882	0.887	-1.551	0.382	0.789	0.000000	0.000000
1583203882596	1583203882574	-12.910	0.326	0.956	-1.950	0.482	1.242	0.000000	0.000000
1583203882615	1583203882594	-13.107	-0.697	1.787	-2.213	0.582	1.744	0.000000	0.000000
1583203882634	1583203882614	-12.220	-1.971	3.285	-2.242	0.766	2.268	0.000000	0.000000
1583203882654	1583203882634	-11.018	-2.496	4.348	-1.898	1.058	2.729	0.000000	0.000000
1583203882676	1583203882653	-10.548	-1.973	4.116	-1.206	1.372	3.077	0.000000	0.000000
1583203882700	1583203882673	-11.202	-0.867	2.662	-0.643	1.434	3.204	0.000000	0.000000
1583203882719	1583203882700	-12.175	-0.213	1.124	-0.601	1.137	3.105	0.000000	0.000000
1583203882735	1583203882715	-12.656	-0.548	0.242	-1.063	0.701	2.849	0.000000	0.000000
1583203882755	1583203882733	-12.695	-1.684	-0.194	-1.694	0.193	2.496	0.000000	0.000000
1583203882776	1583203882753	-11.933	-2.951	-0.345	-2.227	-0.240	2.179	0.000000	0.000000
1583203882798	1583203882773	-10.627	-3.748	0.070	-2.552	-0.457	1.896	0.000000	0.000000
1583203882816	1583203882798	-9.506	-4.072	0.391	-2.573	-0.485	1.611	0.000000	0.000000
1583203882838	1583203882813	-8.819	-3.808	0.472	-2.298	-0.376	1.419	0.000000	0.000000
1583203882855	1583203882838	-8.344	-3.547	0.537	-1.797	-0.121	1.278	0.000000	0.000000
1583203882874	1583203882852	-8.189	-3.643	0.724	-1.317	0.218	1.161	0.000000	0.000000
1583203882898	1583203882872	-8.208	-3.789	1.021	-0.964	0.537	1.073	0.000000	0.000000
1583203882917	1583203882897	-8.347	-3.770	1.431	-0.721	0.743	0.952	0.000000	0.000000
1583203882933	1583203882913	-8.519	-3.487	1.843	-0.554	0.821	0.782	0.000000	0.000000
1583203882956	1583203882932	-8.596	-3.150	2.082	-0.411	0.812	0.593	0.000000	0.000000
1583203882973	1583203882952	-8.608	-2.977	2.319	-0.303	0.699	0.411	0.000000	0.000000
1583203882996	1583203882972	-8.701	-3.006	2.523	-0.292	0.565	0.198	0.000000	0.000000
1583203883017	1583203882996	-9.398	-2.989	2.609	-0.312	0.445	-0.016	0.000000	0.000000
1583203883034	1583203883017	-10.608	-2.877	2.791	-0.273	0.324	-0.197	0.000000	0.000000
1583203883053	1583203883032	-11.312	-2.694	2.770	-0.154	0.241	-0.341	0.000000	0.000000
1583203883073	1583203883052	-11.873	-2.359	2.405	-0.026	0.169	-0.479	0.000000	0.000000
1583203883094	1583203883071	-13.087	-2.014	1.759	0.025	0.096	-0.650	0.000000	0.000000
1583203883116	1583203883093	-15.085	-2.141	1.330	0.008	-0.024	-0.826	0.000000	0.000000
1583203883134	1583203883115	-16.788	-2.318	1.471	0.067	-0.114	-0.901	0.000000	0.000000
1583203883154	1583203883132	-16.839	-2.333	1.948	0.334	-0.092	-0.932	0.000000	0.000000
1583203883172	1583203883151	-14.280	-2.383	2.676	0.721	-0.049	-0.967	0.000000	0.000000
1583203883192	1583203883171	-10.831	-2.055	2.782	1.082	-0.019	-1.036	0.000000	0.000000
1583203883214	1583203883192	-9.456	-1.398	1.546	1.352	-0.048	-1.187	0.000000	0.000000
1583203883232	1583203883214	-10.455	-0.850	0.532	1.474	-0.246	-1.431	0.000000	0.000000
1583203883253	1583203883232	-11.672	-0.795	0.269	1.479	-0.533	-1.653	0.000000	0.000000
1583203883272	1583203883250	-11.902	-0.522	0.190	1.509	-0.808	-1.731	0.000000	0.000000
1583203883291	1583203883270	-11.164	-0.361	0.355	1.604	-1.053	-1.707	0.000000	0.000000
1583203883315	1583203883291	-9.724	-0.804	0.635	1.568	-1.140	-1.601	0.000000	0.000000
1583203883332	1583203883315	-8.689	-1.137	0.547	1.441	-1.021	-1.448	0.000000	0.000000
1583203883353	1583203883330	-8.208	-0.905	0.087	1.312	-0.773	-1.286	0.000000	0.000000
1583203883372	1583203883350	-7.990	-0.493	-0.273	1.178	-0.573	-1.199	0.000000	0.000000
1583203883392	1583203883370	-8.047	-0.447	-0.352	1.054	-0.448	-1.156	0.000000	0.000000
1583203883415	1583203883390	-8.244	-0.627	-0.196	0.946	-0.356	-1.089	0.000000	0.000000
1583203883433	1583203883415	-8.284	-0.536	0.020	0.899	-0.317	-0.988	0.000000	0.000000
1583203883453	1583203883432	-8.248	-0.471	0.044	0.859	-0.301	-0.854	0.000000	0.000000
1583203883471	1583203883452	-8.095	-0.364	-0.088	0.717	-0.271	-0.704	0.000000	0.000000
1583203883491	1583203883470	-7.880	-0.347	-0.191	0.513	-0.236	-0.580	0.000000	0.000000
1583203883515	1583203883489	-7.846	-0.409	0.032	0.263	-0.182	-0.517	0.000000	0.000000
1583203883531	1583203883515	-7.698	-0.388	0.520	0.030	-0.082	-0.491	0.000000	0.000000
1583203883552	1583203883530	-7.848	-0.342	0.860	-0.163	0.049	-0.479	0.000000	0.000000
1583203883571	1583203883549	-8.828	-0.186	0.992	-0.327	0.166	-0.430	0.000000	0.000000
1583203883591	1583203883569	-9.731	-0.172	0.844	-0.443	0.250	-0.301	0.000000	0.000000
1583203883615	1583203883589	-10.313	-0.189	0.738	-0.549	0.313	-0.092	0.000000	0.000000
1583203883632	1583203883616	-10.874	-0.301	1.050	-0.717	0.389	0.142	0.000000	0.000000
1583203883653	1583203883632	-10.845	-0.610	1.814	-0.926	0.486	0.379	0.000000	0.000000
1583203883670	1583203883649	-10.795	-0.737	1.950	-1.059	0.601	0.623	0.000000	0.000000
1583203883690	1583203883669	-11.928	-0.689	1.215	-1.104	0.668	0.853	0.000000	0.000000
1583203883715	1583203883689	-12.910	-1.116	1.086	-1.178	0.645	1.090	0.000000	0.000000
1583203883730	1583203883708	-12.220	-2.060	2.049	-1.282	0.612	1.355	0.000000	0.000000
1583203883750	1583203883729	-11.415	-2.541	2.453	-1.309	0.620	1.560	0.000000	0.000000
1583203883770	1583203883750	-11.348	-2.421	2.271	-1.134	0.703	1.635	0.000000	0.000000
1583203883791	1583203883769	-11.370	-2.500	2.276	-0.864	0.742	1.630	0.000000	0.000000
1583203883813	1583203883788	-11.439	-2.349	2.176	-0.601	0.726	1.571	0.000000	0.000000
1583203883832	1583203883813	-11.130	-2.117	1.960	-0.389	0.612	1.396	0.000000	0.000000
1583203883853	1583203883829	-10.127	-1.964	1.682	-0.395	0.434	1.139	0.000000	0.000000
1583203883869	1583203883849	-9.053	-2.112	1.316	-0.621	0.230	0.859	0.000000	0.000000
1583203883889	1583203883868	-8.308	-2.383	1.038	-0.929	-0.011	0.587	0.000000	0.000000
1583203883909	1583203883888	-8.028	-2.498	0.793	-1.124	-0.216	0.368	0.000000	0.000000
1583203883929	1583203883908	-7.966	-2.508	0.618	-1.156	-0.306	0.214	0.000000	0.000000
1583203883950	1583203883929	-8.040	-2.469	0.458	-1.064	-0.326	0.141	0.000000	0.000000
1583203883972	1583203883947	-8.179	-2.417	0.336	-0.923	-0.307	0.122	0.000000	0.000000
1583203883989	1583203883972	-8.383	-2.366	0.460	-0.793	-0.226	0.155	0.000000	0.000000
1583203884008	1583203883988	-8.706	-2.364	0.832	-0.692	-0.081	0.217	0.000000	0.000000
1583203884029	1583203884007	-8.586	-2.405	1.428	-0.618	0.095	0.282	0.000000	0.000000
1583203884056	1583203884029	-8.407	-2.563	1.783	-0.552	0.248	0.316	0.000000	0.000000
1583203884073	1583203884050	-9.123	-2.615	1.912	-0.469	0.349	0.318	0.000000	0.000000
1583203884088	1583203884067	-10.462	-2.632	2.025	-0.342	0.404	0.315	0.000000	0.000000
1583203884108	1583203884087	-11.691	-2.553	2.159	-0.195	0.417	0.304	0.000000	0.000000
1583203884127	1583203884107	-12.649	-2.282	2.087	-0.037	0.379	0.278	0.000000	0.000000
1583203884148	1583203884127	-14.072	-2.328	1.644	0.056	0.292	0.237	0.000000	0.000000
