1583202187434	1583202187434	-13.576	-2.558	-0.836	0.938	-0.221	-0.381	0.000000	0.000000
1583202187452	1583202187451	-14.024	-2.182	-0.996	0.984	-0.517	-0.652	0.000000	0.000000
1583202187472	1583202187471	-13.210	-1.777	-1.027	0.892	-0.785	-0.922	0.000000	0.000000
1583202187491	1583202187491	-11.842	-1.609	-1.003	0.790	-0.914	-1.158	0.000000	0.000000
1583202187512	1583202187511	-10.769	-1.511	-1.058	0.757	-0.877	-1.347	0.000000	0.000000
1583202187531	1583202187531	-10.337	-1.272	-1.104	0.749	-0.782	-1.503	0.000000	0.000000
1583202187553	1583202187551	-10.220	-1.001	-1.147	0.729	-0.738	-1.623	0.000000	0.000000
1583202187571	1583202187570	-10.151	-0.824	-1.205	0.706	-0.760	-1.680	0.000000	0.000000
1583202187593	1583202187593	-9.966	-0.637	-1.288	0.703	-0.823	-1.676	0.000000	0.000000
1583202187611	1583202187610	-9.731	-0.416	-1.336	0.695	-0.894	-1.630	0.000000	0.000000
1583202187631	1583202187630	-9.480	-0.270	-1.322	0.659	-0.933	-1.546	0.000000	0.000000
1583202187652	1583202187650	-9.350	-0.136	-1.284	0.605	-0.919	-1.424	0.000000	0.000000
1583202187671	1583202187670	-9.197	-0.016	-1.272	0.535	-0.867	-1.270	0.000000	0.000000
1583202187691	1583202187690	-9.056	0.132	-1.346	0.457	-0.796	-1.090	0.000000	0.000000
1583202187711	1583202187710	-8.689	0.298	-1.200	0.395	-0.735	-0.889	0.000000	0.000000
1583202187731	1583202187729	-8.371	0.448	-1.178	0.256	-0.661	-0.710	0.000000	0.000000
1583202187750	1583202187750	-8.119	0.549	-1.343	0.067	-0.585	-0.553	0.000000	0.000000
1583202187770	1583202187769	-8.007	0.772	-1.504	-0.134	-0.511	-0.386	0.000000	0.000000
1583202187791	1583202187789	-8.313	0.901	-1.629	-0.356	-0.414	-0.189	0.000000	0.000000
1583202187810	1583202187809	-8.855	0.793	-1.547	-0.641	-0.257	0.044	0.000000	0.000000
1583202187830	1583202187829	-9.396	0.252	-1.288	-1.004	-0.025	0.307	0.000000	0.000000
1583202187850	1583202187849	-10.040	0.022	-1.401	-1.251	0.217	0.615	0.000000	0.000000
1583202187876	1583202187869	-10.673	-0.088	-1.571	-1.410	0.398	0.926	0.000000	0.000000
1583202187892	1583202187890	-11.058	-0.359	-1.372	-1.545	0.537	1.212	0.000000	0.000000
1583202187910	1583202187909	-11.820	-0.687	-1.250	-1.657	0.675	1.487	0.000000	0.000000
1583202187929	1583202187928	-12.999	-1.061	-1.255	-1.642	0.780	1.786	0.000000	0.000000
1583202187949	1583202187949	-13.562	-1.446	-0.812	-1.520	0.847	2.077	0.000000	0.000000
1583202187970	1583202187968	-12.972	-1.988	-0.067	-1.423	0.887	2.244	0.000000	0.000000
1583202187992	1583202187992	-11.736	-2.517	0.690	-1.304	0.875	2.227	0.000000	0.000000
1583202188009	1583202188009	-10.191	-2.596	1.260	-1.168	0.834	2.056	0.000000	0.000000
1583202188029	1583202188029	-9.161	-2.405	1.313	-1.073	0.732	1.753	0.000000	0.000000
1583202188051	1583202188048	-9.044	-2.407	1.007	-0.962	0.536	1.379	0.000000	0.000000
1583202188073	1583202188069	-9.664	-2.414	0.537	-0.856	0.235	0.966	0.000000	0.000000
1583202188091	1583202188089	-10.486	-2.424	0.017	-0.806	-0.099	0.578	0.000000	0.000000
1583202188109	1583202188108	-11.286	-2.294	-0.594	-0.828	-0.320	0.217	0.000000	0.000000
1583202188129	1583202188128	-11.710	-2.052	-1.243	-0.859	-0.471	-0.133	0.000000	0.000000
1583202188149	1583202188148	-11.832	-1.880	-1.458	-0.848	-0.562	-0.435	0.000000	0.000000
1583202188169	1583202188168	-11.425	-1.767	-1.317	-0.765	-0.561	-0.673	0.000000	0.000000
1583202188189	1583202188188	-10.711	-1.772	-0.979	-0.614	-0.402	-0.793	0.000000	0.000000
1583202188208	1583202188208	-9.928	-1.672	-0.586	-0.407	-0.154	-0.780	0.000000	0.000000
1583202188229	1583202188229	-9.211	-1.475	-0.182	-0.183	0.043	-0.692	0.000000	0.000000
1583202188249	1583202188249	-8.502	-1.204	0.192	-0.009	0.127	-0.597	0.000000	0.000000
1583202188273	1583202188271	-8.083	-0.912	0.424	0.086	0.143	-0.515	0.000000	0.000000
1583202188294	1583202188291	-7.901	-0.780	0.549	0.112	0.121	-0.431	0.000000	0.000000
1583202188309	1583202188309	-7.884	-0.766	0.676	0.115	0.094	-0.324	0.000000	0.000000
1583202188330	1583202188328	-7.990	-0.785	0.796	0.122	0.093	-0.195	0.000000	0.000000
1583202188350	1583202188348	-8.134	-0.838	0.877	0.139	0.124	-0.058	0.000000	0.000000
1583202188370	1583202188370	-8.301	-0.951	0.822	0.154	0.177	0.062	0.000000	0.000000
1583202188392	1583202188390	-8.740	-1.118	0.719	0.199	0.245	0.158	0.000000	0.000000
1583202188409	1583202188409	-9.372	-1.360	0.810	0.335	0.311	0.256	0.000000	0.000000
1583202188428	1583202188427	-9.750	-1.504	1.222	0.558	0.363	0.360	0.000000	0.000000
1583202188448	1583202188448	-9.822	-1.490	1.565	0.788	0.386	0.436	0.000000	0.000000
1583202188472	1583202188469	-9.691	-1.454	1.531	0.929	0.351	0.453	0.000000	0.000000
1583202188493	1583202188493	-9.468	-1.391	1.196	0.950	0.240	0.403	0.000000	0.000000
1583202188507	1583202188507	-9.568	-1.331	0.834	0.915	0.071	0.319	0.000000	0.000000
1583202188532	1583202188531	-9.997	-1.348	0.276	0.864	-0.114	0.214	0.000000	0.000000
1583202188548	1583202188547	-11.118	-1.379	-0.577	0.785	-0.254	0.116	0.000000	0.000000
1583202188568	1583202188567	-11.985	-1.569	-1.075	0.693	-0.366	0.048	0.000000	0.000000
1583202188589	1583202188588	-11.561	-1.815	-1.195	0.640	-0.455	0.001	0.000000	0.000000
1583202188609	1583202188609	-11.006	-1.937	-1.561	0.642	-0.467	-0.045	0.000000	0.000000
1583202188627	1583202188627	-11.082	-1.988	-2.096	0.659	-0.431	-0.111	0.000000	0.000000
1583202188648	1583202188647	-11.382	-2.098	-2.472	0.687	-0.392	-0.199	0.000000	0.000000
1583202188668	1583202188667	-11.506	-2.177	-2.630	0.765	-0.355	-0.302	0.000000	0.000000
1583202188693	1583202188693	-11.346	-2.203	-2.580	0.894	-0.285	-0.408	0.000000	0.000000
1583202188707	1583202188707	-11.269	-2.100	-2.493	1.064	-0.174	-0.507	0.000000	0.000000
1583202188733	1583202188727	-11.272	-1.942	-2.419	1.243	-0.063	-0.599	0.000000	0.000000
1583202188747	1583202188746	-11.008	-1.674	-2.168	1.381	0.022	-0.695	0.000000	0.000000
1583202188767	1583202188767	-10.208	-1.420	-1.767	1.451	0.071	-0.809	0.000000	0.000000
1583202188788	1583202188786	-9.446	-1.121	-1.434	1.449	0.083	-0.931	0.000000	0.000000
1583202188811	1583202188807	-9.063	-0.862	-1.336	1.408	0.070	-1.023	0.000000	0.000000
1583202188830	1583202188826	-8.967	-0.574	-1.423	1.356	0.043	-1.052	0.000000	0.000000
1583202188847	1583202188846	-8.955	-0.361	-1.478	1.280	0.013	-1.001	0.000000	0.000000
1583202188868	1583202188866	-8.778	-0.244	-1.542	1.183	-0.006	-0.870	0.000000	0.000000
1583202188891	1583202188890	-8.646	-0.189	-1.593	1.084	0.007	-0.668	0.000000	0.000000
1583202188907	1583202188907	-8.572	-0.179	-1.672	0.978	0.061	-0.429	0.000000	0.000000
1583202188927	1583202188927	-8.615	-0.222	-1.691	0.863	0.157	-0.172	0.000000	0.000000
1583202188947	1583202188947	-8.728	-0.280	-1.696	0.767	0.273	0.090	0.000000	0.000000
1583202188967	1583202188966	-8.974	-0.428	-1.696	0.662	0.384	0.320	0.000000	0.000000
1583202188986	1583202188986	-9.082	-0.596	-1.626	0.504	0.466	0.482	0.000000	0.000000
1583202189015	1583202189006	-9.461	-0.764	-1.573	0.362	0.521	0.614	0.000000	0.000000
1583202189030	1583202189026	-9.870	-0.984	-1.430	0.241	0.557	0.712	0.000000	0.000000
1583202189046	1583202189046	-10.349	-1.192	-1.293	0.151	0.572	0.785	0.000000	0.000000
1583202189066	1583202189066	-10.912	-1.312	-1.094	0.092	0.563	0.845	0.000000	0.000000
1583202189087	1583202189085	-11.274	-1.413	-0.884	0.026	0.532	0.873	0.000000	0.000000
1583202189115	1583202189114	-11.334	-1.506	-0.711	-0.068	0.481	0.841	0.000000	0.000000
1583202189129	1583202189125	-11.267	-1.542	-0.582	-0.176	0.419	0.747	0.000000	0.000000
1583202189146	1583202189146	-11.669	-1.506	-0.646	-0.261	0.346	0.619	0.000000	0.000000
1583202189165	1583202189165	-12.232	-1.487	-0.416	-0.339	0.265	0.482	0.000000	0.000000
1583202189185	1583202189185	-11.643	-1.530	0.017	-0.459	0.171	0.320	0.000000	0.000000
1583202189207	1583202189205	-11.413	-1.365	-0.316	-0.544	0.073	0.209	0.000000	0.000000
1583202189229	1583202189229	-12.807	-1.315	-1.020	-0.604	-0.018	0.197	0.000000	0.000000
1583202189250	1583202189244	-14.170	-1.628	-1.231	-0.648	-0.109	0.260	0.000000	0.000000
1583202189265	1583202189265	-13.241	-2.242	-0.718	-0.589	-0.157	0.349	0.000000	0.000000
1583202189286	1583202189284	-10.634	-2.647	0.154	-0.401	-0.090	0.374	0.000000	0.000000
1583202189310	1583202189304	-8.359	-2.783	0.863	-0.084	-0.011	0.292	0.000000	0.000000
1583202189324	1583202189323	-7.228	-2.405	1.272	0.361	0.001	0.158	0.000000	0.000000
1583202189343	1583202189343	-7.324	-1.844	1.201	0.730	-0.078	-0.042	0.000000	0.000000
1583202189363	1583202189362	-8.174	-1.176	0.606	0.862	-0.291	-0.263	0.000000	0.000000
1583202189383	1583202189382	-9.367	-0.555	-0.227	0.736	-0.572	-0.427	0.000000	0.000000
1583202189402	1583202189402	-10.634	-0.323	-0.912	0.467	-0.788	-0.525	0.000000	0.000000
1583202189424	1583202189424	-11.470	-0.419	-1.516	0.197	-0.957	-0.590	0.000000	0.000000
1583202189444	1583202189442	-11.559	-0.536	-1.916	0.029	-1.043	-0.634	0.000000	0.000000
1583202189462	1583202189462	-11.066	-0.680	-2.019	-0.056	-0.961	-0.688	0.000000	0.000000
1583202189483	1583202189483	-10.112	-0.534	-1.815	0.012	-0.738	-0.717	0.000000	0.000000
1583202189504	1583202189503	-9.307	-0.414	-1.370	0.202	-0.422	-0.711	0.000000	0.000000
1583202189525	1583202189525	-8.744	-0.241	-0.929	0.374	-0.142	-0.711	0.000000	0.000000
1583202189546	1583202189546	-8.239	0.058	-0.553	0.444	0.022	-0.698	0.000000	0.000000
1583202189564	1583202189565	-7.868	0.384	-0.182	0.426	0.109	-0.627	0.000000	0.000000
1583202189583	1583202189583	-7.597	0.551	0.036	0.329	0.160	-0.500	0.000000	0.000000
1583202189604	1583202189603	-7.628	0.568	0.218	0.193	0.202	-0.335	0.000000	0.000000
1583202189625	1583202189625	-7.918	0.381	0.309	0.049	0.246	-0.149	0.000000	0.000000
1583202189649	1583202189649	-8.426	-0.114	0.393	-0.063	0.307	0.019	0.000000	0.000000
1583202189664	1583202189663	-9.089	-0.512	0.420	-0.079	0.384	0.167	0.000000	0.000000
1583202189687	1583202189688	-9.767	-0.718	0.377	-0.014	0.463	0.321	0.000000	0.000000
1583202189702	1583202189703	-10.584	-0.939	0.391	0.123	0.531	0.484	0.000000	0.000000
1583202189727	1583202189727	-11.068	-1.113	0.614	0.238	0.581	0.587	0.000000	0.000000
1583202189747	1583202189744	-11.193	-1.231	0.748	0.303	0.600	0.622	0.000000	0.000000
1583202189764	1583202189764	-11.298	-1.367	0.839	0.374	0.581	0.619	0.000000	0.000000
1583202189783	1583202189782	-11.159	-1.415	1.057	0.472	0.509	0.574	0.000000	0.000000
1583202189802	1583202189802	-10.625	-1.372	1.191	0.543	0.398	0.463	0.000000	0.000000
1583202189822	1583202189822	-9.964	-1.030	1.169	0.517	0.257	0.288	0.000000	0.000000
1583202189842	1583202189842	-9.317	-0.687	0.990	0.344	0.104	0.066	0.000000	0.000000
1583202189862	1583202189863	-8.965	-0.620	0.743	0.112	0.009	-0.140	0.000000	0.000000
1583202189887	1583202189887	-8.790	-0.665	0.659	-0.087	-0.026	-0.276	0.000000	0.000000
1583202189902	1583202189902	-8.526	-0.795	0.568	-0.261	-0.018	-0.349	0.000000	0.000000
1583202189923	1583202189921	-8.220	-0.951	0.446	-0.412	0.026	-0.386	0.000000	0.000000
1583202189946	1583202189946	-7.956	-1.073	0.360	-0.511	0.095	-0.385	0.000000	0.000000
1583202189963	1583202189963	-7.681	-1.317	0.365	-0.527	0.182	-0.341	0.000000	0.000000
1583202189986	1583202189982	-7.446	-1.494	0.415	-0.419	0.275	-0.233	0.000000	0.000000
1583202190001	1583202190001	-7.472	-1.628	0.568	-0.242	0.392	-0.081	0.000000	0.000000
1583202190023	1583202190021	-7.774	-1.787	0.784	-0.046	0.520	0.092	0.000000	0.000000
1583202190051	1583202190043	-9.257	-1.660	0.111	0.163	0.631	0.281	0.000000	0.000000
1583202190063	1583202190061	-14.316	-1.461	-1.434	0.413	0.713	0.587	0.000000	0.000000
1583202190082	1583202190082	-19.584	-2.426	-1.334	0.769	0.677	1.047	0.000000	0.000000
1583202190101	1583202190101	-17.641	-3.293	0.192	1.114	0.519	1.360	0.000000	0.000000
1583202190121	1583202190121	-13.147	-3.312	0.367	1.279	0.447	1.427	0.000000	0.000000
1583202190143	1583202190143	-11.614	-3.075	0.008	1.423	0.306	1.357	0.000000	0.000000
1583202190171	1583202190161	-10.673	-2.690	0.137	1.541	-0.017	1.001	0.000000	0.000000
1583202190185	1583202190182	-9.686	-2.117	0.147	1.538	-0.387	0.452	0.000000	0.000000
1583202190201	1583202190200	-9.142	-1.779	-0.299	1.340	-0.734	-0.072	0.000000	0.000000
1583202190221	1583202190220	-9.374	-1.585	-1.010	1.056	-0.983	-0.506	0.000000	0.000000
1583202190241	1583202190240	-10.373	-1.351	-1.966	0.789	-1.185	-0.864	0.000000	0.000000
1583202190261	1583202190260	-11.159	-0.996	-2.484	0.484	-1.429	-1.159	0.000000	0.000000
1583202190282	1583202190279	-10.694	-1.161	-2.615	0.180	-1.631	-1.369	0.000000	0.000000
1583202190301	1583202190301	-9.956	-1.260	-2.630	-0.019	-1.553	-1.412	0.000000	0.000000
1583202190320	1583202190320	-9.573	-1.238	-2.829	-0.138	-1.288	-1.329	0.000000	0.000000
1583202190340	1583202190340	-9.410	-1.248	-2.994	-0.165	-0.982	-1.168	0.000000	0.000000
1583202190360	1583202190360	-9.132	-1.264	-2.982	-0.084	-0.716	-0.946	0.000000	0.000000
1583202190383	1583202190383	-8.826	-1.260	-2.896	0.050	-0.507	-0.694	0.000000	0.000000
1583202190403	1583202190400	-8.512	-1.192	-2.824	0.159	-0.381	-0.467	0.000000	0.000000
1583202190420	1583202190420	-8.354	-1.140	-2.759	0.185	-0.294	-0.302	0.000000	0.000000
1583202190438	1583202190438	-8.347	-1.077	-2.738	0.155	-0.212	-0.194	0.000000	0.000000
1583202190461	1583202190460	-8.469	-0.994	-2.738	0.078	-0.128	-0.122	0.000000	0.000000
1583202190480	1583202190478	-8.634	-0.893	-2.759	-0.056	-0.040	-0.066	0.000000	0.000000
1583202190500	1583202190500	-9.010	-0.840	-2.747	-0.236	0.053	-0.009	0.000000	0.000000
1583202190519	1583202190519	-9.408	-0.816	-2.692	-0.431	0.138	0.059	0.000000	0.000000
1583202190539	1583202190539	-9.762	-0.804	-2.788	-0.638	0.201	0.135	0.000000	0.000000
1583202190558	1583202190558	-10.115	-0.939	-2.901	-0.842	0.253	0.221	0.000000	0.000000
1583202190584	1583202190584	-10.352	-1.178	-2.953	-0.995	0.315	0.313	0.000000	0.000000
1583202190598	1583202190598	-10.467	-1.264	-2.908	-1.074	0.397	0.400	0.000000	0.000000
1583202190620	1583202190620	-10.634	-1.267	-2.742	-1.129	0.509	0.468	0.000000	0.000000
1583202190639	1583202190639	-10.802	-1.240	-2.503	-1.199	0.629	0.512	0.000000	0.000000
1583202190658	1583202190658	-10.898	-1.209	-2.129	-1.311	0.745	0.542	0.000000	0.000000
1583202190679	1583202190678	-11.042	-1.164	-1.552	-1.444	0.856	0.573	0.000000	0.000000
1583202190701	1583202190698	-11.245	-1.171	-0.850	-1.570	0.950	0.617	0.000000	0.000000
1583202190719	1583202190718	-11.528	-1.319	-0.345	-1.663	1.011	0.686	0.000000	0.000000
1583202190738	1583202190737	-11.990	-1.583	-0.455	-1.675	0.991	0.779	0.000000	0.000000
1583202190758	1583202190758	-12.453	-1.561	-0.598	-1.579	0.868	0.894	0.000000	0.000000
1583202190782	1583202190782	-12.551	-1.684	-0.321	-1.554	0.666	0.977	0.000000	0.000000
1583202190803	1583202190798	-12.560	-1.645	-0.493	-1.620	0.405	1.002	0.000000	0.000000
1583202190818	1583202190817	-13.166	-1.652	-0.730	-1.886	0.154	0.978	0.000000	0.000000
1583202190838	1583202190838	-12.901	-2.103	-0.977	-2.170	-0.070	0.931	0.000000	0.000000
1583202190858	1583202190858	-11.286	-2.795	-0.630	-2.290	-0.171	0.916	0.000000	0.000000
1583202190880	1583202190880	-8.946	-3.612	0.154	-2.186	-0.157	0.930	0.000000	0.000000
1583202190902	1583202190897	-7.250	-4.034	0.535	-1.776	-0.080	0.938	0.000000	0.000000
1583202190918	1583202190918	-7.405	-3.818	0.554	-1.219	0.021	0.889	0.000000	0.000000
1583202190937	1583202190937	-8.704	-3.624	0.333	-0.664	0.006	0.734	0.000000	0.000000
1583202190958	1583202190957	-10.050	-3.073	-0.206	-0.293	-0.140	0.472	0.000000	0.000000
1583202190977	1583202190976	-11.106	-2.476	-0.821	-0.231	-0.344	0.161	0.000000	0.000000
1583202190997	1583202190997	-11.518	-2.381	-1.205	-0.400	-0.505	-0.162	0.000000	0.000000
1583202191017	1583202191017	-11.233	-2.534	-1.511	-0.545	-0.588	-0.451	0.000000	0.000000
1583202191043	1583202191043	-10.424	-2.601	-1.581	-0.482	-0.602	-0.663	0.000000	0.000000
1583202191056	1583202191056	-9.487	-2.467	-1.375	-0.248	-0.535	-0.834	0.000000	0.000000
1583202191077	1583202191077	-8.821	-2.165	-1.121	0.018	-0.385	-0.973	0.000000	0.000000
1583202191097	1583202191096	-8.593	-1.799	-1.020	0.199	-0.222	-1.084	0.000000	0.000000
1583202191122	1583202191117	-8.452	-1.456	-0.984	0.278	-0.126	-1.153	0.000000	0.000000
1583202191139	1583202191137	-8.325	-1.319	-0.874	0.314	-0.075	-1.165	0.000000	0.000000
1583202191158	1583202191157	-8.251	-1.219	-0.737	0.375	-0.025	-1.105	0.000000	0.000000
1583202191176	1583202191176	-8.265	-0.958	-0.618	0.484	0.035	-0.982	0.000000	0.000000
1583202191197	1583202191197	-8.457	-0.558	-0.412	0.646	0.098	-0.774	0.000000	0.000000
1583202191217	1583202191217	-8.696	-0.531	-0.258	0.687	0.199	-0.566	0.000000	0.000000
1583202191237	1583202191237	-8.811	-0.517	0.036	0.701	0.302	-0.380	0.000000	0.000000
1583202191256	1583202191255	-8.941	-0.253	0.190	0.775	0.373	-0.165	0.000000	0.000000
1583202191276	1583202191275	-9.132	-0.253	0.410	0.782	0.444	-0.019	0.000000	0.000000
1583202191299	1583202191299	-9.355	-0.402	0.628	0.795	0.467	0.105	0.000000	0.000000
1583202191318	1583202191316	-9.614	-0.529	0.738	0.823	0.454	0.242	0.000000	0.000000
1583202191340	1583202191338	-9.830	-0.756	0.592	0.838	0.421	0.364	0.000000	0.000000
1583202191355	1583202191355	-10.155	-0.982	0.374	0.836	0.365	0.472	0.000000	0.000000
1583202191376	1583202191375	-10.419	-1.202	0.151	0.829	0.282	0.565	0.000000	0.000000
1583202191395	1583202191395	-10.553	-1.264	-0.162	0.821	0.196	0.625	0.000000	0.000000
1583202191426	1583202191427	-10.428	-1.331	-0.491	0.750	0.126	0.613	0.000000	0.000000
1583202191436	1583202191434	-9.925	-1.370	-0.778	0.584	0.089	0.523	0.000000	0.000000
1583202191457	1583202191456	-9.190	-1.475	-0.891	0.397	0.095	0.425	0.000000	0.000000
1583202191475	1583202191474	-8.572	-1.561	-0.884	0.262	0.153	0.359	0.000000	0.000000
1583202191494	1583202191494	-8.514	-1.746	-1.025	0.196	0.256	0.356	0.000000	0.000000
1583202191516	1583202191514	-9.501	-1.861	-1.626	0.232	0.377	0.449	0.000000	0.000000
1583202191538	1583202191538	-11.808	-1.916	-2.412	0.368	0.485	0.671	0.000000	0.000000
1583202191554	1583202191554	-15.744	-2.378	-2.956	0.643	0.544	1.050	0.000000	0.000000
1583202191577	1583202191577	-17.847	-4.034	-2.148	1.203	0.525	1.540	0.000000	0.000000
1583202191597	1583202191595	-16.039	-4.944	-0.321	2.012	0.683	1.962	0.000000	0.000000
1583202191620	1583202191620	-13.420	-5.205	0.769	2.668	0.890	2.044	0.000000	0.000000
1583202191634	1583202191634	-9.856	-4.376	0.717	3.115	0.652	1.583	0.000000	0.000000
1583202191654	1583202191652	-8.052	-2.647	0.032	3.214	0.170	0.813	0.000000	0.000000
1583202191673	1583202191672	-9.204	-1.461	-0.539	2.981	-0.400	0.035	0.000000	0.000000
1583202191694	1583202191694	-11.255	-1.439	-1.312	2.621	-0.985	-0.607	0.000000	0.000000
1583202191714	1583202191713	-14.082	-1.523	-2.194	2.429	-1.440	-1.068	0.000000	0.000000
1583202191740	1583202191740	-15.928	-1.169	-3.032	2.328	-2.110	-1.408	0.000000	0.000000
1583202191756	1583202191753	-14.122	-0.572	-3.356	2.018	-2.857	-1.691	0.000000	0.000000
1583202191776	1583202191776	-12.680	-0.998	-3.248	1.719	-2.824	-1.737	0.000000	0.000000
1583202191794	1583202191793	-11.617	-1.240	-2.936	1.519	-2.373	-1.691	0.000000	0.000000
1583202191814	1583202191813	-10.646	-1.188	-2.896	1.429	-1.857	-1.617	0.000000	0.000000
1583202191838	1583202191838	-10.213	-0.936	-3.078	1.453	-1.419	-1.530	0.000000	0.000000
1583202191854	1583202191854	-9.782	-0.859	-3.159	1.477	-1.209	-1.435	0.000000	0.000000
1583202191875	1583202191873	-9.542	-0.778	-2.970	1.529	-1.152	-1.285	0.000000	0.000000
1583202191894	1583202191892	-9.451	-0.603	-2.786	1.580	-1.162	-1.100	0.000000	0.000000
1583202191913	1583202191912	-9.291	-0.400	-2.647	1.526	-1.192	-0.916	0.000000	0.000000
1583202191938	1583202191937	-9.123	-0.268	-2.601	1.373	-1.207	-0.758	0.000000	0.000000
1583202191953	1583202191953	-8.989	-0.091	-2.611	1.138	-1.189	-0.650	0.000000	0.000000
1583202191976	1583202191976	-8.850	-0.182	-2.663	0.783	-1.141	-0.607	0.000000	0.000000
1583202191993	1583202191992	-8.776	-0.198	-2.714	0.421	-1.071	-0.619	0.000000	0.000000
1583202192013	1583202192012	-8.857	-0.064	-2.735	0.058	-0.982	-0.669	0.000000	0.000000
1583202192037	1583202192037	-8.871	-0.150	-2.812	-0.294	-0.867	-0.739	0.000000	0.000000
1583202192060	1583202192052	-8.895	-0.134	-2.872	-0.538	-0.735	-0.795	0.000000	0.000000
1583202192072	1583202192072	-9.051	-0.038	-2.795	-0.648	-0.562	-0.796	0.000000	0.000000
1583202192093	1583202192091	-9.113	0.357	-2.606	-0.693	-0.324	-0.727	0.000000	0.000000
1583202192111	1583202192112	-9.293	0.789	-2.230	-0.837	-0.012	-0.588	0.000000	0.000000
1583202192132	1583202192132	-9.755	1.050	-1.947	-1.118	0.338	-0.368	0.000000	0.000000
1583202192153	1583202192153	-10.184	1.146	-1.461	-1.468	0.692	-0.047	0.000000	0.000000
1583202192172	1583202192172	-10.328	0.997	-0.694	-1.775	1.008	0.386	0.000000	0.000000
1583202192196	1583202192196	-10.419	0.745	-0.174	-1.996	1.235	0.878	0.000000	0.000000
1583202192213	1583202192211	-10.675	0.369	0.089	-2.189	1.372	1.373	0.000000	0.000000
1583202192232	1583202192231	-10.972	-0.086	0.240	-2.373	1.395	1.835	0.000000	0.000000
1583202192251	1583202192251	-11.193	-0.745	0.494	-2.460	1.316	2.214	0.000000	0.000000
1583202192273	1583202192273	-11.269	-1.298	0.789	-2.302	1.202	2.507	0.000000	0.000000
1583202192296	1583202192291	-11.341	-1.372	0.539	-2.066	1.054	2.643	0.000000	0.000000
1583202192311	1583202192309	-11.799	-1.360	-0.014	-2.037	0.824	2.564	0.000000	0.000000
1583202192330	1583202192329	-12.673	-1.672	-0.433	-2.155	0.552	2.310	0.000000	0.000000
1583202192354	1583202192354	-12.886	-1.712	-0.452	-2.322	0.300	1.917	0.000000	0.000000
1583202192371	1583202192370	-12.599	-2.287	-0.483	-2.533	0.147	1.450	0.000000	0.000000
1583202192391	1583202192390	-11.985	-2.565	-0.706	-2.587	0.033	1.000	0.000000	0.000000
1583202192416	1583202192416	-11.379	-2.589	-0.977	-2.448	-0.045	0.648	0.000000	0.000000
1583202192430	1583202192430	-10.687	-2.476	-1.214	-2.209	-0.107	0.405	0.000000	0.000000
1583202192450	1583202192449	-9.940	-2.354	-1.286	-1.974	-0.163	0.234	0.000000	0.000000
1583202192471	1583202192471	-9.324	-2.134	-1.281	-1.772	-0.208	0.124	0.000000	0.000000
1583202192493	1583202192491	-8.804	-1.813	-1.312	-1.655	-0.233	0.046	0.000000	0.000000
1583202192513	1583202192510	-8.495	-1.590	-1.406	-1.677	-0.221	-0.013	0.000000	0.000000
1583202192530	1583202192529	-8.332	-1.540	-1.499	-1.781	-0.171	-0.017	0.000000	0.000000
1583202192549	1583202192549	-8.462	-1.578	-1.588	-1.863	-0.076	0.060	0.000000	0.000000
1583202192572	1583202192572	-8.799	-1.763	-1.581	-1.871	0.057	0.206	0.000000	0.000000
1583202192592	1583202192589	-8.929	-1.993	-1.509	-1.817	0.223	0.400	0.000000	0.000000
1583202192611	1583202192611	-8.902	-2.251	-1.430	-1.723	0.377	0.587	0.000000	0.000000
1583202192629	1583202192629	-9.274	-2.620	-1.226	-1.553	0.518	0.746	0.000000	0.000000
1583202192649	1583202192649	-9.947	-3.035	-0.984	-1.270	0.644	0.869	0.000000	0.000000
1583202192670	1583202192669	-10.577	-3.449	-0.625	-0.891	0.757	0.951	0.000000	0.000000
1583202192695	1583202192694	-10.876	-3.669	-0.064	-0.471	0.877	0.970	0.000000	0.000000
1583202192709	1583202192709	-10.886	-3.729	0.417	-0.063	1.016	0.914	0.000000	0.000000
1583202192732	1583202192729	-10.931	-3.533	0.803	0.311	1.115	0.774	0.000000	0.000000
1583202192749	1583202192748	-10.809	-3.073	1.054	0.560	1.077	0.509	0.000000	0.000000
1583202192773	1583202192773	-10.644	-2.541	1.095	0.636	0.904	0.152	0.000000	0.000000
1583202192791	1583202192788	-10.601	-2.105	1.028	0.593	0.654	-0.217	0.000000	0.000000
1583202192810	1583202192810	-10.400	-1.741	0.937	0.570	0.380	-0.506	0.000000	0.000000
1583202192829	1583202192828	-10.464	-1.549	0.839	0.610	0.191	-0.676	0.000000	0.000000
1583202192849	1583202192848	-10.493	-1.492	0.698	0.588	0.059	-0.822	0.000000	0.000000
1583202192868	1583202192868	-10.285	-1.003	0.458	0.720	-0.059	-0.776	0.000000	0.000000
1583202192893	1583202192893	-10.191	-0.857	0.324	0.813	-0.107	-0.660	0.000000	0.000000
1583202192909	1583202192908	-9.904	-1.070	0.271	0.794	-0.094	-0.545	0.000000	0.000000
1583202192933	1583202192933	-9.640	-1.049	0.151	0.845	-0.059	-0.349	0.000000	0.000000
1583202192949	1583202192948	-9.635	-1.061	0.015	0.944	-0.028	-0.132	0.000000	0.000000
1583202192968	1583202192967	-9.616	-1.094	-0.139	1.001	-0.015	0.035	0.000000	0.000000
1583202192988	1583202192988	-9.595	-1.200	-0.285	1.045	-0.024	0.174	0.000000	0.000000
1583202193016	1583202193009	-9.628	-1.322	-0.426	1.057	-0.041	0.270	0.000000	0.000000
1583202193030	1583202193029	-9.724	-1.494	-0.558	1.065	-0.050	0.339	0.000000	0.000000
1583202193048	1583202193048	-9.738	-1.581	-0.745	1.103	-0.044	0.404	0.000000	0.000000
1583202193068	1583202193068	-10.448	-1.600	-1.245	1.173	-0.015	0.485	0.000000	0.000000
1583202193092	1583202193089	-12.330	-1.729	-1.844	1.295	0.006	0.623	0.000000	0.000000
1583202193123	1583202193123	-14.132	-2.021	-1.966	1.489	0.008	0.813	0.000000	0.000000
1583202193129	1583202193128	-15.073	-2.448	-1.705	1.715	0.019	0.983	0.000000	0.000000
1583202193149	1583202193148	-14.060	-2.946	-0.991	1.911	-0.044	1.042	0.000000	0.000000
1583202193167	1583202193167	-12.084	-3.377	-0.495	2.013	-0.154	0.921	0.000000	0.000000
1583202193188	1583202193186	-10.440	-3.375	-0.685	2.059	-0.331	0.601	0.000000	0.000000
1583202193209	1583202193208	-9.255	-2.960	-1.118	1.994	-0.611	0.075	0.000000	0.000000
1583202193230	1583202193230	-8.732	-2.572	-1.099	1.906	-0.876	-0.578	0.000000	0.000000
1583202193247	1583202193247	-9.305	-2.143	-1.159	1.855	-1.062	-1.171	0.000000	0.000000
1583202193267	1583202193266	-10.773	-1.880	-1.918	1.804	-1.234	-1.618	0.000000	0.000000
1583202193287	1583202193286	-13.042	-1.542	-2.994	1.833	-1.427	-1.917	0.000000	0.000000
1583202193322	1583202193318	-14.767	-1.238	-3.751	1.833	-1.729	-2.100	0.000000	0.000000
1583202193329	1583202193327	-14.549	-1.145	-3.923	1.799	-1.988	-2.131	0.000000	0.000000
1583202193354	1583202193347	-13.967	-0.826	-3.864	1.776	-1.947	-1.999	0.000000	0.000000
1583202193367	1583202193366	-13.090	-0.620	-3.756	1.601	-1.746	-1.838	0.000000	0.000000
1583202193387	1583202193386	-12.081	-0.836	-3.619	1.383	-1.490	-1.718	0.000000	0.000000
1583202193407	1583202193405	-11.039	-0.737	-3.437	1.238	-1.277	-1.666	0.000000	0.000000
1583202193435	1583202193427	-10.289	-0.759	-3.284	1.063	-1.112	-1.693	0.000000	0.000000
1583202193448	1583202193448	-9.885	-0.725	-3.008	0.946	-0.975	-1.743	0.000000	0.000000
1583202193466	1583202193465	-9.559	-0.543	-2.733	0.899	-0.876	-1.783	0.000000	0.000000
1583202193487	1583202193485	-9.324	-0.383	-2.560	0.871	-0.797	-1.804	0.000000	0.000000
1583202193509	1583202193509	-9.025	-0.093	-2.362	0.845	-0.716	-1.809	0.000000	0.000000
1583202193526	1583202193525	-8.950	0.295	-2.103	0.781	-0.622	-1.791	0.000000	0.000000
1583202193546	1583202193546	-8.799	0.731	-1.765	0.646	-0.505	-1.725	0.000000	0.000000
1583202193565	1583202193564	-8.665	1.117	-1.423	0.422	-0.366	-1.595	0.000000	0.000000
1583202193585	1583202193585	-8.433	1.505	-1.001	0.126	-0.211	-1.388	0.000000	0.000000
1583202193607	1583202193607	-8.150	1.665	-0.524	-0.227	-0.049	-1.098	0.000000	0.000000
1583202193627	1583202193627	-7.932	1.867	-0.038	-0.583	0.099	-0.747	0.000000	0.000000
1583202193647	1583202193647	-7.726	1.883	0.307	-0.960	0.220	-0.336	0.000000	0.000000
1583202193666	1583202193666	-7.611	1.790	0.448	-1.349	0.295	0.086	0.000000	0.000000
1583202193685	1583202193684	-7.805	1.593	0.434	-1.727	0.330	0.500	0.000000	0.000000
1583202193706	1583202193704	-8.284	1.316	0.348	-2.067	0.335	0.904	0.000000	0.000000
1583202193726	1583202193726	-9.125	1.028	0.130	-2.352	0.341	1.320	0.000000	0.000000
1583202193746	1583202193746	-10.270	0.724	-0.270	-2.571	0.324	1.774	0.000000	0.000000
1583202193766	1583202193766	-11.482	0.391	-0.666	-2.744	0.288	2.257	0.000000	0.000000
1583202193784	1583202193784	-12.671	-0.043	-1.075	-2.874	0.216	2.728	0.000000	0.000000
1583202193804	1583202193804	-13.981	-0.316	-1.724	-2.933	0.118	3.170	0.000000	0.000000
1583202193825	1583202193825	-15.940	-0.452	-2.896	-3.062	-0.005	3.521	0.000000	0.000000
1583202193849	1583202193849	-17.500	-0.893	-3.971	-3.309	-0.185	3.748	0.000000	0.000000
1583202193864	1583202193864	-17.660	-1.458	-4.609	-3.654	-0.418	3.816	0.000000	0.000000
1583202193887	1583202193887	-17.636	-2.417	-4.985	-3.936	-0.563	3.750	0.000000	0.000000
1583202193905	1583202193903	-17.469	-3.420	-4.446	-3.936	-0.524	3.666	0.000000	0.000000
1583202193928	1583202193923	-17.198	-4.644	-3.971	-3.588	-0.333	3.549	0.000000	0.000000
1583202193950	1583202193948	-15.401	-5.636	-3.502	-3.088	-0.124	3.303	0.000000	0.000000
1583202193966	1583202193966	-12.330	-6.321	-2.553	-2.602	0.114	2.779	0.000000	0.000000
1583202193983	1583202193983	-8.948	-5.353	-1.808	-2.170	0.236	1.943	0.000000	0.000000
1583202194004	1583202194003	-7.367	-3.514	-1.530	-1.964	0.219	1.085	0.000000	0.000000
1583202194024	1583202194023	-7.595	-3.183	-1.329	-1.972	0.174	0.384	0.000000	0.000000
1583202194048	1583202194048	-8.234	-3.274	-1.296	-1.969	0.111	-0.126	0.000000	0.000000
1583202194065	1583202194063	-8.711	-3.063	-1.573	-1.928	0.013	-0.454	0.000000	0.000000
1583202194089	1583202194087	-9.034	-2.963	-1.803	-1.898	-0.112	-0.616	0.000000	0.000000
1583202194103	1583202194102	-8.953	-2.903	-1.873	-1.823	-0.236	-0.657	0.000000	0.000000
1583202194123	1583202194122	-8.248	-2.637	-1.870	-1.722	-0.294	-0.637	0.000000	0.000000
1583202194144	1583202194144	-7.537	-2.227	-1.892	-1.672	-0.241	-0.629	0.000000	0.000000
1583202194167	1583202194163	-7.178	-1.995	-1.897	-1.692	-0.111	-0.684	0.000000	0.000000
1583202194185	1583202194185	-7.099	-2.005	-1.849	-1.724	0.088	-0.759	0.000000	0.000000
1583202194203	1583202194202	-7.235	-2.024	-1.686	-1.695	0.333	-0.802	0.000000	0.000000
1583202194223	1583202194222	-7.633	-1.940	-1.559	-1.617	0.563	-0.792	0.000000	0.000000
1583202194248	1583202194242	-8.095	-1.861	-1.415	-1.559	0.752	-0.747	0.000000	0.000000
1583202194264	1583202194262	-8.538	-1.789	-1.111	-1.508	0.905	-0.670	0.000000	0.000000
1583202194287	1583202194288	-8.886	-1.770	-0.785	-1.459	1.041	-0.577	0.000000	0.000000
1583202194302	1583202194302	-9.013	-1.832	-0.395	-1.409	1.168	-0.482	0.000000	0.000000
1583202194322	1583202194322	-9.063	-1.849	0.091	-1.337	1.297	-0.384	0.000000	0.000000
1583202194347	1583202194347	-9.240	-1.873	0.630	-1.255	1.438	-0.283	0.000000	0.000000
1583202194370	1583202194370	-9.750	-2.029	1.131	-1.107	1.586	-0.150	0.000000	0.000000
1583202194384	1583202194383	-10.752	-2.361	1.672	-0.808	1.721	0.067	0.000000	0.000000
1583202194401	1583202194401	-11.717	-2.675	2.456	-0.310	1.838	0.371	0.000000	0.000000
1583202194422	1583202194422	-12.453	-2.896	3.062	0.265	1.900	0.683	0.000000	0.000000
1583202194442	1583202194442	-12.843	-2.896	3.440	0.720	1.854	0.890	0.000000	0.000000
1583202194463	1583202194463	-12.874	-2.211	3.498	0.823	1.628	0.878	0.000000	0.000000
1583202194482	1583202194482	-12.568	-1.712	2.990	0.583	1.135	0.641	0.000000	0.000000
1583202194508	1583202194502	-11.995	-1.796	2.485	0.299	0.575	0.289	0.000000	0.000000
1583202194521	1583202194521	-11.499	-2.196	1.843	0.156	0.067	-0.017	0.000000	0.000000
1583202194541	1583202194541	-12.309	-2.476	0.767	0.212	-0.298	-0.120	0.000000	0.000000
1583202194562	1583202194562	-13.840	-2.831	-0.301	0.439	-0.606	-0.023	0.000000	0.000000
1583202194584	1583202194584	-14.290	-3.176	-0.570	0.774	-0.814	0.152	0.000000	0.000000
1583202194603	1583202194600	-13.032	-3.226	-0.483	1.042	-0.886	0.241	0.000000	0.000000
1583202194622	1583202194622	-11.286	-3.233	-0.668	1.181	-0.859	0.223	0.000000	0.000000
1583202194640	1583202194640	-9.990	-2.951	-1.099	1.348	-0.804	0.092	0.000000	0.000000
1583202194663	1583202194663	-9.573	-2.467	-1.233	1.534	-0.725	-0.115	0.000000	0.000000
1583202194680	1583202194680	-10.555	-2.503	-1.502	1.720	-0.661	-0.311	0.000000	0.000000
1583202194700	1583202194700	-12.072	-2.613	-2.153	1.984	-0.705	-0.462	0.000000	0.000000
1583202194721	1583202194720	-13.581	-2.340	-2.764	2.269	-0.841	-0.550	0.000000	0.000000
1583202194741	1583202194740	-14.450	-2.012	-3.109	2.478	-1.026	-0.604	0.000000	0.000000
1583202194761	1583202194759	-14.247	-1.583	-3.255	2.560	-1.169	-0.681	0.000000	0.000000
1583202194784	1583202194784	-13.241	-1.281	-3.250	2.440	-1.236	-0.828	0.000000	0.000000
1583202194802	1583202194799	-11.820	-1.137	-2.999	2.209	-1.253	-1.033	0.000000	0.000000
1583202194820	1583202194819	-10.591	-1.042	-2.711	1.975	-1.209	-1.261	0.000000	0.000000
1583202194840	1583202194839	-9.683	-1.022	-2.546	1.826	-1.123	-1.453	0.000000	0.000000
1583202194860	1583202194859	-9.058	-0.867	-2.474	1.741	-1.026	-1.578	0.000000	0.000000
1583202194880	1583202194880	-8.694	-0.656	-2.465	1.660	-0.934	-1.624	0.000000	0.000000
1583202194905	1583202194900	-8.431	-0.517	-2.448	1.596	-0.849	-1.571	0.000000	0.000000
1583202194921	1583202194921	-8.189	-0.344	-2.421	1.558	-0.767	-1.416	0.000000	0.000000
1583202194939	1583202194939	-7.937	-0.237	-2.369	1.525	-0.676	-1.181	0.000000	0.000000
1583202194960	1583202194958	-7.719	-0.136	-2.249	1.447	-0.554	-0.902	0.000000	0.000000
1583202194982	1583202194982	-7.587	-0.057	-2.184	1.294	-0.408	-0.616	0.000000	0.000000
1583202194999	1583202194999	-7.633	0.000	-2.177	1.082	-0.261	-0.356	0.000000	0.000000
1583202195018	1583202195017	-7.820	0.029	-2.271	0.837	-0.124	-0.130	0.000000	0.000000
1583202195040	1583202195038	-8.090	-0.011	-2.383	0.564	-0.007	0.038	0.000000	0.000000
1583202195058	1583202195058	-8.189	-0.098	-2.323	0.282	0.115	0.168	0.000000	0.000000
1583202195082	1583202195081	-8.165	-0.378	-2.158	-0.012	0.287	0.265	0.000000	0.000000
1583202195101	1583202195100	-8.213	-0.495	-1.993	-0.210	0.490	0.368	0.000000	0.000000
1583202195120	1583202195119	-8.423	-0.627	-1.799	-0.308	0.703	0.506	0.000000	0.000000
1583202195138	1583202195138	-8.653	-0.766	-1.403	-0.333	0.910	0.660	0.000000	0.000000
1583202195158	1583202195158	-8.958	-0.833	-0.814	-0.317	1.097	0.819	0.000000	0.000000
1583202195179	1583202195178	-9.413	-0.756	-0.256	-0.304	1.252	0.965	0.000000	0.000000
1583202195204	1583202195204	-10.210	-0.689	0.156	-0.302	1.382	1.100	0.000000	0.000000
1583202195219	1583202195219	-11.401	-0.471	0.297	-0.313	1.475	1.234	0.000000	0.000000
1583202195243	1583202195237	-12.359	-0.407	0.594	-0.450	1.510	1.342	0.000000	0.000000
1583202195259	1583202195257	-12.211	-0.706	0.908	-0.719	1.419	1.380	0.000000	0.000000
1583202195278	1583202195277	-12.788	-0.838	0.666	-0.904	1.298	1.411	0.000000	0.000000
1583202195298	1583202195298	-15.104	-0.958	0.151	-0.938	1.164	1.486	0.000000	0.000000
1583202195321	1583202195321	-17.074	-1.681	0.499	-0.893	0.975	1.592	0.000000	0.000000
1583202195339	1583202195339	-16.103	-3.037	1.519	-0.729	0.779	1.636	0.000000	0.000000
1583202195357	1583202195357	-12.805	-3.236	2.564	-0.368	0.685	1.582	0.000000	0.000000
1583202195377	1583202195377	-10.189	-3.061	3.105	0.011	0.635	1.350	0.000000	0.000000
1583202195404	1583202195404	-8.780	-2.395	2.829	0.395	0.470	1.011	0.000000	0.000000
1583202195418	1583202195417	-8.874	-1.557	2.408	0.607	0.121	0.589	0.000000	0.000000
1583202195442	1583202195442	-8.972	-1.200	1.466	0.438	-0.436	0.073	0.000000	0.000000
1583202195457	1583202195457	-9.451	-1.140	0.314	0.230	-0.883	-0.339	0.000000	0.000000
1583202195477	1583202195477	-10.476	-1.058	-0.737	0.035	-1.207	-0.664	0.000000	0.000000
1583202195496	1583202195496	-11.799	-0.979	-1.612	-0.196	-1.574	-0.956	0.000000	0.000000
1583202195522	1583202195520	-12.215	-1.097	-2.086	-0.369	-1.987	-1.254	0.000000	0.000000
1583202195541	1583202195536	-11.245	-1.252	-2.084	-0.386	-2.061	-1.438	0.000000	0.000000
1583202195556	1583202195556	-10.345	-1.312	-1.935	-0.319	-1.672	-1.477	0.000000	0.000000
1583202195577	1583202195576	-9.377	-1.322	-1.688	-0.192	-1.129	-1.471	0.000000	0.000000
1583202195598	1583202195596	-8.864	-1.094	-1.478	0.003	-0.596	-1.451	0.000000	0.000000
1583202195617	1583202195617	-8.471	-0.713	-1.286	0.182	-0.270	-1.425	0.000000	0.000000
1583202195639	1583202195638	-8.181	-0.191	-0.764	0.313	-0.096	-1.344	0.000000	0.000000
1583202195658	1583202195658	-7.844	0.300	-0.472	0.380	0.005	-1.205	0.000000	0.000000
1583202195676	1583202195676	-7.662	0.781	-0.333	0.333	0.049	-1.045	0.000000	0.000000
1583202195696	1583202195695	-7.501	1.222	-0.186	0.199	0.074	-0.867	0.000000	0.000000
1583202195717	1583202195715	-7.173	1.574	-0.141	0.001	0.092	-0.651	0.000000	0.000000
1583202195738	1583202195738	-7.214	1.694	-0.177	-0.220	0.163	-0.400	0.000000	0.000000
1583202195760	1583202195755	-7.633	1.488	-0.237	-0.427	0.287	-0.138	0.000000	0.000000
1583202195777	1583202195774	-7.959	1.229	-0.208	-0.585	0.433	0.108	0.000000	0.000000
1583202195796	1583202195795	-8.143	1.002	-0.232	-0.710	0.580	0.324	0.000000	0.000000
1583202195819	1583202195817	-8.455	0.698	-0.309	-0.795	0.721	0.525	0.000000	0.000000
1583202195837	1583202195837	-8.862	0.420	-0.412	-0.839	0.844	0.728	0.000000	0.000000
1583202195858	1583202195856	-9.120	0.046	-0.419	-0.898	0.955	0.936	0.000000	0.000000
1583202195875	1583202195875	-9.389	-0.335	-0.378	-0.939	1.064	1.152	0.000000	0.000000
1583202195895	1583202195895	-9.681	-0.737	-0.285	-0.936	1.168	1.383	0.000000	0.000000
1583202195914	1583202195915	-9.959	-1.197	-0.067	-0.881	1.270	1.615	0.000000	0.000000
1583202195941	1583202195941	-10.433	-1.664	0.168	-0.743	1.354	1.829	0.000000	0.000000
1583202195956	1583202195956	-11.008	-2.014	0.420	-0.569	1.415	1.989	0.000000	0.000000
1583202195977	1583202195974	-12.750	-2.290	-0.002	-0.370	1.440	2.106	0.000000	0.000000
1583202195994	1583202195994	-16.499	-2.541	-0.987	-0.134	1.399	2.248	0.000000	0.000000
1583202196014	1583202196014	-20.236	-3.104	-1.351	0.087	1.207	2.406	0.000000	0.000000
1583202196039	1583202196039	-20.731	-4.517	-0.155	0.427	1.106	2.630	0.000000	0.000000
1583202196059	1583202196056	-17.313	-5.641	1.181	0.921	1.085	2.597	0.000000	0.000000
1583202196075	1583202196075	-13.028	-5.658	1.620	1.340	0.889	2.181	0.000000	0.000000
1583202196095	1583202196093	-10.036	-4.522	1.519	1.711	0.541	1.489	0.000000	0.000000
1583202196114	1583202196113	-8.459	-3.042	1.668	1.823	0.135	0.638	0.000000	0.000000
1583202196148	1583202196138	-8.081	-2.457	1.263	1.709	-0.374	-0.123	0.000000	0.000000
1583202196154	1583202196154	-9.070	-2.314	0.472	1.875	-0.793	-0.546	0.000000	0.000000
1583202196175	1583202196175	-12.069	-2.215	-0.299	2.350	-1.143	-0.636	0.000000	0.000000
1583202196194	1583202196193	-15.421	-2.246	-1.219	2.937	-1.673	-0.525	0.000000	0.000000
1583202196214	1583202196213	-16.039	-1.523	-2.012	3.279	-2.371	-0.356	0.000000	0.000000
1583202196239	1583202196236	-14.496	-1.001	-2.405	3.092	-2.768	-0.245	0.000000	0.000000
1583202196258	1583202196256	-12.963	-0.826	-2.695	2.564	-2.784	-0.281	0.000000	0.000000
1583202196273	1583202196273	-12.026	-0.735	-2.992	1.985	-2.720	-0.460	0.000000	0.000000
1583202196293	1583202196293	-11.394	-0.759	-3.095	1.472	-2.669	-0.751	0.000000	0.000000
1583202196314	1583202196313	-11.173	-0.970	-3.099	1.084	-2.574	-1.058	0.000000	0.000000
1583202196334	1583202196332	-11.190	-1.137	-3.133	0.756	-2.468	-1.351	0.000000	0.000000
1583202196363	1583202196361	-11.284	-1.118	-3.193	0.459	-2.365	-1.588	0.000000	0.000000
1583202196374	1583202196374	-11.382	-0.848	-3.586	0.205	-2.315	-1.784	0.000000	0.000000
1583202196394	1583202196395	-11.233	-0.768	-3.967	-0.045	-2.338	-1.963	0.000000	0.000000
1583202196413	1583202196413	-10.886	-0.795	-3.967	-0.214	-2.344	-2.094	0.000000	0.000000
1583202196434	1583202196432	-10.376	-0.953	-3.758	-0.272	-2.251	-2.176	0.000000	0.000000
1583202196456	1583202196457	-9.801	-0.943	-3.274	-0.176	-2.063	-2.209	0.000000	0.000000
1583202196474	1583202196474	-9.540	-0.483	-2.838	0.048	-1.795	-2.165	0.000000	0.000000
1583202196496	1583202196494	-9.343	-0.026	-2.611	0.218	-1.532	-2.055	0.000000	0.000000
1583202196512	1583202196512	-9.159	0.350	-2.261	0.226	-1.324	-1.910	0.000000	0.000000
1583202196532	1583202196531	-9.135	0.686	-1.997	0.138	-1.125	-1.715	0.000000	0.000000
1583202196552	1583202196552	-9.082	0.940	-1.703	-0.028	-0.924	-1.470	0.000000	0.000000
1583202196572	1583202196572	-8.819	1.148	-1.152	-0.218	-0.709	-1.171	0.000000	0.000000
1583202196592	1583202196593	-8.215	1.256	-0.625	-0.402	-0.462	-0.834	0.000000	0.000000
1583202196612	1583202196611	-8.253	1.512	-0.546	-0.655	-0.184	-0.503	0.000000	0.000000
1583202196632	1583202196632	-8.843	1.922	-0.766	-1.067	0.076	-0.182	0.000000	0.000000
1583202196654	1583202196654	-9.204	1.840	-0.999	-1.574	0.306	0.190	0.000000	0.000000
1583202196678	1583202196673	-9.250	1.390	-0.987	-1.971	0.548	0.658	0.000000	0.000000
1583202196695	1583202196691	-8.596	0.563	-0.488	-2.229	0.851	1.175	0.000000	0.000000
1583202196711	1583202196711	-7.714	-0.237	0.278	-2.278	1.198	1.651	0.000000	0.000000
1583202196732	1583202196731	-7.688	-0.354	0.892	-2.088	1.518	2.030	0.000000	0.000000
1583202196752	1583202196750	-9.092	-0.495	0.741	-1.802	1.768	2.345	0.000000	0.000000
1583202196771	1583202196771	-11.514	-0.644	0.194	-1.450	1.894	2.655	0.000000	0.000000
1583202196791	1583202196791	-13.648	-0.857	-0.203	-1.140	1.906	2.911	0.000000	0.000000
1583202196812	1583202196812	-14.625	-1.171	-0.474	-1.009	1.774	2.994	0.000000	0.000000
1583202196831	1583202196830	-14.654	-1.415	-0.546	-1.084	1.544	2.869	0.000000	0.000000
1583202196850	1583202196850	-13.679	-1.523	-0.167	-1.372	1.344	2.525	0.000000	0.000000
1583202196871	1583202196871	-12.285	-1.626	0.137	-1.831	1.154	1.970	0.000000	0.000000
1583202196895	1583202196892	-10.910	-1.902	0.065	-2.207	0.938	1.384	0.000000	0.000000
1583202196910	1583202196910	-10.043	-2.139	-0.136	-2.267	0.726	0.932	0.000000	0.000000
1583202196931	1583202196930	-9.734	-2.141	-0.517	-2.132	0.565	0.644	0.000000	0.000000
1583202196951	1583202196950	-9.612	-2.072	-0.958	-2.027	0.454	0.466	0.000000	0.000000
1583202196970	1583202196970	-9.683	-1.940	-1.205	-1.991	0.352	0.360	0.000000	0.000000
1583202196992	1583202196990	-9.746	-1.674	-1.329	-1.978	0.239	0.359	0.000000	0.000000
1583202197011	1583202197011	-9.904	-1.554	-1.415	-2.060	0.185	0.441	0.000000	0.000000
1583202197031	1583202197029	-9.870	-1.799	-1.411	-2.233	0.234	0.586	0.000000	0.000000
1583202197049	1583202197049	-10.074	-2.474	-1.308	-2.346	0.393	0.806	0.000000	0.000000
1583202197073	1583202197073	-10.318	-3.018	-1.068	-2.258	0.549	1.031	0.000000	0.000000
1583202197094	1583202197094	-10.352	-3.497	-0.831	-2.036	0.638	1.180	0.000000	0.000000
1583202197112	1583202197109	-10.275	-3.816	-0.486	-1.768	0.723	1.225	0.000000	0.000000
1583202197132	1583202197132	-10.167	-4.038	-0.182	-1.488	0.806	1.178	0.000000	0.000000
1583202197150	1583202197149	-10.498	-4.187	0.185	-1.165	0.889	1.068	0.000000	0.000000
1583202197169	1583202197169	-10.551	-4.211	0.626	-0.833	0.911	0.845	0.000000	0.000000
1583202197190	1583202197188	-10.663	-4.053	0.748	-0.565	0.846	0.545	0.000000	0.000000
1583202197211	1583202197209	-11.090	-3.976	0.772	-0.357	0.694	0.247	0.000000	0.000000
1583202197231	1583202197229	-11.046	-3.610	0.587	-0.197	0.435	-0.046	0.000000	0.000000
1583202197249	1583202197248	-10.785	-3.341	0.283	-0.084	0.182	-0.311	0.000000	0.000000
1583202197269	1583202197268	-11.030	-3.015	-0.119	0.003	0.033	-0.536	0.000000	0.000000
1583202197293	1583202197293	-12.239	-2.752	-0.982	0.077	-0.061	-0.704	0.000000	0.000000
1583202197308	1583202197308	-14.247	-2.853	-1.825	0.262	-0.132	-0.746	0.000000	0.000000
1583202197405	1583202197405	-15.804	-3.257	-2.098	0.621	-0.173	-0.664	0.000000	0.000000
1583202197405	1583202197405	-15.358	-3.629	-1.456	1.142	-0.113	-0.511	0.000000	0.000000
1583202197405	1583202197405	-12.862	-3.566	-0.656	1.674	-0.004	-0.416	0.000000	0.000000
