1583203074598	1583203074598	-11.320	-3.130	1.483	-1.067	1.054	2.739	0.000000	0.000000
1583203074616	1583203074616	-11.475	-3.492	1.577	-0.898	1.063	2.707	0.000000	0.000000
1583203074632	1583203074631	-11.748	-4.014	1.965	-0.616	1.109	2.732	0.000000	0.000000
1583203074651	1583203074650	-12.088	-4.656	2.211	-0.385	1.152	2.673	0.000000	0.000000
1583203074671	1583203074670	-12.105	-4.941	2.233	0.040	1.180	2.485	0.000000	0.000000
1583203074691	1583203074690	-12.189	-4.946	2.319	0.355	1.157	2.228	0.000000	0.000000
1583203074713	1583203074712	-12.594	-5.186	2.310	0.596	1.069	1.876	0.000000	0.000000
1583203074731	1583203074730	-13.507	-5.670	2.698	0.962	0.921	1.516	0.000000	0.000000
1583203074756	1583203074755	-13.535	-5.871	3.040	1.346	0.735	1.102	0.000000	0.000000
1583203074771	1583203074769	-13.487	-5.454	2.918	1.676	0.427	0.633	0.000000	0.000000
1583203074791	1583203074789	-14.498	-4.870	2.329	1.889	-0.048	0.213	0.000000	0.000000
1583203074811	1583203074809	-16.137	-4.407	1.131	2.207	-0.600	-0.172	0.000000	0.000000
1583203074831	1583203074829	-18.305	-3.437	0.039	2.684	-1.183	-0.484	0.000000	0.000000
1583203074851	1583203074849	-17.874	-2.270	-0.024	3.356	-1.536	-0.620	0.000000	0.000000
1583203074870	1583203074869	-14.479	-1.688	0.276	3.603	-1.986	-0.806	0.000000	0.000000
1583203074890	1583203074889	-10.598	-1.269	0.075	3.093	-2.352	-1.227	0.000000	0.000000
1583203074913	1583203074909	-9.451	-0.931	-0.639	2.375	-2.499	-1.666	0.000000	0.000000
1583203074930	1583203074929	-9.322	-0.471	-1.442	1.881	-2.675	-2.010	0.000000	0.000000
1583203074950	1583203074949	-10.558	-0.198	-1.573	1.691	-2.788	-2.264	0.000000	0.000000
1583203074970	1583203074969	-12.417	-0.349	-1.643	1.603	-2.840	-2.371	0.000000	0.000000
1583203074990	1583203074988	-14.240	-0.929	-1.693	1.643	-2.836	-2.270	0.000000	0.000000
1583203075010	1583203075009	-14.558	-1.590	-1.693	1.783	-2.771	-1.882	0.000000	0.000000
1583203075032	1583203075031	-13.717	-1.657	-1.983	1.792	-2.554	-1.318	0.000000	0.000000
1583203075050	1583203075049	-12.901	-1.331	-2.261	1.478	-2.271	-0.900	0.000000	0.000000
1583203075069	1583203075068	-12.069	-1.152	-2.323	1.016	-2.063	-0.836	0.000000	0.000000
1583203075090	1583203075088	-11.272	-1.097	-2.350	0.574	-1.912	-1.018	0.000000	0.000000
1583203075111	1583203075109	-10.678	-0.862	-2.273	0.240	-1.752	-1.354	0.000000	0.000000
1583203075129	1583203075128	-10.218	-1.063	-2.139	0.011	-1.564	-1.735	0.000000	0.000000
1583203075149	1583203075148	-9.844	-1.319	-1.966	-0.063	-1.337	-2.067	0.000000	0.000000
1583203075174	1583203075173	-9.767	-1.351	-1.837	0.015	-1.117	-2.270	0.000000	0.000000
1583203075189	1583203075188	-9.722	-1.135	-1.526	0.220	-0.914	-2.347	0.000000	0.000000
1583203075212	1583203075208	-9.492	-0.778	-1.118	0.503	-0.717	-2.325	0.000000	0.000000
1583203075232	1583203075231	-9.049	-0.100	-0.709	0.734	-0.546	-2.210	0.000000	0.000000
1583203075249	1583203075248	-8.572	0.523	-0.268	0.743	-0.397	-2.068	0.000000	0.000000
1583203075269	1583203075267	-8.177	1.335	0.297	0.559	-0.240	-1.895	0.000000	0.000000
1583203075289	1583203075287	-7.817	2.101	0.508	0.242	-0.106	-1.679	0.000000	0.000000
1583203075309	1583203075307	-7.844	2.628	0.693	-0.141	-0.023	-1.415	0.000000	0.000000
1583203075329	1583203075327	-8.042	2.729	0.901	-0.516	0.068	-1.034	0.000000	0.000000
1583203075349	1583203075348	-8.363	2.727	1.411	-0.791	0.246	-0.527	0.000000	0.000000
1583203075371	1583203075369	-8.589	2.959	2.267	-0.881	0.469	-0.000	0.000000	0.000000
1583203075390	1583203075388	-9.037	3.206	2.930	-0.895	0.661	0.483	0.000000	0.000000
1583203075409	1583203075408	-9.758	3.095	2.578	-1.000	0.716	0.962	0.000000	0.000000
1583203075433	1583203075428	-10.529	2.724	2.092	-1.249	0.756	1.437	0.000000	0.000000
1583203075451	1583203075451	-10.953	2.279	2.104	-1.504	0.862	1.895	0.000000	0.000000
1583203075469	1583203075468	-11.027	1.486	2.633	-1.703	1.030	2.354	0.000000	0.000000
1583203075490	1583203075487	-10.249	0.707	3.289	-1.799	1.268	2.795	0.000000	0.000000
1583203075510	1583203075508	-9.983	0.115	2.786	-1.893	1.298	3.103	0.000000	0.000000
1583203075531	1583203075531	-11.200	-0.103	1.768	-2.133	1.139	3.301	0.000000	0.000000
1583203075548	1583203075548	-13.047	-0.804	1.598	-2.143	1.056	3.590	0.000000	0.000000
1583203075570	1583203075569	-14.359	-1.758	1.893	-1.828	1.003	3.948	0.000000	0.000000
1583203075589	1583203075587	-15.150	-2.560	2.092	-1.380	0.979	4.269	0.000000	0.000000
1583203075610	1583203075607	-15.502	-2.991	2.374	-0.966	1.107	4.461	0.000000	0.000000
1583203075630	1583203075630	-15.840	-3.878	2.221	-0.832	1.356	4.417	0.000000	0.000000
1583203075653	1583203075652	-15.152	-4.252	1.742	-0.909	1.545	4.253	0.000000	0.000000
1583203075669	1583203075668	-14.374	-4.350	1.488	-1.126	1.533	3.764	0.000000	0.000000
1583203075690	1583203075687	-13.396	-4.992	1.749	-1.357	1.472	2.942	0.000000	0.000000
1583203075708	1583203075707	-11.808	-5.957	2.453	-1.192	1.423	2.020	0.000000	0.000000
1583203075728	1583203075727	-10.412	-6.043	3.031	-0.884	1.315	1.092	0.000000	0.000000
1583203075749	1583203075748	-9.044	-5.727	3.474	-0.529	1.141	0.285	0.000000	0.000000
1583203075768	1583203075768	-8.095	-5.404	3.309	-0.162	0.783	-0.243	0.000000	0.000000
1583203075789	1583203075789	-7.669	-5.066	2.968	0.213	0.391	-0.515	0.000000	0.000000
1583203075807	1583203075807	-7.508	-4.747	2.547	0.638	0.083	-0.625	0.000000	0.000000
1583203075828	1583203075826	-7.796	-4.367	2.056	1.038	-0.146	-0.686	0.000000	0.000000
1583203075852	1583203075848	-8.610	-3.990	1.596	1.396	-0.344	-0.751	0.000000	0.000000
1583203075870	1583203075866	-9.877	-3.725	0.882	1.785	-0.550	-0.779	0.000000	0.000000
1583203075889	1583203075889	-11.252	-3.521	0.118	2.262	-0.685	-0.778	0.000000	0.000000
1583203075908	1583203075906	-12.441	-3.552	-0.390	2.822	-0.702	-0.764	0.000000	0.000000
1583203075929	1583203075926	-13.059	-3.277	-0.773	3.396	-0.709	-0.822	0.000000	0.000000
1583203075948	1583203075946	-13.586	-2.615	-1.219	3.893	-0.741	-0.948	0.000000	0.000000
1583203075968	1583203075966	-14.405	-1.995	-1.715	4.186	-0.782	-1.131	0.000000	0.000000
1583203075989	1583203075987	-15.167	-1.537	-2.009	4.276	-0.877	-1.366	0.000000	0.000000
1583203076007	1583203076006	-15.473	-1.228	-2.029	4.205	-1.029	-1.578	0.000000	0.000000
1583203076028	1583203076025	-15.380	-0.915	-1.988	4.005	-1.220	-1.727	0.000000	0.000000
1583203076052	1583203076049	-14.803	-0.790	-2.199	3.635	-1.417	-1.826	0.000000	0.000000
1583203076071	1583203076071	-14.041	-0.574	-2.455	3.134	-1.614	-1.896	0.000000	0.000000
1583203076087	1583203076086	-13.255	-0.445	-2.625	2.609	-1.789	-1.987	0.000000	0.000000
1583203076110	1583203076110	-12.783	-0.340	-2.673	2.143	-1.904	-2.090	0.000000	0.000000
1583203076127	1583203076125	-12.474	-0.158	-2.568	1.701	-1.937	-2.201	0.000000	0.000000
1583203076146	1583203076145	-12.213	-0.476	-2.421	1.299	-1.875	-2.274	0.000000	0.000000
1583203076170	1583203076170	-12.067	-0.668	-2.311	1.030	-1.727	-2.263	0.000000	0.000000
1583203076188	1583203076188	-11.547	-0.742	-2.302	0.817	-1.547	-2.191	0.000000	0.000000
1583203076209	1583203076207	-11.286	-0.704	-2.136	0.668	-1.360	-2.104	0.000000	0.000000
1583203076226	1583203076225	-11.037	-0.718	-1.794	0.564	-1.162	-2.035	0.000000	0.000000
1583203076246	1583203076244	-11.336	-0.522	-1.708	0.555	-0.965	-1.990	0.000000	0.000000
1583203076270	1583203076265	-11.569	-0.146	-1.712	0.590	-0.832	-1.964	0.000000	0.000000
1583203076285	1583203076284	-11.411	0.384	-1.605	0.572	-0.754	-1.917	0.000000	0.000000
1583203076309	1583203076309	-10.706	1.059	-1.456	0.476	-0.679	-1.819	0.000000	0.000000
1583203076325	1583203076324	-9.655	1.989	-1.109	0.303	-0.608	-1.684	0.000000	0.000000
1583203076346	1583203076344	-8.567	2.255	-0.900	0.101	-0.498	-1.531	0.000000	0.000000
1583203076365	1583203076364	-7.978	2.037	-0.620	-0.017	-0.324	-1.289	0.000000	0.000000
1583203076385	1583203076385	-7.784	1.814	-0.287	-0.055	-0.102	-0.946	0.000000	0.000000
1583203076406	1583203076406	-7.916	1.871	0.036	-0.031	0.140	-0.537	0.000000	0.000000
1583203076426	1583203076423	-7.954	2.238	0.274	-0.003	0.368	-0.141	0.000000	0.000000
1583203076445	1583203076444	-8.323	2.173	0.398	-0.066	0.548	0.207	0.000000	0.000000
1583203076469	1583203076469	-9.120	1.891	0.384	-0.228	0.676	0.500	0.000000	0.000000
1583203076485	1583203076485	-9.945	1.541	0.345	-0.393	0.760	0.756	0.000000	0.000000
1583203076505	1583203076505	-10.460	1.253	0.391	-0.504	0.800	0.979	0.000000	0.000000
1583203076531	1583203076525	-10.828	1.095	0.470	-0.553	0.831	1.165	0.000000	0.000000
1583203076545	1583203076543	-10.941	1.062	0.456	-0.604	0.860	1.298	0.000000	0.000000
1583203076564	1583203076563	-10.999	1.050	0.319	-0.721	0.879	1.390	0.000000	0.000000
1583203076593	1583203076583	-11.114	1.055	0.091	-0.876	0.879	1.484	0.000000	0.000000
1583203076607	1583203076604	-11.360	0.841	-0.273	-1.071	0.882	1.611	0.000000	0.000000
1583203076623	1583203076622	-11.787	0.448	-0.428	-1.243	0.899	1.770	0.000000	0.000000
1583203076644	1583203076642	-12.014	0.115	-0.404	-1.297	0.951	1.968	0.000000	0.000000
1583203076665	1583203076663	-12.196	-0.277	-0.460	-1.303	1.047	2.164	0.000000	0.000000
1583203076692	1583203076692	-12.409	-0.718	-0.340	-1.280	1.141	2.314	0.000000	0.000000
1583203076704	1583203076703	-12.833	-1.113	-0.213	-1.237	1.193	2.436	0.000000	0.000000
1583203076730	1583203076724	-13.368	-1.202	-0.251	-1.242	1.183	2.545	0.000000	0.000000
1583203076743	1583203076742	-13.957	-1.712	-0.215	-1.398	1.176	2.649	0.000000	0.000000
1583203076763	1583203076762	-14.141	-2.603	0.000	-1.434	1.209	2.733	0.000000	0.000000
1583203076784	1583203076783	-13.931	-3.535	0.427	-1.179	1.368	2.787	0.000000	0.000000
1583203076814	1583203076804	-13.729	-4.125	1.090	-0.807	1.607	2.888	0.000000	0.000000
1583203076824	1583203076823	-13.837	-4.196	1.617	-0.510	1.782	2.935	0.000000	0.000000
1583203076844	1583203076842	-13.777	-3.883	1.531	-0.480	1.838	2.683	0.000000	0.000000
1583203076863	1583203076862	-13.435	-3.804	1.649	-0.616	1.820	2.253	0.000000	0.000000
1583203076884	1583203076881	-12.929	-4.060	1.752	-0.837	1.652	1.820	0.000000	0.000000
1583203076903	1583203076903	-12.644	-4.522	1.672	-0.985	1.339	1.346	0.000000	0.000000
1583203076923	1583203076922	-11.928	-4.659	1.524	-1.010	0.947	0.780	0.000000	0.000000
1583203076943	1583203076943	-11.039	-4.764	1.155	-1.021	0.510	0.267	0.000000	0.000000
1583203076962	1583203076962	-10.610	-4.927	0.995	-0.895	0.117	-0.201	0.000000	0.000000
1583203076982	1583203076981	-10.371	-4.381	1.078	-0.593	-0.169	-0.600	0.000000	0.000000
1583203077005	1583203077004	-10.385	-3.732	1.145	-0.389	-0.377	-0.937	0.000000	0.000000
1583203077027	1583203077021	-10.598	-3.250	1.038	-0.293	-0.569	-1.242	0.000000	0.000000
1583203077043	1583203077041	-10.546	-2.838	0.841	-0.179	-0.720	-1.508	0.000000	0.000000
1583203077062	1583203077061	-10.371	-2.589	0.698	-0.033	-0.790	-1.718	0.000000	0.000000
1583203077083	1583203077080	-10.306	-2.532	0.511	0.134	-0.833	-1.862	0.000000	0.000000
1583203077102	1583203077101	-10.407	-2.388	0.250	0.371	-0.864	-1.929	0.000000	0.000000
1583203077126	1583203077123	-10.919	-1.990	-0.100	0.651	-0.881	-1.949	0.000000	0.000000
1583203077143	1583203077143	-11.387	-1.650	-0.275	0.863	-0.895	-1.952	0.000000	0.000000
1583203077161	1583203077160	-11.686	-1.506	-0.191	1.013	-0.862	-1.954	0.000000	0.000000
1583203077181	1583203077180	-11.746	-1.511	0.000	1.154	-0.788	-1.945	0.000000	0.000000
1583203077205	1583203077203	-11.712	-1.341	0.077	1.248	-0.677	-1.920	0.000000	0.000000
1583203077229	1583203077229	-11.823	-1.200	0.060	1.256	-0.566	-1.907	0.000000	0.000000
1583203077241	1583203077241	-11.909	-1.063	0.307	1.220	-0.482	-1.920	0.000000	0.000000
1583203077266	1583203077265	-12.225	-0.960	0.561	1.206	-0.434	-1.962	0.000000	0.000000
1583203077281	1583203077280	-12.498	-0.795	0.441	1.234	-0.465	-2.016	0.000000	0.000000
1583203077302	1583203077299	-12.563	-0.373	0.242	1.211	-0.563	-2.079	0.000000	0.000000
1583203077322	1583203077322	-12.738	-0.165	0.250	1.080	-0.669	-2.129	0.000000	0.000000
1583203077342	1583203077340	-12.783	-0.095	0.333	0.973	-0.748	-2.141	0.000000	0.000000
1583203077360	1583203077360	-12.223	0.046	0.331	0.918	-0.789	-2.124	0.000000	0.000000
1583203077380	1583203077380	-11.554	0.226	0.257	0.842	-0.783	-2.083	0.000000	0.000000
1583203077402	1583203077400	-10.958	0.331	0.187	0.742	-0.754	-2.018	0.000000	0.000000
1583203077426	1583203077426	-10.589	0.333	0.072	0.641	-0.708	-1.946	0.000000	0.000000
1583203077441	1583203077440	-10.122	0.460	-0.074	0.590	-0.662	-1.859	0.000000	0.000000
1583203077465	1583203077465	-9.470	0.628	-0.301	0.530	-0.598	-1.763	0.000000	0.000000
1583203077480	1583203077479	-9.015	0.652	-0.627	0.453	-0.527	-1.632	0.000000	0.000000
1583203077500	1583203077499	-8.723	0.901	-1.042	0.354	-0.449	-1.446	0.000000	0.000000
1583203077520	1583203077519	-8.883	1.246	-1.401	0.161	-0.346	-1.211	0.000000	0.000000
1583203077545	1583203077539	-9.468	1.661	-1.566	-0.142	-0.217	-0.889	0.000000	0.000000
1583203077564	1583203077559	-9.619	1.368	-0.941	-0.526	0.067	-0.390	0.000000	0.000000
1583203077581	1583203077578	-8.428	0.015	0.151	-0.793	0.466	0.291	0.000000	0.000000
1583203077601	1583203077598	-7.070	-0.543	0.396	-0.862	0.745	0.865	0.000000	0.000000
1583203077623	1583203077623	-6.529	-0.182	-0.076	-0.983	0.882	1.248	0.000000	0.000000
1583203077648	1583203077648	-6.902	0.465	-0.658	-1.229	0.843	1.520	0.000000	0.000000
1583203077659	1583203077659	-7.865	0.904	-1.296	-1.559	0.714	1.797	0.000000	0.000000
1583203077686	1583203077680	-9.461	0.583	-1.612	-1.989	0.615	2.181	0.000000	0.000000
1583203077700	1583203077698	-10.869	-0.033	-1.605	-2.384	0.435	2.676	0.000000	0.000000
1583203077719	1583203077718	-11.758	-0.852	-1.494	-2.554	0.247	3.270	0.000000	0.000000
1583203077740	1583203077740	-12.759	-1.866	-1.336	-2.500	0.192	3.953	0.000000	0.000000
1583203077762	1583203077762	-14.434	-2.464	-1.022	-2.102	0.221	4.605	0.000000	0.000000
1583203077779	1583203077778	-16.190	-3.782	-0.582	-1.463	0.286	5.084	0.000000	0.000000
1583203077799	1583203077799	-16.228	-5.095	-0.409	-0.863	0.594	5.369	0.000000	0.000000
1583203077818	1583203077818	-16.134	-4.980	-0.555	-0.420	1.028	5.404	0.000000	0.000000
1583203077840	1583203077840	-14.898	-5.176	-1.322	-0.233	1.077	4.829	0.000000	0.000000
1583203077859	1583203077859	-12.546	-5.373	-1.617	-0.348	0.987	3.886	0.000000	0.000000
1583203077885	1583203077879	-10.555	-4.501	-1.085	-0.684	0.840	2.585	0.000000	0.000000
1583203077899	1583203077897	-9.796	-2.817	-0.804	-1.365	0.439	1.196	0.000000	0.000000
1583203077918	1583203077918	-10.620	-2.733	-0.558	-2.000	0.160	0.038	0.000000	0.000000
1583203077938	1583203077937	-11.763	-2.848	-0.431	-2.290	0.023	-0.768	0.000000	0.000000
1583203077961	1583203077960	-12.158	-2.675	-0.455	-2.302	-0.109	-1.431	0.000000	0.000000
1583203077980	1583203077977	-11.636	-3.035	-0.127	-2.316	-0.228	-1.795	0.000000	0.000000
1583203077998	1583203077998	-11.149	-3.049	-0.093	-2.281	-0.380	-1.834	0.000000	0.000000
1583203078017	1583203078017	-11.039	-2.793	0.034	-2.173	-0.540	-1.743	0.000000	0.000000
1583203078041	1583203078041	-11.152	-2.340	0.781	-2.000	-0.637	-1.648	0.000000	0.000000
1583203078060	1583203078056	-11.406	-1.873	1.301	-1.750	-0.662	-1.626	0.000000	0.000000
1583203078085	1583203078078	-11.535	-1.516	1.236	-1.535	-0.706	-1.698	0.000000	0.000000
1583203078097	1583203078097	-11.420	-1.389	1.093	-1.459	-0.759	-1.809	0.000000	0.000000
1583203078119	1583203078116	-11.473	-1.384	1.028	-1.418	-0.806	-1.912	0.000000	0.000000
1583203078137	1583203078137	-11.597	-1.315	1.054	-1.312	-0.851	-2.003	0.000000	0.000000
1583203078164	1583203078164	-11.664	-1.147	1.117	-1.111	-0.891	-2.071	0.000000	0.000000
1583203078180	1583203078179	-11.722	-0.747	1.133	-0.888	-0.911	-2.117	0.000000	0.000000
1583203078199	1583203078196	-11.619	-0.258	1.117	-0.787	-0.907	-2.156	0.000000	0.000000
1583203078218	1583203078216	-11.358	0.247	1.189	-0.809	-0.879	-2.168	0.000000	0.000000
1583203078238	1583203078235	-10.910	0.690	1.637	-0.943	-0.821	-2.099	0.000000	0.000000
1583203078257	1583203078256	-10.218	0.947	1.948	-1.127	-0.749	-1.965	0.000000	0.000000
1583203078283	1583203078276	-9.691	1.313	1.847	-1.325	-0.731	-1.774	0.000000	0.000000
1583203078297	1583203078295	-9.532	1.711	1.093	-1.610	-0.796	-1.483	0.000000	0.000000
1583203078317	1583203078314	-9.786	2.073	0.480	-1.992	-0.874	-1.095	0.000000	0.000000
1583203078338	1583203078335	-9.568	1.502	0.803	-2.405	-0.856	-0.603	0.000000	0.000000
1583203078365	1583203078360	-8.713	0.171	1.416	-2.654	-0.745	0.007	0.000000	0.000000
1583203078379	1583203078376	-7.906	-0.958	1.900	-2.622	-0.551	0.670	0.000000	0.000000
1583203078398	1583203078398	-7.580	-1.310	2.104	-2.311	-0.397	1.247	0.000000	0.000000
1583203078416	1583203078415	-7.592	-1.125	1.936	-1.956	-0.350	1.632	0.000000	0.000000
1583203078437	1583203078435	-8.047	-0.953	1.395	-1.741	-0.431	1.910	0.000000	0.000000
1583203078460	1583203078460	-9.065	-0.584	0.626	-1.689	-0.635	2.093	0.000000	0.000000
1583203078483	1583203078475	-10.139	-0.517	-0.038	-1.907	-0.877	2.177	0.000000	0.000000
1583203078499	1583203078495	-10.960	-0.898	-0.704	-2.376	-1.138	2.197	0.000000	0.000000
1583203078515	1583203078515	-11.693	-1.216	-1.554	-2.799	-1.406	2.232	0.000000	0.000000
1583203078537	1583203078534	-12.160	-1.535	-2.376	-3.090	-1.660	2.250	0.000000	0.000000
1583203078555	1583203078554	-11.935	-1.976	-2.934	-3.265	-1.786	2.156	0.000000	0.000000
1583203078576	1583203078576	-11.310	-2.323	-2.881	-3.365	-1.681	2.005	0.000000	0.000000
1583203078597	1583203078594	-10.364	-2.750	-2.213	-3.368	-1.285	1.876	0.000000	0.000000
1583203078617	1583203078614	-9.286	-2.855	-1.470	-3.123	-0.744	1.742	0.000000	0.000000
1583203078636	1583203078634	-8.804	-2.488	-0.953	-2.699	-0.221	1.617	0.000000	0.000000
1583203078654	1583203078653	-8.828	-2.524	-0.953	-2.305	0.165	1.557	0.000000	0.000000
1583203078674	1583203078672	-9.020	-2.934	-0.682	-1.916	0.484	1.570	0.000000	0.000000
1583203078698	1583203078698	-9.463	-3.073	0.051	-1.549	0.788	1.642	0.000000	0.000000
1583203078714	1583203078713	-9.875	-3.277	0.587	-1.255	0.991	1.765	0.000000	0.000000
1583203078734	1583203078733	-9.947	-3.528	1.122	-0.994	1.161	1.885	0.000000	0.000000
1583203078753	1583203078752	-10.021	-3.691	1.593	-0.817	1.295	1.970	0.000000	0.000000
1583203078774	1583203078772	-10.103	-3.909	2.300	-0.725	1.430	2.028	0.000000	0.000000
1583203078795	1583203078794	-10.309	-4.117	2.676	-0.674	1.472	1.995	0.000000	0.000000
1583203078816	1583203078814	-10.371	-3.959	2.741	-0.688	1.400	1.751	0.000000	0.000000
1583203078835	1583203078833	-10.747	-4.529	2.954	-0.654	1.221	1.513	0.000000	0.000000
1583203078854	1583203078853	-11.274	-5.662	3.436	-0.421	1.005	1.194	0.000000	0.000000
1583203078880	1583203078877	-11.832	-6.489	3.855	0.078	0.796	0.887	0.000000	0.000000
1583203078896	1583203078896	-11.916	-6.388	4.094	0.695	0.596	0.628	0.000000	0.000000
1583203078917	1583203078914	-11.629	-5.552	4.099	1.097	0.362	0.357	0.000000	0.000000
1583203078935	1583203078932	-11.722	-4.709	3.912	1.224	0.100	0.056	0.000000	0.000000
1583203078954	1583203078952	-12.146	-4.196	3.678	1.244	-0.111	-0.232	0.000000	0.000000
1583203078974	1583203078972	-13.178	-4.230	3.249	1.365	-0.330	-0.416	0.000000	0.000000
1583203078998	1583203078998	-15.145	-4.264	2.482	1.686	-0.599	-0.501	0.000000	0.000000
1583203079013	1583203079013	-17.694	-4.335	1.677	2.255	-0.847	-0.471	0.000000	0.000000
1583203079041	1583203079034	-17.215	-3.830	1.531	2.843	-0.969	-0.485	0.000000	0.000000
1583203079053	1583203079052	-13.811	-2.838	1.153	3.001	-1.153	-0.704	0.000000	0.000000
1583203079073	1583203079072	-11.296	-2.225	0.616	2.851	-1.368	-1.049	0.000000	0.000000
1583203079094	1583203079092	-10.289	-1.942	0.278	2.671	-1.587	-1.388	0.000000	0.000000
1583203079117	1583203079115	-10.103	-1.626	-0.115	2.587	-1.814	-1.666	0.000000	0.000000
1583203079133	1583203079131	-10.680	-1.276	-0.644	2.519	-2.040	-1.875	0.000000	0.000000
1583203079153	1583203079152	-11.964	-0.963	-1.272	2.429	-2.220	-1.966	0.000000	0.000000
1583203079172	1583203079172	-13.852	-0.828	-1.911	2.349	-2.350	-1.940	0.000000	0.000000
1583203079194	1583203079193	-15.222	-0.879	-2.235	2.296	-2.449	-1.797	0.000000	0.000000
1583203079215	1583203079215	-14.597	-1.099	-2.175	2.243	-2.468	-1.605	0.000000	0.000000
1583203079233	1583203079233	-13.260	-1.219	-2.108	2.079	-2.264	-1.380	0.000000	0.000000
1583203079253	1583203079251	-11.741	-1.226	-2.024	1.809	-1.970	-1.270	0.000000	0.000000
1583203079272	1583203079271	-10.424	-1.192	-1.880	1.547	-1.655	-1.341	0.000000	0.000000
1583203079298	1583203079291	-9.736	-1.113	-1.806	1.342	-1.395	-1.521	0.000000	0.000000
1583203079317	1583203079317	-9.509	-1.219	-1.847	1.235	-1.202	-1.742	0.000000	0.000000
1583203079333	1583203079331	-9.497	-1.252	-1.775	1.240	-1.062	-1.959	0.000000	0.000000
1583203079354	1583203079350	-9.602	-1.037	-1.648	1.321	-0.966	-2.118	0.000000	0.000000
1583203079373	1583203079370	-9.705	-0.488	-1.676	1.393	-0.892	-2.181	0.000000	0.000000
1583203079393	1583203079391	-9.475	0.391	-1.815	1.351	-0.834	-2.196	0.000000	0.000000
1583203079412	1583203079412	-8.984	1.867	-1.753	1.152	-0.775	-2.153	0.000000	0.000000
1583203079434	1583203079430	-8.325	2.796	-1.490	0.795	-0.691	-2.052	0.000000	0.000000
1583203079453	1583203079450	-8.134	2.453	-1.054	0.364	-0.468	-1.862	0.000000	0.000000
1583203079470	1583203079470	-8.220	1.780	-0.474	0.060	-0.114	-1.505	0.000000	0.000000
1583203079492	1583203079490	-8.160	1.325	-0.047	-0.012	0.298	-1.015	0.000000	0.000000
1583203079515	1583203079515	-8.294	1.653	0.348	0.034	0.677	-0.564	0.000000	0.000000
1583203079530	1583203079530	-8.749	2.063	1.074	0.078	0.981	-0.262	0.000000	0.000000
1583203079551	1583203079549	-9.489	2.130	1.950	0.116	1.278	-0.020	0.000000	0.000000
1583203079572	1583203079571	-10.457	2.065	2.485	0.134	1.485	0.213	0.000000	0.000000
1583203079592	1583203079590	-11.940	2.106	2.130	0.098	1.473	0.465	0.000000	0.000000
1583203079613	1583203079612	-13.650	2.135	1.450	-0.095	1.370	0.770	0.000000	0.000000
1583203079635	1583203079634	-13.670	1.926	2.123	-0.334	1.413	1.114	0.000000	0.000000
1583203079652	1583203079651	-11.825	1.586	3.939	-0.465	1.635	1.405	0.000000	0.000000
1583203079670	1583203079668	-10.261	1.043	5.306	-0.524	1.914	1.565	0.000000	0.000000
1583203079691	1583203079690	-9.104	1.114	5.759	-0.649	1.968	1.481	0.000000	0.000000
1583203079710	1583203079710	-9.657	1.419	4.935	-0.960	1.635	1.294	0.000000	0.000000
1583203079731	1583203079731	-10.996	1.311	3.907	-1.326	1.168	1.059	0.000000	0.000000
1583203079750	1583203079750	-12.187	1.088	3.268	-1.509	0.730	0.959	0.000000	0.000000
1583203079771	1583203079769	-12.259	0.432	2.825	-1.645	0.415	1.070	0.000000	0.000000
1583203079791	1583203079789	-11.954	-0.253	2.801	-1.811	0.177	1.297	0.000000	0.000000
1583203079811	1583203079808	-11.315	-1.010	2.992	-1.836	0.071	1.602	0.000000	0.000000
1583203079829	1583203079829	-10.690	-1.870	3.285	-1.718	0.151	1.922	0.000000	0.000000
1583203079850	1583203079850	-10.469	-2.596	3.515	-1.488	0.387	2.193	0.000000	0.000000
1583203079872	1583203079870	-10.165	-2.855	3.594	-1.126	0.717	2.341	0.000000	0.000000
1583203079890	1583203079888	-9.753	-2.960	3.718	-0.866	1.000	2.257	0.000000	0.000000
1583203079910	1583203079908	-9.475	-3.035	3.555	-0.720	1.050	1.992	0.000000	0.000000
1583203079930	1583203079929	-8.955	-3.164	3.443	-0.589	0.914	1.674	0.000000	0.000000
1583203079949	1583203079949	-8.895	-3.562	3.304	-0.507	0.679	1.352	0.000000	0.000000
1583203079975	1583203079975	-8.689	-3.674	3.160	-0.387	0.431	0.989	0.000000	0.000000
1583203079989	1583203079988	-8.593	-3.698	3.179	-0.234	0.226	0.634	0.000000	0.000000
1583203080033	1583203080019	-8.581	-3.816	3.148	-0.021	0.072	0.312	0.000000	0.000000
1583203080037	1583203080034	-8.811	-3.751	3.024	0.226	-0.016	0.026	0.000000	0.000000
1583203080053	1583203080047	-9.396	-3.588	2.827	0.474	-0.045	-0.205	0.000000	0.000000
1583203080073	1583203080069	-10.052	-3.420	2.820	0.720	-0.019	-0.389	0.000000	0.000000
1583203080089	1583203080087	-9.947	-3.301	2.935	0.933	0.043	-0.565	0.000000	0.000000
1583203080109	1583203080107	-9.566	-3.116	2.803	1.141	0.027	-0.757	0.000000	0.000000
1583203080128	1583203080127	-9.827	-2.764	2.367	1.364	-0.085	-0.955	0.000000	0.000000
1583203080150	1583203080150	-10.577	-2.397	1.950	1.573	-0.245	-1.175	0.000000	0.000000
1583203080172	1583203080172	-12.038	-1.739	0.844	1.729	-0.502	-1.405	0.000000	0.000000
1583203080195	1583203080193	-15.873	-1.099	-0.488	1.825	-0.741	-1.566	0.000000	0.000000
1583203080209	1583203080207	-18.180	-0.905	-0.019	1.946	-0.814	-1.661	0.000000	0.000000
1583203080229	1583203080227	-14.786	-0.594	0.674	1.829	-0.966	-1.785	0.000000	0.000000
1583203080260	1583203080250	-11.166	-1.097	0.635	1.467	-0.895	-1.840	0.000000	0.000000
1583203080270	1583203080270	-10.366	-1.142	0.012	1.198	-0.712	-1.822	0.000000	0.000000
1583203080289	1583203080287	-9.990	-1.001	-0.524	1.117	-0.672	-1.843	0.000000	0.000000
1583203080307	1583203080307	-10.000	-0.970	-0.735	1.160	-0.660	-1.862	0.000000	0.000000
1583203080328	1583203080326	-10.567	-0.759	-0.812	1.242	-0.664	-1.837	0.000000	0.000000
1583203080352	1583203080348	-11.231	-0.661	-0.800	1.285	-0.674	-1.753	0.000000	0.000000
1583203080372	1583203080367	-11.466	-0.565	-0.737	1.248	-0.650	-1.630	0.000000	0.000000
1583203080389	1583203080387	-11.272	-0.543	-0.656	1.103	-0.555	-1.484	0.000000	0.000000
1583203080407	1583203080406	-10.773	-0.512	-0.452	0.916	-0.408	-1.347	0.000000	0.000000
1583203080429	1583203080426	-10.103	-0.491	-0.191	0.736	-0.255	-1.248	0.000000	0.000000
1583203080447	1583203080445	-9.511	-0.469	-0.009	0.551	-0.142	-1.198	0.000000	0.000000
1583203080471	1583203080471	-9.068	-0.404	0.072	0.359	-0.093	-1.175	0.000000	0.000000
1583203080488	1583203080486	-8.680	-0.409	-0.021	0.186	-0.088	-1.142	0.000000	0.000000
1583203080506	1583203080506	-8.335	-0.354	-0.194	0.096	-0.109	-1.072	0.000000	0.000000
1583203080527	1583203080526	-8.045	-0.194	-0.337	0.028	-0.126	-0.950	0.000000	0.000000
1583203080547	1583203080545	-7.729	-0.076	-0.407	-0.081	-0.107	-0.779	0.000000	0.000000
1583203080569	1583203080569	-7.535	-0.002	-0.450	-0.217	-0.043	-0.571	0.000000	0.000000
1583203080588	1583203080588	-7.580	0.015	-0.404	-0.377	0.074	-0.317	0.000000	0.000000
1583203080607	1583203080606	-7.951	-0.165	-0.275	-0.535	0.249	-0.009	0.000000	0.000000
1583203080628	1583203080625	-8.550	-0.373	0.034	-0.650	0.471	0.333	0.000000	0.000000
1583203080647	1583203080645	-9.200	-0.435	0.465	-0.708	0.691	0.657	0.000000	0.000000
1583203080671	1583203080665	-9.947	-0.558	0.949	-0.729	0.862	0.939	0.000000	0.000000
1583203080687	1583203080685	-10.701	-0.721	1.368	-0.727	0.985	1.182	0.000000	0.000000
1583203080707	1583203080705	-11.329	-0.761	1.538	-0.759	1.030	1.357	0.000000	0.000000
1583203080726	1583203080724	-11.892	-0.699	1.704	-0.887	1.006	1.452	0.000000	0.000000
1583203080747	1583203080744	-12.402	-0.697	1.910	-1.097	0.957	1.475	0.000000	0.000000
1583203080770	1583203080768	-12.783	-0.773	2.204	-1.348	0.879	1.431	0.000000	0.000000
1583203080790	1583203080789	-13.099	-0.869	2.487	-1.563	0.756	1.330	0.000000	0.000000
1583203080806	1583203080806	-13.281	-0.773	2.762	-1.703	0.597	1.215	0.000000	0.000000
1583203080827	1583203080824	-13.631	-0.694	2.631	-1.874	0.351	1.108	0.000000	0.000000
1583203080845	1583203080844	-13.926	-0.768	2.291	-2.094	0.062	1.036	0.000000	0.000000
1583203080866	1583203080864	-13.758	-1.094	2.188	-2.312	-0.204	0.994	0.000000	0.000000
1583203080885	1583203080884	-13.320	-1.276	1.725	-2.492	-0.531	0.959	0.000000	0.000000
1583203080905	1583203080905	-13.713	-1.212	0.856	-2.628	-0.891	0.936	0.000000	0.000000
1583203080927	1583203080923	-13.928	-1.377	0.360	-2.764	-1.168	0.919	0.000000	0.000000
1583203080945	1583203080944	-12.170	-1.830	0.242	-2.931	-1.360	0.858	0.000000	0.000000
1583203080965	1583203080963	-9.482	-2.366	0.087	-3.002	-1.486	0.747	0.000000	0.000000
1583203080985	1583203080983	-8.229	-2.369	-0.450	-2.876	-1.601	0.609	0.000000	0.000000
1583203081006	1583203081006	-8.289	-2.136	-0.953	-2.636	-1.709	0.497	0.000000	0.000000
1583203081028	1583203081023	-8.696	-2.014	-1.250	-2.420	-1.726	0.383	0.000000	0.000000
1583203081046	1583203081043	-8.941	-1.808	-1.645	-2.298	-1.681	0.236	0.000000	0.000000
1583203081065	1583203081063	-9.058	-1.516	-2.184	-2.358	-1.618	0.093	0.000000	0.000000
1583203081085	1583203081085	-9.130	-1.379	-2.551	-2.542	-1.533	-0.025	0.000000	0.000000
1583203081104	1583203081103	-8.960	-1.331	-2.747	-2.734	-1.429	-0.114	0.000000	0.000000
1583203081127	1583203081127	-8.239	-1.295	-2.687	-2.877	-1.294	-0.169	0.000000	0.000000
1583203081145	1583203081142	-7.264	-1.458	-2.457	-2.936	-1.060	-0.152	0.000000	0.000000
1583203081164	1583203081162	-6.416	-1.573	-2.146	-2.878	-0.732	-0.057	0.000000	0.000000
1583203081187	1583203081187	-6.006	-1.557	-1.827	-2.703	-0.368	0.110	0.000000	0.000000
1583203081206	1583203081206	-6.181	-1.442	-1.679	-2.469	-0.022	0.335	0.000000	0.000000
1583203081226	1583203081223	-6.409	-1.375	-1.454	-2.231	0.235	0.601	0.000000	0.000000
1583203081244	1583203081243	-6.962	-1.370	-0.967	-2.030	0.434	0.922	0.000000	0.000000
1583203081264	1583203081262	-7.705	-1.585	-0.239	-1.840	0.617	1.305	0.000000	0.000000
1583203081283	1583203081282	-8.304	-1.957	0.293	-1.628	0.817	1.696	0.000000	0.000000
1583203081307	1583203081307	-8.955	-2.287	0.978	-1.451	1.088	2.075	0.000000	0.000000
1583203081326	1583203081326	-9.877	-2.898	1.855	-1.316	1.399	2.480	0.000000	0.000000
1583203081343	1583203081343	-11.149	-3.480	2.382	-1.157	1.644	2.811	0.000000	0.000000
1583203081363	1583203081362	-12.606	-3.854	2.518	-1.083	1.783	3.019	0.000000	0.000000
1583203081384	1583203081382	-13.543	-4.196	2.453	-1.033	1.842	3.101	0.000000	0.000000
1583203081407	1583203081404	-13.955	-4.711	2.283	-0.956	1.750	3.032	0.000000	0.000000
1583203081423	1583203081423	-13.902	-5.274	1.833	-0.920	1.484	2.821	0.000000	0.000000
1583203081443	1583203081442	-14.364	-6.015	1.399	-0.796	1.157	2.486	0.000000	0.000000
1583203081464	1583203081461	-15.188	-6.731	1.145	-0.527	0.852	2.024	0.000000	0.000000
1583203081483	1583203081481	-16.901	-7.150	0.786	-0.142	0.554	1.477	0.000000	0.000000
1583203081504	1583203081504	-18.643	-7.488	0.875	0.395	0.369	0.904	0.000000	0.000000
1583203081524	1583203081522	-16.712	-6.487	1.397	0.952	0.339	0.208	0.000000	0.000000
1583203081542	1583203081540	-13.567	-4.937	1.426	1.231	0.182	-0.497	0.000000	0.000000
1583203081563	1583203081561	-11.446	-4.470	1.452	1.305	0.030	-1.139	0.000000	0.000000
1583203081583	1583203081580	-10.141	-4.041	1.306	1.536	-0.177	-1.662	0.000000	0.000000
1583203081602	1583203081601	-9.655	-3.413	0.789	1.917	-0.429	-2.001	0.000000	0.000000
1583203081628	1583203081628	-9.983	-2.709	0.132	2.373	-0.704	-2.177	0.000000	0.000000
1583203081643	1583203081641	-11.269	-1.803	-0.349	2.965	-1.035	-2.185	0.000000	0.000000
1583203081662	1583203081660	-12.608	-1.691	-0.642	3.273	-1.353	-2.146	0.000000	0.000000
1583203081682	1583203081680	-13.147	-1.454	-0.634	3.509	-1.515	-2.019	0.000000	0.000000
1583203081702	1583203081700	-12.989	-0.718	-0.809	3.622	-1.563	-1.816	0.000000	0.000000
1583203081722	1583203081721	-12.615	-0.313	-1.056	3.295	-1.534	-1.632	0.000000	0.000000
1583203081742	1583203081742	-12.235	-0.452	-1.437	2.671	-1.469	-1.496	0.000000	0.000000
1583203081764	1583203081763	-11.784	-0.596	-1.770	2.118	-1.436	-1.399	0.000000	0.000000
1583203081783	1583203081780	-11.133	-0.709	-1.911	1.776	-1.447	-1.323	0.000000	0.000000
1583203081800	1583203081800	-10.517	-0.721	-1.978	1.555	-1.455	-1.313	0.000000	0.000000
1583203081825	1583203081825	-10.172	-0.644	-2.146	1.325	-1.449	-1.338	0.000000	0.000000
1583203081842	1583203081840	-9.889	-0.682	-2.417	1.040	-1.442	-1.373	0.000000	0.000000
1583203081861	1583203081860	-9.473	-0.768	-2.556	0.854	-1.417	-1.381	0.000000	0.000000
1583203081881	1583203081880	-9.068	-0.730	-2.642	0.791	-1.360	-1.366	0.000000	0.000000
1583203081901	1583203081899	-8.728	-0.807	-2.678	0.793	-1.241	-1.325	0.000000	0.000000
1583203081924	1583203081919	-8.620	-0.807	-2.524	0.846	-1.035	-1.259	0.000000	0.000000
1583203081940	1583203081940	-8.859	-0.778	-2.172	0.908	-0.744	-1.175	0.000000	0.000000
1583203081964	1583203081960	-9.259	-0.565	-1.885	0.941	-0.392	-1.069	0.000000	0.000000
1583203081982	1583203081979	-9.803	-0.424	-1.585	0.899	-0.054	-0.962	0.000000	0.000000
1583203082000	1583203081999	-10.634	-0.311	-0.963	0.804	0.232	-0.866	0.000000	0.000000
1583203082020	1583203082019	-11.094	-0.162	-0.323	0.643	0.436	-0.765	0.000000	0.000000
1583203082055	1583203082049	-11.303	-0.023	0.135	0.396	0.571	-0.662	0.000000	0.000000
1583203082061	1583203082061	-11.526	0.142	0.384	0.150	0.644	-0.517	0.000000	0.000000
1583203082084	1583203082083	-10.852	0.298	0.803	-0.081	0.677	-0.336	0.000000	0.000000
1583203082100	1583203082099	-10.613	0.683	1.145	-0.373	0.651	-0.147	0.000000	0.000000
1583203082120	1583203082119	-11.221	1.249	1.157	-0.784	0.582	0.047	0.000000	0.000000
1583203082141	1583203082139	-10.591	0.717	1.323	-1.341	0.610	0.273	0.000000	0.000000
1583203082160	1583203082160	-9.245	-0.503	2.015	-1.681	0.798	0.500	0.000000	0.000000
1583203082184	1583203082180	-8.831	-1.027	2.743	-1.586	0.988	0.680	0.000000	0.000000
1583203082199	1583203082198	-8.982	-1.279	3.551	-1.156	1.170	0.820	0.000000	0.000000
1583203082218	1583203082218	-9.322	-1.348	4.291	-0.551	1.368	0.944	0.000000	0.000000
1583203082240	1583203082240	-9.755	-0.800	4.286	-0.113	1.385	0.997	0.000000	0.000000
1583203082260	1583203082257	-9.904	-0.011	3.527	-0.119	1.181	1.003	0.000000	0.000000
1583203082281	1583203082281	-9.556	0.298	2.542	-0.569	0.844	1.030	0.000000	0.000000
1583203082300	1583203082298	-9.089	-0.019	1.914	-1.198	0.389	1.101	0.000000	0.000000
1583203082318	1583203082318	-8.843	-0.752	1.462	-1.668	-0.068	1.194	0.000000	0.000000
1583203082339	1583203082338	-8.979	-1.329	1.145	-1.871	-0.338	1.333	0.000000	0.000000
1583203082360	1583203082360	-9.353	-1.983	1.229	-1.941	-0.482	1.468	0.000000	0.000000
1583203082384	1583203082377	-9.549	-2.258	1.251	-1.876	-0.524	1.576	0.000000	0.000000
1583203082399	1583203082397	-9.794	-2.467	1.215	-1.707	-0.388	1.710	0.000000	0.000000
1583203082418	1583203082417	-10.086	-2.831	1.251	-1.468	-0.141	1.849	0.000000	0.000000
1583203082439	1583203082437	-10.227	-3.329	1.368	-1.129	0.144	1.930	0.000000	0.000000
1583203082463	1583203082463	-10.220	-3.715	1.682	-0.725	0.503	1.934	0.000000	0.000000
1583203082482	1583203082482	-9.901	-3.734	1.919	-0.412	0.743	1.777	0.000000	0.000000
1583203082504	1583203082498	-9.511	-3.451	1.888	-0.252	0.787	1.519	0.000000	0.000000
1583203082518	1583203082517	-9.202	-3.224	1.787	-0.200	0.688	1.236	0.000000	0.000000
1583203082538	1583203082537	-9.142	-3.003	1.689	-0.223	0.500	0.890	0.000000	0.000000
1583203082560	1583203082560	-9.358	-2.977	1.634	-0.298	0.268	0.552	0.000000	0.000000
1583203082579	1583203082578	-9.980	-3.140	1.632	-0.313	0.068	0.296	0.000000	0.000000
1583203082597	1583203082596	-10.687	-3.214	1.546	-0.234	-0.052	0.115	0.000000	0.000000
1583203082617	1583203082616	-10.984	-3.047	1.289	-0.172	-0.129	-0.040	0.000000	0.000000
1583203082637	1583203082636	-10.879	-2.821	0.877	-0.190	-0.137	-0.192	0.000000	0.000000
1583203082662	1583203082659	-10.649	-2.728	0.511	-0.237	-0.095	-0.343	0.000000	0.000000
1583203082682	1583203082681	-10.357	-2.802	0.384	-0.231	-0.022	-0.471	0.000000	0.000000
1583203082703	1583203082697	-11.066	-2.941	0.178	-0.095	0.031	-0.545	0.000000	0.000000
1583203082717	1583203082716	-13.142	-3.104	-0.083	0.256	0.034	-0.527	0.000000	0.000000
1583203082737	1583203082736	-13.832	-3.449	0.748	0.785	0.131	-0.402	0.000000	0.000000
1583203082757	1583203082756	-11.530	-3.636	1.483	1.227	0.256	-0.373	0.000000	0.000000
1583203082782	1583203082781	-10.007	-3.027	0.628	1.417	0.190	-0.522	0.000000	0.000000
1583203082797	1583203082796	-10.943	-2.390	-0.448	1.495	-0.081	-0.745	0.000000	0.000000
1583203082818	1583203082815	-12.759	-2.244	-0.666	1.560	-0.302	-0.951	0.000000	0.000000
1583203082837	1583203082836	-14.091	-2.357	-0.486	1.652	-0.463	-1.127	0.000000	0.000000
1583203082857	1583203082855	-13.880	-2.062	-0.584	1.714	-0.613	-1.332	0.000000	0.000000
1583203082881	1583203082881	-12.807	-1.825	-0.706	1.682	-0.652	-1.532	0.000000	0.000000
1583203082901	1583203082898	-11.909	-1.686	-0.709	1.609	-0.610	-1.735	0.000000	0.000000
1583203082919	1583203082918	-11.492	-1.458	-0.632	1.592	-0.549	-1.944	0.000000	0.000000
1583203082937	1583203082935	-11.317	-1.284	-0.392	1.663	-0.468	-2.144	0.000000	0.000000
1583203082956	1583203082955	-11.073	-0.924	-0.143	1.788	-0.392	-2.292	0.000000	0.000000
1583203082981	1583203082975	-10.515	-0.548	-0.028	1.848	-0.366	-2.343	0.000000	0.000000
1583203082995	1583203082995	-9.846	-0.194	-0.004	1.810	-0.397	-2.292	0.000000	0.000000
1583203083017	1583203083014	-9.240	0.034	0.041	1.682	-0.451	-2.171	0.000000	0.000000
1583203083036	1583203083034	-8.797	0.283	0.120	1.498	-0.506	-1.981	0.000000	0.000000
1583203083057	1583203083054	-8.598	0.439	0.101	1.259	-0.547	-1.747	0.000000	0.000000
1583203083078	1583203083078	-8.359	0.487	0.182	1.013	-0.554	-1.495	0.000000	0.000000
1583203083098	1583203083098	-8.169	0.563	0.250	0.819	-0.535	-1.231	0.000000	0.000000
1583203083118	1583203083115	-8.174	0.566	0.089	0.617	-0.493	-0.957	0.000000	0.000000
1583203083136	1583203083134	-8.656	0.729	-0.105	0.430	-0.444	-0.672	0.000000	0.000000
1583203083156	1583203083154	-9.417	0.899	-0.146	0.231	-0.357	-0.360	0.000000	0.000000
1583203083176	1583203083174	-9.717	0.875	0.120	-0.031	-0.178	-0.014	0.000000	0.000000
1583203083204	1583203083204	-9.583	0.460	0.539	-0.356	0.067	0.325	0.000000	0.000000
1583203083216	1583203083214	-9.925	0.271	0.836	-0.562	0.274	0.676	0.000000	0.000000
1583203083238	1583203083238	-10.079	0.118	1.414	-0.655	0.511	1.082	0.000000	0.000000
1583203083255	1583203083253	-10.397	-0.177	1.840	-0.727	0.717	1.484	0.000000	0.000000
1583203083275	1583203083273	-11.415	-0.378	1.948	-0.767	0.807	1.868	0.000000	0.000000
1583203083295	1583203083293	-12.407	-0.728	1.960	-0.817	0.833	2.240	0.000000	0.000000
1583203083317	1583203083317	-12.187	-1.509	2.257	-0.874	0.859	2.547	0.000000	0.000000
1583203083336	1583203083335	-10.730	-2.278	3.021	-0.803	0.977	2.755	0.000000	0.000000
1583203083355	1583203083353	-9.525	-2.740	3.409	-0.633	1.070	2.761	0.000000	0.000000
1583203083374	1583203083373	-9.305	-2.388	2.942	-0.527	0.874	2.496	0.000000	0.000000
1583203083394	1583203083393	-10.385	-1.767	1.874	-0.578	0.437	2.105	0.000000	0.000000
1583203083414	1583203083414	-11.569	-1.561	0.978	-0.779	0.008	1.611	0.000000	0.000000
1583203083435	1583203083433	-11.767	-1.784	0.470	-1.086	-0.338	1.084	0.000000	0.000000
1583203083454	1583203083453	-11.106	-2.009	0.065	-1.417	-0.582	0.613	0.000000	0.000000
1583203083473	1583203083472	-10.507	-2.122	-0.244	-1.714	-0.721	0.254	0.000000	0.000000
1583203083493	1583203083492	-10.091	-2.141	-0.299	-1.870	-0.763	-0.010	0.000000	0.000000
1583203083517	1583203083517	-9.480	-2.148	-0.254	-1.863	-0.709	-0.200	0.000000	0.000000
1583203083539	1583203083532	-8.689	-2.249	0.041	-1.718	-0.496	-0.283	0.000000	0.000000
1583203083553	1583203083552	-8.069	-2.179	0.223	-1.528	-0.194	-0.273	0.000000	0.000000
1583203083574	1583203083572	-7.575	-2.009	0.297	-1.359	0.082	-0.187	0.000000	0.000000
1583203083594	1583203083591	-7.278	-1.827	0.669	-1.205	0.287	-0.063	0.000000	0.000000
1583203083617	1583203083617	-7.194	-1.628	1.124	-1.092	0.397	0.072	0.000000	0.000000
1583203083635	1583203083634	-7.285	-1.600	1.246	-1.041	0.450	0.218	0.000000	0.000000
1583203083653	1583203083653	-7.630	-1.846	1.244	-1.005	0.469	0.371	0.000000	0.000000
1583203083673	1583203083671	-8.165	-2.254	1.498	-0.871	0.508	0.566	0.000000	0.000000
1583203083693	1583203083691	-8.720	-2.570	1.993	-0.585	0.586	0.796	0.000000	0.000000
1583203083717	1583203083715	-8.982	-2.788	2.513	-0.235	0.738	0.984	0.000000	0.000000
1583203083734	1583203083731	-9.173	-2.886	2.748	0.024	0.889	1.102	0.000000	0.000000
1583203083753	1583203083751	-9.592	-2.831	2.616	0.092	0.940	1.062	0.000000	0.000000
1583203083772	1583203083771	-10.577	-2.702	2.164	0.043	0.854	0.957	0.000000	0.000000
1583203083792	1583203083791	-11.456	-2.582	1.665	-0.012	0.701	0.786	0.000000	0.000000
1583203083813	1583203083813	-12.105	-2.716	1.438	-0.039	0.550	0.566	0.000000	0.000000
1583203083835	1583203083832	-12.467	-2.879	1.361	-0.019	0.385	0.362	0.000000	0.000000
1583203083856	1583203083853	-13.193	-3.037	1.186	0.044	0.221	0.226	0.000000	0.000000
1583203083872	1583203083871	-14.700	-3.262	0.769	0.183	0.108	0.175	0.000000	0.000000
1583203083892	1583203083890	-17.294	-3.574	0.597	0.489	0.050	0.206	0.000000	0.000000
1583203083917	1583203083910	-18.461	-4.187	1.481	1.073	0.173	0.291	0.000000	0.000000
1583203083940	1583203083938	-14.728	-3.907	2.458	1.678	0.389	0.181	0.000000	0.000000
1583203083951	1583203083951	-10.824	-3.404	2.640	1.978	0.345	-0.059	0.000000	0.000000
1583203083972	1583203083972	-8.919	-2.766	2.252	2.051	0.022	-0.372	0.000000	0.000000
1583203083991	1583203083990	-8.589	-2.208	1.371	2.062	-0.450	-0.677	0.000000	0.000000
1583203084011	1583203084010	-9.916	-1.832	0.693	2.069	-0.903	-0.900	0.000000	0.000000
1583203084032	1583203084032	-11.808	-1.425	0.096	2.089	-1.332	-1.011	0.000000	0.000000
1583203084057	1583203084050	-12.982	-1.281	-0.469	2.115	-1.687	-1.044	0.000000	0.000000
1583203084074	1583203084072	-12.800	-1.216	-0.869	1.989	-1.955	-1.094	0.000000	0.000000
1583203084092	1583203084090	-11.734	-1.351	-1.090	1.735	-2.015	-1.179	0.000000	0.000000
1583203084111	1583203084110	-10.651	-1.401	-1.334	1.426	-1.873	-1.272	0.000000	0.000000
1583203084137	1583203084130	-9.966	-1.377	-1.334	1.150	-1.624	-1.371	0.000000	0.000000
1583203084150	1583203084150	-9.417	-1.269	-1.195	1.034	-1.351	-1.484	0.000000	0.000000
1583203084172	1583203084169	-9.113	-1.288	-1.391	1.030	-1.096	-1.589	0.000000	0.000000
1583203084191	1583203084189	-8.967	-1.202	-1.696	1.036	-0.900	-1.658	0.000000	0.000000
1583203084210	1583203084209	-8.926	-1.097	-1.832	1.015	-0.781	-1.661	0.000000	0.000000
1583203084234	1583203084232	-8.792	-1.063	-1.799	1.002	-0.707	-1.593	0.000000	0.000000
1583203084254	1583203084249	-8.560	-1.003	-1.650	1.015	-0.626	-1.490	0.000000	0.000000
1583203084272	1583203084269	-8.476	-0.800	-1.485	0.983	-0.506	-1.396	0.000000	0.000000
1583203084291	1583203084289	-8.517	-0.807	-1.212	0.893	-0.343	-1.332	0.000000	0.000000
1583203084310	1583203084308	-8.828	-0.711	-0.781	0.835	-0.158	-1.295	0.000000	0.000000
1583203084331	1583203084329	-9.262	-0.550	-0.385	0.776	0.007	-1.272	0.000000	0.000000
1583203084360	1583203084359	-9.952	-0.234	0.029	0.651	0.139	-1.269	0.000000	0.000000
1583203084372	1583203084368	-10.570	0.123	0.305	0.466	0.237	-1.245	0.000000	0.000000
1583203084394	1583203084388	-10.826	0.463	0.226	0.257	0.284	-1.152	0.000000	0.000000
1583203084410	1583203084408	-10.891	0.757	0.060	0.037	0.304	-0.949	0.000000	0.000000
1583203084429	1583203084428	-10.687	0.853	0.223	-0.165	0.354	-0.623	0.000000	0.000000
1583203084456	1583203084448	-10.531	0.741	0.518	-0.338	0.468	-0.190	0.000000	0.000000
1583203084476	1583203084472	-10.939	0.324	1.030	-0.468	0.683	0.306	0.000000	0.000000
1583203084490	1583203084488	-10.071	-0.491	1.977	-0.505	1.039	0.754	0.000000	0.000000
1583203084509	1583203084508	-8.428	-1.030	2.861	-0.424	1.479	1.000	0.000000	0.000000
1583203084528	1583203084528	-8.016	-1.298	3.467	-0.228	1.775	1.110	0.000000	0.000000
