1583203754753	1583203754753	-9.691	-1.298	-1.784	2.039	-0.729	-3.077	0.000000	0.000000
1583203754761	1583203754760	-10.373	-0.939	-2.041	2.068	-0.695	-3.251	0.000000	0.000000
1583203754788	1583203754787	-10.939	-0.378	-2.158	2.100	-0.702	-3.267	0.000000	0.000000
1583203754803	1583203754799	-10.960	-0.167	-1.962	2.100	-0.729	-3.150	0.000000	0.000000
1583203754820	1583203754819	-10.158	-0.198	-1.446	2.105	-0.725	-2.863	0.000000	0.000000
1583203754840	1583203754838	-9.192	-0.378	-0.939	2.051	-0.605	-2.423	0.000000	0.000000
1583203754862	1583203754861	-8.584	-0.452	-0.781	1.945	-0.439	-1.945	0.000000	0.000000
1583203754879	1583203754878	-8.138	-0.134	-0.819	1.716	-0.337	-1.565	0.000000	0.000000
1583203754902	1583203754902	-8.488	0.338	-0.910	1.366	-0.309	-1.335	0.000000	0.000000
1583203754919	1583203754918	-9.631	0.547	-0.965	0.986	-0.335	-1.127	0.000000	0.000000
1583203754939	1583203754938	-10.615	0.722	-1.037	0.628	-0.377	-0.906	0.000000	0.000000
1583203754959	1583203754958	-10.687	0.997	-1.116	0.134	-0.393	-0.692	0.000000	0.000000
1583203754984	1583203754980	-10.143	0.954	-0.991	-0.578	-0.316	-0.494	0.000000	0.000000
1583203755001	1583203754998	-9.894	0.348	-0.400	-1.239	-0.137	-0.254	0.000000	0.000000
1583203755019	1583203755018	-9.274	-0.153	0.125	-1.592	0.056	0.001	0.000000	0.000000
1583203755038	1583203755038	-9.614	-0.100	0.190	-1.674	0.197	0.297	0.000000	0.000000
1583203755059	1583203755058	-10.139	-0.249	0.321	-1.690	0.366	0.664	0.000000	0.000000
1583203755081	1583203755080	-10.165	-1.039	0.975	-1.699	0.579	1.055	0.000000	0.000000
1583203755098	1583203755097	-10.431	-1.789	1.651	-1.530	0.733	1.360	0.000000	0.000000
1583203755119	1583203755117	-11.442	-1.834	1.550	-1.160	0.797	1.609	0.000000	0.000000
1583203755138	1583203755137	-11.693	-1.418	1.500	-0.838	0.822	1.818	0.000000	0.000000
1583203755158	1583203755157	-11.303	-1.214	1.581	-0.808	0.827	1.918	0.000000	0.000000
1583203755185	1583203755179	-10.752	-1.276	1.373	-0.998	0.715	1.870	0.000000	0.000000
1583203755198	1583203755197	-9.892	-1.140	1.030	-1.279	0.450	1.737	0.000000	0.000000
1583203755219	1583203755218	-9.135	-1.245	0.549	-1.694	0.109	1.547	0.000000	0.000000
1583203755240	1583203755238	-8.433	-1.442	0.135	-2.036	-0.236	1.361	0.000000	0.000000
1583203755259	1583203755258	-7.858	-1.458	-0.452	-2.280	-0.505	1.235	0.000000	0.000000
1583203755278	1583203755277	-7.769	-1.439	-0.972	-2.508	-0.659	1.198	0.000000	0.000000
1583203755298	1583203755297	-8.045	-1.547	-1.358	-2.702	-0.764	1.220	0.000000	0.000000
1583203755318	1583203755317	-8.519	-1.722	-1.482	-2.799	-0.813	1.334	0.000000	0.000000
1583203755338	1583203755336	-9.077	-2.057	-1.506	-2.841	-0.778	1.535	0.000000	0.000000
1583203755357	1583203755356	-9.808	-2.726	-1.272	-2.730	-0.590	1.860	0.000000	0.000000
1583203755379	1583203755378	-10.448	-3.219	-0.984	-2.415	-0.308	2.242	0.000000	0.000000
1583203755397	1583203755396	-10.515	-3.636	-0.728	-2.046	0.001	2.542	0.000000	0.000000
1583203755417	1583203755416	-10.462	-4.196	-0.222	-1.699	0.477	2.724	0.000000	0.000000
1583203755438	1583203755437	-11.161	-4.649	0.120	-1.313	0.870	2.838	0.000000	0.000000
1583203755457	1583203755456	-12.306	-4.946	0.096	-0.915	1.069	2.813	0.000000	0.000000
1583203755480	1583203755479	-13.521	-5.454	0.008	-0.519	1.141	2.634	0.000000	0.000000
1583203755498	1583203755498	-13.921	-6.108	-0.227	-0.219	1.166	2.290	0.000000	0.000000
1583203755517	1583203755516	-13.571	-6.324	-0.438	0.001	1.147	1.742	0.000000	0.000000
1583203755538	1583203755536	-13.176	-6.051	-0.392	0.115	0.995	1.075	0.000000	0.000000
1583203755558	1583203755557	-13.229	-4.776	-0.277	0.019	0.701	0.253	0.000000	0.000000
1583203755582	1583203755578	-14.168	-4.616	-0.555	-0.147	0.367	-0.502	0.000000	0.000000
1583203755603	1583203755603	-14.515	-5.059	-0.333	0.024	0.137	-0.962	0.000000	0.000000
1583203755618	1583203755617	-13.406	-4.997	0.314	0.577	-0.004	-1.179	0.000000	0.000000
1583203755638	1583203755638	-12.877	-4.570	-0.160	1.220	-0.268	-1.357	0.000000	0.000000
1583203755657	1583203755657	-14.137	-3.966	-1.152	1.814	-0.551	-1.495	0.000000	0.000000
1583203755678	1583203755677	-14.843	-3.260	-1.633	2.436	-0.786	-1.518	0.000000	0.000000
1583203755701	1583203755698	-14.242	-1.921	-1.897	3.051	-1.037	-1.571	0.000000	0.000000
1583203755719	1583203755718	-12.865	-1.466	-1.231	3.322	-1.221	-1.678	0.000000	0.000000
1583203755737	1583203755737	-11.252	-1.691	-1.367	2.655	-1.171	-2.078	0.000000	0.000000
1583203755757	1583203755757	-10.596	-1.322	-1.106	2.390	-0.982	-2.397	0.000000	0.000000
1583203755777	1583203755777	-10.254	-0.821	-1.391	2.194	-0.898	-2.723	0.000000	0.000000
1583203755797	1583203755797	-10.481	-0.591	-1.696	2.096	-0.842	-3.012	0.000000	0.000000
1583203755817	1583203755817	-10.917	-0.340	-1.923	2.061	-0.842	-3.177	0.000000	0.000000
1583203755837	1583203755837	-11.102	-0.011	-2.038	1.940	-0.855	-3.224	0.000000	0.000000
1583203755856	1583203755856	-10.793	0.132	-1.835	1.808	-0.866	-3.050	0.000000	0.000000
1583203755876	1583203755876	-9.693	-0.146	-1.444	1.774	-0.866	-2.714	0.000000	0.000000
1583203755900	1583203755898	-8.610	-0.330	-1.152	1.817	-0.751	-2.245	0.000000	0.000000
1583203755922	1583203755915	-7.726	-0.186	-1.015	1.819	-0.576	-1.737	0.000000	0.000000
1583203755941	1583203755935	-7.096	0.080	-0.965	1.688	-0.423	-1.285	0.000000	0.000000
1583203755956	1583203755955	-6.854	0.360	-0.975	1.463	-0.318	-0.927	0.000000	0.000000
1583203755976	1583203755975	-7.276	0.537	-1.025	1.169	-0.289	-0.625	0.000000	0.000000
1583203755997	1583203755995	-8.620	0.482	-1.022	0.841	-0.316	-0.316	0.000000	0.000000
1583203756017	1583203756017	-9.988	0.554	-1.118	0.464	-0.337	-0.013	0.000000	0.000000
1583203756036	1583203756036	-10.366	0.640	-1.305	-0.176	-0.301	0.221	0.000000	0.000000
1583203756057	1583203756057	-10.632	0.393	-1.482	-0.984	-0.221	0.386	0.000000	0.000000
1583203756077	1583203756075	-10.809	-0.014	-1.240	-1.588	-0.091	0.567	0.000000	0.000000
1583203756096	1583203756094	-10.893	-0.462	-1.025	-1.902	0.011	0.781	0.000000	0.000000
1583203756116	1583203756116	-11.942	-0.591	-0.946	-2.008	0.144	1.028	0.000000	0.000000
1583203756138	1583203756138	-12.498	-1.166	-0.541	-2.029	0.395	1.338	0.000000	0.000000
1583203756155	1583203756155	-11.463	-2.553	0.927	-1.860	0.719	1.664	0.000000	0.000000
1583203756174	1583203756174	-10.244	-3.475	2.015	-1.319	1.101	1.839	0.000000	0.000000
1583203756195	1583203756194	-10.304	-2.939	1.890	-0.570	1.278	1.872	0.000000	0.000000
1583203756216	1583203756216	-10.330	-1.518	1.361	-0.152	1.174	1.735	0.000000	0.000000
1583203756235	1583203756235	-10.191	-0.699	0.894	-0.297	0.970	1.476	0.000000	0.000000
1583203756257	1583203756255	-9.954	-0.642	0.499	-0.844	0.618	1.189	0.000000	0.000000
1583203756275	1583203756274	-9.556	-0.974	0.283	-1.438	0.173	0.995	0.000000	0.000000
1583203756295	1583203756294	-8.855	-1.310	-0.026	-1.931	-0.216	0.898	0.000000	0.000000
1583203756317	1583203756317	-8.361	-1.662	-0.539	-2.207	-0.446	0.887	0.000000	0.000000
1583203756338	1583203756338	-8.165	-1.772	-0.855	-2.349	-0.631	0.880	0.000000	0.000000
1583203756354	1583203756354	-8.129	-1.777	-1.281	-2.460	-0.767	0.902	0.000000	0.000000
1583203756374	1583203756374	-8.452	-1.892	-1.578	-2.506	-0.776	1.001	0.000000	0.000000
1583203756394	1583203756394	-8.931	-2.052	-1.667	-2.477	-0.684	1.156	0.000000	0.000000
1583203756415	1583203756413	-9.204	-2.405	-1.549	-2.368	-0.513	1.371	0.000000	0.000000
1583203756438	1583203756438	-9.528	-2.637	-1.245	-2.198	-0.219	1.624	0.000000	0.000000
1583203756461	1583203756454	-9.652	-2.853	-0.979	-2.074	0.069	1.802	0.000000	0.000000
1583203756475	1583203756475	-9.532	-3.224	-0.610	-1.985	0.352	1.870	0.000000	0.000000
1583203756493	1583203756493	-9.710	-3.715	0.103	-1.798	0.710	1.890	0.000000	0.000000
1583203756513	1583203756513	-10.021	-4.084	0.618	-1.469	0.959	1.872	0.000000	0.000000
1583203756537	1583203756537	-11.102	-4.268	0.827	-1.054	1.028	1.825	0.000000	0.000000
1583203756555	1583203756553	-12.627	-4.319	0.777	-0.639	0.985	1.735	0.000000	0.000000
1583203756574	1583203756574	-13.674	-4.316	0.602	-0.369	0.896	1.598	0.000000	0.000000
1583203756594	1583203756592	-13.883	-4.441	0.262	-0.291	0.758	1.383	0.000000	0.000000
1583203756613	1583203756612	-13.562	-4.573	0.008	-0.332	0.582	1.070	0.000000	0.000000
1583203756634	1583203756634	-13.281	-4.553	-0.165	-0.412	0.382	0.627	0.000000	0.000000
1583203756654	1583203756654	-14.201	-4.568	-0.567	-0.383	0.123	0.150	0.000000	0.000000
1583203756674	1583203756674	-15.126	-4.855	-0.380	-0.026	-0.019	-0.222	0.000000	0.000000
1583203756693	1583203756692	-13.943	-5.011	0.422	0.602	-0.024	-0.448	0.000000	0.000000
1583203756713	1583203756711	-12.321	-4.654	0.130	1.234	-0.131	-0.621	0.000000	0.000000
1583203756732	1583203756732	-12.527	-4.053	-0.740	1.750	-0.351	-0.828	0.000000	0.000000
1583203756753	1583203756753	-12.941	-3.334	-1.106	2.210	-0.559	-1.028	0.000000	0.000000
1583203756772	1583203756772	-12.560	-2.453	-1.080	2.609	-0.749	-1.201	0.000000	0.000000
1583203756793	1583203756794	-11.748	-1.985	-1.164	2.646	-0.920	-1.453	0.000000	0.000000
1583203756811	1583203756811	-10.951	-1.885	-1.197	2.428	-0.989	-1.802	0.000000	0.000000
1583203756832	1583203756832	-10.632	-1.573	-1.212	2.351	-1.003	-2.096	0.000000	0.000000
1583203756854	1583203756851	-10.742	-1.360	-1.358	2.360	-1.011	-2.348	0.000000	0.000000
1583203756875	1583203756871	-11.137	-1.171	-1.547	2.426	-0.991	-2.499	0.000000	0.000000
1583203756892	1583203756891	-11.327	-0.912	-1.557	2.503	-0.958	-2.543	0.000000	0.000000
1583203756911	1583203756911	-10.984	-0.694	-1.377	2.538	-0.924	-2.454	0.000000	0.000000
1583203756932	1583203756931	-10.196	-0.598	-1.200	2.521	-0.858	-2.261	0.000000	0.000000
1583203756952	1583203756952	-9.446	-0.433	-1.118	2.445	-0.793	-2.006	0.000000	0.000000
1583203756972	1583203756972	-8.828	-0.297	-1.161	2.314	-0.754	-1.737	0.000000	0.000000
1583203756992	1583203756992	-8.407	0.022	-1.171	2.087	-0.737	-1.503	0.000000	0.000000
1583203757011	1583203757011	-8.270	0.156	-1.063	1.728	-0.728	-1.320	0.000000	0.000000
1583203757032	1583203757030	-8.507	0.142	-1.003	1.338	-0.743	-1.178	0.000000	0.000000
1583203757053	1583203757052	-9.135	0.283	-1.068	0.963	-0.786	-1.054	0.000000	0.000000
1583203757073	1583203757071	-9.889	0.415	-1.149	0.608	-0.833	-0.921	0.000000	0.000000
1583203757095	1583203757093	-10.249	0.537	-1.420	0.212	-0.857	-0.746	0.000000	0.000000
1583203757113	1583203757112	-9.935	0.571	-1.782	-0.281	-0.841	-0.573	0.000000	0.000000
1583203757131	1583203757130	-10.074	0.563	-1.954	-0.789	-0.743	-0.387	0.000000	0.000000
1583203757150	1583203757150	-10.397	0.092	-1.782	-1.191	-0.559	-0.151	0.000000	0.000000
1583203757174	1583203757174	-11.367	-0.220	-1.542	-1.342	-0.314	0.141	0.000000	0.000000
1583203757192	1583203757189	-11.830	-0.701	-1.296	-1.288	0.023	0.521	0.000000	0.000000
1583203757211	1583203757211	-11.152	-1.418	-0.426	-1.082	0.488	0.931	0.000000	0.000000
1583203757230	1583203757229	-10.225	-1.834	0.757	-0.812	0.957	1.121	0.000000	0.000000
1583203757250	1583203757250	-10.364	-1.808	1.522	-0.487	1.371	1.147	0.000000	0.000000
1583203757271	1583203757270	-10.337	-1.494	2.065	-0.206	1.633	1.119	0.000000	0.000000
1583203757296	1583203757292	-9.983	-0.912	2.271	-0.161	1.689	0.963	0.000000	0.000000
1583203757310	1583203757310	-9.144	-0.093	1.902	-0.394	1.486	0.737	0.000000	0.000000
1583203757329	1583203757329	-8.411	0.096	1.404	-0.870	1.075	0.593	0.000000	0.000000
1583203757351	1583203757349	-7.700	-0.244	1.023	-1.471	0.562	0.522	0.000000	0.000000
1583203757370	1583203757369	-7.264	-0.651	0.745	-1.943	0.080	0.555	0.000000	0.000000
1583203757394	1583203757394	-7.171	-0.948	0.307	-2.269	-0.232	0.664	0.000000	0.000000
1583203757411	1583203757411	-7.446	-1.212	0.115	-2.471	-0.428	0.796	0.000000	0.000000
1583203757429	1583203757429	-7.997	-1.422	-0.196	-2.599	-0.600	0.959	0.000000	0.000000
1583203757449	1583203757449	-8.519	-1.660	-0.438	-2.656	-0.627	1.184	0.000000	0.000000
1583203757473	1583203757473	-9.070	-2.021	-0.440	-2.631	-0.498	1.469	0.000000	0.000000
1583203757498	1583203757498	-9.700	-2.479	-0.210	-2.482	-0.243	1.806	0.000000	0.000000
1583203757508	1583203757508	-10.342	-3.183	0.283	-2.163	0.095	2.174	0.000000	0.000000
1583203757530	1583203757530	-10.469	-3.789	0.820	-1.663	0.452	2.460	0.000000	0.000000
1583203757548	1583203757548	-10.651	-4.345	1.402	-1.099	0.948	2.605	0.000000	0.000000
1583203757568	1583203757568	-10.598	-4.549	1.912	-0.619	1.362	2.587	0.000000	0.000000
1583203757588	1583203757588	-11.420	-4.096	1.584	-0.270	1.402	2.402	0.000000	0.000000
1583203757613	1583203757611	-12.795	-3.839	1.136	-0.060	1.241	2.221	0.000000	0.000000
1583203757629	1583203757629	-13.681	-3.772	0.769	-0.055	0.974	1.888	0.000000	0.000000
1583203757648	1583203757648	-14.462	-3.885	0.468	-0.196	0.644	1.454	0.000000	0.000000
1583203757669	1583203757668	-14.767	-4.565	0.374	-0.347	0.322	1.022	0.000000	0.000000
1583203757693	1583203757693	-14.149	-5.030	0.333	-0.310	0.050	0.543	0.000000	0.000000
1583203757708	1583203757708	-13.998	-5.102	-0.064	-0.084	-0.226	0.049	0.000000	0.000000
1583203757732	1583203757727	-14.067	-4.596	-0.012	0.310	-0.389	-0.388	0.000000	0.000000
1583203757747	1583203757747	-12.874	-4.057	0.468	0.717	-0.468	-0.732	0.000000	0.000000
1583203757767	1583203757767	-11.291	-3.382	0.123	1.024	-0.660	-1.070	0.000000	0.000000
1583203757789	1583203757788	-12.084	-2.503	-1.121	1.220	-0.978	-1.365	0.000000	0.000000
1583203757816	1583203757807	-13.574	-2.199	-1.573	1.434	-1.178	-1.540	0.000000	0.000000
1583203757829	1583203757829	-13.686	-1.933	-1.648	1.589	-1.355	-1.690	0.000000	0.000000
1583203757847	1583203757847	-12.460	-1.775	-1.571	1.647	-1.511	-1.801	0.000000	0.000000
1583203757867	1583203757867	-10.634	-1.758	-1.322	1.622	-1.513	-1.884	0.000000	0.000000
1583203757892	1583203757892	-9.437	-1.708	-1.193	1.581	-1.332	-1.953	0.000000	0.000000
1583203757917	1583203757916	-9.075	-1.485	-1.286	1.562	-1.130	-2.040	0.000000	0.000000
1583203757928	1583203757928	-9.257	-1.152	-1.473	1.583	-0.947	-2.119	0.000000	0.000000
1583203757948	1583203757948	-9.643	-0.996	-1.530	1.638	-0.778	-2.142	0.000000	0.000000
1583203757966	1583203757966	-9.789	-0.941	-1.494	1.720	-0.652	-2.074	0.000000	0.000000
1583203757987	1583203757986	-9.473	-0.812	-1.387	1.797	-0.579	-1.912	0.000000	0.000000
1583203758010	1583203758010	-8.991	-0.625	-1.339	1.786	-0.540	-1.697	0.000000	0.000000
1583203758029	1583203758026	-8.680	-0.395	-1.296	1.693	-0.524	-1.457	0.000000	0.000000
1583203758047	1583203758046	-8.488	-0.134	-1.274	1.479	-0.516	-1.231	0.000000	0.000000
1583203758066	1583203758066	-8.280	-0.067	-1.205	1.166	-0.494	-1.020	0.000000	0.000000
1583203758087	1583203758087	-8.203	-0.081	-1.092	0.822	-0.462	-0.835	0.000000	0.000000
1583203758108	1583203758108	-8.455	-0.071	-1.102	0.485	-0.428	-0.688	0.000000	0.000000
1583203758128	1583203758127	-9.132	0.048	-1.212	0.147	-0.392	-0.567	0.000000	0.000000
1583203758148	1583203758147	-9.956	0.130	-1.291	-0.199	-0.357	-0.437	0.000000	0.000000
1583203758166	1583203758166	-10.237	0.151	-1.255	-0.586	-0.300	-0.272	0.000000	0.000000
1583203758187	1583203758185	-10.201	0.058	-1.125	-0.999	-0.191	-0.075	0.000000	0.000000
1583203758209	1583203758206	-10.256	-0.244	-0.740	-1.321	-0.012	0.157	0.000000	0.000000
1583203758234	1583203758228	-10.364	-0.620	-0.306	-1.467	0.216	0.434	0.000000	0.000000
1583203758249	1583203758249	-11.566	-0.567	-0.191	-1.475	0.406	0.742	0.000000	0.000000
1583203758265	1583203758265	-11.988	-1.104	0.293	-1.460	0.642	1.100	0.000000	0.000000
1583203758287	1583203758285	-10.529	-2.251	1.577	-1.353	0.936	1.394	0.000000	0.000000
1583203758305	1583203758305	-9.561	-2.692	2.214	-1.031	1.224	1.500	0.000000	0.000000
1583203758332	1583203758332	-9.719	-2.407	2.111	-0.685	1.317	1.513	0.000000	0.000000
1583203758349	1583203758349	-9.822	-1.942	1.929	-0.421	1.257	1.415	0.000000	0.000000
1583203758366	1583203758366	-9.822	-1.511	1.572	-0.256	1.063	1.250	0.000000	0.000000
1583203758386	1583203758384	-9.705	-1.030	0.939	-0.321	0.691	1.059	0.000000	0.000000
1583203758404	1583203758404	-9.506	-1.039	0.456	-0.636	0.292	0.925	0.000000	0.000000
1583203758426	1583203758426	-9.188	-1.188	0.096	-1.061	-0.024	0.859	0.000000	0.000000
1583203758446	1583203758445	-9.025	-1.492	-0.287	-1.451	-0.227	0.828	0.000000	0.000000
1583203758465	1583203758463	-8.905	-1.626	-0.579	-1.676	-0.389	0.820	0.000000	0.000000
1583203758485	1583203758484	-8.934	-1.868	-0.915	-1.771	-0.464	0.859	0.000000	0.000000
1583203758504	1583203758504	-9.202	-2.021	-1.020	-1.767	-0.409	0.956	0.000000	0.000000
1583203758526	1583203758526	-9.348	-2.340	-0.891	-1.683	-0.235	1.124	0.000000	0.000000
1583203758548	1583203758547	-9.338	-2.673	-0.594	-1.480	0.045	1.353	0.000000	0.000000
1583203758565	1583203758565	-9.324	-2.888	-0.220	-1.204	0.309	1.552	0.000000	0.000000
1583203758585	1583203758584	-9.027	-3.075	0.058	-0.966	0.529	1.652	0.000000	0.000000
1583203758604	1583203758603	-8.819	-3.387	0.379	-0.805	0.797	1.657	0.000000	0.000000
1583203758626	1583203758626	-8.756	-3.648	0.671	-0.621	0.959	1.591	0.000000	0.000000
1583203758653	1583203758648	-9.262	-3.629	0.633	-0.382	0.950	1.494	0.000000	0.000000
1583203758664	1583203758664	-10.888	-3.684	0.508	-0.136	0.808	1.395	0.000000	0.000000
1583203758688	1583203758687	-12.524	-3.911	0.422	0.126	0.682	1.317	0.000000	0.000000
1583203758703	1583203758703	-13.931	-4.218	0.396	0.347	0.608	1.235	0.000000	0.000000
1583203758724	1583203758723	-14.551	-4.450	0.000	0.457	0.482	1.068	0.000000	0.000000
1583203758744	1583203758744	-14.161	-4.266	-0.507	0.511	0.322	0.740	0.000000	0.000000
1583203758764	1583203758764	-14.606	-3.950	-1.073	0.557	0.110	0.306	0.000000	0.000000
1583203758784	1583203758784	-15.871	-4.036	-0.800	0.800	-0.019	-0.077	0.000000	0.000000
1583203758803	1583203758803	-14.946	-4.395	0.360	1.315	0.007	-0.342	0.000000	0.000000
1583203758823	1583203758823	-13.392	-4.081	-0.162	1.878	-0.167	-0.568	0.000000	0.000000
1583203758850	1583203758848	-13.293	-3.229	-1.341	2.515	-0.480	-0.714	0.000000	0.000000
1583203758863	1583203758863	-12.927	-2.675	-1.377	2.869	-0.684	-0.892	0.000000	0.000000
1583203758888	1583203758882	-12.285	-2.314	-1.382	2.820	-0.877	-1.123	0.000000	0.000000
1583203758903	1583203758902	-10.869	-1.854	-1.502	2.678	-1.051	-1.418	0.000000	0.000000
1583203758923	1583203758922	-10.045	-1.703	-1.403	2.558	-1.116	-1.724	0.000000	0.000000
1583203758944	1583203758944	-9.853	-1.504	-1.341	2.546	-1.119	-1.988	0.000000	0.000000
1583203758972	1583203758971	-10.002	-1.470	-1.456	2.572	-1.092	-2.191	0.000000	0.000000
1583203758987	1583203758983	-10.263	-1.398	-1.504	2.658	-1.069	-2.273	0.000000	0.000000
1583203759001	1583203759001	-10.426	-1.111	-1.549	2.764	-1.075	-2.232	0.000000	0.000000
1583203759023	1583203759022	-10.488	-0.773	-1.621	2.801	-1.083	-2.072	0.000000	0.000000
1583203759042	1583203759042	-10.321	-0.567	-1.672	2.740	-1.094	-1.813	0.000000	0.000000
1583203759070	1583203759070	-9.913	-0.529	-1.624	2.593	-1.106	-1.501	0.000000	0.000000
1583203759082	1583203759081	-9.432	-0.495	-1.590	2.379	-1.097	-1.191	0.000000	0.000000
1583203759104	1583203759103	-9.164	-0.435	-1.559	2.118	-1.088	-0.927	0.000000	0.000000
1583203759122	1583203759121	-9.022	-0.356	-1.494	1.820	-1.096	-0.748	0.000000	0.000000
1583203759141	1583203759141	-9.123	-0.344	-1.554	1.434	-1.120	-0.655	0.000000	0.000000
1583203759163	1583203759163	-9.861	-0.184	-1.727	0.958	-1.150	-0.639	0.000000	0.000000
1583203759182	1583203759182	-10.802	-0.050	-2.076	0.373	-1.194	-0.685	0.000000	0.000000
1583203759208	1583203759202	-11.051	-0.035	-2.429	-0.243	-1.216	-0.769	0.000000	0.000000
1583203759222	1583203759220	-10.613	-0.103	-2.745	-0.833	-1.185	-0.852	0.000000	0.000000
1583203759242	1583203759241	-10.318	-0.268	-2.872	-1.302	-1.037	-0.881	0.000000	0.000000
1583203759262	1583203759261	-9.516	-0.646	-2.242	-1.479	-0.739	-0.832	0.000000	0.000000
1583203759281	1583203759281	-10.028	-0.661	-1.377	-1.423	-0.319	-0.693	0.000000	0.000000
1583203759308	1583203759302	-11.087	-0.601	-1.197	-1.286	0.092	-0.434	0.000000	0.000000
1583203759322	1583203759320	-10.328	-1.111	-0.697	-1.079	0.560	-0.042	0.000000	0.000000
1583203759342	1583203759340	-8.998	-1.478	0.451	-0.891	1.028	0.308	0.000000	0.000000
1583203759361	1583203759361	-8.737	-1.461	1.289	-0.711	1.394	0.406	0.000000	0.000000
1583203759393	1583203759384	-9.056	-1.286	1.780	-0.442	1.609	0.495	0.000000	0.000000
1583203759406	1583203759401	-8.950	-0.694	2.058	-0.264	1.718	0.553	0.000000	0.000000
1583203759421	1583203759422	-8.895	-0.186	2.080	-0.385	1.699	0.567	0.000000	0.000000
1583203759440	1583203759440	-8.771	-0.227	1.890	-0.714	1.525	0.614	0.000000	0.000000
1583203759460	1583203759460	-8.282	-0.515	1.577	-1.066	1.216	0.754	0.000000	0.000000
1583203759481	1583203759480	-7.789	-0.768	1.337	-1.421	0.878	0.947	0.000000	0.000000
1583203759505	1583203759503	-7.686	-1.125	1.174	-1.688	0.581	1.156	0.000000	0.000000
1583203759521	1583203759521	-8.040	-1.379	0.927	-1.787	0.366	1.376	0.000000	0.000000
1583203759542	1583203759539	-8.744	-1.557	0.630	-1.792	0.219	1.628	0.000000	0.000000
1583203759559	1583203759559	-9.511	-1.873	0.434	-1.745	0.160	1.907	0.000000	0.000000
1583203759582	1583203759582	-10.148	-2.338	0.599	-1.668	0.219	2.166	0.000000	0.000000
1583203759603	1583203759601	-10.625	-3.169	0.834	-1.573	0.317	2.352	0.000000	0.000000
1583203759620	1583203759620	-10.742	-3.516	1.177	-1.364	0.480	2.449	0.000000	0.000000
1583203759639	1583203759639	-10.637	-4.127	1.579	-1.165	0.766	2.426	0.000000	0.000000
1583203759659	1583203759659	-10.316	-4.101	1.639	-0.921	0.936	2.232	0.000000	0.000000
1583203759682	1583203759682	-10.771	-3.559	1.349	-0.759	0.951	2.040	0.000000	0.000000
1583203759705	1583203759705	-12.211	-3.657	1.030	-0.614	0.822	1.872	0.000000	0.000000
1583203759720	1583203759720	-13.440	-3.892	0.750	-0.478	0.650	1.650	0.000000	0.000000
1583203759741	1583203759739	-14.065	-4.098	0.547	-0.441	0.456	1.384	0.000000	0.000000
1583203759760	1583203759758	-14.371	-4.367	0.180	-0.511	0.225	1.087	0.000000	0.000000
1583203759779	1583203759778	-14.053	-4.637	-0.254	-0.578	0.016	0.710	0.000000	0.000000
1583203759804	1583203759804	-14.364	-4.676	-0.879	-0.542	-0.202	0.263	0.000000	0.000000
1583203759819	1583203759818	-15.409	-4.822	-0.876	-0.231	-0.344	-0.136	0.000000	0.000000
1583203759844	1583203759844	-14.074	-4.802	0.274	0.406	-0.261	-0.395	0.000000	0.000000
1583203759859	1583203759859	-11.621	-4.333	0.274	1.051	-0.310	-0.608	0.000000	0.000000
1583203759878	1583203759878	-11.667	-3.530	-0.666	1.428	-0.546	-0.891	0.000000	0.000000
1583203759898	1583203759898	-13.085	-2.946	-1.336	1.745	-0.757	-1.116	0.000000	0.000000
1583203759919	1583203759919	-13.581	-2.254	-1.466	2.071	-0.926	-1.239	0.000000	0.000000
1583203759941	1583203759939	-13.059	-1.861	-1.602	2.013	-1.122	-1.415	0.000000	0.000000
1583203759959	1583203759957	-11.494	-1.878	-1.418	1.765	-1.204	-1.637	0.000000	0.000000
1583203759978	1583203759978	-9.988	-1.882	-1.248	1.680	-1.137	-1.835	0.000000	0.000000
1583203760003	1583203759997	-9.425	-1.827	-1.193	1.737	-0.975	-2.035	0.000000	0.000000
1583203760018	1583203760017	-9.501	-1.710	-1.178	1.932	-0.796	-2.182	0.000000	0.000000
1583203760039	1583203760037	-9.952	-1.475	-1.226	2.204	-0.657	-2.234	0.000000	0.000000
1583203760057	1583203760057	-10.232	-1.178	-1.336	2.439	-0.557	-2.204	0.000000	0.000000
1583203760078	1583203760078	-9.928	-0.850	-1.250	2.589	-0.484	-2.083	0.000000	0.000000
1583203760101	1583203760101	-9.197	-0.550	-0.996	2.589	-0.440	-1.894	0.000000	0.000000
1583203760122	1583203760120	-8.517	-0.577	-0.773	2.449	-0.401	-1.662	0.000000	0.000000
1583203760141	1583203760137	-8.155	-0.503	-0.594	2.302	-0.375	-1.430	0.000000	0.000000
1583203760157	1583203760157	-8.042	-0.189	-0.354	2.100	-0.387	-1.248	0.000000	0.000000
1583203760178	1583203760176	-8.359	-0.007	-0.256	1.743	-0.434	-1.139	0.000000	0.000000
1583203760198	1583203760196	-9.029	0.195	-0.364	1.280	-0.537	-1.076	0.000000	0.000000
1583203760218	1583203760218	-10.177	0.446	-0.615	0.767	-0.678	-1.019	0.000000	0.000000
1583203760237	1583203760237	-11.135	0.779	-0.982	0.193	-0.811	-0.955	0.000000	0.000000
1583203760258	1583203760257	-11.085	0.851	-1.439	-0.490	-0.909	-0.889	0.000000	0.000000
1583203760276	1583203760276	-10.800	0.664	-1.784	-1.171	-0.923	-0.789	0.000000	0.000000
1583203760297	1583203760296	-10.237	0.156	-1.727	-1.651	-0.845	-0.612	0.000000	0.000000
1583203760316	1583203760316	-9.616	-0.395	-1.315	-1.821	-0.643	-0.354	0.000000	0.000000
1583203760346	1583203760339	-10.361	-0.522	-0.963	-1.755	-0.315	0.001	0.000000	0.000000
1583203760357	1583203760357	-10.512	-0.986	-0.337	-1.537	0.117	0.478	0.000000	0.000000
1583203760376	1583203760376	-9.341	-1.684	0.609	-1.282	0.590	0.907	0.000000	0.000000
1583203760397	1583203760396	-8.560	-1.822	1.184	-1.002	0.937	1.108	0.000000	0.000000
1583203760419	1583203760416	-9.034	-1.509	1.179	-0.755	1.069	1.190	0.000000	0.000000
1583203760437	1583203760436	-9.367	-1.054	1.007	-0.653	1.043	1.210	0.000000	0.000000
1583203760457	1583203760457	-9.837	-0.718	1.026	-0.745	0.948	1.203	0.000000	0.000000
1583203760477	1583203760475	-10.127	-0.749	0.913	-1.000	0.735	1.199	0.000000	0.000000
1583203760495	1583203760495	-9.803	-1.003	0.671	-1.314	0.430	1.196	0.000000	0.000000
1583203760515	1583203760515	-9.029	-1.298	0.333	-1.666	0.120	1.194	0.000000	0.000000
1583203760540	1583203760540	-8.395	-1.485	-0.074	-1.958	-0.121	1.191	0.000000	0.000000
1583203760557	1583203760557	-8.107	-1.525	-0.452	-2.125	-0.265	1.200	0.000000	0.000000
1583203760577	1583203760577	-8.129	-1.607	-0.838	-2.225	-0.337	1.251	0.000000	0.000000
1583203760595	1583203760595	-8.354	-1.736	-1.042	-2.263	-0.340	1.355	0.000000	0.000000
1583203760615	1583203760614	-8.689	-2.033	-1.054	-2.247	-0.259	1.515	0.000000	0.000000
1583203760641	1583203760641	-9.039	-2.395	-0.936	-2.163	-0.108	1.710	0.000000	0.000000
1583203760661	1583203760654	-9.377	-2.685	-0.752	-2.004	0.072	1.903	0.000000	0.000000
1583203760677	1583203760675	-9.513	-2.869	-0.663	-1.848	0.235	2.039	0.000000	0.000000
1583203760695	1583203760694	-9.717	-3.023	-0.548	-1.773	0.437	2.058	0.000000	0.000000
1583203760714	1583203760714	-10.378	-3.262	-0.479	-1.757	0.595	1.977	0.000000	0.000000
1583203760737	1583203760737	-11.772	-3.674	-0.354	-1.672	0.674	1.904	0.000000	0.000000
1583203760756	1583203760753	-13.006	-4.187	-0.071	-1.473	0.771	1.853	0.000000	0.000000
1583203760776	1583203760777	-13.660	-4.719	0.166	-1.226	0.879	1.763	0.000000	0.000000
1583203760794	1583203760794	-13.897	-5.109	0.048	-0.953	0.928	1.594	0.000000	0.000000
1583203760814	1583203760814	-14.165	-5.286	-0.083	-0.710	0.914	1.315	0.000000	0.000000
1583203760838	1583203760837	-14.458	-5.104	-0.162	-0.536	0.848	0.944	0.000000	0.000000
1583203760857	1583203760854	-15.775	-5.061	-0.443	-0.407	0.690	0.532	0.000000	0.000000
1583203760875	1583203760875	-16.539	-5.701	-0.059	-0.099	0.577	0.171	0.000000	0.000000
1583203760894	1583203760893	-13.935	-5.698	1.023	0.443	0.550	-0.167	0.000000	0.000000
1583203760914	1583203760913	-10.793	-4.982	1.145	0.945	0.407	-0.490	0.000000	0.000000
1583203760933	1583203760933	-9.964	-4.074	0.417	1.383	0.085	-0.817	0.000000	0.000000
1583203760960	1583203760960	-11.020	-3.178	-0.230	1.930	-0.286	-1.058	0.000000	0.000000
1583203760974	1583203760974	-12.441	-2.136	-0.510	2.472	-0.622	-1.145	0.000000	0.000000
1583203760996	1583203760996	-12.194	-1.604	-0.347	2.787	-0.835	-1.145	0.000000	0.000000
1583203761013	1583203761013	-12.402	-1.571	-0.407	3.005	-1.071	-1.086	0.000000	0.000000
1583203761034	1583203761033	-11.784	-1.456	-0.304	2.826	-1.105	-1.086	0.000000	0.000000
1583203761058	1583203761058	-11.102	-1.480	-0.646	2.450	-1.084	-1.207	0.000000	0.000000
1583203761076	1583203761076	-10.735	-1.588	-0.771	2.180	-1.029	-1.367	0.000000	0.000000
1583203761096	1583203761093	-10.256	-1.341	-1.104	2.167	-1.024	-1.548	0.000000	0.000000
1583203761115	1583203761115	-10.213	-1.113	-1.291	2.293	-1.054	-1.663	0.000000	0.000000
1583203761134	1583203761132	-10.266	-1.015	-1.454	2.272	-1.129	-1.756	0.000000	0.000000
1583203761154	1583203761154	-10.244	-0.816	-1.439	2.138	-1.216	-1.789	0.000000	0.000000
1583203761173	1583203761173	-10.009	-0.644	-1.312	1.969	-1.277	-1.727	0.000000	0.000000
1583203761198	1583203761197	-9.516	-0.579	-1.209	1.777	-1.284	-1.629	0.000000	0.000000
1583203761212	1583203761212	-9.214	-0.562	-1.104	1.568	-1.251	-1.518	0.000000	0.000000
1583203761232	1583203761232	-9.089	-0.421	-1.046	1.288	-1.196	-1.416	0.000000	0.000000
1583203761256	1583203761257	-9.264	-0.311	-1.145	0.923	-1.153	-1.350	0.000000	0.000000
1583203761277	1583203761272	-9.832	-0.143	-1.399	0.551	-1.156	-1.335	0.000000	0.000000
1583203761295	1583203761292	-10.699	0.044	-1.667	0.201	-1.198	-1.324	0.000000	0.000000
1583203761312	1583203761312	-11.394	0.147	-1.751	-0.139	-1.236	-1.289	0.000000	0.000000
1583203761332	1583203761332	-11.296	0.384	-1.904	-0.462	-1.228	-1.216	0.000000	0.000000
1583203761352	1583203761352	-10.975	0.607	-1.957	-0.786	-1.125	-1.092	0.000000	0.000000
1583203761373	1583203761373	-10.627	0.707	-1.791	-1.067	-0.926	-0.912	0.000000	0.000000
1583203761393	1583203761392	-10.917	0.884	-1.418	-1.309	-0.667	-0.666	0.000000	0.000000
1583203761413	1583203761413	-10.740	0.904	-1.154	-1.484	-0.358	-0.295	0.000000	0.000000
1583203761431	1583203761431	-9.360	0.199	-0.416	-1.643	0.035	0.198	0.000000	0.000000
1583203761451	1583203761451	-8.105	-0.869	0.880	-1.716	0.499	0.600	0.000000	0.000000
1583203761475	1583203761475	-8.481	-0.948	1.613	-1.497	0.879	0.807	0.000000	0.000000
1583203761495	1583203761494	-9.147	-0.733	1.840	-1.124	1.052	1.010	0.000000	0.000000
1583203761512	1583203761512	-9.540	-0.407	1.907	-0.910	1.096	1.184	0.000000	0.000000
1583203761532	1583203761530	-9.674	-0.047	1.581	-1.002	0.978	1.267	0.000000	0.000000
1583203761552	1583203761550	-9.286	-0.059	1.002	-1.343	0.719	1.331	0.000000	0.000000
1583203761572	1583203761571	-8.610	-0.404	0.556	-1.741	0.380	1.427	0.000000	0.000000
1583203761590	1583203761590	-8.090	-0.826	0.221	-2.086	0.020	1.530	0.000000	0.000000
1583203761612	1583203761612	-7.947	-1.317	-0.064	-2.304	-0.210	1.647	0.000000	0.000000
1583203761630	1583203761630	-8.179	-1.588	-0.254	-2.395	-0.343	1.782	0.000000	0.000000
1583203761650	1583203761650	-8.605	-1.645	-0.594	-2.403	-0.435	1.942	0.000000	0.000000
1583203761672	1583203761672	-9.197	-1.722	-0.864	-2.373	-0.423	2.158	0.000000	0.000000
1583203761695	1583203761695	-9.959	-2.100	-0.891	-2.320	-0.302	2.428	0.000000	0.000000
1583203761714	1583203761712	-10.793	-2.565	-0.759	-2.180	-0.121	2.711	0.000000	0.000000
1583203761732	1583203761732	-11.367	-3.039	-0.579	-2.012	0.083	2.931	0.000000	0.000000
1583203761750	1583203761750	-11.720	-3.696	-0.127	-1.860	0.426	3.018	0.000000	0.000000
1583203761770	1583203761769	-11.856	-4.189	0.405	-1.703	0.812	3.006	0.000000	0.000000
1583203761790	1583203761790	-12.400	-4.544	0.611	-1.499	1.065	2.917	0.000000	0.000000
1583203761813	1583203761811	-13.243	-4.819	0.472	-1.217	1.092	2.628	0.000000	0.000000
1583203761831	1583203761831	-13.873	-5.001	0.257	-0.998	1.018	2.206	0.000000	0.000000
1583203761849	1583203761849	-13.684	-5.112	0.103	-0.942	0.903	1.685	0.000000	0.000000
1583203761871	1583203761870	-13.291	-5.339	-0.016	-0.994	0.744	1.104	0.000000	0.000000
1583203761893	1583203761893	-13.047	-5.622	0.022	-0.962	0.545	0.533	0.000000	0.000000
1583203761910	1583203761910	-12.963	-5.677	0.087	-0.835	0.346	0.034	0.000000	0.000000
1583203761932	1583203761932	-13.571	-5.722	-0.158	-0.585	0.154	-0.344	0.000000	0.000000
1583203761950	1583203761949	-13.646	-5.845	-0.055	-0.121	0.025	-0.560	0.000000	0.000000
1583203761969	1583203761969	-12.580	-5.653	0.377	0.582	-0.038	-0.628	0.000000	0.000000
1583203761990	1583203761990	-12.453	-5.001	0.053	1.299	-0.234	-0.723	0.000000	0.000000
1583203762013	1583203762012	-13.991	-4.419	-0.740	1.939	-0.555	-0.850	0.000000	0.000000
1583203762031	1583203762029	-15.200	-3.952	-1.343	2.590	-0.829	-0.944	0.000000	0.000000
1583203762049	1583203762049	-14.903	-3.154	-1.662	2.969	-1.067	-1.108	0.000000	0.000000
1583203762069	1583203762069	-13.528	-2.527	-1.801	2.986	-1.270	-1.416	0.000000	0.000000
1583203762088	1583203762088	-11.906	-2.002	-1.691	2.813	-1.362	-1.826	0.000000	0.000000
1583203762117	1583203762117	-10.737	-1.662	-1.523	2.544	-1.358	-2.289	0.000000	0.000000
1583203762129	1583203762128	-10.414	-1.449	-1.470	2.312	-1.314	-2.743	0.000000	0.000000
1583203762150	1583203762148	-10.606	-1.216	-1.619	2.209	-1.274	-3.128	0.000000	0.000000
1583203762168	1583203762168	-11.022	-1.015	-1.906	2.182	-1.244	-3.378	0.000000	0.000000
1583203762188	1583203762187	-11.576	-0.728	-2.108	2.185	-1.229	-3.469	0.000000	0.000000
1583203762207	1583203762207	-11.667	-0.287	-2.129	2.207	-1.245	-3.414	0.000000	0.000000
1583203762232	1583203762230	-11.109	-0.234	-1.940	2.159	-1.232	-3.197	0.000000	0.000000
1583203762251	1583203762248	-10.131	-0.306	-1.621	2.140	-1.134	-2.827	0.000000	0.000000
1583203762270	1583203762268	-9.221	-0.117	-1.427	2.024	-0.966	-2.396	0.000000	0.000000
1583203762289	1583203762287	-8.555	0.142	-1.470	1.736	-0.807	-2.003	0.000000	0.000000
1583203762310	1583203762309	-7.949	0.302	-1.535	1.328	-0.695	-1.694	0.000000	0.000000
1583203762330	1583203762328	-7.650	0.396	-1.509	0.935	-0.615	-1.460	0.000000	0.000000
1583203762353	1583203762352	-8.148	0.401	-1.485	0.590	-0.562	-1.248	0.000000	0.000000
1583203762367	1583203762366	-9.176	0.539	-1.396	0.309	-0.518	-1.004	0.000000	0.000000
1583203762387	1583203762387	-9.741	0.784	-1.308	-0.006	-0.444	-0.713	0.000000	0.000000
1583203762410	1583203762410	-9.480	0.937	-1.377	-0.516	-0.297	-0.395	0.000000	0.000000
1583203762436	1583203762428	-9.346	0.556	-0.996	-1.126	-0.056	-0.077	0.000000	0.000000
1583203762452	1583203762450	-9.319	0.147	-0.316	-1.524	0.201	0.264	0.000000	0.000000
1583203762466	1583203762466	-10.242	0.053	-0.038	-1.702	0.434	0.677	0.000000	0.000000
1583203762487	1583203762487	-11.123	-0.218	0.297	-1.791	0.714	1.137	0.000000	0.000000
1583203762506	1583203762506	-10.797	-1.291	1.450	-1.802	1.070	1.616	0.000000	0.000000
1583203762528	1583203762528	-9.501	-2.390	2.470	-1.504	1.402	1.952	0.000000	0.000000
1583203762547	1583203762547	-9.209	-2.158	2.537	-1.053	1.543	2.138	0.000000	0.000000
1583203762567	1583203762568	-9.762	-1.566	2.156	-0.800	1.455	2.172	0.000000	0.000000
1583203762588	1583203762586	-10.268	-0.948	1.670	-0.760	1.254	2.088	0.000000	0.000000
1583203762606	1583203762606	-10.644	-0.560	0.906	-0.983	0.899	1.941	0.000000	0.000000
1583203762633	1583203762626	-10.987	-0.630	0.355	-1.380	0.461	1.807	0.000000	0.000000
1583203762651	1583203762647	-10.824	-0.948	0.060	-1.837	0.093	1.788	0.000000	0.000000
1583203762666	1583203762666	-10.852	-1.902	-0.313	-2.184	-0.156	1.861	0.000000	0.000000
1583203762686	1583203762685	-10.546	-2.230	-0.560	-2.296	-0.344	1.913	0.000000	0.000000
1583203762705	1583203762705	-10.455	-2.673	-0.792	-2.279	-0.417	1.984	0.000000	0.000000
1583203762726	1583203762726	-10.450	-2.898	-0.761	-2.106	-0.330	2.081	0.000000	0.000000
1583203762746	1583203762745	-10.395	-3.245	-0.371	-1.838	-0.106	2.165	0.000000	0.000000
1583203762767	1583203762767	-9.973	-3.334	-0.127	-1.578	0.140	2.173	0.000000	0.000000
1583203762786	1583203762785	-9.717	-3.411	-0.201	-1.438	0.421	2.151	0.000000	0.000000
1583203762805	1583203762805	-9.719	-3.746	-0.014	-1.354	0.673	2.058	0.000000	0.000000
1583203762826	1583203762824	-9.885	-4.084	0.568	-1.202	0.806	1.891	0.000000	0.000000
1583203762849	1583203762849	-9.803	-4.137	0.678	-1.060	0.792	1.679	0.000000	0.000000
1583203762868	1583203762865	-9.789	-4.134	0.559	-1.011	0.709	1.425	0.000000	0.000000
1583203762887	1583203762887	-10.769	-4.278	0.429	-0.971	0.537	1.180	0.000000	0.000000
1583203762905	1583203762904	-12.041	-4.587	0.300	-0.839	0.358	0.980	0.000000	0.000000
1583203762926	1583203762925	-12.831	-5.107	0.192	-0.640	0.239	0.797	0.000000	0.000000
1583203762951	1583203762951	-12.675	-5.416	0.044	-0.403	0.191	0.577	0.000000	0.000000
1583203762966	1583203762966	-12.570	-5.385	-0.232	-0.159	0.162	0.279	0.000000	0.000000
1583203762987	1583203762984	-12.467	-5.006	-0.318	0.049	0.154	-0.077	0.000000	0.000000
1583203763004	1583203763004	-13.051	-4.584	-0.644	0.241	0.120	-0.438	0.000000	0.000000
1583203763025	1583203763024	-14.000	-4.814	-0.618	0.639	0.068	-0.641	0.000000	0.000000
1583203763049	1583203763049	-13.078	-5.011	0.137	1.256	0.090	-0.716	0.000000	0.000000
1583203763065	1583203763064	-12.556	-4.647	-0.131	1.904	-0.049	-0.819	0.000000	0.000000
1583203763088	1583203763083	-14.082	-3.907	-1.130	2.480	-0.362	-0.966	0.000000	0.000000
1583203763104	1583203763104	-15.382	-3.289	-1.660	3.012	-0.627	-1.082	0.000000	0.000000
1583203763125	1583203763123	-15.404	-2.532	-1.945	3.283	-0.883	-1.210	0.000000	0.000000
1583203763146	1583203763146	-14.316	-1.959	-1.995	3.227	-1.097	-1.449	0.000000	0.000000
1583203763164	1583203763164	-12.589	-1.775	-1.741	2.993	-1.171	-1.768	0.000000	0.000000
1583203763186	1583203763186	-11.228	-1.748	-1.516	2.767	-1.136	-2.120	0.000000	0.000000
1583203763204	1583203763203	-10.622	-1.554	-1.470	2.679	-1.067	-2.473	0.000000	0.000000
1583203763224	1583203763223	-10.608	-1.353	-1.588	2.688	-0.990	-2.759	0.000000	0.000000
1583203763243	1583203763243	-10.833	-1.020	-1.779	2.732	-0.945	-2.932	0.000000	0.000000
1583203763264	1583203763264	-11.025	-0.579	-1.928	2.735	-0.948	-2.991	0.000000	0.000000
1583203763284	1583203763284	-10.848	-0.186	-1.854	2.686	-0.982	-2.925	0.000000	0.000000
1583203763304	1583203763304	-10.139	-0.014	-1.504	2.561	-0.992	-2.712	0.000000	0.000000
1583203763323	1583203763323	-9.243	-0.237	-1.104	2.389	-0.922	-2.383	0.000000	0.000000
1583203763343	1583203763343	-8.627	-0.435	-0.896	2.257	-0.814	-1.993	0.000000	0.000000
1583203763367	1583203763367	-8.323	-0.148	-0.852	2.071	-0.742	-1.622	0.000000	0.000000
1583203763393	1583203763383	-8.253	0.221	-0.907	1.686	-0.718	-1.393	0.000000	0.000000
1583203763404	1583203763404	-8.773	0.465	-1.063	1.200	-0.748	-1.254	0.000000	0.000000
1583203763423	1583203763422	-9.691	0.616	-1.149	0.712	-0.815	-1.131	0.000000	0.000000
1583203763443	1583203763442	-10.431	0.805	-1.372	0.185	-0.872	-1.016	0.000000	0.000000
1583203763464	1583203763464	-10.316	0.937	-1.775	-0.428	-0.888	-0.911	0.000000	0.000000
1583203763483	1583203763483	-9.782	0.868	-2.029	-1.073	-0.807	-0.784	0.000000	0.000000
1583203763505	1583203763504	-9.171	0.477	-1.894	-1.545	-0.612	-0.596	0.000000	0.000000
1583203763523	1583203763521	-9.161	0.321	-1.777	-1.748	-0.388	-0.284	0.000000	0.000000
1583203763543	1583203763541	-9.456	0.264	-1.609	-1.804	-0.043	0.165	0.000000	0.000000
1583203763567	1583203763567	-8.991	-0.491	-0.903	-1.789	0.488	0.750	0.000000	0.000000
1583203763584	1583203763584	-8.361	-1.339	0.309	-1.650	1.081	1.319	0.000000	0.000000
1583203763605	1583203763601	-8.857	-1.494	1.083	-1.287	1.456	1.706	0.000000	0.000000
1583203763623	1583203763622	-10.004	-1.398	1.464	-0.837	1.688	2.029	0.000000	0.000000
1583203763641	1583203763641	-10.821	-1.329	1.711	-0.557	1.862	2.306	0.000000	0.000000
1583203763661	1583203763661	-11.236	-1.099	1.634	-0.541	1.854	2.436	0.000000	0.000000
1583203763683	1583203763683	-11.219	-0.941	1.198	-0.848	1.624	2.441	0.000000	0.000000
1583203763705	1583203763705	-10.747	-0.740	0.726	-1.306	1.229	2.374	0.000000	0.000000
1583203763723	1583203763723	-10.337	-0.915	0.192	-1.874	0.756	2.232	0.000000	0.000000
1583203763741	1583203763741	-10.151	-1.497	-0.261	-2.320	0.276	2.058	0.000000	0.000000
1583203763762	1583203763760	-10.412	-1.890	-0.577	-2.499	-0.055	1.961	0.000000	0.000000
1583203763783	1583203763783	-10.615	-2.330	-0.891	-2.584	-0.238	1.919	0.000000	0.000000
1583203763806	1583203763801	-10.598	-2.654	-0.999	-2.551	-0.295	1.913	0.000000	0.000000
1583203763822	1583203763820	-10.419	-3.020	-0.886	-2.419	-0.204	1.948	0.000000	0.000000
1583203763840	1583203763840	-10.376	-3.365	-0.663	-2.236	-0.008	1.977	0.000000	0.000000
1583203763861	1583203763860	-10.313	-3.478	-0.505	-2.041	0.211	1.996	0.000000	0.000000
1583203763882	1583203763882	-10.273	-3.619	-0.345	-1.867	0.482	1.980	0.000000	0.000000
1583203763901	1583203763901	-10.134	-3.916	-0.088	-1.687	0.718	1.869	0.000000	0.000000
1583203763921	1583203763922	-9.956	-4.125	0.101	-1.490	0.816	1.696	0.000000	0.000000
1583203763940	1583203763940	-10.352	-4.168	-0.009	-1.338	0.738	1.472	0.000000	0.000000
1583203763960	1583203763960	-11.401	-4.266	-0.110	-1.204	0.615	1.257	0.000000	0.000000
1583203763984	1583203763979	-12.057	-4.419	-0.174	-1.080	0.528	1.027	0.000000	0.000000
1583203764010	1583203764005	-12.429	-4.611	-0.368	-0.985	0.431	0.761	0.000000	0.000000
1583203764019	1583203764020	-13.013	-4.656	-0.761	-0.870	0.290	0.456	0.000000	0.000000
1583203764042	1583203764039	-13.238	-4.841	-0.771	-0.718	0.247	0.151	0.000000	0.000000
1583203764059	1583203764059	-13.370	-4.788	-0.905	-0.532	0.271	-0.179	0.000000	0.000000
1583203764081	1583203764080	-14.563	-4.831	-1.111	-0.174	0.265	-0.429	0.000000	0.000000
1583203764100	1583203764100	-14.532	-4.877	-0.445	0.433	0.350	-0.559	0.000000	0.000000
1583203764124	1583203764123	-13.174	-4.649	0.252	1.138	0.363	-0.658	0.000000	0.000000
1583203764140	1583203764140	-12.560	-4.129	-0.151	1.735	0.202	-0.812	0.000000	0.000000
1583203764159	1583203764159	-13.380	-3.626	-0.941	2.243	-0.070	-0.982	0.000000	0.000000
1583203764180	1583203764179	-13.710	-3.063	-1.202	2.659	-0.367	-1.122	0.000000	0.000000
1583203764209	1583203764203	-12.774	-2.266	-1.298	2.898	-0.642	-1.267	0.000000	0.000000
1583203764219	1583203764219	-11.561	-1.674	-0.999	3.047	-0.838	-1.429	0.000000	0.000000
1583203764240	1583203764238	-10.668	-1.672	-1.231	2.572	-0.887	-1.803	0.000000	0.000000
1583203764258	1583203764258	-10.627	-1.669	-1.054	2.345	-0.845	-2.122	0.000000	0.000000
1583203764279	1583203764278	-10.876	-1.336	-1.205	2.361	-0.858	-2.374	0.000000	0.000000
1583203764299	1583203764299	-11.269	-1.192	-1.418	2.406	-0.859	-2.573	0.000000	0.000000
1583203764321	1583203764319	-11.506	-0.960	-1.578	2.474	-0.864	-2.644	0.000000	0.000000
1583203764340	1583203764339	-11.470	-0.622	-1.698	2.487	-0.904	-2.585	0.000000	0.000000
1583203764359	1583203764358	-10.991	-0.287	-1.629	2.433	-0.970	-2.419	0.000000	0.000000
1583203764379	1583203764378	-10.287	-0.103	-1.403	2.304	-0.999	-2.155	0.000000	0.000000
1583203764403	1583203764397	-9.463	-0.150	-1.228	2.119	-0.966	-1.840	0.000000	0.000000
1583203764427	1583203764427	-8.814	-0.095	-1.169	1.881	-0.899	-1.523	0.000000	0.000000
1583203764440	1583203764440	-8.363	0.003	-1.109	1.552	-0.839	-1.239	0.000000	0.000000
1583203764464	1583203764459	-8.124	-0.033	-1.090	1.181	-0.803	-1.025	0.000000	0.000000
1583203764478	1583203764478	-8.555	0.053	-1.140	0.858	-0.805	-0.877	0.000000	0.000000
1583203764498	1583203764498	-9.624	0.355	-1.382	0.556	-0.849	-0.762	0.000000	0.000000
1583203764521	1583203764518	-10.369	0.410	-1.674	0.171	-0.880	-0.658	0.000000	0.000000
1583203764541	1583203764538	-10.318	0.551	-1.887	-0.287	-0.875	-0.574	0.000000	0.000000
1583203764557	1583203764557	-10.014	0.638	-1.940	-0.822	-0.792	-0.489	0.000000	0.000000
1583203764578	1583203764578	-9.727	0.408	-1.691	-1.327	-0.606	-0.338	0.000000	0.000000
1583203764599	1583203764598	-10.002	0.115	-1.267	-1.648	-0.360	-0.094	0.000000	0.000000
1583203764619	1583203764619	-10.872	0.288	-1.252	-1.767	-0.105	0.272	0.000000	0.000000
1583203764639	1583203764638	-10.802	-0.273	-1.181	-1.853	0.198	0.792	0.000000	0.000000
1583203764658	1583203764658	-9.798	-1.295	-0.220	-1.856	0.522	1.309	0.000000	0.000000
1583203764677	1583203764677	-9.516	-1.882	0.518	-1.660	0.805	1.616	0.000000	0.000000
