1583203064637	1583203064637	-9.125	0.111	-1.700	1.572	-0.923	-1.995	0.000000	0.000000
1583203064659	1583203064659	-8.754	0.214	-1.686	1.273	-0.859	-1.757	0.000000	0.000000
1583203064681	1583203064675	-8.684	0.355	-1.724	0.934	-0.800	-1.569	0.000000	0.000000
1583203064696	1583203064694	-9.209	0.441	-1.636	0.593	-0.724	-1.418	0.000000	0.000000
1583203064716	1583203064714	-10.110	0.539	-1.449	0.314	-0.638	-1.233	0.000000	0.000000
1583203064738	1583203064736	-10.074	0.774	-1.334	0.132	-0.536	-0.999	0.000000	0.000000
1583203064760	1583203064760	-9.873	1.244	-1.351	-0.106	-0.368	-0.704	0.000000	0.000000
1583203064778	1583203064776	-10.009	1.433	-1.080	-0.494	-0.138	-0.405	0.000000	0.000000
1583203064795	1583203064794	-9.897	1.280	-0.462	-0.899	0.124	-0.061	0.000000	0.000000
1583203064815	1583203064814	-10.139	1.217	0.024	-1.178	0.386	0.345	0.000000	0.000000
1583203064835	1583203064834	-9.334	0.585	0.666	-1.397	0.709	0.814	0.000000	0.000000
1583203064855	1583203064854	-8.282	-0.347	1.567	-1.585	1.042	1.200	0.000000	0.000000
1583203064876	1583203064874	-8.466	-0.888	2.142	-1.508	1.299	1.452	0.000000	0.000000
1583203064895	1583203064893	-9.070	-1.003	2.199	-1.171	1.374	1.664	0.000000	0.000000
1583203064915	1583203064913	-9.604	-0.939	1.958	-0.849	1.349	1.821	0.000000	0.000000
1583203064935	1583203064933	-9.985	-0.400	1.620	-0.708	1.220	1.919	0.000000	0.000000
1583203064959	1583203064953	-10.603	-0.311	1.320	-0.845	0.991	2.013	0.000000	0.000000
1583203064974	1583203064973	-10.977	-0.776	1.138	-1.131	0.689	2.144	0.000000	0.000000
1583203064994	1583203064993	-10.910	-1.384	0.880	-1.426	0.359	2.286	0.000000	0.000000
1583203065014	1583203065013	-10.740	-1.552	0.470	-1.707	0.102	2.403	0.000000	0.000000
1583203065034	1583203065033	-10.560	-1.918	-0.050	-2.034	-0.063	2.429	0.000000	0.000000
1583203065054	1583203065053	-10.371	-2.187	-0.541	-2.304	-0.154	2.369	0.000000	0.000000
1583203065074	1583203065072	-10.249	-2.527	-0.737	-2.470	-0.133	2.281	0.000000	0.000000
1583203065094	1583203065093	-10.330	-2.991	-0.452	-2.477	0.005	2.203	0.000000	0.000000
1583203065114	1583203065112	-10.634	-3.590	-0.143	-2.257	0.216	2.193	0.000000	0.000000
1583203065134	1583203065132	-10.737	-4.199	0.252	-1.851	0.506	2.208	0.000000	0.000000
1583203065157	1583203065152	-10.745	-4.544	0.803	-1.392	0.772	2.204	0.000000	0.000000
1583203065175	1583203065172	-10.730	-4.719	1.172	-1.047	0.952	2.115	0.000000	0.000000
1583203065193	1583203065192	-10.483	-4.570	1.246	-0.839	0.972	1.904	0.000000	0.000000
1583203065213	1583203065212	-11.121	-4.335	0.963	-0.764	0.785	1.674	0.000000	0.000000
1583203065233	1583203065232	-12.702	-4.750	0.961	-0.652	0.583	1.443	0.000000	0.000000
1583203065253	1583203065252	-13.598	-5.267	1.090	-0.429	0.405	1.217	0.000000	0.000000
1583203065274	1583203065272	-13.634	-5.591	0.822	-0.228	0.224	0.942	0.000000	0.000000
1583203065293	1583203065292	-13.471	-5.435	0.216	-0.137	0.031	0.579	0.000000	0.000000
1583203065313	1583203065311	-12.956	-5.234	-0.186	-0.107	-0.110	0.103	0.000000	0.000000
1583203065333	1583203065332	-12.651	-4.692	-0.409	-0.021	-0.199	-0.449	0.000000	0.000000
1583203065356	1583203065351	-12.637	-4.290	-0.174	0.199	-0.231	-0.850	0.000000	0.000000
1583203065373	1583203065371	-12.309	-4.343	0.120	0.596	-0.232	-1.101	0.000000	0.000000
1583203065393	1583203065391	-12.184	-3.952	-0.095	1.092	-0.265	-1.321	0.000000	0.000000
1583203065415	1583203065415	-13.423	-3.358	-0.991	1.548	-0.440	-1.485	0.000000	0.000000
1583203065434	1583203065432	-14.874	-3.102	-1.504	1.977	-0.649	-1.560	0.000000	0.000000
1583203065454	1583203065452	-14.994	-2.505	-1.710	2.262	-0.861	-1.675	0.000000	0.000000
1583203065481	1583203065472	-13.761	-2.031	-1.710	2.264	-1.012	-1.880	0.000000	0.000000
1583203065495	1583203065494	-11.892	-1.849	-1.514	2.142	-1.032	-2.177	0.000000	0.000000
1583203065514	1583203065512	-10.869	-1.664	-1.257	1.991	-0.920	-2.509	0.000000	0.000000
1583203065534	1583203065532	-10.819	-1.470	-1.022	1.915	-0.781	-2.845	0.000000	0.000000
1583203065554	1583203065551	-11.298	-1.166	-0.931	1.958	-0.637	-3.139	0.000000	0.000000
1583203065581	1583203065581	-11.916	-1.003	-0.963	2.019	-0.540	-3.301	0.000000	0.000000
1583203065594	1583203065591	-12.175	-0.673	-0.982	2.110	-0.517	-3.325	0.000000	0.000000
1583203065614	1583203065612	-12.017	-0.404	-0.788	2.193	-0.530	-3.202	0.000000	0.000000
1583203065632	1583203065632	-11.382	-0.249	-0.539	2.240	-0.564	-2.969	0.000000	0.000000
1583203065654	1583203065651	-10.390	0.060	-0.352	2.288	-0.620	-2.642	0.000000	0.000000
1583203065673	1583203065671	-9.461	0.274	-0.136	2.194	-0.652	-2.273	0.000000	0.000000
1583203065699	1583203065694	-8.905	0.465	0.151	1.987	-0.664	-1.991	0.000000	0.000000
1583203065717	1583203065712	-8.684	1.052	0.530	1.720	-0.694	-1.765	0.000000	0.000000
1583203065733	1583203065732	-9.231	1.558	0.432	1.314	-0.794	-1.572	0.000000	0.000000
1583203065752	1583203065751	-10.098	2.039	0.056	0.827	-0.929	-1.372	0.000000	0.000000
1583203065776	1583203065770	-10.349	2.315	-0.292	0.291	-1.015	-1.163	0.000000	0.000000
1583203065795	1583203065795	-10.110	2.430	-0.670	-0.325	-1.078	-0.956	0.000000	0.000000
1583203065812	1583203065811	-10.476	2.734	-0.967	-0.947	-1.056	-0.709	0.000000	0.000000
1583203065833	1583203065832	-11.346	2.813	-1.279	-1.555	-0.965	-0.403	0.000000	0.000000
1583203065853	1583203065851	-12.798	2.782	-2.340	-2.169	-0.912	0.019	0.000000	0.000000
1583203065872	1583203065871	-12.901	1.323	-2.671	-2.769	-0.863	0.575	0.000000	0.000000
1583203065894	1583203065893	-10.069	-1.403	-0.481	-2.861	-0.633	1.196	0.000000	0.000000
1583203065914	1583203065910	-8.766	-1.897	1.548	-2.283	0.170	1.807	0.000000	0.000000
1583203065932	1583203065932	-9.398	-1.104	1.478	-1.536	0.657	2.154	0.000000	0.000000
1583203065953	1583203065950	-11.245	-0.047	1.074	-1.114	0.711	2.334	0.000000	0.000000
1583203065972	1583203065970	-13.183	0.803	0.230	-1.068	0.609	2.461	0.000000	0.000000
1583203065992	1583203065992	-13.571	1.062	-0.680	-1.602	0.292	2.545	0.000000	0.000000
1583203066013	1583203066011	-13.708	0.511	-1.214	-2.716	-0.206	2.624	0.000000	0.000000
1583203066033	1583203066031	-13.605	-1.252	-1.142	-3.762	-0.727	2.727	0.000000	0.000000
1583203066052	1583203066050	-13.178	-2.670	-0.836	-4.200	-1.165	2.793	0.000000	0.000000
1583203066072	1583203066069	-12.524	-3.293	-0.630	-4.240	-1.422	2.748	0.000000	0.000000
1583203066092	1583203066092	-11.753	-3.483	-0.776	-4.257	-1.510	2.598	0.000000	0.000000
1583203066116	1583203066115	-11.217	-3.507	-1.121	-4.178	-1.537	2.369	0.000000	0.000000
1583203066130	1583203066130	-10.900	-3.420	-1.753	-4.049	-1.575	2.150	0.000000	0.000000
1583203066151	1583203066149	-10.706	-3.698	-2.347	-3.957	-1.604	1.968	0.000000	0.000000
1583203066171	1583203066169	-10.397	-3.995	-2.587	-3.862	-1.601	1.845	0.000000	0.000000
1583203066194	1583203066189	-9.758	-4.184	-2.673	-3.763	-1.548	1.762	0.000000	0.000000
1583203066212	1583203066211	-8.809	-4.319	-2.603	-3.658	-1.467	1.671	0.000000	0.000000
1583203066231	1583203066231	-8.040	-4.355	-2.383	-3.507	-1.329	1.563	0.000000	0.000000
1583203066250	1583203066249	-8.040	-4.278	-2.179	-3.298	-1.137	1.477	0.000000	0.000000
1583203066271	1583203066268	-8.680	-4.160	-2.189	-3.046	-0.930	1.412	0.000000	0.000000
1583203066291	1583203066291	-9.377	-4.204	-2.318	-2.745	-0.717	1.374	0.000000	0.000000
1583203066317	1583203066317	-10.230	-4.110	-2.479	-2.429	-0.527	1.354	0.000000	0.000000
1583203066331	1583203066329	-11.662	-3.842	-2.592	-2.166	-0.349	1.339	0.000000	0.000000
1583203066352	1583203066352	-12.584	-3.978	-2.211	-1.927	-0.144	1.336	0.000000	0.000000
1583203066369	1583203066369	-11.435	-4.755	-0.517	-1.591	0.151	1.376	0.000000	0.000000
1583203066389	1583203066388	-10.098	-5.164	0.511	-1.150	0.554	1.403	0.000000	0.000000
1583203066410	1583203066408	-11.291	-4.604	-0.136	-0.787	0.781	1.348	0.000000	0.000000
1583203066433	1583203066432	-12.505	-4.493	-0.584	-0.612	0.768	1.169	0.000000	0.000000
1583203066452	1583203066449	-12.273	-4.714	-0.014	-0.427	0.847	0.896	0.000000	0.000000
1583203066470	1583203066467	-11.300	-4.647	0.822	-0.193	0.951	0.521	0.000000	0.000000
1583203066489	1583203066488	-10.781	-4.024	1.143	-0.057	0.956	0.065	0.000000	0.000000
1583203066516	1583203066510	-10.699	-3.353	0.961	-0.135	0.873	-0.406	0.000000	0.000000
1583203066530	1583203066529	-10.759	-3.051	0.868	-0.259	0.816	-0.761	0.000000	0.000000
1583203066554	1583203066548	-10.852	-2.903	0.992	-0.231	0.821	-0.974	0.000000	0.000000
1583203066568	1583203066567	-10.912	-2.903	1.392	-0.018	0.853	-1.064	0.000000	0.000000
1583203066589	1583203066587	-10.572	-2.922	1.962	0.324	0.886	-1.067	0.000000	0.000000
1583203066607	1583203066607	-9.945	-2.647	2.271	0.690	0.868	-1.029	0.000000	0.000000
1583203066634	1583203066633	-9.413	-2.242	2.087	0.936	0.746	-0.980	0.000000	0.000000
1583203066651	1583203066651	-9.082	-1.985	1.845	1.029	0.553	-0.931	0.000000	0.000000
1583203066668	1583203066667	-9.008	-1.928	1.555	1.085	0.320	-0.884	0.000000	0.000000
1583203066688	1583203066687	-9.415	-1.832	1.323	1.211	0.094	-0.822	0.000000	0.000000
1583203066708	1583203066707	-9.940	-1.657	1.119	1.362	-0.104	-0.747	0.000000	0.000000
1583203066737	1583203066737	-10.510	-1.427	0.839	1.424	-0.267	-0.696	0.000000	0.000000
1583203066748	1583203066748	-10.807	-1.123	0.427	1.308	-0.401	-0.703	0.000000	0.000000
1583203066769	1583203066768	-10.460	-0.881	-0.043	1.033	-0.518	-0.757	0.000000	0.000000
1583203066788	1583203066786	-10.036	-0.780	-0.440	0.704	-0.615	-0.826	0.000000	0.000000
1583203066807	1583203066806	-9.894	-0.682	-0.812	0.425	-0.687	-0.884	0.000000	0.000000
1583203066827	1583203066826	-10.177	-0.680	-0.706	0.282	-0.708	-0.885	0.000000	0.000000
1583203066859	1583203066849	-10.613	-0.713	-0.294	0.286	-0.658	-0.809	0.000000	0.000000
1583203066869	1583203066866	-10.505	-0.907	-0.064	0.378	-0.534	-0.620	0.000000	0.000000
1583203066888	1583203066888	-10.237	-0.893	0.252	0.477	-0.333	-0.322	0.000000	0.000000
1583203066908	1583203066906	-9.966	-0.730	0.396	0.516	-0.107	-0.009	0.000000	0.000000
1583203066932	1583203066929	-10.119	-0.170	0.391	0.494	0.093	0.226	0.000000	0.000000
1583203066949	1583203066946	-10.474	0.180	0.666	0.443	0.276	0.417	0.000000	0.000000
1583203066968	1583203066968	-10.383	-0.179	1.294	0.423	0.472	0.609	0.000000	0.000000
1583203066986	1583203066986	-9.822	-0.546	2.152	0.529	0.672	0.792	0.000000	0.000000
1583203067007	1583203067005	-9.597	-0.431	2.758	0.717	0.830	0.937	0.000000	0.000000
1583203067028	1583203067025	-9.772	0.034	2.688	0.818	0.865	1.036	0.000000	0.000000
1583203067050	1583203067050	-10.179	0.209	2.257	0.709	0.771	1.119	0.000000	0.000000
1583203067069	1583203067065	-10.402	0.032	2.070	0.471	0.631	1.212	0.000000	0.000000
1583203067087	1583203067087	-10.083	-0.313	2.269	0.295	0.492	1.329	0.000000	0.000000
1583203067107	1583203067105	-9.667	-0.773	2.463	0.249	0.368	1.456	0.000000	0.000000
1583203067126	1583203067125	-9.506	-1.367	2.365	0.313	0.289	1.574	0.000000	0.000000
1583203067150	1583203067150	-9.693	-1.741	2.116	0.433	0.244	1.649	0.000000	0.000000
1583203067173	1583203067166	-10.210	-2.129	1.974	0.568	0.234	1.677	0.000000	0.000000
1583203067188	1583203067186	-10.534	-2.553	1.967	0.753	0.252	1.668	0.000000	0.000000
1583203067205	1583203067205	-10.634	-2.989	1.965	0.959	0.291	1.634	0.000000	0.000000
1583203067225	1583203067224	-10.654	-3.296	1.958	1.164	0.316	1.565	0.000000	0.000000
1583203067246	1583203067245	-10.376	-3.495	1.936	1.311	0.307	1.436	0.000000	0.000000
1583203067271	1583203067271	-10.031	-3.566	1.917	1.436	0.231	1.255	0.000000	0.000000
1583203067287	1583203067284	-9.715	-3.559	1.744	1.557	0.106	1.051	0.000000	0.000000
1583203067310	1583203067309	-9.441	-3.471	1.478	1.665	-0.060	0.836	0.000000	0.000000
1583203067325	1583203067324	-9.202	-3.413	1.246	1.709	-0.250	0.634	0.000000	0.000000
1583203067349	1583203067348	-8.811	-3.377	0.901	1.704	-0.434	0.455	0.000000	0.000000
1583203067371	1583203067366	-8.354	-3.336	0.511	1.723	-0.572	0.303	0.000000	0.000000
1583203067387	1583203067386	-8.179	-3.312	0.108	1.777	-0.663	0.192	0.000000	0.000000
1583203067405	1583203067404	-8.670	-3.401	-0.124	1.869	-0.716	0.121	0.000000	0.000000
1583203067425	1583203067423	-9.444	-3.363	-0.349	1.973	-0.744	0.045	0.000000	0.000000
1583203067445	1583203067443	-10.282	-3.118	-0.843	1.977	-0.780	-0.090	0.000000	0.000000
1583203067470	1583203067470	-11.727	-2.759	-1.626	1.841	-0.856	-0.268	0.000000	0.000000
1583203067485	1583203067484	-13.696	-2.680	-2.326	1.665	-0.904	-0.436	0.000000	0.000000
1583203067510	1583203067510	-15.514	-2.709	-2.491	1.618	-0.924	-0.592	0.000000	0.000000
1583203067525	1583203067523	-15.881	-3.423	-1.827	1.808	-0.905	-0.715	0.000000	0.000000
1583203067546	1583203067543	-14.333	-3.990	-1.195	2.184	-0.801	-0.878	0.000000	0.000000
1583203067567	1583203067567	-13.404	-3.686	-1.985	2.525	-0.746	-1.119	0.000000	0.000000
1583203067594	1583203067589	-13.923	-3.243	-2.939	2.717	-0.827	-1.396	0.000000	0.000000
1583203067608	1583203067603	-14.815	-2.841	-3.360	2.871	-1.015	-1.731	0.000000	0.000000
1583203067624	1583203067623	-15.042	-2.203	-3.495	3.041	-1.284	-2.143	0.000000	0.000000
1583203067645	1583203067643	-15.045	-1.612	-3.617	3.077	-1.493	-2.569	0.000000	0.000000
1583203067664	1583203067664	-14.965	-1.255	-3.602	2.989	-1.627	-2.942	0.000000	0.000000
1583203067692	1583203067692	-14.879	-1.049	-3.363	2.891	-1.660	-3.212	0.000000	0.000000
1583203067705	1583203067702	-14.295	-0.943	-3.190	2.784	-1.582	-3.383	0.000000	0.000000
1583203067730	1583203067723	-13.804	-0.653	-3.214	2.648	-1.447	-3.466	0.000000	0.000000
1583203067744	1583203067742	-13.528	-0.476	-3.301	2.449	-1.322	-3.474	0.000000	0.000000
1583203067768	1583203067762	-13.279	-0.392	-3.265	2.286	-1.208	-3.404	0.000000	0.000000
1583203067788	1583203067782	-13.030	-0.124	-3.133	2.124	-1.094	-3.299	0.000000	0.000000
1583203067808	1583203067803	-12.587	0.151	-3.162	1.869	-0.990	-3.178	0.000000	0.000000
1583203067822	1583203067822	-11.760	0.494	-3.104	1.511	-0.925	-3.071	0.000000	0.000000
1583203067843	1583203067842	-10.927	0.499	-2.716	1.047	-0.825	-2.984	0.000000	0.000000
1583203067862	1583203067862	-10.117	0.338	-2.168	0.593	-0.617	-2.932	0.000000	0.000000
1583203067885	1583203067885	-9.595	0.295	-1.619	0.298	-0.317	-2.858	0.000000	0.000000
1583203067904	1583203067904	-9.489	0.468	-1.286	0.158	-0.101	-2.679	0.000000	0.000000
1583203067924	1583203067923	-9.516	0.535	-1.202	0.170	-0.005	-2.418	0.000000	0.000000
1583203067943	1583203067941	-9.341	0.745	-1.094	0.225	0.071	-2.078	0.000000	0.000000
1583203067964	1583203067961	-8.984	0.925	-0.905	0.183	0.155	-1.669	0.000000	0.000000
1583203067982	1583203067982	-8.831	1.023	-0.598	0.007	0.263	-1.203	0.000000	0.000000
1583203068005	1583203068005	-8.260	1.129	-0.194	-0.221	0.397	-0.708	0.000000	0.000000
1583203068024	1583203068023	-8.076	1.332	0.048	-0.485	0.548	-0.187	0.000000	0.000000
1583203068043	1583203068043	-8.756	1.282	0.242	-0.802	0.755	0.403	0.000000	0.000000
1583203068061	1583203068061	-8.735	0.578	0.985	-1.079	1.079	1.053	0.000000	0.000000
1583203068084	1583203068084	-7.640	-0.153	2.140	-1.228	1.484	1.640	0.000000	0.000000
1583203068104	1583203068103	-7.197	-0.675	2.676	-1.317	1.720	2.061	0.000000	0.000000
1583203068123	1583203068122	-7.844	-0.735	2.528	-1.372	1.754	2.322	0.000000	0.000000
1583203068141	1583203068141	-9.108	-0.598	2.137	-1.345	1.665	2.513	0.000000	0.000000
1583203068162	1583203068160	-11.013	-0.546	1.639	-1.239	1.495	2.752	0.000000	0.000000
1583203068182	1583203068180	-12.845	-0.596	1.308	-1.130	1.329	2.982	0.000000	0.000000
1583203068210	1583203068210	-14.141	-0.663	1.320	-1.174	1.131	3.135	0.000000	0.000000
1583203068221	1583203068220	-14.558	-1.075	1.363	-1.329	0.882	3.335	0.000000	0.000000
1583203068243	1583203068242	-14.110	-1.382	1.138	-1.638	0.674	3.520	0.000000	0.000000
1583203068261	1583203068260	-13.780	-2.225	0.769	-2.192	0.664	3.610	0.000000	0.000000
1583203068282	1583203068279	-13.526	-3.360	1.035	-2.583	0.805	3.501	0.000000	0.000000
1583203068301	1583203068301	-12.968	-3.854	1.359	-2.619	0.907	3.392	0.000000	0.000000
1583203068326	1583203068322	-12.515	-4.141	1.459	-2.397	0.969	3.069	0.000000	0.000000
1583203068341	1583203068341	-11.976	-4.048	1.131	-2.035	0.901	2.586	0.000000	0.000000
1583203068360	1583203068359	-11.365	-3.938	0.652	-1.740	0.719	2.157	0.000000	0.000000
1583203068381	1583203068380	-10.991	-4.048	0.317	-1.636	0.486	1.742	0.000000	0.000000
1583203068403	1583203068403	-10.929	-4.386	0.240	-1.591	0.233	1.386	0.000000	0.000000
1583203068421	1583203068419	-10.867	-4.462	0.278	-1.501	0.029	1.104	0.000000	0.000000
1583203068441	1583203068439	-10.596	-4.580	0.283	-1.404	-0.079	0.855	0.000000	0.000000
1583203068460	1583203068459	-10.301	-4.347	0.293	-1.312	-0.119	0.614	0.000000	0.000000
1583203068481	1583203068479	-10.349	-4.048	0.096	-1.297	-0.130	0.363	0.000000	0.000000
1583203068503	1583203068503	-10.716	-3.990	-0.091	-1.326	-0.113	0.107	0.000000	0.000000
1583203068526	1583203068526	-11.114	-3.998	-0.100	-1.250	-0.080	-0.081	0.000000	0.000000
1583203068543	1583203068541	-11.339	-4.165	-0.026	-1.049	-0.018	-0.194	0.000000	0.000000
1583203068559	1583203068559	-11.324	-4.297	-0.081	-0.718	0.028	-0.275	0.000000	0.000000
1583203068580	1583203068578	-11.176	-3.919	-0.019	-0.365	0.061	-0.384	0.000000	0.000000
1583203068600	1583203068598	-11.394	-3.451	-0.237	-0.167	0.069	-0.544	0.000000	0.000000
1583203068620	1583203068618	-12.716	-3.236	-0.642	-0.020	0.009	-0.688	0.000000	0.000000
1583203068640	1583203068638	-13.775	-3.425	-0.414	0.256	-0.000	-0.747	0.000000	0.000000
1583203068664	1583203068664	-12.635	-3.775	0.635	0.653	0.112	-0.753	0.000000	0.000000
1583203068679	1583203068678	-11.432	-3.622	0.674	0.950	0.101	-0.868	0.000000	0.000000
1583203068700	1583203068698	-11.839	-3.044	-0.151	1.164	-0.036	-1.082	0.000000	0.000000
1583203068719	1583203068719	-12.913	-2.766	-0.649	1.421	-0.222	-1.297	0.000000	0.000000
1583203068740	1583203068739	-13.401	-2.534	-0.922	1.672	-0.473	-1.519	0.000000	0.000000
1583203068762	1583203068760	-13.363	-2.110	-1.128	1.820	-0.648	-1.778	0.000000	0.000000
1583203068778	1583203068776	-13.075	-1.660	-1.032	1.888	-0.702	-2.030	0.000000	0.000000
1583203068798	1583203068796	-12.659	-1.463	-0.790	1.898	-0.685	-2.243	0.000000	0.000000
1583203068818	1583203068817	-12.112	-1.576	-0.613	1.869	-0.602	-2.407	0.000000	0.000000
1583203068839	1583203068837	-11.703	-1.521	-0.481	1.869	-0.507	-2.513	0.000000	0.000000
1583203068858	1583203068858	-11.415	-1.339	-0.251	1.904	-0.428	-2.556	0.000000	0.000000
1583203068880	1583203068877	-11.506	-1.125	-0.086	1.933	-0.410	-2.576	0.000000	0.000000
1583203068898	1583203068897	-11.571	-0.649	0.000	1.983	-0.489	-2.579	0.000000	0.000000
1583203068922	1583203068922	-11.353	-0.189	-0.191	1.904	-0.650	-2.543	0.000000	0.000000
1583203068940	1583203068937	-10.999	0.151	-0.313	1.666	-0.832	-2.468	0.000000	0.000000
1583203068960	1583203068957	-10.598	0.319	-0.436	1.316	-0.982	-2.379	0.000000	0.000000
1583203068979	1583203068976	-9.861	0.714	-0.333	1.011	-1.068	-2.296	0.000000	0.000000
1583203068998	1583203068997	-8.982	0.839	-0.232	0.689	-1.059	-2.177	0.000000	0.000000
1583203069018	1583203069017	-8.275	0.880	-0.349	0.348	-1.047	-2.060	0.000000	0.000000
1583203069039	1583203069037	-7.995	1.100	-0.733	0.017	-1.074	-1.898	0.000000	0.000000
1583203069058	1583203069056	-8.268	1.167	-1.032	-0.268	-1.070	-1.618	0.000000	0.000000
1583203069079	1583203069078	-8.404	1.059	-1.214	-0.462	-1.019	-1.251	0.000000	0.000000
1583203069097	1583203069096	-8.009	1.114	-1.269	-0.627	-0.900	-0.830	0.000000	0.000000
1583203069117	1583203069116	-7.753	1.146	-0.845	-0.889	-0.695	-0.346	0.000000	0.000000
1583203069149	1583203069147	-7.853	0.583	-0.170	-1.198	-0.433	0.215	0.000000	0.000000
1583203069159	1583203069159	-7.848	0.084	0.568	-1.324	-0.103	0.828	0.000000	0.000000
1583203069178	1583203069176	-8.893	0.178	0.896	-1.335	0.191	1.479	0.000000	0.000000
1583203069197	1583203069196	-10.687	0.319	0.317	-1.448	0.307	2.081	0.000000	0.000000
1583203069217	1583203069215	-12.163	0.257	-0.263	-1.722	0.337	2.641	0.000000	0.000000
1583203069238	1583203069238	-11.729	-0.893	0.211	-2.115	0.260	3.082	0.000000	0.000000
1583203069258	1583203069256	-9.988	-2.045	0.709	-2.342	0.205	3.328	0.000000	0.000000
1583203069278	1583203069278	-10.040	-2.060	0.642	-2.315	0.146	3.427	0.000000	0.000000
1583203069296	1583203069296	-11.221	-1.660	-0.024	-2.236	-0.052	3.393	0.000000	0.000000
1583203069318	1583203069316	-13.265	-1.902	-0.800	-2.250	-0.183	3.253	0.000000	0.000000
1583203069337	1583203069335	-14.613	-2.448	-1.255	-2.343	-0.231	2.990	0.000000	0.000000
1583203069366	1583203069366	-14.673	-2.656	-1.662	-2.521	-0.251	2.648	0.000000	0.000000
1583203069377	1583203069376	-14.280	-2.512	-1.978	-2.796	-0.238	2.299	0.000000	0.000000
1583203069398	1583203069398	-13.236	-2.390	-1.950	-3.099	-0.170	1.895	0.000000	0.000000
1583203069417	1583203069415	-11.676	-2.460	-1.650	-3.257	-0.062	1.542	0.000000	0.000000
1583203069438	1583203069434	-10.361	-2.577	-1.408	-3.215	0.019	1.370	0.000000	0.000000
1583203069457	1583203069455	-9.525	-2.829	-1.231	-3.044	0.071	1.307	0.000000	0.000000
1583203069483	1583203069478	-9.350	-2.912	-1.159	-2.790	0.071	1.318	0.000000	0.000000
1583203069498	1583203069496	-9.695	-2.817	-1.164	-2.560	0.012	1.405	0.000000	0.000000
1583203069516	1583203069514	-10.165	-2.893	-1.248	-2.365	-0.107	1.563	0.000000	0.000000
1583203069537	1583203069534	-10.400	-3.368	-1.102	-2.138	-0.203	1.735	0.000000	0.000000
1583203069566	1583203069559	-10.570	-3.732	-0.819	-1.865	-0.164	1.864	0.000000	0.000000
1583203069575	1583203069575	-10.476	-4.093	-0.699	-1.704	-0.008	1.976	0.000000	0.000000
1583203069598	1583203069598	-10.723	-4.755	-0.603	-1.631	0.173	2.076	0.000000	0.000000
1583203069616	1583203069613	-11.130	-5.684	-0.220	-1.543	0.402	2.066	0.000000	0.000000
1583203069636	1583203069633	-11.003	-6.146	0.063	-1.341	0.599	1.825	0.000000	0.000000
1583203069658	1583203069658	-10.673	-5.763	0.185	-1.084	0.677	1.447	0.000000	0.000000
1583203069677	1583203069677	-11.027	-5.416	0.353	-0.853	0.686	1.010	0.000000	0.000000
1583203069697	1583203069696	-11.518	-5.490	0.542	-0.565	0.636	0.579	0.000000	0.000000
1583203069715	1583203069713	-11.583	-5.677	0.657	-0.233	0.483	0.224	0.000000	0.000000
1583203069736	1583203069733	-11.712	-5.492	0.578	0.071	0.268	-0.029	0.000000	0.000000
1583203069754	1583203069754	-11.801	-4.992	0.417	0.318	0.077	-0.271	0.000000	0.000000
1583203069775	1583203069775	-11.868	-4.285	0.137	0.475	-0.054	-0.562	0.000000	0.000000
1583203069796	1583203069794	-12.572	-3.715	-0.306	0.542	-0.195	-0.838	0.000000	0.000000
1583203069816	1583203069815	-12.455	-3.875	-0.095	0.693	-0.239	-1.000	0.000000	0.000000
1583203069834	1583203069833	-10.500	-4.046	0.594	0.972	-0.120	-1.189	0.000000	0.000000
1583203069854	1583203069853	-9.221	-3.768	0.511	1.215	-0.018	-1.420	0.000000	0.000000
1583203069878	1583203069878	-10.179	-3.109	-0.349	1.412	-0.070	-1.638	0.000000	0.000000
1583203069900	1583203069893	-12.450	-2.884	-1.123	1.684	-0.248	-1.802	0.000000	0.000000
1583203069918	1583203069913	-14.752	-2.745	-1.607	2.049	-0.444	-1.962	0.000000	0.000000
1583203069935	1583203069932	-15.878	-2.184	-1.873	2.334	-0.621	-2.161	0.000000	0.000000
1583203069953	1583203069952	-15.648	-1.705	-1.684	2.370	-0.729	-2.423	0.000000	0.000000
1583203069973	1583203069973	-14.736	-1.420	-1.408	2.206	-0.719	-2.697	0.000000	0.000000
1583203069994	1583203069992	-13.835	-1.224	-1.209	1.900	-0.625	-2.986	0.000000	0.000000
1583203070020	1583203070013	-13.243	-0.819	-1.070	1.536	-0.486	-3.268	0.000000	0.000000
1583203070034	1583203070032	-12.994	-0.886	-1.008	1.188	-0.348	-3.510	0.000000	0.000000
1583203070054	1583203070052	-12.843	-0.773	-0.924	1.076	-0.274	-3.651	0.000000	0.000000
1583203070077	1583203070077	-12.587	-0.519	-0.936	1.115	-0.264	-3.676	0.000000	0.000000
1583203070094	1583203070094	-12.215	-0.388	-1.015	1.143	-0.295	-3.591	0.000000	0.000000
1583203070114	1583203070114	-11.564	0.111	-0.951	1.261	-0.363	-3.465	0.000000	0.000000
1583203070134	1583203070132	-10.757	0.664	-0.864	1.344	-0.385	-3.259	0.000000	0.000000
1583203070153	1583203070152	-9.755	0.705	-0.666	1.295	-0.338	-3.013	0.000000	0.000000
1583203070172	1583203070171	-8.907	0.863	-0.294	1.162	-0.285	-2.732	0.000000	0.000000
1583203070195	1583203070195	-8.335	1.100	0.060	0.963	-0.208	-2.385	0.000000	0.000000
1583203070215	1583203070215	-8.031	1.428	0.060	0.652	-0.210	-1.991	0.000000	0.000000
1583203070235	1583203070232	-8.035	1.768	-0.239	0.231	-0.309	-1.573	0.000000	0.000000
1583203070251	1583203070251	-7.640	1.862	-0.385	-0.239	-0.401	-1.095	0.000000	0.000000
1583203070272	1583203070271	-7.381	1.663	-0.287	-0.721	-0.435	-0.540	0.000000	0.000000
1583203070293	1583203070293	-7.769	1.452	0.065	-1.116	-0.380	0.050	0.000000	0.000000
1583203070315	1583203070311	-8.047	0.796	0.489	-1.404	-0.294	0.744	0.000000	0.000000
1583203070334	1583203070332	-9.123	0.714	0.362	-1.633	-0.241	1.502	0.000000	0.000000
1583203070352	1583203070351	-10.819	0.767	-0.095	-1.944	-0.170	2.264	0.000000	0.000000
1583203070373	1583203070370	-12.060	0.005	-0.002	-2.279	-0.093	3.008	0.000000	0.000000
1583203070395	1583203070392	-12.191	-1.269	0.453	-2.400	-0.032	3.656	0.000000	0.000000
1583203070415	1583203070415	-11.506	-2.148	0.745	-2.227	0.040	4.127	0.000000	0.000000
1583203070432	1583203070432	-11.274	-2.472	0.829	-1.927	0.060	4.412	0.000000	0.000000
1583203070451	1583203070450	-12.163	-2.570	0.377	-1.650	-0.005	4.512	0.000000	0.000000
1583203070473	1583203070472	-14.168	-2.498	-0.610	-1.493	-0.140	4.416	0.000000	0.000000
1583203070492	1583203070490	-15.442	-2.747	-1.590	-1.559	-0.258	4.153	0.000000	0.000000
1583203070515	1583203070515	-15.900	-3.073	-2.069	-1.791	-0.362	3.743	0.000000	0.000000
1583203070534	1583203070530	-15.550	-3.003	-2.309	-2.145	-0.422	3.089	0.000000	0.000000
1583203070554	1583203070554	-14.697	-2.426	-2.134	-2.636	-0.359	2.268	0.000000	0.000000
1583203070571	1583203070570	-13.562	-2.292	-1.526	-3.026	-0.184	1.536	0.000000	0.000000
1583203070590	1583203070590	-12.175	-2.721	-1.051	-3.033	-0.021	1.092	0.000000	0.000000
1583203070611	1583203070609	-10.816	-2.929	-0.896	-2.739	0.119	0.824	0.000000	0.000000
1583203070634	1583203070634	-9.822	-3.023	-0.943	-2.331	0.171	0.768	0.000000	0.000000
1583203070653	1583203070651	-9.511	-3.051	-1.025	-2.040	0.125	0.857	0.000000	0.000000
1583203070671	1583203070669	-9.791	-2.972	-1.051	-1.833	-0.046	1.020	0.000000	0.000000
1583203070691	1583203070690	-10.155	-2.759	-0.836	-1.648	-0.257	1.236	0.000000	0.000000
1583203070715	1583203070714	-10.330	-2.670	-0.572	-1.517	-0.401	1.432	0.000000	0.000000
1583203070730	1583203070729	-10.153	-2.968	-0.304	-1.541	-0.433	1.530	0.000000	0.000000
1583203070750	1583203070749	-9.779	-3.497	-0.258	-1.705	-0.325	1.524	0.000000	0.000000
1583203070770	1583203070769	-9.532	-4.355	-0.340	-1.831	-0.127	1.453	0.000000	0.000000
1583203070790	1583203070789	-9.530	-4.884	-0.412	-1.771	0.010	1.330	0.000000	0.000000
1583203070813	1583203070813	-9.379	-5.064	-0.357	-1.516	0.112	1.127	0.000000	0.000000
1583203070833	1583203070828	-9.027	-5.085	-0.059	-1.130	0.238	0.862	0.000000	0.000000
1583203070852	1583203070849	-8.914	-5.006	0.331	-0.707	0.333	0.585	0.000000	0.000000
1583203070870	1583203070869	-9.245	-5.052	0.748	-0.336	0.397	0.349	0.000000	0.000000
1583203070889	1583203070889	-9.753	-5.073	0.990	-0.020	0.403	0.148	0.000000	0.000000
1583203070910	1583203070908	-9.978	-4.850	0.777	0.201	0.295	-0.030	0.000000	0.000000
1583203070938	1583203070937	-9.873	-4.481	0.283	0.307	0.139	-0.248	0.000000	0.000000
1583203070950	1583203070949	-9.731	-3.943	-0.098	0.369	0.001	-0.528	0.000000	0.000000
1583203070976	1583203070969	-10.289	-3.387	-0.687	0.409	-0.113	-0.787	0.000000	0.000000
1583203070990	1583203070988	-12.584	-3.056	-1.928	0.405	-0.283	-0.951	0.000000	0.000000
1583203071009	1583203071008	-14.946	-3.344	-2.201	0.535	-0.323	-1.007	0.000000	0.000000
1583203071029	1583203071027	-14.839	-4.101	-1.068	0.909	-0.146	-0.974	0.000000	0.000000
1583203071052	1583203071049	-11.466	-4.941	0.355	1.333	0.275	-0.993	0.000000	0.000000
1583203071073	1583203071069	-8.725	-4.498	0.020	1.689	0.545	-1.216	0.000000	0.000000
1583203071089	1583203071087	-9.087	-3.253	-1.418	1.901	0.525	-1.572	0.000000	0.000000
1583203071109	1583203071107	-11.823	-2.714	-2.263	2.098	0.408	-1.871	0.000000	0.000000
1583203071131	1583203071128	-15.306	-2.984	-2.546	2.473	0.210	-2.043	0.000000	0.000000
1583203071149	1583203071148	-17.579	-2.261	-2.889	2.878	-0.094	-2.342	0.000000	0.000000
1583203071169	1583203071168	-18.135	-1.657	-2.716	3.007	-0.365	-2.646	0.000000	0.000000
1583203071189	1583203071187	-17.224	-1.454	-2.328	2.956	-0.507	-2.884	0.000000	0.000000
1583203071208	1583203071207	-16.185	-1.176	-2.110	2.751	-0.425	-3.095	0.000000	0.000000
1583203071232	1583203071227	-15.188	-0.922	-2.017	2.481	-0.304	-3.345	0.000000	0.000000
1583203071251	1583203071250	-15.095	-0.167	-2.112	2.357	-0.270	-3.625	0.000000	0.000000
1583203071273	1583203071270	-14.728	0.590	-2.232	2.196	-0.375	-3.857	0.000000	0.000000
1583203071288	1583203071288	-13.976	0.940	-1.990	1.967	-0.367	-4.023	0.000000	0.000000
1583203071307	1583203071306	-13.480	1.181	-1.662	1.769	-0.366	-4.216	0.000000	0.000000
1583203071329	1583203071326	-12.865	1.697	-1.308	1.624	-0.395	-4.232	0.000000	0.000000
1583203071351	1583203071351	-11.966	1.938	-1.118	1.444	-0.390	-3.931	0.000000	0.000000
1583203071373	1583203071371	-10.735	2.154	-0.869	1.209	-0.408	-3.553	0.000000	0.000000
1583203071389	1583203071387	-9.437	2.137	-0.570	0.849	-0.446	-3.123	0.000000	0.000000
1583203071408	1583203071406	-8.433	2.226	-0.395	0.486	-0.529	-2.546	0.000000	0.000000
1583203071428	1583203071426	-7.489	2.413	-0.244	0.122	-0.613	-1.908	0.000000	0.000000
1583203071449	1583203071449	-6.778	2.542	-0.172	-0.169	-0.750	-1.195	0.000000	0.000000
1583203071468	1583203071468	-6.025	2.542	-0.043	-0.521	-0.832	-0.462	0.000000	0.000000
1583203071490	1583203071489	-5.872	2.367	-0.009	-1.114	-0.847	0.225	0.000000	0.000000
1583203071507	1583203071505	-5.800	1.510	-0.103	-1.844	-0.809	0.907	0.000000	0.000000
1583203071527	1583203071525	-5.848	0.724	-0.079	-2.316	-0.759	1.549	0.000000	0.000000
1583203071548	1583203071547	-6.267	0.216	-0.124	-2.535	-0.753	2.185	0.000000	0.000000
1583203071572	1583203071566	-7.113	-0.138	-0.287	-2.569	-0.778	2.805	0.000000	0.000000
1583203071589	1583203071586	-8.476	-0.512	-0.622	-2.457	-0.834	3.437	0.000000	0.000000
1583203071606	1583203071605	-10.421	-0.716	-0.987	-2.232	-0.931	4.094	0.000000	0.000000
1583203071627	1583203071626	-13.018	-0.867	-1.446	-2.019	-1.047	4.777	0.000000	0.000000
1583203071647	1583203071645	-16.726	-1.049	-2.338	-1.942	-1.158	5.427	0.000000	0.000000
1583203071671	1583203071671	-21.182	-1.602	-3.614	-1.996	-1.313	5.994	0.000000	0.000000
1583203071687	1583203071686	-24.845	-2.711	-4.997	-2.033	-1.537	6.315	0.000000	0.000000
1583203071710	1583203071710	-23.362	-4.149	-5.495	-2.232	-1.769	6.256	0.000000	0.000000
1583203071725	1583203071725	-17.876	-6.024	-3.935	-2.811	-1.450	6.113	0.000000	0.000000
1583203071747	1583203071745	-14.156	-6.930	-2.359	-2.816	-0.529	5.189	0.000000	0.000000
1583203071766	1583203071764	-12.184	-6.544	-1.976	-2.561	-0.039	3.860	0.000000	0.000000
1583203071790	1583203071788	-10.934	-4.046	-1.245	-2.423	0.355	2.641	0.000000	0.000000
1583203071809	1583203071806	-11.269	-3.375	-1.078	-2.093	0.850	1.753	0.000000	0.000000
1583203071826	1583203071824	-12.771	-3.765	-0.699	-1.439	1.221	1.128	0.000000	0.000000
1583203071846	1583203071844	-12.699	-4.077	-0.371	-0.771	1.241	0.497	0.000000	0.000000
1583203071870	1583203071864	-10.915	-3.523	0.036	-0.787	1.122	0.040	0.000000	0.000000
1583203071886	1583203071884	-9.933	-3.396	0.336	-1.350	0.813	0.058	0.000000	0.000000
1583203071911	1583203071909	-9.810	-3.667	0.726	-1.734	0.534	0.221	0.000000	0.000000
1583203071926	1583203071924	-9.767	-3.533	1.155	-1.774	0.283	0.348	0.000000	0.000000
1583203071945	1583203071943	-9.762	-3.451	1.605	-1.647	0.120	0.395	0.000000	0.000000
1583203071966	1583203071966	-9.607	-3.926	1.775	-1.443	0.054	0.363	0.000000	0.000000
1583203071988	1583203071988	-9.310	-4.156	1.941	-1.180	0.133	0.265	0.000000	0.000000
1583203072007	1583203072006	-9.235	-4.057	2.211	-0.885	0.300	0.112	0.000000	0.000000
1583203072024	1583203072023	-9.274	-3.701	2.482	-0.598	0.431	-0.078	0.000000	0.000000
1583203072045	1583203072043	-9.324	-3.461	2.746	-0.362	0.464	-0.261	0.000000	0.000000
1583203072063	1583203072063	-9.322	-3.257	2.818	-0.184	0.433	-0.447	0.000000	0.000000
1583203072085	1583203072083	-9.190	-2.886	2.623	-0.085	0.331	-0.630	0.000000	0.000000
1583203072103	1583203072102	-8.993	-2.611	2.372	-0.066	0.185	-0.772	0.000000	0.000000
1583203072127	1583203072127	-8.653	-2.515	2.168	-0.043	0.052	-0.848	0.000000	0.000000
1583203072145	1583203072142	-8.150	-2.433	1.991	0.027	-0.038	-0.877	0.000000	0.000000
1583203072164	1583203072163	-7.647	-2.378	1.807	0.120	-0.070	-0.866	0.000000	0.000000
1583203072185	1583203072183	-7.482	-2.345	1.390	0.223	-0.068	-0.830	0.000000	0.000000
1583203072211	1583203072206	-7.949	-2.450	0.836	0.374	-0.054	-0.757	0.000000	0.000000
1583203072228	1583203072228	-8.941	-2.635	0.415	0.626	0.003	-0.647	0.000000	0.000000
1583203072243	1583203072243	-10.074	-2.728	0.144	0.995	0.102	-0.532	0.000000	0.000000
1583203072263	1583203072262	-11.228	-2.723	0.127	1.403	0.222	-0.424	0.000000	0.000000
1583203072285	1583203072284	-11.619	-2.769	0.518	1.752	0.361	-0.347	0.000000	0.000000
1583203072305	1583203072305	-11.137	-2.867	0.554	1.970	0.393	-0.350	0.000000	0.000000
1583203072327	1583203072327	-11.763	-2.723	-0.261	2.067	0.270	-0.418	0.000000	0.000000
1583203072345	1583203072345	-13.605	-2.721	-0.965	2.117	0.066	-0.534	0.000000	0.000000
1583203072363	1583203072361	-15.418	-2.771	-1.365	2.149	-0.149	-0.723	0.000000	0.000000
1583203072383	1583203072382	-16.307	-2.515	-1.645	2.040	-0.349	-1.020	0.000000	0.000000
1583203072410	1583203072410	-15.950	-2.163	-1.842	1.706	-0.503	-1.434	0.000000	0.000000
1583203072425	1583203072423	-14.398	-1.820	-1.777	1.295	-0.571	-1.941	0.000000	0.000000
1583203072444	1583203072441	-12.352	-1.406	-1.384	0.967	-0.541	-2.463	0.000000	0.000000
1583203072462	1583203072461	-11.166	-1.269	-1.056	0.689	-0.424	-2.928	0.000000	0.000000
1583203072482	1583203072481	-11.078	-1.293	-1.022	0.572	-0.284	-3.313	0.000000	0.000000
1583203072503	1583203072503	-11.446	-0.857	-1.214	0.592	-0.172	-3.570	0.000000	0.000000
1583203072525	1583203072523	-11.676	-0.294	-1.399	0.593	-0.092	-3.659	0.000000	0.000000
1583203072544	1583203072542	-11.691	0.206	-1.427	0.629	-0.095	-3.541	0.000000	0.000000
1583203072562	1583203072561	-10.828	0.396	-1.171	0.726	-0.152	-3.237	0.000000	0.000000
1583203072583	1583203072581	-9.815	0.278	-0.824	0.803	-0.105	-2.765	0.000000	0.000000
1583203072611	1583203072604	-9.116	0.401	-0.512	0.816	0.008	-2.209	0.000000	0.000000
1583203072624	1583203072620	-8.553	0.683	-0.347	0.683	0.095	-1.642	0.000000	0.000000
1583203072644	1583203072645	-8.014	0.997	-0.380	0.401	0.141	-1.094	0.000000	0.000000
1583203072662	1583203072660	-7.635	1.105	-0.464	0.045	0.144	-0.580	0.000000	0.000000
1583203072681	1583203072680	-7.460	0.844	-0.469	-0.311	0.105	-0.105	0.000000	0.000000
1583203072704	1583203072704	-7.532	0.183	-0.349	-0.681	0.044	0.336	0.000000	0.000000
1583203072726	1583203072726	-7.757	-0.237	-0.273	-0.959	-0.028	0.712	0.000000	0.000000
1583203072745	1583203072741	-7.980	-0.373	-0.277	-1.169	-0.073	1.042	0.000000	0.000000
1583203072761	1583203072760	-8.186	-0.651	-0.349	-1.365	-0.121	1.363	0.000000	0.000000
1583203072782	1583203072780	-8.768	-0.876	-0.558	-1.483	-0.221	1.663	0.000000	0.000000
1583203072800	1583203072799	-9.525	-0.922	-0.955	-1.552	-0.342	1.935	0.000000	0.000000
1583203072828	1583203072828	-10.481	-0.912	-1.526	-1.620	-0.470	2.208	0.000000	0.000000
1583203072841	1583203072840	-12.259	-0.831	-2.290	-1.717	-0.612	2.541	0.000000	0.000000
1583203072865	1583203072865	-13.837	-1.212	-2.826	-1.803	-0.745	2.907	0.000000	0.000000
1583203072880	1583203072880	-14.158	-1.923	-2.913	-1.759	-0.848	3.246	0.000000	0.000000
1583203072901	1583203072899	-13.677	-2.831	-2.481	-1.623	-0.742	3.515	0.000000	0.000000
1583203072920	1583203072919	-13.274	-3.442	-1.825	-1.584	-0.404	3.659	0.000000	0.000000
1583203072946	1583203072940	-12.932	-4.177	-1.451	-1.616	0.011	3.688	0.000000	0.000000
1583203072964	1583203072961	-12.786	-4.230	-1.305	-1.441	0.417	3.457	0.000000	0.000000
1583203072981	1583203072979	-12.604	-4.271	-1.238	-1.130	0.672	2.989	0.000000	0.000000
1583203073000	1583203072999	-12.294	-4.268	-1.298	-0.752	0.771	2.482	0.000000	0.000000
1583203073026	1583203073019	-12.117	-3.976	-1.224	-0.389	0.743	1.993	0.000000	0.000000
1583203073041	1583203073040	-12.170	-3.564	-1.133	-0.239	0.637	1.536	0.000000	0.000000
1583203073065	1583203073065	-12.374	-3.473	-0.905	-0.364	0.565	1.176	0.000000	0.000000
1583203073080	1583203073078	-12.218	-3.792	-0.292	-0.593	0.580	0.946	0.000000	0.000000
1583203073100	1583203073098	-11.655	-4.534	0.532	-0.641	0.684	0.855	0.000000	0.000000
1583203073124	1583203073118	-11.032	-5.078	1.351	-0.409	0.889	0.849	0.000000	0.000000
1583203073143	1583203073140	-10.474	-5.466	2.075	0.018	1.116	0.894	0.000000	0.000000
1583203073163	1583203073158	-10.261	-6.015	2.664	0.619	1.243	0.970	0.000000	0.000000
1583203073179	1583203073179	-10.476	-6.065	2.935	1.295	1.206	0.938	0.000000	0.000000
1583203073198	1583203073198	-10.785	-5.837	3.141	1.946	1.047	0.921	0.000000	0.000000
1583203073220	1583203073218	-11.516	-5.579	3.340	2.465	0.750	0.882	0.000000	0.000000
1583203073248	1583203073248	-12.505	-5.325	3.316	2.862	0.277	0.806	0.000000	0.000000
1583203073261	1583203073260	-13.018	-4.584	2.772	3.114	-0.362	0.670	0.000000	0.000000
1583203073285	1583203073279	-12.893	-3.758	1.831	3.198	-1.049	0.451	0.000000	0.000000
1583203073299	1583203073297	-12.721	-2.886	1.042	3.177	-1.636	0.188	0.000000	0.000000
1583203073320	1583203073317	-13.090	-2.417	0.305	3.088	-2.150	0.037	0.000000	0.000000
1583203073339	1583203073338	-13.274	-2.189	-0.380	2.956	-2.618	-0.081	0.000000	0.000000
1583203073368	1583203073368	-12.958	-2.012	-1.034	2.820	-3.021	-0.248	0.000000	0.000000
1583203073379	1583203073379	-12.580	-1.858	-1.521	2.665	-3.249	-0.405	0.000000	0.000000
1583203073400	1583203073397	-12.287	-1.911	-1.928	2.463	-3.292	-0.533	0.000000	0.000000
1583203073418	1583203073417	-11.887	-2.108	-2.103	2.302	-3.173	-0.623	0.000000	0.000000
1583203073440	1583203073440	-11.329	-2.256	-2.345	2.177	-2.954	-0.653	0.000000	0.000000
1583203073460	1583203073457	-10.824	-2.354	-2.685	2.094	-2.711	-0.647	0.000000	0.000000
1583203073485	1583203073478	-10.682	-2.321	-2.946	2.033	-2.482	-0.621	0.000000	0.000000
1583203073498	1583203073497	-10.838	-2.352	-3.257	1.974	-2.282	-0.601	0.000000	0.000000
1583203073519	1583203073517	-11.145	-2.522	-3.528	1.916	-2.107	-0.598	0.000000	0.000000
1583203073539	1583203073536	-11.087	-2.833	-3.701	1.870	-1.939	-0.611	0.000000	0.000000
1583203073560	1583203073560	-10.412	-2.996	-3.955	1.814	-1.776	-0.669	0.000000	0.000000
1583203073580	1583203073577	-9.451	-3.044	-4.189	1.686	-1.618	-0.812	0.000000	0.000000
1583203073598	1583203073596	-9.441	-2.848	-4.501	1.488	-1.431	-1.022	0.000000	0.000000
1583203073617	1583203073616	-11.593	-2.651	-5.059	1.260	-1.216	-1.236	0.000000	0.000000
1583203073638	1583203073636	-14.934	-2.556	-5.744	1.137	-0.985	-1.428	0.000000	0.000000
1583203073661	1583203073662	-15.766	-2.963	-5.847	1.168	-0.707	-1.578	0.000000	0.000000
1583203073682	1583203073682	-12.730	-3.753	-4.546	1.390	-0.300	-1.630	0.000000	0.000000
1583203073698	1583203073698	-10.019	-4.098	-2.953	1.772	0.292	-1.662	0.000000	0.000000
1583203073717	1583203073717	-8.809	-3.768	-2.000	2.280	0.879	-1.819	0.000000	0.000000
1583203073737	1583203073736	-8.634	-3.540	-1.899	2.803	1.182	-2.061	0.000000	0.000000
1583203073760	1583203073760	-10.119	-3.006	-2.510	3.273	1.248	-2.309	0.000000	0.000000
1583203073779	1583203073776	-12.776	-2.443	-3.092	3.695	1.182	-2.515	0.000000	0.000000
1583203073797	1583203073795	-15.490	-1.933	-3.610	4.010	1.003	-2.616	0.000000	0.000000
1583203073818	1583203073815	-16.324	-1.523	-3.873	4.224	0.493	-2.613	0.000000	0.000000
1583203073836	1583203073835	-15.581	-1.236	-3.739	4.288	-0.004	-2.523	0.000000	0.000000
1583203073861	1583203073860	-15.377	-1.080	-3.492	4.130	-0.134	-2.394	0.000000	0.000000
1583203073880	1583203073878	-14.637	-0.953	-3.301	3.828	-0.096	-2.359	0.000000	0.000000
1583203073896	1583203073896	-13.638	-0.891	-3.190	3.518	0.041	-2.399	0.000000	0.000000
1583203073917	1583203073916	-12.884	-0.922	-3.186	3.248	0.189	-2.474	0.000000	0.000000
1583203073937	1583203073934	-11.988	-1.058	-3.104	3.105	0.288	-2.554	0.000000	0.000000
1583203073956	1583203073955	-11.288	-1.061	-2.965	3.101	0.355	-2.596	0.000000	0.000000
1583203073981	1583203073976	-10.898	-0.922	-2.750	3.190	0.406	-2.575	0.000000	0.000000
1583203073996	1583203073996	-10.615	-0.596	-2.510	3.268	0.437	-2.501	0.000000	0.000000
1583203074016	1583203074014	-10.476	-0.318	-2.342	3.243	0.459	-2.370	0.000000	0.000000
1583203074036	1583203074034	-10.321	-0.186	-2.115	3.089	0.494	-2.207	0.000000	0.000000
1583203074055	1583203074054	-10.177	-0.282	-1.847	2.858	0.552	-2.024	0.000000	0.000000
1583203074076	1583203074076	-10.198	-0.256	-1.360	2.642	0.630	-1.842	0.000000	0.000000
1583203074102	1583203074101	-10.038	-0.241	-0.630	2.466	0.718	-1.658	0.000000	0.000000
1583203074119	1583203074117	-9.832	-0.443	0.044	2.344	0.808	-1.471	0.000000	0.000000
1583203074136	1583203074133	-10.558	-0.134	0.381	2.235	0.828	-1.327	0.000000	0.000000
1583203074154	1583203074154	-11.538	0.554	0.257	2.007	0.767	-1.215	0.000000	0.000000
1583203074176	1583203074176	-12.026	1.023	0.144	1.585	0.676	-1.088	0.000000	0.000000
1583203074195	1583203074194	-12.330	1.299	0.161	1.038	0.577	-0.908	0.000000	0.000000
1583203074220	1583203074216	-12.275	1.292	0.417	0.506	0.529	-0.690	0.000000	0.000000
1583203074234	1583203074233	-12.453	1.035	0.829	0.083	0.561	-0.491	0.000000	0.000000
1583203074255	1583203074253	-12.999	0.616	1.169	-0.104	0.653	-0.286	0.000000	0.000000
1583203074274	1583203074274	-12.187	0.333	1.699	-0.066	0.828	-0.090	0.000000	0.000000
1583203074297	1583203074297	-10.289	0.278	2.604	0.036	1.139	0.027	0.000000	0.000000
1583203074319	1583203074314	-8.356	0.451	3.424	0.027	1.443	0.016	0.000000	0.000000
1583203074335	1583203074333	-7.314	1.093	3.316	-0.085	1.337	-0.166	0.000000	0.000000
1583203074353	1583203074353	-7.489	1.869	2.429	-0.255	0.959	-0.294	0.000000	0.000000
1583203074374	1583203074373	-7.932	2.159	1.708	-0.494	0.606	-0.299	0.000000	0.000000
1583203074394	1583203074394	-8.569	2.137	1.253	-0.832	0.402	-0.091	0.000000	0.000000
1583203074414	1583203074414	-9.180	1.685	1.138	-1.167	0.338	0.278	0.000000	0.000000
1583203074436	1583203074434	-9.693	0.748	1.380	-1.418	0.267	0.745	0.000000	0.000000
1583203074454	1583203074452	-9.439	-0.289	1.886	-1.502	0.288	1.307	0.000000	0.000000
1583203074474	1583203074473	-8.931	-1.190	1.984	-1.513	0.460	1.876	0.000000	0.000000
1583203074494	1583203074492	-8.898	-1.451	1.747	-1.488	0.652	2.253	0.000000	0.000000
1583203074516	1583203074516	-9.291	-1.444	1.366	-1.412	0.775	2.491	0.000000	0.000000
1583203074536	1583203074532	-9.784	-1.446	1.153	-1.311	0.847	2.674	0.000000	0.000000
1583203074554	1583203074552	-10.424	-1.875	1.292	-1.241	0.941	2.770	0.000000	0.000000
1583203074573	1583203074572	-10.946	-2.438	1.500	-1.171	1.030	2.783	0.000000	0.000000
