1583203914037	1583203914035	-12.438	-0.986	0.793	-1.339	0.154	2.099	0.000000	0.000000
1583203914057	1583203914054	-12.191	-1.767	0.525	-1.681	-0.225	1.864	0.000000	0.000000
1583203914076	1583203914074	-11.279	-2.663	0.578	-1.871	-0.374	1.664	0.000000	0.000000
1583203914096	1583203914095	-10.208	-3.140	0.733	-1.878	-0.400	1.440	0.000000	0.000000
1583203914116	1583203914114	-9.228	-3.205	0.793	-1.752	-0.301	1.265	0.000000	0.000000
1583203914134	1583203914133	-8.567	-3.063	0.712	-1.524	-0.111	1.139	0.000000	0.000000
1583203914156	1583203914154	-8.387	-2.879	0.539	-1.286	0.070	1.032	0.000000	0.000000
1583203914179	1583203914176	-8.459	-3.001	0.453	-1.117	0.203	0.937	0.000000	0.000000
1583203914198	1583203914195	-8.512	-3.186	0.707	-0.949	0.307	0.862	0.000000	0.000000
1583203914214	1583203914213	-8.809	-3.248	1.045	-0.737	0.365	0.800	0.000000	0.000000
1583203914234	1583203914233	-9.068	-3.140	1.332	-0.538	0.373	0.724	0.000000	0.000000
1583203914255	1583203914253	-8.998	-3.042	1.481	-0.420	0.373	0.611	0.000000	0.000000
1583203914273	1583203914272	-8.787	-3.042	1.649	-0.342	0.398	0.486	0.000000	0.000000
1583203914296	1583203914296	-9.269	-3.020	1.773	-0.230	0.397	0.369	0.000000	0.000000
1583203914314	1583203914313	-10.785	-3.073	2.051	-0.021	0.382	0.301	0.000000	0.000000
1583203914333	1583203914332	-11.926	-3.193	2.559	0.312	0.403	0.307	0.000000	0.000000
1583203914353	1583203914352	-12.599	-3.186	2.772	0.664	0.420	0.346	0.000000	0.000000
1583203914375	1583203914372	-13.737	-3.200	2.439	0.892	0.380	0.362	0.000000	0.000000
1583203914393	1583203914392	-14.939	-3.171	2.202	1.037	0.283	0.307	0.000000	0.000000
1583203914416	1583203914416	-15.790	-2.948	2.087	1.153	0.123	0.174	0.000000	0.000000
1583203914434	1583203914433	-16.146	-2.778	1.919	1.296	-0.106	-0.048	0.000000	0.000000
1583203914453	1583203914451	-15.210	-2.874	2.283	1.512	-0.327	-0.301	0.000000	0.000000
1583203914473	1583203914472	-12.843	-2.927	2.659	1.759	-0.535	-0.562	0.000000	0.000000
1583203914496	1583203914494	-10.589	-2.393	1.948	1.958	-0.822	-0.871	0.000000	0.000000
1583203914515	1583203914514	-9.916	-1.789	0.839	2.048	-1.154	-1.178	0.000000	0.000000
1583203914533	1583203914531	-10.481	-1.408	0.259	2.105	-1.431	-1.413	0.000000	0.000000
1583203914553	1583203914551	-11.097	-1.080	-0.045	2.210	-1.651	-1.540	0.000000	0.000000
1583203914572	1583203914571	-11.157	-0.713	-0.143	2.272	-1.777	-1.582	0.000000	0.000000
1583203914592	1583203914591	-10.699	-0.682	-0.215	2.149	-1.784	-1.571	0.000000	0.000000
1583203914613	1583203914611	-9.853	-0.922	-0.476	1.958	-1.667	-1.502	0.000000	0.000000
1583203914632	1583203914631	-9.408	-1.147	-0.828	1.800	-1.456	-1.382	0.000000	0.000000
1583203914652	1583203914651	-9.228	-0.958	-1.111	1.689	-1.237	-1.285	0.000000	0.000000
1583203914672	1583203914671	-9.329	-1.039	-1.269	1.583	-1.029	-1.223	0.000000	0.000000
1583203914692	1583203914691	-9.269	-1.082	-1.193	1.589	-0.856	-1.193	0.000000	0.000000
1583203914713	1583203914713	-9.075	-0.953	-1.238	1.569	-0.746	-1.209	0.000000	0.000000
1583203914734	1583203914731	-9.044	-0.876	-1.458	1.427	-0.686	-1.271	0.000000	0.000000
1583203914752	1583203914750	-8.910	-0.689	-1.549	1.212	-0.632	-1.389	0.000000	0.000000
1583203914772	1583203914770	-8.989	-0.503	-1.504	0.947	-0.567	-1.545	0.000000	0.000000
1583203914791	1583203914790	-9.188	-0.340	-1.439	0.680	-0.490	-1.717	0.000000	0.000000
1583203914813	1583203914810	-9.082	-0.112	-1.243	0.405	-0.356	-1.886	0.000000	0.000000
1583203914831	1583203914830	-9.092	0.120	-0.963	0.129	-0.189	-2.004	0.000000	0.000000
1583203914852	1583203914851	-9.676	0.336	-0.452	-0.053	-0.019	-1.969	0.000000	0.000000
1583203914873	1583203914872	-10.275	0.681	0.168	-0.082	0.148	-1.755	0.000000	0.000000
1583203914892	1583203914892	-10.354	1.028	0.520	-0.137	0.298	-1.497	0.000000	0.000000
1583203914917	1583203914916	-10.400	1.601	0.381	-0.362	0.407	-1.215	0.000000	0.000000
1583203914933	1583203914931	-10.380	2.032	0.329	-0.779	0.524	-0.901	0.000000	0.000000
1583203914952	1583203914951	-10.462	1.970	0.635	-1.201	0.670	-0.514	0.000000	0.000000
1583203914972	1583203914971	-11.336	1.529	1.009	-1.471	0.826	-0.021	0.000000	0.000000
1583203914992	1583203914990	-12.163	0.860	1.601	-1.520	1.051	0.582	0.000000	0.000000
1583203915012	1583203915011	-12.299	-0.249	3.033	-1.331	1.382	1.208	0.000000	0.000000
1583203915033	1583203915032	-11.602	-1.537	4.264	-0.802	1.706	1.717	0.000000	0.000000
1583203915052	1583203915050	-10.905	-1.463	4.542	-0.222	1.898	2.020	0.000000	0.000000
1583203915072	1583203915070	-11.020	-0.519	3.884	-0.120	1.788	2.026	0.000000	0.000000
1583203915092	1583203915092	-10.991	0.573	2.647	-0.395	1.376	1.816	0.000000	0.000000
1583203915116	1583203915116	-10.903	1.138	1.488	-0.950	0.744	1.534	0.000000	0.000000
1583203915130	1583203915130	-10.864	0.712	0.786	-1.577	0.070	1.278	0.000000	0.000000
1583203915151	1583203915150	-11.092	-0.189	0.475	-2.108	-0.395	1.189	0.000000	0.000000
1583203915170	1583203915170	-11.025	-1.305	0.556	-2.423	-0.699	1.172	0.000000	0.000000
1583203915190	1583203915190	-10.474	-1.961	0.829	-2.486	-0.941	1.194	0.000000	0.000000
1583203915212	1583203915210	-9.667	-2.189	0.695	-2.400	-0.959	1.313	0.000000	0.000000
1583203915236	1583203915233	-9.164	-2.179	0.635	-2.209	-0.700	1.482	0.000000	0.000000
1583203915252	1583203915252	-9.092	-2.093	0.712	-1.980	-0.355	1.600	0.000000	0.000000
1583203915270	1583203915270	-9.010	-2.165	0.815	-1.752	-0.075	1.635	0.000000	0.000000
1583203915291	1583203915289	-8.977	-2.254	0.810	-1.532	0.090	1.624	0.000000	0.000000
1583203915315	1583203915314	-9.070	-2.409	0.789	-1.354	0.189	1.578	0.000000	0.000000
1583203915330	1583203915329	-9.029	-2.448	0.949	-1.245	0.235	1.482	0.000000	0.000000
1583203915350	1583203915349	-9.087	-2.424	1.143	-1.205	0.222	1.340	0.000000	0.000000
1583203915371	1583203915369	-8.982	-2.433	1.215	-1.205	0.183	1.155	0.000000	0.000000
1583203915391	1583203915388	-9.077	-2.587	1.260	-1.222	0.142	0.958	0.000000	0.000000
1583203915411	1583203915410	-9.923	-2.905	1.385	-1.191	0.127	0.790	0.000000	0.000000
1583203915433	1583203915433	-10.850	-3.102	1.459	-1.057	0.146	0.648	0.000000	0.000000
1583203915453	1583203915449	-11.530	-3.073	1.395	-0.898	0.183	0.504	0.000000	0.000000
1583203915469	1583203915469	-12.000	-2.987	1.157	-0.804	0.216	0.345	0.000000	0.000000
1583203915490	1583203915488	-12.721	-3.080	0.899	-0.758	0.241	0.189	0.000000	0.000000
1583203915513	1583203915509	-13.018	-3.404	1.189	-0.667	0.333	0.044	0.000000	0.000000
1583203915542	1583203915537	-12.980	-3.657	1.646	-0.475	0.448	-0.097	0.000000	0.000000
1583203915551	1583203915548	-13.075	-3.998	2.276	-0.109	0.533	-0.241	0.000000	0.000000
1583203915571	1583203915571	-11.744	-3.926	3.002	0.438	0.584	-0.402	0.000000	0.000000
1583203915589	1583203915588	-9.669	-3.238	2.992	0.860	0.480	-0.625	0.000000	0.000000
1583203915610	1583203915608	-9.029	-2.450	1.828	0.972	0.113	-0.910	0.000000	0.000000
1583203915637	1583203915629	-10.182	-1.937	0.908	1.006	-0.261	-1.172	0.000000	0.000000
1583203915652	1583203915648	-11.777	-1.772	0.592	1.167	-0.567	-1.261	0.000000	0.000000
1583203915670	1583203915667	-12.453	-1.789	0.547	1.407	-0.767	-1.238	0.000000	0.000000
1583203915689	1583203915688	-12.098	-1.612	0.559	1.589	-0.854	-1.198	0.000000	0.000000
1583203915710	1583203915708	-11.406	-1.827	0.700	1.749	-0.742	-1.103	0.000000	0.000000
1583203915737	1583203915737	-10.570	-1.969	0.877	1.932	-0.501	-1.008	0.000000	0.000000
1583203915751	1583203915747	-10.012	-1.624	0.803	2.093	-0.281	-0.974	0.000000	0.000000
1583203915773	1583203915773	-9.509	-1.195	0.611	2.148	-0.183	-1.003	0.000000	0.000000
1583203915788	1583203915788	-9.168	-0.951	0.544	2.052	-0.197	-1.059	0.000000	0.000000
1583203915809	1583203915807	-8.938	-0.898	0.480	1.862	-0.292	-1.125	0.000000	0.000000
1583203915830	1583203915827	-8.651	-0.682	0.259	1.652	-0.438	-1.204	0.000000	0.000000
1583203915856	1583203915850	-8.572	-0.397	-0.050	1.383	-0.561	-1.277	0.000000	0.000000
1583203915873	1583203915870	-8.778	-0.328	-0.385	1.056	-0.626	-1.335	0.000000	0.000000
1583203915888	1583203915887	-9.051	-0.328	-0.668	0.767	-0.664	-1.377	0.000000	0.000000
1583203915909	1583203915907	-9.130	-0.335	-0.651	0.541	-0.618	-1.385	0.000000	0.000000
1583203915930	1583203915928	-9.099	-0.517	-0.352	0.399	-0.480	-1.329	0.000000	0.000000
1583203915949	1583203915946	-9.204	-0.594	-0.107	0.365	-0.305	-1.212	0.000000	0.000000
1583203915972	1583203915972	-9.777	-0.438	0.144	0.394	-0.129	-1.039	0.000000	0.000000
1583203915988	1583203915986	-10.634	-0.131	0.240	0.407	0.012	-0.830	0.000000	0.000000
1583203916008	1583203916006	-11.205	0.357	0.216	0.278	0.112	-0.638	0.000000	0.000000
1583203916031	1583203916026	-11.686	0.631	0.053	-0.081	0.173	-0.468	0.000000	0.000000
1583203916049	1583203916048	-11.746	0.477	0.221	-0.475	0.248	-0.267	0.000000	0.000000
1583203916070	1583203916066	-10.874	-0.031	0.846	-0.676	0.381	-0.019	0.000000	0.000000
1583203916087	1583203916086	-10.337	-0.234	1.502	-0.677	0.538	0.253	0.000000	0.000000
1583203916108	1583203916106	-10.579	-0.431	2.142	-0.567	0.691	0.536	0.000000	0.000000
1583203916128	1583203916126	-10.927	-0.653	2.580	-0.390	0.758	0.800	0.000000	0.000000
1583203916151	1583203916150	-10.639	-0.859	2.738	-0.303	0.746	0.971	0.000000	0.000000
1583203916172	1583203916170	-9.758	-0.895	2.511	-0.407	0.657	1.017	0.000000	0.000000
1583203916188	1583203916187	-9.401	-0.584	2.001	-0.612	0.433	0.944	0.000000	0.000000
1583203916207	1583203916205	-9.942	-0.419	1.512	-0.797	0.102	0.810	0.000000	0.000000
1583203916227	1583203916225	-10.428	-0.620	1.054	-0.948	-0.206	0.691	0.000000	0.000000
1583203916250	1583203916250	-10.493	-0.986	0.616	-1.120	-0.402	0.627	0.000000	0.000000
1583203916269	1583203916266	-10.189	-1.221	0.348	-1.281	-0.520	0.596	0.000000	0.000000
1583203916287	1583203916286	-9.588	-1.432	0.331	-1.385	-0.537	0.603	0.000000	0.000000
1583203916307	1583203916305	-8.704	-1.607	0.501	-1.420	-0.420	0.644	0.000000	0.000000
1583203916326	1583203916325	-7.820	-1.684	0.659	-1.425	-0.222	0.678	0.000000	0.000000
1583203916351	1583203916351	-7.271	-1.693	0.678	-1.421	-0.032	0.693	0.000000	0.000000
1583203916372	1583203916366	-7.185	-1.791	0.578	-1.392	0.108	0.715	0.000000	0.000000
1583203916393	1583203916386	-7.638	-1.873	0.571	-1.307	0.203	0.775	0.000000	0.000000
1583203916406	1583203916404	-8.435	-1.954	0.777	-1.184	0.267	0.874	0.000000	0.000000
1583203916426	1583203916424	-9.288	-2.055	1.174	-1.041	0.322	1.001	0.000000	0.000000
1583203916445	1583203916445	-9.511	-2.191	1.586	-0.895	0.389	1.124	0.000000	0.000000
1583203916471	1583203916470	-9.305	-2.390	1.926	-0.800	0.489	1.204	0.000000	0.000000
1583203916485	1583203916485	-9.202	-2.661	2.252	-0.702	0.617	1.212	0.000000	0.000000
1583203916506	1583203916506	-9.760	-2.771	2.477	-0.542	0.696	1.161	0.000000	0.000000
1583203916525	1583203916524	-11.219	-2.855	2.657	-0.365	0.699	1.081	0.000000	0.000000
1583203916549	1583203916546	-12.278	-2.795	2.671	-0.229	0.648	0.957	0.000000	0.000000
1583203916568	1583203916566	-12.869	-2.484	2.281	-0.245	0.509	0.764	0.000000	0.000000
1583203916587	1583203916585	-14.022	-2.433	1.610	-0.414	0.277	0.541	0.000000	0.000000
1583203916606	1583203916603	-15.354	-2.999	1.495	-0.486	0.076	0.356	0.000000	0.000000
1583203916624	1583203916623	-15.813	-3.432	1.958	-0.332	-0.026	0.190	0.000000	0.000000
1583203916644	1583203916643	-15.291	-3.442	2.425	-0.071	-0.100	-0.027	0.000000	0.000000
1583203916665	1583203916665	-13.044	-3.217	2.693	0.207	-0.201	-0.288	0.000000	0.000000
1583203916685	1583203916684	-10.455	-2.790	2.291	0.438	-0.372	-0.559	0.000000	0.000000
1583203916705	1583203916705	-9.576	-2.191	1.275	0.579	-0.645	-0.839	0.000000	0.000000
1583203916724	1583203916723	-10.563	-1.794	0.635	0.710	-0.940	-1.022	0.000000	0.000000
1583203916745	1583203916743	-11.430	-1.638	0.456	0.916	-1.168	-1.057	0.000000	0.000000
1583203916764	1583203916764	-11.284	-1.451	0.448	1.144	-1.268	-0.999	0.000000	0.000000
1583203916789	1583203916784	-10.483	-1.482	0.468	1.245	-1.233	-0.890	0.000000	0.000000
1583203916807	1583203916807	-9.334	-1.763	0.506	1.279	-1.048	-0.754	0.000000	0.000000
1583203916824	1583203916822	-8.296	-1.820	0.472	1.382	-0.788	-0.638	0.000000	0.000000
1583203916844	1583203916842	-7.736	-1.494	0.345	1.550	-0.541	-0.571	0.000000	0.000000
1583203916863	1583203916863	-7.542	-1.262	0.283	1.692	-0.372	-0.517	0.000000	0.000000
1583203916883	1583203916883	-7.566	-1.169	0.388	1.775	-0.292	-0.433	0.000000	0.000000
1583203916904	1583203916902	-7.659	-1.111	0.700	1.773	-0.283	-0.330	0.000000	0.000000
1583203916923	1583203916922	-7.568	-1.032	0.765	1.626	-0.338	-0.261	0.000000	0.000000
1583203916944	1583203916942	-7.537	-0.862	0.360	1.318	-0.436	-0.271	0.000000	0.000000
1583203916963	1583203916963	-7.896	-0.833	-0.191	0.912	-0.528	-0.346	0.000000	0.000000
1583203916983	1583203916983	-8.584	-1.046	-0.658	0.554	-0.573	-0.463	0.000000	0.000000
1583203917007	1583203917003	-9.300	-1.133	-0.761	0.312	-0.559	-0.588	0.000000	0.000000
1583203917023	1583203917022	-9.477	-1.159	-0.565	0.170	-0.477	-0.725	0.000000	0.000000
1583203917043	1583203917042	-9.417	-0.946	-0.177	0.093	-0.302	-0.862	0.000000	0.000000
1583203917064	1583203917061	-9.918	-0.819	-0.052	0.011	-0.110	-0.995	0.000000	0.000000
1583203917082	1583203917082	-10.733	-0.565	0.190	-0.030	0.050	-1.078	0.000000	0.000000
1583203917106	1583203917106	-11.286	-0.162	0.362	-0.098	0.177	-1.079	0.000000	0.000000
1583203917123	1583203917121	-11.607	0.254	0.269	-0.276	0.281	-1.008	0.000000	0.000000
1583203917143	1583203917141	-11.557	0.369	0.652	-0.479	0.381	-0.842	0.000000	0.000000
1583203917164	1583203917164	-10.819	0.247	1.411	-0.598	0.505	-0.580	0.000000	0.000000
1583203917189	1583203917185	-10.857	0.209	1.816	-0.653	0.633	-0.257	0.000000	0.000000
1583203917208	1583203917202	-10.994	0.139	2.159	-0.718	0.737	0.093	0.000000	0.000000
1583203917223	1583203917221	-11.056	-0.522	2.770	-0.763	0.837	0.418	0.000000	0.000000
1583203917242	1583203917241	-10.421	-1.279	3.548	-0.623	0.943	0.657	0.000000	0.000000
1583203917263	1583203917260	-9.638	-1.463	3.740	-0.377	0.985	0.754	0.000000	0.000000
1583203917282	1583203917282	-9.485	-0.900	3.301	-0.208	0.834	0.669	0.000000	0.000000
1583203917306	1583203917305	-9.909	-0.155	2.652	-0.193	0.526	0.485	0.000000	0.000000
1583203917326	1583203917326	-10.057	0.235	1.991	-0.402	0.162	0.269	0.000000	0.000000
1583203917341	1583203917340	-9.897	-0.158	1.795	-0.733	-0.131	0.156	0.000000	0.000000
1583203917361	1583203917360	-9.334	-0.665	1.759	-0.955	-0.331	0.162	0.000000	0.000000
1583203917383	1583203917382	-8.586	-1.001	1.615	-1.053	-0.450	0.206	0.000000	0.000000
1583203917403	1583203917402	-7.944	-1.231	1.404	-1.125	-0.471	0.246	0.000000	0.000000
1583203917422	1583203917420	-7.549	-1.363	1.236	-1.165	-0.381	0.292	0.000000	0.000000
1583203917442	1583203917440	-7.357	-1.305	1.155	-1.151	-0.228	0.348	0.000000	0.000000
1583203917460	1583203917460	-7.611	-1.291	1.160	-1.102	-0.060	0.431	0.000000	0.000000
1583203917486	1583203917486	-8.169	-1.468	1.093	-1.032	0.080	0.553	0.000000	0.000000
1583203917505	1583203917500	-8.548	-1.523	1.086	-0.968	0.191	0.695	0.000000	0.000000
1583203917522	1583203917521	-8.833	-1.516	1.260	-0.956	0.276	0.842	0.000000	0.000000
1583203917542	1583203917539	-8.991	-1.619	1.660	-0.985	0.352	0.973	0.000000	0.000000
1583203917560	1583203917559	-8.929	-1.789	1.953	-1.016	0.429	1.061	0.000000	0.000000
1583203917581	1583203917579	-8.838	-1.952	1.878	-1.038	0.492	1.108	0.000000	0.000000
1583203917611	1583203917607	-9.703	-2.100	1.797	-0.981	0.521	1.172	0.000000	0.000000
1583203917623	1583203917620	-11.504	-2.589	2.276	-0.734	0.563	1.330	0.000000	0.000000
1583203917640	1583203917639	-13.001	-3.157	2.806	-0.267	0.639	1.592	0.000000	0.000000
1583203917660	1583203917660	-14.671	-3.657	3.071	0.256	0.737	1.830	0.000000	0.000000
1583203917682	1583203917682	-16.348	-3.952	3.210	0.649	0.845	1.917	0.000000	0.000000
1583203917701	1583203917700	-17.392	-3.981	2.947	0.783	0.874	1.914	0.000000	0.000000
1583203917721	1583203917720	-18.159	-3.804	2.750	0.788	0.766	1.627	0.000000	0.000000
1583203917740	1583203917739	-16.544	-3.248	2.904	0.850	0.461	0.964	0.000000	0.000000
1583203917760	1583203917759	-12.786	-2.455	3.103	0.858	-0.065	0.129	0.000000	0.000000
1583203917780	1583203917778	-9.909	-2.263	2.271	0.657	-0.691	-0.662	0.000000	0.000000
1583203917805	1583203917805	-9.391	-2.069	1.057	0.584	-1.238	-1.317	0.000000	0.000000
1583203917819	1583203917819	-10.428	-1.547	0.396	0.699	-1.750	-1.702	0.000000	0.000000
1583203917840	1583203917838	-11.372	-1.343	0.185	0.857	-2.092	-1.884	0.000000	0.000000
1583203917860	1583203917858	-11.854	-1.401	0.513	1.033	-2.247	-1.953	0.000000	0.000000
1583203917879	1583203917878	-11.217	-1.573	0.578	1.154	-2.244	-1.865	0.000000	0.000000
1583203917900	1583203917898	-10.083	-1.739	0.242	1.242	-1.969	-1.641	0.000000	0.000000
1583203917922	1583203917922	-9.298	-1.652	-0.189	1.254	-1.555	-1.393	0.000000	0.000000
1583203917940	1583203917940	-8.953	-1.216	-0.450	1.252	-1.194	-1.269	0.000000	0.000000
1583203917959	1583203917957	-8.807	-0.859	-0.546	1.239	-0.960	-1.247	0.000000	0.000000
1583203917979	1583203917977	-8.773	-0.905	-0.637	1.192	-0.849	-1.253	0.000000	0.000000
1583203918004	1583203917998	-8.833	-0.972	-0.704	1.109	-0.831	-1.267	0.000000	0.000000
1583203918018	1583203918018	-9.037	-0.843	-0.773	0.939	-0.834	-1.292	0.000000	0.000000
1583203918038	1583203918036	-9.329	-0.723	-0.850	0.748	-0.835	-1.335	0.000000	0.000000
1583203918060	1583203918057	-9.183	-0.534	-0.884	0.588	-0.824	-1.403	0.000000	0.000000
1583203918078	1583203918077	-8.974	-0.380	-0.900	0.365	-0.758	-1.526	0.000000	0.000000
1583203918099	1583203918096	-8.684	-0.198	-0.713	0.083	-0.623	-1.686	0.000000	0.000000
1583203918121	1583203918121	-8.639	0.046	-0.184	-0.165	-0.447	-1.841	0.000000	0.000000
1583203918142	1583203918140	-8.610	0.408	0.302	-0.353	-0.276	-1.912	0.000000	0.000000
1583203918159	1583203918156	-8.977	0.940	0.671	-0.456	-0.149	-1.849	0.000000	0.000000
1583203918178	1583203918177	-9.542	1.603	0.963	-0.572	-0.086	-1.632	0.000000	0.000000
1583203918200	1583203918200	-9.789	2.209	1.150	-0.841	-0.028	-1.340	0.000000	0.000000
1583203918220	1583203918220	-9.892	2.456	1.124	-1.294	0.029	-0.997	0.000000	0.000000
1583203918238	1583203918238	-10.112	2.185	1.105	-1.787	0.084	-0.562	0.000000	0.000000
1583203918261	1583203918261	-10.476	1.661	1.002	-2.158	0.123	-0.008	0.000000	0.000000
1583203918277	1583203918276	-11.320	1.102	0.676	-2.374	0.174	0.627	0.000000	0.000000
1583203918299	1583203918296	-11.813	0.137	0.712	-2.428	0.297	1.285	0.000000	0.000000
1583203918320	1583203918320	-10.905	-1.034	1.320	-2.256	0.539	1.886	0.000000	0.000000
1583203918341	1583203918336	-9.839	-1.593	1.771	-1.893	0.813	2.332	0.000000	0.000000
1583203918357	1583203918356	-9.657	-1.348	1.718	-1.528	0.964	2.591	0.000000	0.000000
1583203918377	1583203918376	-10.062	-0.852	1.239	-1.327	0.928	2.709	0.000000	0.000000
1583203918397	1583203918395	-10.711	-0.218	0.396	-1.436	0.700	2.721	0.000000	0.000000
1583203918419	1583203918419	-11.645	-0.261	-0.541	-1.928	0.368	2.716	0.000000	0.000000
1583203918439	1583203918435	-12.896	-1.082	-1.054	-2.572	0.025	2.752	0.000000	0.000000
1583203918458	1583203918456	-13.401	-1.954	-1.475	-3.168	-0.303	2.785	0.000000	0.000000
1583203918477	1583203918475	-13.054	-2.754	-1.739	-3.654	-0.527	2.783	0.000000	0.000000
1583203918497	1583203918495	-12.194	-3.911	-1.832	-3.913	-0.550	2.724	0.000000	0.000000
1583203918516	1583203918516	-11.585	-4.692	-1.243	-3.693	-0.343	2.594	0.000000	0.000000
1583203918543	1583203918538	-11.013	-4.903	-0.555	-3.117	-0.031	2.455	0.000000	0.000000
1583203918559	1583203918555	-10.682	-4.994	-0.610	-2.489	0.312	2.379	0.000000	0.000000
1583203918576	1583203918575	-10.507	-5.104	-0.404	-1.959	0.619	2.199	0.000000	0.000000
1583203918597	1583203918595	-10.668	-5.145	0.082	-1.595	0.806	1.952	0.000000	0.000000
1583203918616	1583203918615	-10.915	-5.215	0.410	-1.397	0.877	1.706	0.000000	0.000000
1583203918638	1583203918634	-10.572	-5.265	0.860	-1.307	0.863	1.430	0.000000	0.000000
1583203918662	1583203918662	-10.220	-5.607	1.526	-1.200	0.838	1.149	0.000000	0.000000
1583203918677	1583203918674	-9.729	-5.358	1.783	-1.115	0.760	0.793	0.000000	0.000000
1583203918695	1583203918695	-9.995	-5.274	1.488	-1.097	0.543	0.466	0.000000	0.000000
1583203918716	1583203918716	-11.102	-5.718	1.347	-0.919	0.308	0.210	0.000000	0.000000
1583203918738	1583203918738	-12.232	-5.957	1.062	-0.498	0.096	0.021	0.000000	0.000000
1583203918758	1583203918754	-12.299	-5.509	0.733	0.004	-0.053	-0.179	0.000000	0.000000
1583203918775	1583203918774	-11.561	-4.625	0.616	0.306	-0.113	-0.470	0.000000	0.000000
1583203918795	1583203918794	-11.468	-3.998	0.657	0.437	-0.157	-0.831	0.000000	0.000000
1583203918814	1583203918814	-12.388	-3.590	0.688	0.627	-0.261	-1.170	0.000000	0.000000
1583203918835	1583203918834	-12.989	-3.535	1.122	1.036	-0.269	-1.449	0.000000	0.000000
1583203918857	1583203918857	-12.369	-3.063	0.875	1.486	-0.238	-1.703	0.000000	0.000000
1583203918875	1583203918875	-13.135	-2.292	-0.273	1.752	-0.395	-1.864	0.000000	0.000000
1583203918894	1583203918894	-14.601	-2.000	-0.872	2.004	-0.571	-1.880	0.000000	0.000000
1583203918915	1583203918914	-14.671	-1.770	-0.850	2.245	-0.745	-1.915	0.000000	0.000000
1583203918937	1583203918937	-13.909	-1.528	-0.558	2.420	-0.807	-1.956	0.000000	0.000000
1583203918956	1583203918953	-12.874	-1.528	-0.081	2.554	-0.691	-1.989	0.000000	0.000000
1583203918974	1583203918973	-11.942	-1.487	0.235	2.660	-0.449	-2.047	0.000000	0.000000
1583203918994	1583203918993	-11.173	-1.049	0.288	2.750	-0.260	-2.161	0.000000	0.000000
1583203919015	1583203919013	-10.237	-0.256	0.199	2.722	-0.219	-2.308	0.000000	0.000000
1583203919035	1583203919035	-9.786	-0.241	-0.086	2.427	-0.240	-2.345	0.000000	0.000000
1583203919054	1583203919054	-9.291	-0.055	-0.218	2.201	-0.332	-2.339	0.000000	0.000000
1583203919076	1583203919073	-8.684	0.230	-0.282	2.044	-0.454	-2.235	0.000000	0.000000
1583203919093	1583203919093	-8.193	0.281	-0.333	1.854	-0.546	-2.031	0.000000	0.000000
1583203919114	1583203919112	-7.750	0.206	-0.342	1.694	-0.580	-1.743	0.000000	0.000000
1583203919134	1583203919132	-7.410	0.199	-0.388	1.501	-0.545	-1.411	0.000000	0.000000
1583203919154	1583203919153	-7.285	0.190	-0.438	1.235	-0.437	-1.059	0.000000	0.000000
1583203919174	1583203919173	-7.166	0.075	-0.474	0.947	-0.298	-0.735	0.000000	0.000000
1583203919194	1583203919194	-7.135	-0.002	-0.436	0.712	-0.169	-0.473	0.000000	0.000000
1583203919213	1583203919213	-7.710	0.015	-0.431	0.507	-0.081	-0.260	0.000000	0.000000
1583203919235	1583203919235	-8.958	-0.119	-0.421	0.305	-0.025	-0.061	0.000000	0.000000
1583203919254	1583203919254	-10.242	-0.081	-0.395	0.095	0.007	0.157	0.000000	0.000000
1583203919274	1583203919274	-11.274	0.135	-0.603	-0.247	0.055	0.362	0.000000	0.000000
1583203919293	1583203919292	-12.048	0.125	-0.654	-0.685	0.142	0.547	0.000000	0.000000
1583203919314	1583203919311	-11.832	-0.543	-0.062	-1.003	0.297	0.748	0.000000	0.000000
1583203919332	1583203919332	-11.185	-1.197	0.808	-1.055	0.524	0.975	0.000000	0.000000
1583203919363	1583203919360	-11.236	-1.490	1.414	-0.877	0.758	1.198	0.000000	0.000000
1583203919374	1583203919371	-11.521	-1.612	1.816	-0.607	0.947	1.387	0.000000	0.000000
1583203919394	1583203919395	-11.676	-1.842	2.314	-0.333	1.060	1.494	0.000000	0.000000
1583203919413	1583203919411	-12.129	-1.636	2.600	-0.094	1.114	1.511	0.000000	0.000000
1583203919433	1583203919431	-12.297	-1.449	2.765	-0.032	1.098	1.423	0.000000	0.000000
1583203919453	1583203919453	-11.715	-1.231	2.978	-0.166	0.981	1.222	0.000000	0.000000
1583203919475	1583203919473	-11.032	-1.101	2.942	-0.388	0.726	0.951	0.000000	0.000000
1583203919492	1583203919491	-10.551	-1.092	2.540	-0.584	0.342	0.705	0.000000	0.000000
1583203919512	1583203919511	-10.081	-1.195	2.142	-0.756	-0.035	0.557	0.000000	0.000000
1583203919532	1583203919530	-9.667	-1.437	1.886	-0.920	-0.268	0.521	0.000000	0.000000
1583203919553	1583203919552	-9.197	-1.597	1.641	-1.060	-0.405	0.545	0.000000	0.000000
1583203919572	1583203919571	-8.831	-1.813	1.450	-1.152	-0.469	0.604	0.000000	0.000000
1583203919596	1583203919594	-8.680	-2.187	1.368	-1.134	-0.421	0.702	0.000000	0.000000
1583203919612	1583203919610	-8.548	-2.548	1.399	-0.952	-0.275	0.840	0.000000	0.000000
1583203919632	1583203919630	-8.569	-2.850	1.591	-0.616	-0.079	0.993	0.000000	0.000000
1583203919651	1583203919651	-8.639	-3.020	1.845	-0.191	0.116	1.132	0.000000	0.000000
1583203919672	1583203919672	-8.838	-3.068	2.152	0.248	0.306	1.226	0.000000	0.000000
1583203919696	1583203919692	-8.984	-3.078	2.588	0.572	0.457	1.229	0.000000	0.000000
1583203919712	1583203919710	-8.833	-2.915	2.894	0.727	0.522	1.124	0.000000	0.000000
1583203919730	1583203919730	-8.366	-2.673	3.100	0.744	0.465	0.979	0.000000	0.000000
1583203919753	1583203919753	-8.136	-2.357	2.882	0.620	0.235	0.746	0.000000	0.000000
1583203919771	1583203919769	-8.270	-1.954	2.003	0.379	-0.098	0.416	0.000000	0.000000
1583203919794	1583203919794	-9.566	-1.978	1.361	0.194	-0.385	0.148	0.000000	0.000000
1583203919816	1583203919816	-11.061	-2.170	1.136	0.141	-0.580	-0.012	0.000000	0.000000
1583203919831	1583203919829	-11.861	-2.160	0.944	0.159	-0.693	-0.129	0.000000	0.000000
1583203919850	1583203919849	-12.103	-2.088	0.942	0.163	-0.652	-0.242	0.000000	0.000000
1583203919871	1583203919871	-12.079	-2.021	0.789	0.185	-0.551	-0.358	0.000000	0.000000
1583203919892	1583203919889	-12.132	-1.686	0.542	0.166	-0.424	-0.503	0.000000	0.000000
1583203919910	1583203919909	-12.460	-1.521	0.465	0.088	-0.281	-0.669	0.000000	0.000000
1583203919930	1583203919929	-12.745	-1.602	0.532	0.082	-0.166	-0.817	0.000000	0.000000
1583203919951	1583203919948	-12.766	-1.832	0.978	0.233	-0.078	-0.910	0.000000	0.000000
1583203919975	1583203919975	-11.561	-2.019	1.962	0.589	-0.009	-0.942	0.000000	0.000000
1583203919994	1583203919989	-9.904	-1.794	2.166	0.991	-0.000	-1.006	0.000000	0.000000
1583203920016	1583203920015	-9.997	-1.025	1.265	1.228	-0.104	-1.136	0.000000	0.000000
1583203920151	1583203920151	-11.454	-0.340	0.760	1.277	-0.205	-1.222	0.000000	0.000000
1583203920152	1583203920152	-12.548	-0.162	0.772	1.314	-0.313	-1.183	0.000000	0.000000
1583203920152	1583203920152	-12.333	-0.009	1.107	1.350	-0.382	-1.027	0.000000	0.000000
1583203920152	1583203920152	-11.173	-0.098	1.790	1.283	-0.264	-0.807	0.000000	0.000000
1583203920152	1583203920152	-9.573	-0.579	2.231	1.157	-0.020	-0.568	0.000000	0.000000
1583203920152	1583203920152	-8.083	-0.622	2.166	1.104	0.180	-0.410	0.000000	0.000000
1583203920152	1583203920152	-7.317	-0.445	2.125	1.064	0.286	-0.321	0.000000	0.000000
1583203920168	1583203920168	-6.799	-0.414	2.025	1.007	0.276	-0.276	0.000000	0.000000
1583203920188	1583203920186	-6.406	-0.292	1.687	0.990	0.125	-0.229	0.000000	0.000000
1583203920207	1583203920206	-6.346	-0.344	1.380	0.924	-0.023	-0.143	0.000000	0.000000
1583203920228	1583203920227	-6.679	-0.476	1.215	0.806	-0.109	-0.031	0.000000	0.000000
1583203920247	1583203920246	-7.192	-0.572	0.999	0.655	-0.155	0.060	0.000000	0.000000
1583203920278	1583203920272	-7.707	-0.694	0.664	0.494	-0.168	0.111	0.000000	0.000000
1583203920291	1583203920287	-8.383	-0.802	0.345	0.354	-0.150	0.139	0.000000	0.000000
1583203920307	1583203920306	-9.087	-0.912	0.180	0.252	-0.089	0.142	0.000000	0.000000
1583203920328	1583203920326	-9.966	-0.883	0.228	0.191	-0.009	0.127	0.000000	0.000000
1583203920347	1583203920346	-11.085	-0.802	0.312	0.123	0.054	0.099	0.000000	0.000000
1583203920367	1583203920366	-11.758	-0.675	0.199	-0.037	0.102	0.045	0.000000	0.000000
1583203920391	1583203920390	-11.552	-0.450	0.103	-0.332	0.148	-0.055	0.000000	0.000000
1583203920415	1583203920414	-11.358	-0.352	-0.091	-0.709	0.189	-0.160	0.000000	0.000000
1583203920427	1583203920425	-11.442	-0.529	-0.230	-0.954	0.257	-0.186	0.000000	0.000000
1583203920447	1583203920445	-12.184	-0.733	-0.364	-0.986	0.371	-0.064	0.000000	0.000000
1583203920466	1583203920465	-13.214	-1.324	0.245	-0.760	0.564	0.238	0.000000	0.000000
1583203920492	1583203920492	-12.759	-2.215	2.087	-0.207	0.871	0.652	0.000000	0.000000
1583203920508	1583203920507	-10.474	-2.697	3.905	0.445	1.248	0.876	0.000000	0.000000
1583203920528	1583203920528	-8.869	-2.246	4.233	0.819	1.560	0.782	0.000000	0.000000
1583203920547	1583203920546	-8.251	-0.711	2.973	0.728	1.270	0.407	0.000000	0.000000
1583203920567	1583203920566	-8.790	0.717	1.349	0.168	0.587	-0.087	0.000000	0.000000
1583203920590	1583203920587	-9.693	0.820	0.499	-0.468	-0.067	-0.594	0.000000	0.000000
1583203920609	1583203920607	-10.450	0.166	0.388	-0.800	-0.515	-0.828	0.000000	0.000000
1583203920627	1583203920627	-10.575	-0.438	0.638	-0.911	-0.778	-0.900	0.000000	0.000000
1583203920647	1583203920646	-10.148	-0.840	1.277	-0.909	-0.956	-0.932	0.000000	0.000000
1583203920667	1583203920664	-9.417	-1.180	1.775	-0.816	-0.903	-0.832	0.000000	0.000000
1583203920686	1583203920684	-8.823	-1.240	1.792	-0.655	-0.505	-0.584	0.000000	0.000000
1583203920707	1583203920705	-8.574	-0.771	1.660	-0.476	-0.067	-0.375	0.000000	0.000000
1583203920727	1583203920725	-8.328	-0.297	1.517	-0.408	0.183	-0.273	0.000000	0.000000
1583203920747	1583203920745	-8.325	-0.309	1.646	-0.458	0.320	-0.188	0.000000	0.000000
1583203920767	1583203920765	-8.431	-0.409	1.902	-0.516	0.377	-0.093	0.000000	0.000000
1583203920791	1583203920785	-8.423	-0.455	2.099	-0.549	0.326	0.018	0.000000	0.000000
1583203920809	1583203920806	-8.373	-0.543	2.228	-0.603	0.222	0.132	0.000000	0.000000
1583203920826	1583203920825	-8.464	-0.632	2.312	-0.703	0.117	0.233	0.000000	0.000000
1583203920847	1583203920845	-8.634	-0.843	2.427	-0.817	0.055	0.314	0.000000	0.000000
1583203920866	1583203920864	-8.680	-1.248	2.384	-0.914	0.046	0.373	0.000000	0.000000
1583203920886	1583203920885	-9.240	-1.549	2.173	-0.975	0.053	0.420	0.000000	0.000000
1583203920907	1583203920905	-10.258	-1.822	1.993	-0.982	0.067	0.480	0.000000	0.000000
1583203920928	1583203920927	-10.955	-2.108	1.998	-0.950	0.098	0.560	0.000000	0.000000
1583203920947	1583203920944	-11.018	-2.393	2.063	-0.918	0.144	0.627	0.000000	0.000000
1583203920966	1583203920965	-11.034	-2.544	1.914	-0.897	0.182	0.659	0.000000	0.000000
1583203920989	1583203920989	-10.881	-2.905	2.142	-0.869	0.240	0.652	0.000000	0.000000
1583203921007	1583203921006	-10.402	-3.049	2.226	-0.775	0.274	0.595	0.000000	0.000000
1583203921030	1583203921024	-11.367	-3.003	1.886	-0.601	0.178	0.520	0.000000	0.000000
1583203921046	1583203921044	-12.726	-3.171	1.890	-0.300	0.053	0.542	0.000000	0.000000
1583203921066	1583203921064	-13.193	-3.284	1.383	0.028	-0.109	0.611	0.000000	0.000000
1583203921085	1583203921084	-13.665	-3.174	0.614	0.273	-0.298	0.661	0.000000	0.000000
1583203921105	1583203921104	-13.614	-3.372	0.477	0.453	-0.423	0.665	0.000000	0.000000
1583203921127	1583203921127	-12.601	-3.375	0.535	0.570	-0.473	0.519	0.000000	0.000000
1583203921145	1583203921143	-11.329	-3.188	0.707	0.546	-0.418	0.225	0.000000	0.000000
1583203921164	1583203921164	-10.160	-3.047	0.937	0.477	-0.304	-0.144	0.000000	0.000000
1583203921185	1583203921183	-9.080	-2.694	1.136	0.464	-0.269	-0.564	0.000000	0.000000
1583203921209	1583203921207	-8.615	-2.249	1.076	0.451	-0.352	-0.957	0.000000	0.000000
1583203921224	1583203921222	-8.740	-1.942	0.889	0.402	-0.451	-1.271	0.000000	0.000000
1583203921244	1583203921242	-9.063	-1.643	0.762	0.350	-0.536	-1.484	0.000000	0.000000
1583203921264	1583203921262	-9.329	-1.286	0.678	0.328	-0.621	-1.553	0.000000	0.000000
1583203921286	1583203921286	-9.286	-1.092	0.760	0.299	-0.662	-1.490	0.000000	0.000000
1583203921304	1583203921303	-9.022	-1.068	0.827	0.258	-0.657	-1.363	0.000000	0.000000
1583203921324	1583203921323	-8.730	-1.020	0.733	0.210	-0.615	-1.209	0.000000	0.000000
1583203921343	1583203921342	-8.620	-0.886	0.638	0.152	-0.551	-1.060	0.000000	0.000000
1583203921363	1583203921363	-8.684	-0.709	0.652	0.081	-0.486	-0.942	0.000000	0.000000
1583203921384	1583203921384	-8.732	-0.618	0.674	0.006	-0.449	-0.866	0.000000	0.000000
1583203921406	1583203921406	-9.226	-0.390	0.647	-0.071	-0.437	-0.809	0.000000	0.000000
1583203921425	1583203921425	-10.460	-0.114	0.542	-0.207	-0.451	-0.743	0.000000	0.000000
1583203921443	1583203921442	-11.475	0.187	0.446	-0.398	-0.479	-0.647	0.000000	0.000000
1583203921464	1583203921462	-11.514	0.487	0.307	-0.701	-0.484	-0.538	0.000000	0.000000
1583203921484	1583203921482	-11.406	0.664	0.041	-1.076	-0.449	-0.380	0.000000	0.000000
1583203921507	1583203921507	-11.118	0.587	0.022	-1.373	-0.367	-0.142	0.000000	0.000000
1583203921528	1583203921522	-10.984	0.492	0.147	-1.594	-0.232	0.183	0.000000	0.000000
1583203921543	1583203921543	-11.123	-0.148	0.477	-1.705	-0.030	0.594	0.000000	0.000000
1583203921564	1583203921562	-10.488	-1.147	1.764	-1.606	0.256	1.008	0.000000	0.000000
1583203921582	1583203921582	-9.528	-1.513	2.465	-1.289	0.497	1.239	0.000000	0.000000
1583203921602	1583203921602	-9.470	-0.965	2.039	-1.092	0.552	1.239	0.000000	0.000000
1583203921628	1583203921628	-9.667	-0.270	1.289	-1.228	0.418	1.109	0.000000	0.000000
1583203921643	1583203921642	-9.528	0.063	0.515	-1.520	0.140	0.906	0.000000	0.000000
1583203921663	1583203921661	-9.240	-0.129	0.075	-1.907	-0.162	0.744	0.000000	0.000000
1583203921683	1583203921681	-9.111	-0.711	-0.100	-2.259	-0.371	0.734	0.000000	0.000000
1583203921703	1583203921703	-8.855	-1.269	-0.304	-2.461	-0.522	0.811	0.000000	0.000000
1583203921723	1583203921722	-8.490	-1.636	-0.666	-2.516	-0.615	0.943	0.000000	0.000000
1583203921743	1583203921742	-8.277	-1.782	-0.941	-2.475	-0.604	1.117	0.000000	0.000000
1583203921763	1583203921761	-8.476	-1.849	-1.042	-2.358	-0.461	1.321	0.000000	0.000000
1583203921782	1583203921780	-8.768	-1.902	-1.087	-2.181	-0.262	1.540	0.000000	0.000000
1583203921806	1583203921803	-9.334	-2.038	-1.003	-2.010	-0.030	1.760	0.000000	0.000000
1583203921828	1583203921828	-9.839	-2.340	-0.943	-1.835	0.180	1.967	0.000000	0.000000
1583203921842	1583203921841	-10.321	-2.738	-0.642	-1.666	0.372	2.121	0.000000	0.000000
1583203921862	1583203921861	-10.699	-3.145	0.029	-1.502	0.631	2.196	0.000000	0.000000
1583203921881	1583203921880	-10.733	-3.473	0.726	-1.374	0.924	2.217	0.000000	0.000000
1583203921903	1583203921900	-10.400	-3.540	1.119	-1.265	1.132	2.168	0.000000	0.000000
1583203921923	1583203921922	-10.603	-3.571	1.220	-1.225	1.153	2.065	0.000000	0.000000
1583203921943	1583203921943	-11.906	-3.816	1.093	-1.245	1.009	1.945	0.000000	0.000000
1583203921963	1583203921960	-13.097	-4.347	1.102	-1.174	0.866	1.813	0.000000	0.000000
1583203921980	1583203921980	-13.617	-4.949	1.026	-1.036	0.751	1.639	0.000000	0.000000
1583203922002	1583203922000	-14.122	-5.509	0.705	-0.838	0.612	1.409	0.000000	0.000000
1583203922026	1583203922026	-14.642	-5.907	0.621	-0.532	0.508	1.131	0.000000	0.000000
1583203922042	1583203922040	-15.224	-6.058	0.621	-0.158	0.415	0.747	0.000000	0.000000
1583203922061	1583203922060	-15.301	-5.749	0.767	0.314	0.286	0.264	0.000000	0.000000
1583203922080	1583203922080	-13.794	-4.970	1.019	0.745	0.107	-0.279	0.000000	0.000000
1583203922100	1583203922100	-11.926	-4.498	0.812	1.039	-0.139	-0.792	0.000000	0.000000
1583203922122	1583203922119	-11.114	-4.012	0.345	1.355	-0.432	-1.262	0.000000	0.000000
1583203922145	1583203922142	-11.329	-3.233	-0.148	1.683	-0.812	-1.620	0.000000	0.000000
1583203922164	1583203922160	-11.830	-2.750	-0.555	1.932	-1.116	-1.840	0.000000	0.000000
1583203922179	1583203922179	-11.962	-2.153	-0.852	2.050	-1.297	-2.102	0.000000	0.000000
1583203922201	1583203922199	-11.954	-1.902	-1.003	2.061	-1.374	-2.329	0.000000	0.000000
1583203922219	1583203922219	-11.466	-1.808	-1.147	2.037	-1.369	-2.489	0.000000	0.000000
1583203922243	1583203922242	-11.142	-1.612	-1.279	2.037	-1.280	-2.577	0.000000	0.000000
1583203922261	1583203922258	-11.217	-1.391	-1.207	2.031	-1.122	-2.600	0.000000	0.000000
1583203922285	1583203922282	-11.200	-1.291	-1.233	2.066	-0.974	-2.566	0.000000	0.000000
1583203922300	1583203922298	-10.905	-1.113	-1.296	2.118	-0.862	-2.470	0.000000	0.000000
1583203922322	1583203922320	-10.457	-0.958	-1.423	2.126	-0.805	-2.318	0.000000	0.000000
1583203922344	1583203922342	-10.004	-0.778	-1.511	2.083	-0.799	-2.155	0.000000	0.000000
1583203922361	1583203922361	-9.633	-0.498	-1.554	1.980	-0.814	-1.994	0.000000	0.000000
1583203922379	1583203922378	-9.336	-0.270	-1.552	1.817	-0.825	-1.835	0.000000	0.000000
1583203922399	1583203922398	-9.073	-0.019	-1.537	1.588	-0.825	-1.686	0.000000	0.000000
1583203922419	1583203922418	-8.828	0.063	-1.528	1.260	-0.792	-1.531	0.000000	0.000000
1583203922440	1583203922440	-8.962	-0.045	-1.518	0.911	-0.725	-1.362	0.000000	0.000000
1583203922461	1583203922458	-9.528	0.111	-1.502	0.626	-0.632	-1.175	0.000000	0.000000
1583203922483	1583203922477	-10.280	0.211	-1.358	0.363	-0.506	-0.945	0.000000	0.000000
1583203922498	1583203922498	-10.215	0.336	-1.070	0.098	-0.337	-0.685	0.000000	0.000000
1583203922519	1583203922518	-9.715	0.360	-0.754	-0.207	-0.125	-0.417	0.000000	0.000000
1583203922544	1583203922538	-9.791	0.377	-0.354	-0.497	0.077	-0.147	0.000000	0.000000
1583203922563	1583203922558	-10.088	0.336	0.170	-0.731	0.270	0.154	0.000000	0.000000
1583203922578	1583203922577	-10.943	0.314	0.314	-0.953	0.426	0.463	0.000000	0.000000
1583203922599	1583203922597	-11.185	-0.062	0.525	-1.175	0.562	0.770	0.000000	0.000000
1583203922619	1583203922617	-10.146	-0.848	1.258	-1.395	0.692	1.016	0.000000	0.000000
1583203922638	1583203922640	-9.365	-1.394	1.795	-1.423	0.855	1.134	0.000000	0.000000
1583203922661	1583203922659	-9.671	-1.358	1.857	-1.166	0.922	1.189	0.000000	0.000000
1583203922683	1583203922682	-10.455	-0.986	1.931	-0.799	0.889	1.249	0.000000	0.000000
1583203922699	1583203922697	-11.727	-0.735	1.871	-0.598	0.814	1.350	0.000000	0.000000
1583203922717	1583203922717	-12.230	-0.445	1.821	-0.640	0.685	1.482	0.000000	0.000000
1583203922738	1583203922737	-11.676	-0.752	1.852	-0.985	0.513	1.659	0.000000	0.000000
1583203922760	1583203922760	-10.158	-1.415	1.454	-1.435	0.316	1.808	0.000000	0.000000
1583203922780	1583203922776	-8.713	-1.916	1.141	-1.746	0.181	1.875	0.000000	0.000000
1583203922798	1583203922797	-7.798	-2.239	0.995	-1.927	0.056	1.827	0.000000	0.000000
1583203922817	1583203922816	-7.578	-2.345	0.688	-1.914	-0.062	1.733	0.000000	0.000000
1583203922839	1583203922837	-7.839	-2.342	0.317	-1.767	-0.112	1.682	0.000000	0.000000
1583203922860	1583203922856	-8.567	-2.567	0.137	-1.598	-0.081	1.714	0.000000	0.000000
1583203922878	1583203922877	-9.640	-2.920	0.360	-1.406	-0.013	1.828	0.000000	0.000000
1583203922897	1583203922896	-10.414	-3.231	0.642	-1.167	0.061	2.015	0.000000	0.000000
1583203922918	1583203922916	-10.761	-3.578	0.824	-0.911	0.184	2.199	0.000000	0.000000
1583203922939	1583203922936	-10.682	-4.089	1.256	-0.704	0.444	2.338	0.000000	0.000000
1583203922971	1583203922961	-10.491	-4.707	1.823	-0.451	0.717	2.438	0.000000	0.000000
1583203922978	1583203922976	-11.157	-5.272	2.192	-0.111	0.805	2.421	0.000000	0.000000
1583203922996	1583203922996	-12.517	-5.557	2.173	0.359	0.770	2.320	0.000000	0.000000
1583203923017	1583203923015	-13.154	-5.617	1.747	0.751	0.698	2.086	0.000000	0.000000
1583203923037	1583203923035	-13.463	-5.301	0.860	0.849	0.515	1.627	0.000000	0.000000
1583203923056	1583203923056	-13.897	-5.100	0.010	0.700	0.197	0.969	0.000000	0.000000
1583203923077	1583203923077	-14.326	-4.688	-0.316	0.522	-0.156	0.152	0.000000	0.000000
1583203923099	1583203923096	-15.471	-4.232	-0.546	0.497	-0.472	-0.638	0.000000	0.000000
1583203923116	1583203923115	-17.442	-4.378	-0.395	0.814	-0.779	-1.125	0.000000	0.000000
1583203923136	1583203923135	-15.045	-4.333	0.561	1.444	-0.862	-1.423	0.000000	0.000000
1583203923160	1583203923160	-11.756	-3.751	0.182	2.006	-0.988	-1.714	0.000000	0.000000
1583203923178	1583203923175	-11.480	-2.934	-0.893	2.337	-1.165	-1.908	0.000000	0.000000
1583203923197	1583203923195	-12.151	-2.299	-1.272	2.640	-1.256	-1.987	0.000000	0.000000
1583203923216	1583203923214	-12.335	-1.822	-1.312	2.946	-1.339	-2.007	0.000000	0.000000
1583203923237	1583203923234	-11.902	-1.487	-1.334	3.132	-1.395	-2.019	0.000000	0.000000
1583203923256	1583203923256	-11.022	-1.401	-1.255	3.146	-1.356	-2.003	0.000000	0.000000
1583203923276	1583203923276	-10.359	-1.432	-1.226	3.087	-1.248	-1.937	0.000000	0.000000
1583203923297	1583203923296	-9.961	-1.267	-1.437	3.012	-1.124	-1.875	0.000000	0.000000
1583203923315	1583203923314	-9.901	-1.003	-1.652	2.956	-1.038	-1.805	0.000000	0.000000
1583203923336	1583203923334	-10.258	-0.816	-1.744	2.894	-1.007	-1.707	0.000000	0.000000
1583203923356	1583203923354	-10.637	-0.824	-1.722	2.822	-1.022	-1.582	0.000000	0.000000
1583203923383	1583203923383	-10.639	-0.663	-1.631	2.709	-1.069	-1.440	0.000000	0.000000
1583203923397	1583203923394	-10.256	-0.582	-1.614	2.474	-1.118	-1.320	0.000000	0.000000
1583203923415	1583203923415	-9.947	-0.476	-1.681	2.151	-1.161	-1.255	0.000000	0.000000
1583203923435	1583203923433	-9.655	-0.414	-1.710	1.760	-1.205	-1.271	0.000000	0.000000
1583203923457	1583203923453	-9.279	-0.414	-1.720	1.327	-1.231	-1.368	0.000000	0.000000
1583203923477	1583203923473	-9.202	-0.256	-1.796	0.890	-1.223	-1.504	0.000000	0.000000
1583203923497	1583203923493	-9.798	-0.055	-1.942	0.440	-1.178	-1.637	0.000000	0.000000
1583203923513	1583203923513	-10.342	-0.129	-2.050	0.070	-1.095	-1.709	0.000000	0.000000
1583203923535	1583203923533	-10.390	-0.091	-2.179	-0.064	-0.980	-1.663	0.000000	0.000000
1583203923555	1583203923553	-10.795	0.362	-2.479	-0.110	-0.808	-1.507	0.000000	0.000000
1583203923582	1583203923582	-11.813	0.805	-2.821	-0.284	-0.575	-1.273	0.000000	0.000000
1583203923594	1583203923593	-12.129	0.729	-2.608	-0.539	-0.267	-0.932	0.000000	0.000000
1583203923617	1583203923612	-10.476	-0.141	-1.406	-0.734	0.187	-0.527	0.000000	0.000000
1583203923633	1583203923633	-8.316	-0.677	0.611	-0.673	0.970	-0.203	0.000000	0.000000
1583203923654	1583203923653	-9.197	-0.215	2.130	-0.322	1.700	-0.127	0.000000	0.000000
1583203923673	1583203923673	-11.066	0.597	2.743	0.136	1.968	-0.125	0.000000	0.000000
1583203923694	1583203923694	-11.928	1.730	2.389	0.294	1.963	-0.111	0.000000	0.000000
1583203923715	1583203923715	-11.729	2.803	1.881	-0.072	1.742	-0.125	0.000000	0.000000
1583203923733	1583203923733	-10.747	2.940	1.819	-0.802	1.409	-0.037	0.000000	0.000000
1583203923754	1583203923752	-9.590	2.516	2.528	-1.474	1.065	0.253	0.000000	0.000000
1583203923774	1583203923772	-8.639	1.761	3.095	-1.933	0.745	0.639	0.000000	0.000000
1583203923794	1583203923792	-8.042	1.057	3.158	-2.269	0.504	0.966	0.000000	0.000000
1583203923817	1583203923812	-8.196	0.269	2.916	-2.503	0.295	1.233	0.000000	0.000000
1583203923847	1583203923846	-8.455	-0.309	2.461	-2.554	0.128	1.426	0.000000	0.000000
1583203923854	1583203923852	-8.593	-0.591	1.931	-2.507	0.017	1.591	0.000000	0.000000
1583203923873	1583203923872	-8.917	-0.730	1.414	-2.451	-0.085	1.753	0.000000	0.000000
1583203923899	1583203923892	-9.346	-0.888	0.975	-2.460	-0.170	1.926	0.000000	0.000000
1583203923919	1583203923915	-10.016	-1.260	0.638	-2.533	-0.227	2.126	0.000000	0.000000
1583203923933	1583203923931	-10.845	-1.842	0.614	-2.609	-0.238	2.353	0.000000	0.000000
1583203923953	1583203923951	-11.382	-2.647	0.815	-2.634	-0.194	2.601	0.000000	0.000000
1583203923974	1583203923974	-11.990	-3.732	1.050	-2.534	-0.103	2.842	0.000000	0.000000
