1583203844346	1583203844343	-12.014	-3.590	1.543	-0.250	0.016	-0.586	0.000000	0.000000
1583203844365	1583203844363	-11.906	-3.473	1.742	-0.081	0.038	-0.742	0.000000	0.000000
1583203844383	1583203844382	-12.417	-3.509	1.675	0.191	0.012	-0.845	0.000000	0.000000
1583203844406	1583203844402	-12.762	-3.538	1.859	0.692	-0.056	-0.855	0.000000	0.000000
1583203844424	1583203844422	-11.930	-3.145	1.876	1.225	-0.192	-0.878	0.000000	0.000000
1583203844443	1583203844442	-11.818	-2.405	0.841	1.514	-0.475	-1.003	0.000000	0.000000
1583203844462	1583203844461	-12.855	-1.868	-0.218	1.627	-0.780	-1.106	0.000000	0.000000
1583203844482	1583203844481	-13.349	-1.772	-0.579	1.712	-0.989	-1.180	0.000000	0.000000
1583203844502	1583203844501	-13.523	-1.631	-0.361	1.864	-1.083	-1.254	0.000000	0.000000
1583203844522	1583203844521	-12.853	-1.619	0.137	2.021	-1.025	-1.300	0.000000	0.000000
1583203844545	1583203844545	-11.554	-1.748	0.463	2.114	-0.839	-1.327	0.000000	0.000000
1583203844564	1583203844562	-10.594	-1.636	0.494	2.142	-0.641	-1.363	0.000000	0.000000
1583203844582	1583203844581	-9.959	-1.339	0.274	2.082	-0.544	-1.452	0.000000	0.000000
1583203844609	1583203844602	-9.521	-1.032	0.082	1.968	-0.554	-1.575	0.000000	0.000000
1583203844623	1583203844621	-9.250	-0.804	-0.091	1.816	-0.622	-1.685	0.000000	0.000000
1583203844642	1583203844641	-9.108	-0.522	-0.230	1.644	-0.716	-1.763	0.000000	0.000000
1583203844662	1583203844660	-8.938	-0.318	-0.299	1.463	-0.805	-1.797	0.000000	0.000000
1583203844682	1583203844680	-8.610	-0.208	-0.390	1.267	-0.843	-1.780	0.000000	0.000000
1583203844702	1583203844700	-8.270	-0.112	-0.519	1.052	-0.829	-1.717	0.000000	0.000000
1583203844721	1583203844720	-8.129	0.072	-0.682	0.770	-0.764	-1.624	0.000000	0.000000
1583203844741	1583203844740	-8.014	-0.004	-0.622	0.460	-0.648	-1.486	0.000000	0.000000
1583203844761	1583203844760	-7.781	-0.110	-0.476	0.216	-0.495	-1.329	0.000000	0.000000
1583203844781	1583203844780	-7.834	0.010	-0.419	0.071	-0.328	-1.166	0.000000	0.000000
1583203844801	1583203844800	-8.560	0.223	-0.412	-0.011	-0.184	-0.975	0.000000	0.000000
1583203844823	1583203844820	-9.408	0.489	-0.265	-0.081	-0.033	-0.725	0.000000	0.000000
1583203844841	1583203844841	-9.724	0.767	-0.086	-0.303	0.156	-0.440	0.000000	0.000000
1583203844860	1583203844860	-10.009	0.789	0.166	-0.655	0.356	-0.139	0.000000	0.000000
1583203844881	1583203844880	-9.865	0.348	0.947	-0.928	0.606	0.254	0.000000	0.000000
1583203844902	1583203844901	-9.815	-0.035	1.814	-1.025	0.859	0.697	0.000000	0.000000
1583203844921	1583203844919	-10.603	-0.103	2.041	-1.059	1.017	1.125	0.000000	0.000000
1583203844941	1583203844939	-11.159	-0.364	2.001	-1.132	1.095	1.521	0.000000	0.000000
1583203844960	1583203844960	-11.300	-1.063	2.317	-1.212	1.122	1.843	0.000000	0.000000
1583203844980	1583203844979	-11.152	-1.552	3.033	-1.103	1.133	2.089	0.000000	0.000000
1583203845000	1583203844999	-11.339	-1.631	3.182	-0.948	1.075	2.186	0.000000	0.000000
1583203845020	1583203845019	-11.756	-1.372	2.808	-0.856	0.864	2.095	0.000000	0.000000
1583203845040	1583203845039	-12.117	-1.006	2.262	-0.920	0.549	1.880	0.000000	0.000000
1583203845060	1583203845059	-12.136	-0.900	1.610	-1.159	0.175	1.594	0.000000	0.000000
1583203845079	1583203845079	-11.787	-1.104	0.973	-1.479	-0.177	1.309	0.000000	0.000000
1583203845099	1583203845099	-11.430	-1.482	0.547	-1.801	-0.441	1.094	0.000000	0.000000
1583203845120	1583203845119	-10.776	-1.854	0.424	-2.023	-0.610	0.948	0.000000	0.000000
1583203845141	1583203845139	-10.098	-2.079	0.563	-2.075	-0.671	0.863	0.000000	0.000000
1583203845161	1583203845161	-9.509	-2.227	0.908	-1.980	-0.584	0.859	0.000000	0.000000
1583203845180	1583203845180	-9.192	-2.390	1.050	-1.814	-0.429	0.939	0.000000	0.000000
1583203845201	1583203845200	-8.910	-2.503	0.896	-1.668	-0.336	1.048	0.000000	0.000000
1583203845226	1583203845226	-8.534	-2.469	0.585	-1.604	-0.294	1.118	0.000000	0.000000
1583203845240	1583203845240	-8.239	-2.673	0.180	-1.636	-0.267	1.110	0.000000	0.000000
1583203845262	1583203845262	-8.088	-3.001	0.003	-1.643	-0.232	1.010	0.000000	0.000000
1583203845280	1583203845280	-7.913	-3.272	0.144	-1.561	-0.130	0.863	0.000000	0.000000
1583203845300	1583203845300	-7.647	-3.471	0.549	-1.407	0.047	0.711	0.000000	0.000000
1583203845321	1583203845320	-7.276	-3.521	0.884	-1.195	0.237	0.518	0.000000	0.000000
1583203845346	1583203845346	-7.333	-3.511	0.858	-0.988	0.348	0.317	0.000000	0.000000
1583203845364	1583203845361	-8.371	-3.401	0.729	-0.806	0.387	0.129	0.000000	0.000000
1583203845379	1583203845379	-9.803	-3.291	0.738	-0.615	0.419	-0.011	0.000000	0.000000
1583203845399	1583203845399	-10.836	-3.145	0.860	-0.438	0.471	-0.120	0.000000	0.000000
1583203845424	1583203845422	-11.046	-2.932	1.107	-0.331	0.539	-0.233	0.000000	0.000000
1583203845440	1583203845440	-11.305	-2.663	1.131	-0.310	0.595	-0.371	0.000000	0.000000
1583203845459	1583203845459	-11.564	-2.570	1.280	-0.328	0.667	-0.510	0.000000	0.000000
1583203845482	1583203845482	-12.340	-2.666	1.354	-0.254	0.729	-0.562	0.000000	0.000000
1583203845499	1583203845499	-13.962	-3.075	1.565	0.092	0.755	-0.456	0.000000	0.000000
1583203845520	1583203845518	-13.523	-3.425	2.415	0.693	0.776	-0.257	0.000000	0.000000
1583203845540	1583203845540	-11.973	-3.145	2.379	1.187	0.703	-0.178	0.000000	0.000000
1583203845561	1583203845561	-12.266	-2.670	1.651	1.459	0.505	-0.212	0.000000	0.000000
1583203845579	1583203845579	-12.821	-2.213	1.433	1.639	0.265	-0.303	0.000000	0.000000
1583203845599	1583203845599	-12.932	-1.985	1.574	1.754	0.050	-0.424	0.000000	0.000000
1583203845618	1583203845618	-12.477	-2.026	1.850	1.765	-0.123	-0.570	0.000000	0.000000
1583203845640	1583203845640	-11.427	-1.981	1.871	1.728	-0.268	-0.743	0.000000	0.000000
1583203845659	1583203845659	-10.469	-1.787	1.608	1.688	-0.391	-0.927	0.000000	0.000000
1583203845683	1583203845677	-9.921	-1.516	1.263	1.636	-0.511	-1.107	0.000000	0.000000
1583203845698	1583203845698	-9.734	-1.243	0.927	1.548	-0.650	-1.270	0.000000	0.000000
1583203845719	1583203845717	-9.580	-0.883	0.456	1.404	-0.805	-1.400	0.000000	0.000000
1583203845739	1583203845739	-9.487	-0.618	-0.105	1.208	-0.932	-1.471	0.000000	0.000000
1583203845772	1583203845761	-9.406	-0.512	-0.448	1.003	-1.008	-1.471	0.000000	0.000000
1583203845779	1583203845779	-9.192	-0.618	-0.507	0.791	-1.005	-1.416	0.000000	0.000000
1583203845797	1583203845797	-8.754	-0.716	-0.443	0.636	-0.904	-1.309	0.000000	0.000000
1583203845818	1583203845817	-8.241	-0.756	-0.448	0.520	-0.714	-1.170	0.000000	0.000000
1583203845837	1583203845837	-7.880	-0.730	-0.409	0.421	-0.470	-1.002	0.000000	0.000000
1583203845858	1583203845858	-7.611	-0.687	-0.455	0.342	-0.232	-0.830	0.000000	0.000000
1583203845883	1583203845883	-7.417	-0.603	-0.440	0.303	-0.033	-0.656	0.000000	0.000000
1583203845899	1583203845897	-7.657	-0.483	-0.354	0.280	0.108	-0.471	0.000000	0.000000
1583203845918	1583203845917	-8.407	-0.325	-0.167	0.232	0.213	-0.253	0.000000	0.000000
1583203845937	1583203845937	-9.355	-0.229	0.044	0.121	0.289	0.010	0.000000	0.000000
1583203845963	1583203845963	-10.088	-0.268	0.221	-0.061	0.370	0.298	0.000000	0.000000
1583203845978	1583203845977	-10.649	-0.383	0.180	-0.293	0.451	0.594	0.000000	0.000000
1583203845997	1583203845997	-10.745	-0.630	0.374	-0.535	0.525	0.888	0.000000	0.000000
1583203846017	1583203846016	-10.905	-1.180	0.868	-0.684	0.598	1.165	0.000000	0.000000
1583203846036	1583203846038	-12.326	-1.650	1.124	-0.571	0.648	1.438	0.000000	0.000000
1583203846057	1583203846057	-14.098	-2.122	1.301	-0.291	0.692	1.692	0.000000	0.000000
1583203846078	1583203846078	-14.520	-2.781	2.092	0.021	0.794	1.797	0.000000	0.000000
1583203846097	1583203846097	-13.686	-2.862	2.573	0.329	0.995	1.674	0.000000	0.000000
1583203846117	1583203846117	-12.285	-1.983	2.621	0.508	1.020	1.267	0.000000	0.000000
1583203846137	1583203846136	-11.255	-0.836	2.417	0.408	0.700	0.676	0.000000	0.000000
1583203846160	1583203846158	-10.692	-0.318	1.792	0.064	0.181	0.096	0.000000	0.000000
1583203846182	1583203846181	-10.242	-0.409	1.172	-0.316	-0.280	-0.271	0.000000	0.000000
1583203846196	1583203846196	-10.026	-0.598	0.882	-0.611	-0.618	-0.389	0.000000	0.000000
1583203846216	1583203846216	-9.552	-1.111	0.817	-0.780	-0.894	-0.337	0.000000	0.000000
1583203846235	1583203846235	-8.902	-1.516	0.848	-0.807	-1.074	-0.182	0.000000	0.000000
1583203846255	1583203846255	-8.148	-1.636	0.693	-0.719	-1.078	0.025	0.000000	0.000000
1583203846282	1583203846280	-7.796	-1.516	0.381	-0.603	-0.901	0.253	0.000000	0.000000
1583203846297	1583203846296	-7.705	-1.415	0.238	-0.488	-0.630	0.486	0.000000	0.000000
1583203846315	1583203846314	-8.004	-1.499	0.312	-0.353	-0.319	0.726	0.000000	0.000000
1583203846335	1583203846335	-8.035	-1.700	0.465	-0.214	-0.049	0.938	0.000000	0.000000
1583203846356	1583203846355	-7.789	-2.017	0.726	-0.088	0.144	1.090	0.000000	0.000000
1583203846381	1583203846381	-7.602	-2.203	1.148	0.030	0.308	1.175	0.000000	0.000000
1583203846395	1583203846395	-7.441	-2.196	1.383	0.105	0.438	1.181	0.000000	0.000000
1583203846417	1583203846417	-7.235	-2.024	1.390	0.066	0.476	1.091	0.000000	0.000000
1583203846435	1583203846434	-7.266	-1.904	1.299	-0.115	0.418	0.909	0.000000	0.000000
1583203846455	1583203846455	-7.597	-1.904	1.021	-0.370	0.274	0.675	0.000000	0.000000
1583203846475	1583203846475	-8.589	-1.966	0.698	-0.579	0.111	0.415	0.000000	0.000000
1583203846498	1583203846498	-9.849	-2.179	0.575	-0.638	0.025	0.222	0.000000	0.000000
1583203846518	1583203846514	-11.025	-2.397	0.566	-0.578	0.007	0.134	0.000000	0.000000
1583203846534	1583203846534	-11.696	-2.438	0.606	-0.443	0.064	0.094	0.000000	0.000000
1583203846555	1583203846554	-11.962	-2.187	0.568	-0.330	0.187	0.049	0.000000	0.000000
1583203846577	1583203846577	-12.810	-2.060	0.573	-0.298	0.330	-0.006	0.000000	0.000000
1583203846604	1583203846604	-13.310	-2.256	1.071	-0.303	0.464	-0.039	0.000000	0.000000
1583203846614	1583203846614	-14.335	-2.481	1.560	-0.218	0.548	-0.025	0.000000	0.000000
1583203846639	1583203846633	-15.413	-2.793	1.809	-0.020	0.578	0.021	0.000000	0.000000
1583203846653	1583203846654	-14.412	-3.250	2.223	0.302	0.613	0.068	0.000000	0.000000
1583203846675	1583203846673	-11.657	-3.368	2.789	0.716	0.623	0.024	0.000000	0.000000
1583203846698	1583203846693	-9.283	-2.936	2.909	1.081	0.471	-0.140	0.000000	0.000000
1583203846717	1583203846714	-9.010	-2.244	2.111	1.363	0.047	-0.357	0.000000	0.000000
1583203846734	1583203846733	-10.227	-1.837	1.639	1.636	-0.343	-0.530	0.000000	0.000000
1583203846754	1583203846754	-11.408	-1.597	1.603	1.878	-0.615	-0.584	0.000000	0.000000
1583203846773	1583203846773	-11.693	-1.322	1.421	2.003	-0.860	-0.559	0.000000	0.000000
1583203846797	1583203846797	-10.867	-1.149	0.918	1.950	-0.993	-0.523	0.000000	0.000000
1583203846815	1583203846812	-9.899	-1.269	0.458	1.780	-0.986	-0.525	0.000000	0.000000
1583203846839	1583203846839	-9.295	-1.398	0.228	1.661	-0.895	-0.561	0.000000	0.000000
1583203846854	1583203846853	-8.950	-1.212	0.190	1.646	-0.761	-0.598	0.000000	0.000000
1583203846874	1583203846872	-8.732	-1.077	0.192	1.682	-0.599	-0.616	0.000000	0.000000
1583203846894	1583203846892	-8.684	-1.130	0.130	1.732	-0.469	-0.596	0.000000	0.000000
1583203846921	1583203846920	-8.680	-1.123	-0.002	1.755	-0.392	-0.529	0.000000	0.000000
1583203846932	1583203846932	-8.593	-0.857	-0.071	1.675	-0.349	-0.442	0.000000	0.000000
1583203846954	1583203846952	-8.438	-0.699	-0.045	1.470	-0.321	-0.375	0.000000	0.000000
1583203846973	1583203846972	-8.225	-0.721	0.041	1.230	-0.301	-0.335	0.000000	0.000000
1583203846997	1583203846997	-7.983	-0.821	-0.004	0.995	-0.285	-0.337	0.000000	0.000000
1583203847013	1583203847012	-7.841	-0.917	-0.191	0.759	-0.266	-0.392	0.000000	0.000000
1583203847033	1583203847033	-8.095	-1.001	-0.378	0.579	-0.238	-0.467	0.000000	0.000000
1583203847053	1583203847052	-9.063	-0.874	-0.515	0.488	-0.215	-0.537	0.000000	0.000000
1583203847072	1583203847071	-10.404	-0.721	-0.546	0.418	-0.186	-0.588	0.000000	0.000000
1583203847093	1583203847093	-11.533	-0.558	-0.503	0.318	-0.130	-0.614	0.000000	0.000000
1583203847116	1583203847116	-12.132	-0.309	-0.680	0.132	-0.041	-0.622	0.000000	0.000000
1583203847132	1583203847131	-12.086	-0.371	-0.642	-0.136	0.064	-0.599	0.000000	0.000000
1583203847152	1583203847151	-11.286	-0.685	-0.167	-0.306	0.221	-0.524	0.000000	0.000000
1583203847172	1583203847171	-11.360	-0.809	0.187	-0.299	0.439	-0.412	0.000000	0.000000
1583203847191	1583203847191	-11.892	-0.888	0.451	-0.185	0.629	-0.284	0.000000	0.000000
1583203847213	1583203847213	-12.084	-1.157	1.167	-0.001	0.775	-0.169	0.000000	0.000000
1583203847234	1583203847231	-11.478	-1.432	2.195	0.263	0.894	-0.140	0.000000	0.000000
1583203847254	1583203847252	-11.341	-1.238	2.501	0.521	0.985	-0.219	0.000000	0.000000
1583203847271	1583203847271	-11.566	-0.584	2.348	0.678	0.899	-0.358	0.000000	0.000000
1583203847291	1583203847290	-11.576	0.125	2.202	0.633	0.662	-0.554	0.000000	0.000000
1583203847315	1583203847313	-11.327	0.638	2.015	0.387	0.340	-0.747	0.000000	0.000000
1583203847331	1583203847331	-10.816	0.848	1.919	0.028	0.002	-0.852	0.000000	0.000000
1583203847351	1583203847351	-9.916	0.650	1.807	-0.328	-0.269	-0.831	0.000000	0.000000
1583203847373	1583203847373	-8.823	0.264	1.747	-0.574	-0.420	-0.714	0.000000	0.000000
1583203847391	1583203847391	-7.798	-0.038	1.761	-0.692	-0.462	-0.551	0.000000	0.000000
1583203847410	1583203847410	-7.091	-0.256	1.720	-0.737	-0.419	-0.379	0.000000	0.000000
1583203847433	1583203847432	-6.821	-0.321	1.565	-0.725	-0.320	-0.192	0.000000	0.000000
1583203847453	1583203847452	-6.842	-0.311	1.409	-0.674	-0.187	0.029	0.000000	0.000000
1583203847471	1583203847470	-7.036	-0.457	1.289	-0.610	-0.047	0.282	0.000000	0.000000
1583203847490	1583203847489	-7.163	-0.661	1.256	-0.549	0.083	0.540	0.000000	0.000000
1583203847510	1583203847509	-7.345	-0.788	1.316	-0.502	0.197	0.782	0.000000	0.000000
1583203847530	1583203847531	-7.618	-0.929	1.519	-0.475	0.299	0.995	0.000000	0.000000
1583203847550	1583203847550	-7.896	-1.147	1.799	-0.465	0.385	1.167	0.000000	0.000000
1583203847571	1583203847569	-8.138	-1.379	2.044	-0.460	0.453	1.285	0.000000	0.000000
1583203847591	1583203847589	-8.581	-1.449	2.077	-0.460	0.487	1.348	0.000000	0.000000
1583203847611	1583203847609	-9.674	-1.456	2.075	-0.464	0.466	1.373	0.000000	0.000000
1583203847631	1583203847629	-10.972	-1.504	2.039	-0.471	0.393	1.381	0.000000	0.000000
1583203847654	1583203847654	-11.945	-1.449	1.728	-0.568	0.280	1.337	0.000000	0.000000
1583203847671	1583203847671	-12.896	-1.530	1.236	-0.795	0.169	1.235	0.000000	0.000000
1583203847690	1583203847689	-14.048	-1.954	1.002	-0.963	0.099	1.108	0.000000	0.000000
1583203847709	1583203847709	-14.575	-2.532	1.287	-0.940	0.142	0.969	0.000000	0.000000
1583203847734	1583203847729	-14.601	-2.920	1.783	-0.766	0.276	0.778	0.000000	0.000000
1583203847751	1583203847751	-13.866	-3.135	2.173	-0.462	0.386	0.581	0.000000	0.000000
1583203847769	1583203847769	-11.825	-3.162	2.195	-0.076	0.384	0.396	0.000000	0.000000
1583203847789	1583203847789	-9.918	-2.613	1.443	0.168	0.157	0.178	0.000000	0.000000
1583203847809	1583203847808	-10.280	-2.232	0.398	0.287	-0.222	0.024	0.000000	0.000000
1583203847829	1583203847828	-11.444	-2.572	0.341	0.515	-0.416	0.013	0.000000	0.000000
1583203847851	1583203847848	-11.820	-2.910	0.686	0.916	-0.489	0.117	0.000000	0.000000
1583203847870	1583203847870	-11.549	-2.733	0.896	1.165	-0.516	0.148	0.000000	0.000000
1583203847889	1583203847888	-10.591	-2.821	0.750	1.167	-0.418	0.059	0.000000	0.000000
1583203847909	1583203847908	-9.604	-2.754	0.594	1.148	-0.278	-0.138	0.000000	0.000000
1583203847929	1583203847928	-8.819	-2.244	0.678	1.185	-0.248	-0.438	0.000000	0.000000
1583203847952	1583203847952	-8.517	-1.890	0.662	1.212	-0.310	-0.725	0.000000	0.000000
1583203847968	1583203847968	-8.562	-1.803	0.614	1.207	-0.390	-0.980	0.000000	0.000000
1583203847993	1583203847994	-8.740	-1.513	0.511	1.207	-0.518	-1.189	0.000000	0.000000
1583203848007	1583203848007	-8.898	-1.202	0.424	1.163	-0.642	-1.278	0.000000	0.000000
1583203848027	1583203848027	-8.756	-1.073	0.333	1.049	-0.707	-1.264	0.000000	0.000000
1583203848049	1583203848049	-8.776	-0.989	0.147	0.897	-0.728	-1.233	0.000000	0.000000
1583203848072	1583203848072	-9.216	-0.821	-0.033	0.689	-0.716	-1.239	0.000000	0.000000
1583203848087	1583203848087	-9.798	-0.706	-0.265	0.448	-0.679	-1.294	0.000000	0.000000
1583203848107	1583203848107	-10.091	-0.637	-0.162	0.226	-0.605	-1.382	0.000000	0.000000
1583203848127	1583203848127	-10.215	-0.531	0.250	0.080	-0.502	-1.471	0.000000	0.000000
1583203848147	1583203848147	-10.692	-0.220	0.460	0.001	-0.407	-1.537	0.000000	0.000000
1583203848167	1583203848167	-11.389	0.295	0.554	-0.065	-0.349	-1.534	0.000000	0.000000
1583203848193	1583203848193	-11.727	0.908	0.630	-0.174	-0.294	-1.438	0.000000	0.000000
1583203848207	1583203848207	-11.564	1.311	0.757	-0.377	-0.229	-1.256	0.000000	0.000000
1583203848227	1583203848227	-10.927	1.419	1.076	-0.625	-0.167	-0.994	0.000000	0.000000
1583203848247	1583203848247	-9.818	1.390	1.613	-0.858	-0.089	-0.653	0.000000	0.000000
1583203848272	1583203848271	-9.655	1.169	1.831	-1.055	-0.015	-0.276	0.000000	0.000000
1583203848288	1583203848286	-10.340	1.126	1.450	-1.219	-0.026	0.062	0.000000	0.000000
1583203848307	1583203848307	-10.860	0.987	0.913	-1.442	-0.079	0.334	0.000000	0.000000
1583203848328	1583203848326	-10.716	0.250	0.714	-1.654	-0.121	0.552	0.000000	0.000000
1583203848346	1583203848346	-10.369	-0.462	0.757	-1.595	-0.127	0.725	0.000000	0.000000
1583203848368	1583203848368	-10.299	-0.606	0.801	-1.278	-0.094	0.878	0.000000	0.000000
1583203848388	1583203848387	-10.280	-0.452	0.810	-0.959	-0.010	1.002	0.000000	0.000000
1583203848408	1583203848408	-10.198	-0.229	0.652	-0.863	0.073	1.084	0.000000	0.000000
1583203848426	1583203848426	-9.976	-0.155	0.386	-1.047	0.082	1.130	0.000000	0.000000
1583203848446	1583203848446	-9.413	-0.246	0.302	-1.382	0.028	1.177	0.000000	0.000000
1583203848468	1583203848468	-8.929	-0.579	0.388	-1.725	-0.028	1.242	0.000000	0.000000
1583203848495	1583203848495	-8.488	-0.958	0.238	-1.966	-0.072	1.333	0.000000	0.000000
1583203848508	1583203848508	-8.165	-1.307	0.046	-2.116	-0.094	1.440	0.000000	0.000000
1583203848527	1583203848526	-8.100	-1.590	-0.055	-2.188	-0.092	1.560	0.000000	0.000000
1583203848546	1583203848546	-8.342	-1.878	0.000	-2.159	-0.059	1.710	0.000000	0.000000
1583203848566	1583203848565	-9.020	-2.172	0.077	-2.021	-0.009	1.900	0.000000	0.000000
1583203848591	1583203848589	-9.875	-2.551	0.130	-1.831	0.063	2.092	0.000000	0.000000
1583203848604	1583203848603	-10.668	-3.111	0.293	-1.617	0.191	2.231	0.000000	0.000000
1583203848625	1583203848625	-10.795	-3.837	0.611	-1.363	0.439	2.257	0.000000	0.000000
1583203848645	1583203848645	-10.174	-4.120	1.014	-1.118	0.747	2.183	0.000000	0.000000
1583203848666	1583203848664	-9.439	-4.165	1.304	-0.923	0.943	2.037	0.000000	0.000000
1583203848694	1583203848694	-10.287	-4.170	1.289	-0.782	0.923	1.789	0.000000	0.000000
1583203848706	1583203848706	-11.540	-4.400	1.404	-0.508	0.874	1.548	0.000000	0.000000
1583203848729	1583203848729	-12.489	-4.702	1.687	-0.198	0.832	1.265	0.000000	0.000000
1583203848744	1583203848745	-13.535	-4.805	1.538	0.012	0.734	0.969	0.000000	0.000000
1583203848765	1583203848764	-14.769	-4.862	1.090	0.148	0.557	0.705	0.000000	0.000000
1583203848785	1583203848784	-15.698	-4.975	0.930	0.277	0.381	0.375	0.000000	0.000000
1583203848805	1583203848805	-15.957	-4.891	1.095	0.564	0.173	-0.048	0.000000	0.000000
1583203848826	1583203848826	-14.441	-4.223	1.459	0.972	-0.059	-0.533	0.000000	0.000000
1583203848844	1583203848844	-12.441	-3.607	1.248	1.256	-0.301	-1.023	0.000000	0.000000
1583203848865	1583203848864	-11.938	-3.027	0.585	1.464	-0.662	-1.481	0.000000	0.000000
1583203848888	1583203848887	-12.704	-2.455	-0.014	1.764	-1.048	-1.761	0.000000	0.000000
1583203848905	1583203848905	-13.198	-2.112	-0.151	2.148	-1.299	-1.940	0.000000	0.000000
1583203848927	1583203848923	-13.360	-1.873	-0.182	2.479	-1.450	-2.037	0.000000	0.000000
1583203848944	1583203848943	-12.702	-1.535	-0.052	2.676	-1.490	-2.047	0.000000	0.000000
1583203848963	1583203848963	-11.494	-1.353	-0.081	2.736	-1.414	-2.010	0.000000	0.000000
1583203848983	1583203848984	-10.440	-1.039	-0.268	2.659	-1.266	-1.974	0.000000	0.000000
1583203849012	1583203849007	-9.830	-0.730	-0.534	2.478	-1.132	-1.968	0.000000	0.000000
1583203849026	1583203849026	-9.528	-0.491	-0.802	2.251	-1.059	-1.988	0.000000	0.000000
1583203849045	1583203849043	-9.535	-0.342	-0.984	2.062	-1.044	-1.973	0.000000	0.000000
1583203849064	1583203849062	-9.461	-0.309	-1.125	1.902	-1.068	-1.887	0.000000	0.000000
1583203849082	1583203849083	-9.365	-0.292	-1.195	1.770	-1.081	-1.749	0.000000	0.000000
1583203849107	1583203849107	-9.276	-0.258	-1.240	1.602	-1.070	-1.604	0.000000	0.000000
1583203849123	1583203849123	-9.192	-0.136	-1.509	1.326	-1.011	-1.504	0.000000	0.000000
1583203849143	1583203849143	-9.015	-0.052	-1.681	0.998	-0.926	-1.472	0.000000	0.000000
1583203849163	1583203849162	-8.840	0.032	-1.547	0.663	-0.807	-1.486	0.000000	0.000000
1583203849183	1583203849183	-8.879	0.094	-1.113	0.410	-0.641	-1.528	0.000000	0.000000
1583203849204	1583203849204	-9.324	0.446	-0.642	0.327	-0.477	-1.515	0.000000	0.000000
1583203849227	1583203849227	-9.844	1.102	-0.359	0.269	-0.337	-1.407	0.000000	0.000000
1583203849243	1583203849243	-9.801	1.838	-0.270	0.060	-0.204	-1.229	0.000000	0.000000
1583203849262	1583203849262	-9.712	2.487	-0.301	-0.369	-0.072	-1.000	0.000000	0.000000
1583203849282	1583203849282	-9.813	2.592	-0.148	-0.888	0.037	-0.698	0.000000	0.000000
1583203849307	1583203849306	-9.813	2.250	0.281	-1.299	0.125	-0.298	0.000000	0.000000
1583203849324	1583203849322	-10.392	1.819	0.233	-1.571	0.242	0.188	0.000000	0.000000
1583203849343	1583203849343	-10.816	1.258	0.070	-1.792	0.396	0.710	0.000000	0.000000
1583203849362	1583203849361	-11.080	0.295	0.563	-1.805	0.643	1.217	0.000000	0.000000
1583203849382	1583203849381	-11.396	-0.589	1.687	-1.388	1.019	1.669	0.000000	0.000000
1583203849401	1583203849401	-11.308	-0.845	2.956	-0.785	1.426	2.055	0.000000	0.000000
1583203849426	1583203849426	-11.387	-0.965	3.833	-0.319	1.777	2.339	0.000000	0.000000
1583203849441	1583203849441	-11.619	-0.596	3.493	-0.143	1.856	2.501	0.000000	0.000000
1583203849462	1583203849461	-11.252	0.039	2.444	-0.442	1.598	2.521	0.000000	0.000000
1583203849482	1583203849481	-10.896	0.278	1.557	-1.101	1.156	2.495	0.000000	0.000000
1583203849502	1583203849501	-10.725	-0.275	1.057	-1.763	0.608	2.426	0.000000	0.000000
1583203849523	1583203849523	-10.816	-1.121	0.832	-2.211	0.104	2.332	0.000000	0.000000
1583203849550	1583203849545	-11.164	-2.086	0.935	-2.421	-0.191	2.284	0.000000	0.000000
1583203849563	1583203849561	-11.097	-2.778	0.951	-2.404	-0.375	2.261	0.000000	0.000000
1583203849581	1583203849581	-11.099	-3.281	0.995	-2.182	-0.381	2.268	0.000000	0.000000
1583203849602	1583203849600	-11.207	-3.758	1.191	-1.754	-0.194	2.267	0.000000	0.000000
1583203849626	1583203849626	-10.793	-3.883	1.256	-1.276	0.098	2.156	0.000000	0.000000
1583203849641	1583203849640	-10.059	-3.588	1.246	-0.950	0.400	1.908	0.000000	0.000000
1583203849663	1583203849660	-9.329	-3.336	1.217	-0.814	0.508	1.544	0.000000	0.000000
1583203849680	1583203849680	-8.931	-3.133	1.126	-0.815	0.389	1.128	0.000000	0.000000
1583203849700	1583203849700	-8.843	-3.032	1.052	-0.822	0.216	0.715	0.000000	0.000000
1583203849725	1583203849725	-9.295	-2.984	1.081	-0.831	0.054	0.349	0.000000	0.000000
1583203849745	1583203849744	-10.033	-2.987	1.141	-0.820	-0.049	0.060	0.000000	0.000000
1583203849765	1583203849762	-10.706	-2.946	1.215	-0.793	-0.112	-0.159	0.000000	0.000000
1583203849780	1583203849780	-11.133	-2.826	1.064	-0.745	-0.134	-0.317	0.000000	0.000000
1583203849800	1583203849800	-11.710	-2.910	0.841	-0.655	-0.080	-0.413	0.000000	0.000000
1583203849820	1583203849820	-12.146	-3.226	0.959	-0.399	0.026	-0.459	0.000000	0.000000
1583203849840	1583203849840	-12.778	-3.329	1.217	0.004	0.125	-0.500	0.000000	0.000000
1583203849860	1583203849861	-13.154	-3.384	1.596	0.489	0.177	-0.587	0.000000	0.000000
1583203849882	1583203849880	-12.103	-3.071	1.943	0.990	0.148	-0.761	0.000000	0.000000
1583203849899	1583203849898	-10.840	-2.551	1.852	1.307	0.014	-1.051	0.000000	0.000000
1583203849918	1583203849918	-10.445	-1.925	1.011	1.429	-0.270	-1.403	0.000000	0.000000
1583203849938	1583203849937	-10.994	-1.468	0.214	1.459	-0.600	-1.710	0.000000	0.000000
1583203849964	1583203849961	-11.918	-1.137	-0.354	1.485	-0.923	-1.898	0.000000	0.000000
1583203849982	1583203849982	-13.116	-0.675	-0.639	1.504	-1.138	-1.973	0.000000	0.000000
1583203849999	1583203849998	-13.801	-0.644	-0.380	1.413	-1.190	-1.981	0.000000	0.000000
1583203850019	1583203850018	-13.308	-1.034	-0.086	1.263	-1.095	-1.963	0.000000	0.000000
1583203850040	1583203850039	-12.484	-1.250	-0.047	1.198	-0.891	-1.930	0.000000	0.000000
1583203850060	1583203850058	-11.686	-0.773	-0.285	1.139	-0.720	-1.965	0.000000	0.000000
1583203850082	1583203850081	-11.252	-0.438	-0.433	1.014	-0.581	-2.073	0.000000	0.000000
1583203850100	1583203850098	-10.881	-0.107	-0.282	0.899	-0.489	-2.229	0.000000	0.000000
1583203850119	1583203850118	-10.668	0.381	-0.323	0.814	-0.514	-2.404	0.000000	0.000000
1583203850139	1583203850138	-10.426	0.690	-0.306	0.739	-0.569	-2.503	0.000000	0.000000
1583203850161	1583203850161	-9.983	1.311	-0.172	0.721	-0.615	-2.469	0.000000	0.000000
1583203850180	1583203850180	-9.326	1.673	-0.067	0.652	-0.598	-2.254	0.000000	0.000000
1583203850199	1583203850198	-8.641	1.898	0.377	0.543	-0.513	-1.948	0.000000	0.000000
1583203850218	1583203850218	-7.755	2.152	0.882	0.296	-0.355	-1.535	0.000000	0.000000
1583203850238	1583203850238	-7.024	2.029	1.375	-0.098	-0.128	-1.045	0.000000	0.000000
1583203850259	1583203850259	-6.485	1.855	1.704	-0.464	0.098	-0.566	0.000000	0.000000
1583203850278	1583203850278	-6.251	1.661	1.941	-0.731	0.273	-0.091	0.000000	0.000000
1583203850299	1583203850299	-6.730	1.150	2.147	-1.031	0.399	0.371	0.000000	0.000000
1583203850317	1583203850317	-7.396	0.420	2.274	-1.515	0.508	0.766	0.000000	0.000000
1583203850339	1583203850337	-8.169	-0.210	2.164	-1.992	0.522	1.143	0.000000	0.000000
1583203850361	1583203850360	-9.238	-0.701	1.752	-2.291	0.449	1.517	0.000000	0.000000
1583203850377	1583203850377	-10.488	-0.756	0.839	-2.453	0.297	1.915	0.000000	0.000000
1583203850398	1583203850397	-12.132	-1.159	-0.095	-2.664	0.185	2.298	0.000000	0.000000
1583203850418	1583203850417	-13.380	-1.851	-0.414	-2.715	0.075	2.593	0.000000	0.000000
1583203850437	1583203850437	-13.787	-2.936	-0.177	-2.438	-0.006	2.888	0.000000	0.000000
1583203850460	1583203850460	-12.424	-3.832	0.511	-1.796	0.046	3.136	0.000000	0.000000
1583203850480	1583203850480	-11.197	-3.756	0.652	-1.051	0.258	3.249	0.000000	0.000000
1583203850503	1583203850497	-11.276	-2.963	0.115	-0.502	0.398	3.136	0.000000	0.000000
1583203850517	1583203850516	-12.627	-1.899	-0.519	-0.338	0.381	2.848	0.000000	0.000000
1583203850536	1583203850536	-13.567	-1.355	-0.989	-0.713	0.291	2.397	0.000000	0.000000
1583203850556	1583203850556	-13.238	-1.667	-1.039	-1.417	0.156	1.865	0.000000	0.000000
1583203850588	1583203850582	-12.589	-2.936	-0.608	-1.835	0.107	1.487	0.000000	0.000000
1583203850597	1583203850597	-11.914	-3.650	0.221	-1.649	0.167	1.308	0.000000	0.000000
1583203850618	1583203850616	-10.941	-3.873	0.779	-1.146	0.313	1.210	0.000000	0.000000
1583203850637	1583203850637	-9.945	-3.626	1.038	-0.663	0.473	1.109	0.000000	0.000000
1583203850657	1583203850655	-9.178	-3.265	1.337	-0.412	0.563	0.956	0.000000	0.000000
1583203850677	1583203850677	-8.701	-3.056	1.586	-0.391	0.545	0.761	0.000000	0.000000
1583203850700	1583203850700	-8.426	-2.867	1.668	-0.468	0.427	0.559	0.000000	0.000000
1583203850717	1583203850717	-8.301	-3.006	1.581	-0.512	0.269	0.396	0.000000	0.000000
1583203850737	1583203850735	-8.296	-3.324	1.586	-0.418	0.140	0.296	0.000000	0.000000
1583203850755	1583203850755	-8.493	-3.509	1.708	-0.175	0.038	0.258	0.000000	0.000000
1583203850781	1583203850780	-8.740	-3.372	1.852	0.099	-0.021	0.229	0.000000	0.000000
1583203850796	1583203850795	-8.797	-3.176	1.869	0.264	-0.033	0.155	0.000000	0.000000
1583203850816	1583203850815	-8.466	-3.140	1.720	0.348	-0.035	0.013	0.000000	0.000000
1583203850835	1583203850835	-8.514	-3.078	1.529	0.460	-0.043	-0.177	0.000000	0.000000
1583203850856	1583203850855	-9.372	-2.788	1.289	0.633	-0.084	-0.367	0.000000	0.000000
1583203850880	1583203850880	-10.766	-2.462	1.131	0.777	-0.144	-0.539	0.000000	0.000000
1583203850896	1583203850895	-11.918	-2.045	0.824	0.803	-0.215	-0.710	0.000000	0.000000
1583203850918	1583203850914	-12.587	-1.739	0.463	0.678	-0.226	-0.892	0.000000	0.000000
1583203850934	1583203850934	-13.238	-1.832	0.240	0.520	-0.195	-1.024	0.000000	0.000000
1583203850956	1583203850954	-13.327	-2.203	0.506	0.579	-0.093	-1.068	0.000000	0.000000
1583203850976	1583203850974	-13.602	-2.441	0.820	0.964	0.045	-1.012	0.000000	0.000000
1583203850996	1583203850996	-13.950	-2.661	1.131	1.573	0.151	-0.860	0.000000	0.000000
1583203851017	1583203851016	-13.492	-2.853	1.677	2.243	0.156	-0.671	0.000000	0.000000
1583203851034	1583203851034	-12.833	-2.448	1.519	2.828	0.020	-0.569	0.000000	0.000000
1583203851055	1583203851054	-12.704	-1.698	0.628	3.132	-0.274	-0.577	0.000000	0.000000
1583203851074	1583203851074	-12.771	-1.331	0.151	3.140	-0.619	-0.627	0.000000	0.000000
1583203851095	1583203851094	-12.891	-1.310	0.297	3.075	-0.904	-0.660	0.000000	0.000000
1583203851115	1583203851115	-12.187	-1.190	0.381	2.960	-1.135	-0.702	0.000000	0.000000
1583203851136	1583203851136	-11.008	-1.058	0.036	2.701	-1.303	-0.796	0.000000	0.000000
1583203851154	1583203851154	-10.103	-1.001	-0.493	2.341	-1.409	-0.956	0.000000	0.000000
1583203851174	1583203851174	-9.786	-0.948	-0.946	2.000	-1.471	-1.134	0.000000	0.000000
1583203851195	1583203851195	-9.738	-0.886	-1.248	1.731	-1.495	-1.297	0.000000	0.000000
1583203851216	1583203851216	-9.861	-0.974	-1.449	1.558	-1.482	-1.423	0.000000	0.000000
1583203851234	1583203851233	-9.923	-0.946	-1.602	1.473	-1.434	-1.510	0.000000	0.000000
1583203851254	1583203851253	-9.892	-0.871	-1.629	1.379	-1.338	-1.572	0.000000	0.000000
1583203851274	1583203851273	-9.794	-0.737	-1.664	1.230	-1.195	-1.624	0.000000	0.000000
1583203851293	1583203851293	-9.547	-0.685	-1.751	1.019	-1.013	-1.669	0.000000	0.000000
1583203851316	1583203851316	-9.441	-0.665	-1.703	0.807	-0.812	-1.729	0.000000	0.000000
1583203851334	1583203851334	-9.341	-0.464	-1.537	0.642	-0.614	-1.814	0.000000	0.000000
1583203851353	1583203851353	-9.350	-0.246	-1.236	0.529	-0.433	-1.912	0.000000	0.000000
1583203851373	1583203851373	-9.607	0.070	-0.737	0.483	-0.282	-1.952	0.000000	0.000000
1583203851394	1583203851392	-10.258	0.791	-0.162	0.434	-0.167	-1.873	0.000000	0.000000
1583203851416	1583203851416	-10.687	1.560	0.252	0.292	-0.076	-1.700	0.000000	0.000000
1583203851434	1583203851434	-10.323	1.958	0.393	0.038	-0.012	-1.421	0.000000	0.000000
1583203851454	1583203851454	-10.081	2.305	0.190	-0.322	-0.002	-1.057	0.000000	0.000000
1583203851473	1583203851472	-10.206	2.561	-0.409	-0.787	-0.004	-0.636	0.000000	0.000000
1583203851492	1583203851492	-10.268	2.221	-0.776	-1.267	0.087	-0.150	0.000000	0.000000
1583203851516	1583203851515	-9.971	1.019	-0.071	-1.522	0.379	0.369	0.000000	0.000000
1583203851532	1583203851532	-9.839	-0.376	1.814	-1.235	0.887	0.896	0.000000	0.000000
1583203851553	1583203851552	-10.225	-0.646	3.517	-0.442	1.386	1.349	0.000000	0.000000
1583203851572	1583203851572	-10.864	-0.309	3.759	0.227	1.710	1.635	0.000000	0.000000
1583203851592	1583203851591	-11.554	0.293	2.921	0.379	1.795	1.775	0.000000	0.000000
1583203851617	1583203851616	-11.533	1.141	1.682	-0.006	1.554	1.807	0.000000	0.000000
1583203851633	1583203851633	-11.094	1.356	0.808	-0.705	1.104	1.836	0.000000	0.000000
1583203851653	1583203851653	-10.893	0.841	0.812	-1.385	0.603	1.917	0.000000	0.000000
1583203851672	1583203851672	-11.212	-0.383	1.359	-1.834	0.290	2.094	0.000000	0.000000
1583203851692	1583203851692	-11.140	-1.334	1.680	-1.962	0.061	2.288	0.000000	0.000000
1583203851711	1583203851711	-10.860	-1.794	1.529	-1.974	-0.058	2.434	0.000000	0.000000
1583203851738	1583203851738	-10.589	-2.155	1.217	-1.873	0.017	2.556	0.000000	0.000000
1583203851751	1583203851752	-10.352	-1.969	1.131	-1.654	0.184	2.622	0.000000	0.000000
1583203851772	1583203851772	-10.071	-2.294	1.375	-1.510	0.398	2.613	0.000000	0.000000
1583203851792	1583203851790	-9.638	-2.663	1.677	-1.333	0.606	2.518	0.000000	0.000000
1583203851812	1583203851810	-9.211	-2.879	1.696	-1.210	0.721	2.281	0.000000	0.000000
1583203851833	1583203851833	-9.099	-2.922	1.476	-1.149	0.668	1.956	0.000000	0.000000
1583203851856	1583203851851	-9.245	-2.900	1.311	-1.057	0.515	1.635	0.000000	0.000000
1583203851871	1583203851871	-9.195	-2.884	1.361	-0.988	0.372	1.300	0.000000	0.000000
1583203851891	1583203851890	-9.322	-3.037	1.517	-0.964	0.239	0.962	0.000000	0.000000
1583203851911	1583203851910	-9.796	-3.102	1.443	-0.965	0.115	0.635	0.000000	0.000000
1583203851936	1583203851936	-10.277	-3.255	1.383	-0.919	0.092	0.352	0.000000	0.000000
1583203851952	1583203851951	-10.790	-3.358	1.586	-0.750	0.142	0.133	0.000000	0.000000
1583203851973	1583203851973	-11.147	-3.171	1.692	-0.521	0.199	-0.068	0.000000	0.000000
1583203851990	1583203851990	-11.985	-2.774	1.332	-0.373	0.199	-0.282	0.000000	0.000000
1583203852010	1583203852010	-13.039	-2.764	1.145	-0.278	0.180	-0.467	0.000000	0.000000
1583203852037	1583203852035	-14.086	-2.867	1.359	-0.091	0.195	-0.592	0.000000	0.000000
1583203852060	1583203852050	-15.248	-2.939	1.660	0.242	0.197	-0.677	0.000000	0.000000
1583203852071	1583203852069	-14.551	-2.869	2.096	0.642	0.181	-0.797	0.000000	0.000000
1583203852090	1583203852088	-12.340	-2.738	2.671	1.037	0.139	-0.980	0.000000	0.000000
1583203852110	1583203852110	-10.151	-2.254	2.554	1.357	0.012	-1.245	0.000000	0.000000
1583203852130	1583203852129	-10.014	-1.585	1.713	1.513	-0.265	-1.572	0.000000	0.000000
1583203852152	1583203852152	-11.379	-1.032	1.131	1.564	-0.580	-1.833	0.000000	0.000000
1583203852172	1583203852169	-12.606	-0.680	0.784	1.654	-0.897	-1.930	0.000000	0.000000
1583203852193	1583203852193	-12.917	-0.459	0.769	1.750	-1.124	-1.870	0.000000	0.000000
1583203852210	1583203852208	-12.088	-0.414	0.669	1.671	-1.247	-1.760	0.000000	0.000000
1583203852229	1583203852229	-10.747	-0.524	0.314	1.488	-1.244	-1.653	0.000000	0.000000
1583203852249	1583203852249	-9.798	-0.677	-0.009	1.309	-1.119	-1.554	0.000000	0.000000
1583203852272	1583203852272	-9.200	-0.603	-0.210	1.203	-0.970	-1.484	0.000000	0.000000
1583203852293	1583203852290	-8.914	-0.447	-0.275	1.182	-0.839	-1.417	0.000000	0.000000
1583203852309	1583203852308	-8.826	-0.352	-0.299	1.211	-0.726	-1.322	0.000000	0.000000
1583203852329	1583203852329	-8.855	-0.383	-0.368	1.196	-0.639	-1.198	0.000000	0.000000
1583203852354	1583203852350	-8.816	-0.414	-0.452	1.132	-0.560	-1.051	0.000000	0.000000
1583203852369	1583203852369	-8.644	-0.294	-0.491	1.021	-0.475	-0.924	0.000000	0.000000
1583203852394	1583203852393	-8.593	-0.117	-0.541	0.858	-0.385	-0.850	0.000000	0.000000
1583203852408	1583203852408	-8.766	-0.098	-0.491	0.645	-0.277	-0.823	0.000000	0.000000
1583203852428	1583203852428	-8.704	-0.050	-0.390	0.438	-0.154	-0.797	0.000000	0.000000
1583203852448	1583203852448	-8.548	-0.047	-0.177	0.234	-0.013	-0.772	0.000000	0.000000
1583203852474	1583203852471	-8.399	0.094	0.130	0.068	0.128	-0.718	0.000000	0.000000
1583203852490	1583203852488	-8.677	0.199	0.508	-0.114	0.253	-0.621	0.000000	0.000000
1583203852508	1583203852508	-9.173	0.362	0.889	-0.285	0.355	-0.483	0.000000	0.000000
1583203852528	1583203852528	-9.626	0.544	1.074	-0.474	0.419	-0.303	0.000000	0.000000
1583203852548	1583203852548	-10.048	0.669	0.949	-0.738	0.456	-0.075	0.000000	0.000000
1583203852568	1583203852568	-10.565	0.686	0.729	-1.070	0.468	0.201	0.000000	0.000000
1583203852590	1583203852588	-10.948	0.415	0.662	-1.425	0.489	0.518	0.000000	0.000000
1583203852609	1583203852609	-11.609	0.041	0.750	-1.689	0.534	0.874	0.000000	0.000000
1583203852627	1583203852627	-12.060	-0.632	1.136	-1.740	0.651	1.265	0.000000	0.000000
1583203852647	1583203852647	-11.454	-1.777	2.178	-1.522	0.893	1.624	0.000000	0.000000
1583203852676	1583203852676	-10.333	-2.311	3.242	-0.951	1.171	1.869	0.000000	0.000000
1583203852687	1583203852687	-10.258	-2.294	3.364	-0.354	1.308	1.944	0.000000	0.000000
1583203852707	1583203852707	-10.881	-1.394	2.731	-0.052	1.143	1.779	0.000000	0.000000
1583203852729	1583203852726	-11.461	-0.208	1.593	-0.227	0.767	1.477	0.000000	0.000000
1583203852747	1583203852746	-11.823	0.015	0.719	-0.735	0.325	1.161	0.000000	0.000000
1583203852771	1583203852771	-11.633	-0.586	0.388	-1.271	-0.088	0.920	0.000000	0.000000
1583203852790	1583203852787	-11.401	-1.348	0.269	-1.633	-0.368	0.795	0.000000	0.000000
1583203852807	1583203852807	-10.646	-1.988	0.487	-1.753	-0.527	0.726	0.000000	0.000000
1583203852827	1583203852826	-9.396	-2.326	0.784	-1.675	-0.506	0.684	0.000000	0.000000
1583203852847	1583203852846	-8.505	-2.314	0.999	-1.472	-0.274	0.679	0.000000	0.000000
1583203852866	1583203852866	-8.213	-2.069	1.011	-1.242	0.004	0.681	0.000000	0.000000
1583203852887	1583203852887	-8.050	-1.983	0.901	-1.071	0.173	0.662	0.000000	0.000000
1583203852908	1583203852907	-7.887	-2.009	0.961	-0.961	0.248	0.633	0.000000	0.000000
1583203852926	1583203852926	-7.853	-2.069	1.066	-0.900	0.264	0.602	0.000000	0.000000
1583203852946	1583203852946	-8.023	-2.033	1.191	-0.842	0.224	0.575	0.000000	0.000000
1583203852968	1583203852966	-8.361	-2.000	1.361	-0.795	0.167	0.559	0.000000	0.000000
1583203852986	1583203852986	-8.498	-2.120	1.665	-0.775	0.158	0.543	0.000000	0.000000
1583203853011	1583203853011	-8.349	-2.347	1.869	-0.749	0.219	0.513	0.000000	0.000000
1583203853026	1583203853026	-8.711	-2.515	1.943	-0.650	0.295	0.472	0.000000	0.000000
1583203853046	1583203853046	-9.901	-2.579	2.094	-0.438	0.337	0.448	0.000000	0.000000
1583203853067	1583203853065	-11.200	-2.551	2.305	-0.227	0.379	0.437	0.000000	0.000000
1583203853092	1583203853092	-12.244	-2.385	2.259	-0.141	0.402	0.401	0.000000	0.000000
1583203853107	1583203853106	-13.749	-2.333	1.560	-0.195	0.305	0.314	0.000000	0.000000
1583203853127	1583203853127	-15.234	-2.769	1.047	-0.194	0.161	0.229	0.000000	0.000000
1583203853146	1583203853145	-15.854	-3.193	1.225	0.052	0.067	0.147	0.000000	0.000000
1583203853166	1583203853165	-14.606	-3.396	1.562	0.455	0.010	-0.002	0.000000	0.000000
1583203853184	1583203853183	-12.800	-3.188	1.222	0.846	-0.101	-0.238	0.000000	0.000000
1583203853207	1583203853206	-12.342	-2.843	0.678	1.176	-0.294	-0.514	0.000000	0.000000
1583203853226	1583203853224	-12.774	-2.656	0.563	1.534	-0.455	-0.749	0.000000	0.000000
1583203853246	1583203853245	-12.948	-2.361	0.750	1.898	-0.568	-0.926	0.000000	0.000000
1583203853266	1583203853264	-12.191	-1.868	0.963	2.091	-0.637	-1.096	0.000000	0.000000
1583203853286	1583203853284	-10.826	-1.451	0.978	2.027	-0.700	-1.304	0.000000	0.000000
1583203853304	1583203853303	-9.827	-1.116	0.750	1.787	-0.783	-1.575	0.000000	0.000000
1583203853324	1583203853323	-9.386	-0.804	0.465	1.483	-0.895	-1.884	0.000000	0.000000
1583203853345	1583203853342	-9.262	-0.541	0.218	1.225	-1.016	-2.143	0.000000	0.000000
1583203853365	1583203853364	-9.252	-0.318	-0.038	1.063	-1.116	-2.266	0.000000	0.000000
1583203853385	1583203853383	-9.120	-0.282	-0.155	0.987	-1.171	-2.226	0.000000	0.000000
1583203853405	1583203853403	-8.869	-0.282	-0.170	0.930	-1.175	-2.076	0.000000	0.000000
1583203853428	1583203853427	-8.510	-0.198	-0.242	0.825	-1.122	-1.863	0.000000	0.000000
1583203853445	1583203853444	-8.301	-0.165	-0.407	0.644	-1.003	-1.619	0.000000	0.000000
1583203853464	1583203853463	-8.227	-0.059	-0.531	0.440	-0.838	-1.389	0.000000	0.000000
1583203853484	1583203853483	-8.110	-0.136	-0.570	0.245	-0.663	-1.198	0.000000	0.000000
1583203853508	1583203853506	-8.119	-0.153	-0.455	0.125	-0.495	-1.042	0.000000	0.000000
1583203853527	1583203853525	-8.596	-0.172	-0.352	0.063	-0.354	-0.905	0.000000	0.000000
1583203853550	1583203853550	-9.592	-0.004	-0.143	0.063	-0.240	-0.751	0.000000	0.000000
1583203853563	1583203853563	-10.306	0.331	0.036	-0.044	-0.133	-0.606	0.000000	0.000000
1583203853583	1583203853583	-10.354	0.611	0.180	-0.355	-0.019	-0.480	0.000000	0.000000
1583203853603	1583203853603	-10.517	0.729	0.367	-0.771	0.094	-0.332	0.000000	0.000000
1583203853627	1583203853627	-10.208	0.537	0.717	-1.100	0.241	-0.108	0.000000	0.000000
1583203853643	1583203853643	-10.146	0.372	0.959	-1.300	0.381	0.189	0.000000	0.000000
1583203853663	1583203853663	-10.946	0.209	0.827	-1.402	0.475	0.579	0.000000	0.000000
1583203853682	1583203853682	-11.114	-0.390	1.179	-1.417	0.625	1.035	0.000000	0.000000
1583203853703	1583203853703	-10.948	-1.195	2.084	-1.247	0.811	1.469	0.000000	0.000000
1583203853723	1583203853723	-11.114	-1.636	2.844	-0.823	0.981	1.833	0.000000	0.000000
1583203853744	1583203853744	-11.147	-1.739	3.337	-0.362	1.107	2.068	0.000000	0.000000
1583203853764	1583203853764	-11.284	-1.123	3.254	-0.186	1.092	2.131	0.000000	0.000000
1583203853783	1583203853782	-11.669	-0.579	2.362	-0.456	0.837	2.015	0.000000	0.000000
1583203853804	1583203853802	-11.667	-0.222	1.368	-0.951	0.391	1.799	0.000000	0.000000
1583203853827	1583203853827	-10.994	-0.570	0.690	-1.525	-0.109	1.534	0.000000	0.000000
1583203853842	1583203853843	-10.174	-1.341	0.309	-2.036	-0.493	1.253	0.000000	0.000000
1583203853862	1583203853862	-9.298	-1.973	0.211	-2.358	-0.684	1.022	0.000000	0.000000
1583203853882	1583203853882	-8.680	-2.304	0.309	-2.466	-0.766	0.846	0.000000	0.000000
1583203853901	1583203853901	-8.217	-2.476	0.276	-2.354	-0.723	0.757	0.000000	0.000000
1583203853927	1583203853927	-7.927	-2.505	0.163	-2.068	-0.539	0.777	0.000000	0.000000
1583203853946	1583203853945	-8.119	-2.510	0.096	-1.758	-0.299	0.882	0.000000	0.000000
1583203853965	1583203853962	-8.524	-2.534	0.051	-1.532	-0.095	1.027	0.000000	0.000000
1583203853981	1583203853981	-8.704	-2.620	0.151	-1.399	0.055	1.156	0.000000	0.000000
1583203854000	1583203854000	-8.718	-2.946	0.448	-1.321	0.224	1.250	0.000000	0.000000
1583203854020	1583203854019	-8.838	-3.492	0.930	-1.213	0.396	1.276	0.000000	0.000000
1583203854040	1583203854039	-9.137	-3.823	1.308	-1.046	0.512	1.229	0.000000	0.000000
1583203854061	1583203854061	-9.995	-3.756	1.256	-0.897	0.500	1.103	0.000000	0.000000
1583203854083	1583203854083	-11.166	-3.698	1.021	-0.900	0.424	0.901	0.000000	0.000000
1583203854101	1583203854101	-11.779	-3.595	0.547	-1.012	0.334	0.579	0.000000	0.000000
1583203854120	1583203854120	-13.241	-3.665	-0.383	-1.190	0.131	0.209	0.000000	0.000000
1583203854143	1583203854143	-14.858	-4.441	-0.385	-1.116	0.027	-0.107	0.000000	0.000000
1583203854162	1583203854162	-15.258	-4.479	0.022	-0.611	0.006	-0.453	0.000000	0.000000
1583203854182	1583203854182	-14.177	-3.895	0.709	-0.009	0.066	-0.763	0.000000	0.000000
1583203854201	1583203854200	-11.760	-2.963	0.662	0.333	0.068	-1.082	0.000000	0.000000
1583203854220	1583203854220	-11.267	-2.155	0.113	0.300	-0.054	-1.472	0.000000	0.000000
1583203854242	1583203854241	-12.132	-1.978	0.034	0.260	-0.185	-1.761	0.000000	0.000000
1583203854261	1583203854260	-12.474	-1.981	0.420	0.453	-0.226	-1.889	0.000000	0.000000
1583203854280	1583203854280	-11.827	-1.822	1.126	0.765	-0.183	-1.931	0.000000	0.000000
