1583203894124	1583203894123	-9.547	-1.715	1.617	1.722	-0.277	-1.625	0.000000	0.000000
1583203894142	1583203894141	-8.965	-1.185	1.347	1.768	-0.215	-1.791	0.000000	0.000000
1583203894167	1583203894164	-8.725	-0.800	1.069	1.637	-0.249	-1.924	0.000000	0.000000
1583203894185	1583203894185	-9.025	-0.546	0.884	1.501	-0.351	-1.961	0.000000	0.000000
1583203894204	1583203894201	-9.245	-0.287	0.674	1.422	-0.521	-1.889	0.000000	0.000000
1583203894222	1583203894221	-9.063	-0.119	0.542	1.345	-0.680	-1.717	0.000000	0.000000
1583203894242	1583203894241	-8.641	-0.100	0.499	1.214	-0.757	-1.489	0.000000	0.000000
1583203894262	1583203894261	-8.289	-0.237	0.532	1.033	-0.723	-1.228	0.000000	0.000000
1583203894282	1583203894281	-8.100	-0.409	0.470	0.846	-0.599	-0.981	0.000000	0.000000
1583203894302	1583203894300	-7.856	-0.459	0.453	0.702	-0.424	-0.781	0.000000	0.000000
1583203894322	1583203894320	-7.803	-0.366	0.427	0.600	-0.264	-0.655	0.000000	0.000000
1583203894342	1583203894342	-8.440	-0.124	0.353	0.510	-0.164	-0.556	0.000000	0.000000
1583203894363	1583203894361	-9.394	0.053	0.372	0.379	-0.115	-0.425	0.000000	0.000000
1583203894382	1583203894381	-9.865	0.171	0.506	0.156	-0.077	-0.250	0.000000	0.000000
1583203894403	1583203894400	-9.736	0.214	0.597	-0.176	-0.027	-0.048	0.000000	0.000000
1583203894421	1583203894420	-9.921	0.175	0.523	-0.547	0.030	0.165	0.000000	0.000000
1583203894443	1583203894440	-10.194	-0.191	0.700	-0.830	0.126	0.412	0.000000	0.000000
1583203894461	1583203894460	-10.242	-0.630	1.052	-0.960	0.273	0.678	0.000000	0.000000
1583203894481	1583203894480	-11.097	-0.711	0.997	-0.954	0.403	0.951	0.000000	0.000000
1583203894502	1583203894499	-11.875	-1.121	1.299	-0.886	0.548	1.250	0.000000	0.000000
1583203894521	1583203894520	-11.530	-1.892	2.494	-0.696	0.766	1.499	0.000000	0.000000
1583203894541	1583203894539	-10.536	-2.345	3.560	-0.336	1.036	1.620	0.000000	0.000000
1583203894565	1583203894560	-10.364	-2.103	3.716	0.049	1.183	1.606	0.000000	0.000000
1583203894581	1583203894580	-11.032	-1.454	3.505	0.241	1.096	1.465	0.000000	0.000000
1583203894601	1583203894599	-11.425	-0.733	2.995	0.122	0.837	1.225	0.000000	0.000000
1583203894621	1583203894621	-11.200	-0.498	2.444	-0.276	0.442	0.953	0.000000	0.000000
1583203894640	1583203894639	-10.764	-0.828	1.898	-0.749	-0.006	0.745	0.000000	0.000000
1583203894660	1583203894659	-10.488	-1.319	1.371	-1.086	-0.334	0.659	0.000000	0.000000
1583203894680	1583203894679	-10.081	-1.894	1.330	-1.239	-0.479	0.649	0.000000	0.000000
1583203894700	1583203894699	-9.305	-2.417	1.577	-1.200	-0.504	0.666	0.000000	0.000000
1583203894720	1583203894719	-8.517	-2.793	1.869	-0.948	-0.381	0.727	0.000000	0.000000
1583203894740	1583203894738	-8.038	-2.896	2.051	-0.522	-0.145	0.836	0.000000	0.000000
1583203894761	1583203894759	-7.717	-2.680	1.843	-0.144	0.054	0.893	0.000000	0.000000
1583203894781	1583203894779	-7.568	-2.357	1.546	-0.018	0.192	0.833	0.000000	0.000000
1583203894800	1583203894798	-7.532	-2.189	1.299	-0.100	0.217	0.709	0.000000	0.000000
1583203894819	1583203894818	-7.654	-2.249	1.205	-0.237	0.156	0.579	0.000000	0.000000
1583203894839	1583203894838	-7.901	-2.484	1.260	-0.323	0.067	0.470	0.000000	0.000000
1583203894860	1583203894858	-8.062	-2.690	1.232	-0.346	-0.000	0.334	0.000000	0.000000
1583203894879	1583203894878	-8.100	-2.668	1.064	-0.378	-0.010	0.152	0.000000	0.000000
1583203894903	1583203894903	-8.402	-2.436	0.908	-0.438	0.033	-0.061	0.000000	0.000000
1583203894920	1583203894919	-9.243	-2.170	0.817	-0.491	0.078	-0.259	0.000000	0.000000
1583203894941	1583203894939	-10.318	-2.211	0.930	-0.492	0.125	-0.404	0.000000	0.000000
1583203894961	1583203894959	-11.013	-2.115	0.959	-0.410	0.182	-0.496	0.000000	0.000000
1583203894984	1583203894984	-11.406	-1.834	0.956	-0.315	0.239	-0.539	0.000000	0.000000
1583203895004	1583203894999	-12.062	-1.413	0.930	-0.307	0.283	-0.538	0.000000	0.000000
1583203895021	1583203895019	-12.436	-1.401	1.241	-0.423	0.356	-0.487	0.000000	0.000000
1583203895040	1583203895039	-12.635	-1.708	1.510	-0.543	0.440	-0.392	0.000000	0.000000
1583203895060	1583203895060	-13.442	-2.381	1.790	-0.467	0.499	-0.239	0.000000	0.000000
1583203895080	1583203895079	-12.726	-3.075	2.470	-0.009	0.546	-0.043	0.000000	0.000000
1583203895100	1583203895099	-11.092	-2.917	2.822	0.561	0.578	0.054	0.000000	0.000000
1583203895120	1583203895118	-10.864	-2.496	2.286	0.889	0.446	-0.000	0.000000	0.000000
1583203895140	1583203895138	-12.256	-2.182	1.598	1.130	0.178	-0.076	0.000000	0.000000
1583203895159	1583203895158	-13.535	-2.134	1.802	1.406	-0.003	-0.124	0.000000	0.000000
1583203895183	1583203895183	-13.473	-1.921	2.135	1.609	-0.131	-0.216	0.000000	0.000000
1583203895203	1583203895198	-12.517	-1.638	2.276	1.627	-0.227	-0.357	0.000000	0.000000
1583203895218	1583203895218	-11.152	-1.504	2.202	1.559	-0.289	-0.531	0.000000	0.000000
1583203895239	1583203895238	-10.136	-1.276	2.025	1.494	-0.353	-0.737	0.000000	0.000000
1583203895260	1583203895258	-9.444	-0.903	1.802	1.389	-0.449	-0.950	0.000000	0.000000
1583203895279	1583203895278	-8.948	-0.567	1.402	1.237	-0.578	-1.093	0.000000	0.000000
1583203895305	1583203895298	-8.565	-0.318	0.947	1.085	-0.726	-1.117	0.000000	0.000000
1583203895319	1583203895319	-8.126	-0.258	0.662	0.939	-0.840	-1.021	0.000000	0.000000
1583203895338	1583203895337	-7.563	-0.383	0.537	0.813	-0.878	-0.830	0.000000	0.000000
1583203895359	1583203895357	-7.000	-0.483	0.468	0.671	-0.841	-0.597	0.000000	0.000000
1583203895381	1583203895381	-6.938	-0.577	0.254	0.514	-0.752	-0.351	0.000000	0.000000
1583203895401	1583203895398	-7.099	-0.668	0.008	0.384	-0.627	-0.112	0.000000	0.000000
1583203895419	1583203895417	-7.250	-0.768	-0.043	0.279	-0.491	0.079	0.000000	0.000000
1583203895438	1583203895437	-7.168	-0.855	-0.122	0.179	-0.373	0.205	0.000000	0.000000
1583203895458	1583203895457	-7.549	-0.768	-0.445	0.069	-0.276	0.279	0.000000	0.000000
1583203895478	1583203895477	-9.154	-0.759	-0.474	-0.052	-0.186	0.350	0.000000	0.000000
1583203895500	1583203895500	-10.630	-0.919	-0.024	-0.131	-0.104	0.428	0.000000	0.000000
1583203895519	1583203895517	-10.845	-0.699	0.228	-0.205	-0.002	0.467	0.000000	0.000000
1583203895539	1583203895537	-11.011	-0.309	0.135	-0.432	0.117	0.455	0.000000	0.000000
1583203895558	1583203895556	-11.602	-0.318	0.264	-0.705	0.234	0.448	0.000000	0.000000
1583203895579	1583203895579	-11.734	-0.143	0.379	-0.841	0.330	0.464	0.000000	0.000000
1583203895598	1583203895598	-12.965	0.147	0.079	-0.940	0.412	0.540	0.000000	0.000000
1583203895618	1583203895618	-13.856	-0.105	-0.024	-1.071	0.527	0.676	0.000000	0.000000
1583203895637	1583203895637	-12.898	-1.003	0.700	-1.103	0.690	0.822	0.000000	0.000000
1583203895657	1583203895656	-10.445	-2.112	2.027	-0.736	0.991	0.927	0.000000	0.000000
1583203895678	1583203895675	-8.625	-2.282	2.669	-0.005	1.367	0.957	0.000000	0.000000
1583203895699	1583203895698	-8.617	-1.705	2.461	0.634	1.488	0.852	0.000000	0.000000
1583203895725	1583203895718	-8.900	-0.735	1.785	0.823	1.286	0.570	0.000000	0.000000
1583203895736	1583203895735	-8.871	0.192	1.407	0.516	0.990	0.300	0.000000	0.000000
1583203895756	1583203895755	-9.250	0.053	1.730	-0.036	0.668	0.184	0.000000	0.000000
1583203895777	1583203895775	-9.573	-0.661	1.984	-0.436	0.361	0.214	0.000000	0.000000
1583203895798	1583203895796	-9.243	-1.061	1.735	-0.632	0.125	0.283	0.000000	0.000000
1583203895817	1583203895815	-8.907	-1.353	1.407	-0.786	0.023	0.322	0.000000	0.000000
1583203895837	1583203895835	-8.795	-1.777	1.313	-0.855	0.050	0.338	0.000000	0.000000
1583203895857	1583203895855	-8.879	-1.923	1.514	-0.697	0.153	0.334	0.000000	0.000000
1583203895876	1583203895875	-8.989	-1.954	1.833	-0.410	0.288	0.322	0.000000	0.000000
1583203895896	1583203895897	-8.914	-1.961	1.859	-0.160	0.396	0.291	0.000000	0.000000
1583203895925	1583203895925	-8.850	-1.909	1.876	-0.028	0.453	0.239	0.000000	0.000000
1583203895940	1583203895935	-8.787	-1.688	1.917	0.008	0.419	0.200	0.000000	0.000000
1583203895960	1583203895956	-8.754	-1.576	2.037	-0.028	0.334	0.174	0.000000	0.000000
1583203895975	1583203895974	-8.605	-1.700	2.269	-0.106	0.263	0.138	0.000000	0.000000
1583203896003	1583203895997	-8.258	-1.942	2.288	-0.193	0.205	0.079	0.000000	0.000000
1583203896015	1583203896014	-8.431	-2.096	1.998	-0.232	0.128	0.009	0.000000	0.000000
1583203896034	1583203896033	-9.537	-2.196	1.716	-0.145	0.063	-0.021	0.000000	0.000000
1583203896054	1583203896053	-11.006	-2.206	1.450	0.029	-0.003	0.007	0.000000	0.000000
1583203896077	1583203896074	-12.687	-2.081	0.947	0.159	-0.084	0.060	0.000000	0.000000
1583203896099	1583203896099	-14.898	-2.040	0.362	0.227	-0.155	0.116	0.000000	0.000000
1583203896117	1583203896117	-16.633	-2.309	-0.136	0.317	-0.190	0.148	0.000000	0.000000
1583203896137	1583203896136	-16.999	-2.661	-0.059	0.494	-0.194	0.114	0.000000	0.000000
1583203896157	1583203896154	-15.512	-3.289	0.959	0.838	-0.112	0.025	0.000000	0.000000
1583203896176	1583203896173	-12.357	-3.248	1.625	1.286	0.039	-0.152	0.000000	0.000000
1583203896195	1583203896193	-11.046	-2.201	0.824	1.551	-0.092	-0.468	0.000000	0.000000
1583203896219	1583203896219	-11.815	-1.741	0.106	1.520	-0.419	-0.843	0.000000	0.000000
1583203896238	1583203896238	-12.512	-1.734	0.288	1.536	-0.615	-1.141	0.000000	0.000000
1583203896260	1583203896254	-12.304	-1.341	0.480	1.600	-0.773	-1.380	0.000000	0.000000
1583203896275	1583203896273	-11.449	-0.871	0.480	1.520	-0.874	-1.590	0.000000	0.000000
1583203896294	1583203896293	-10.218	-0.802	0.266	1.323	-0.867	-1.768	0.000000	0.000000
1583203896318	1583203896315	-9.053	-0.764	0.091	1.197	-0.772	-1.887	0.000000	0.000000
1583203896339	1583203896333	-8.215	-0.574	-0.019	1.207	-0.647	-1.899	0.000000	0.000000
1583203896354	1583203896353	-7.554	-0.364	-0.014	1.377	-0.545	-1.776	0.000000	0.000000
1583203896374	1583203896373	-7.281	-0.165	0.103	1.552	-0.464	-1.561	0.000000	0.000000
1583203896395	1583203896392	-7.012	0.032	0.223	1.558	-0.342	-1.259	0.000000	0.000000
1583203896416	1583203896416	-6.785	0.087	0.283	1.439	-0.217	-0.884	0.000000	0.000000
1583203896439	1583203896433	-6.840	0.125	0.214	1.276	-0.128	-0.523	0.000000	0.000000
1583203896455	1583203896454	-7.077	0.166	0.096	0.994	-0.085	-0.270	0.000000	0.000000
1583203896474	1583203896472	-7.568	0.034	-0.076	0.662	-0.082	-0.096	0.000000	0.000000
1583203896493	1583203896493	-8.174	-0.194	-0.249	0.328	-0.101	0.020	0.000000	0.000000
1583203896515	1583203896513	-8.565	-0.500	-0.359	0.041	-0.112	0.107	0.000000	0.000000
1583203896538	1583203896537	-8.962	-0.778	-0.404	-0.136	-0.089	0.167	0.000000	0.000000
1583203896554	1583203896552	-9.655	-0.780	-0.359	-0.217	-0.039	0.214	0.000000	0.000000
1583203896572	1583203896572	-10.661	-0.697	-0.165	-0.290	0.049	0.264	0.000000	0.000000
1583203896593	1583203896592	-11.305	-0.627	-0.110	-0.423	0.152	0.302	0.000000	0.000000
1583203896614	1583203896614	-11.435	-0.390	-0.349	-0.694	0.251	0.306	0.000000	0.000000
1583203896635	1583203896633	-11.243	-0.567	-0.210	-1.010	0.365	0.325	0.000000	0.000000
1583203896655	1583203896654	-10.601	-1.099	0.365	-1.133	0.496	0.399	0.000000	0.000000
1583203896673	1583203896671	-11.073	-1.137	0.832	-1.042	0.601	0.537	0.000000	0.000000
1583203896692	1583203896691	-12.158	-1.080	1.030	-0.886	0.647	0.728	0.000000	0.000000
1583203896711	1583203896710	-12.601	-1.288	1.074	-0.830	0.618	0.902	0.000000	0.000000
1583203896734	1583203896730	-12.402	-1.554	1.150	-0.889	0.558	0.979	0.000000	0.000000
1583203896751	1583203896750	-12.299	-1.782	1.323	-0.901	0.520	0.947	0.000000	0.000000
1583203896771	1583203896770	-11.696	-1.856	1.843	-0.779	0.501	0.817	0.000000	0.000000
1583203896791	1583203896790	-10.948	-1.470	2.001	-0.655	0.420	0.580	0.000000	0.000000
1583203896812	1583203896810	-10.361	-0.893	1.651	-0.755	0.222	0.271	0.000000	0.000000
1583203896833	1583203896833	-9.370	-0.828	1.387	-1.044	0.006	0.031	0.000000	0.000000
1583203896856	1583203896855	-8.239	-1.042	1.411	-1.319	-0.170	-0.071	0.000000	0.000000
1583203896875	1583203896871	-7.441	-1.188	1.359	-1.478	-0.302	-0.071	0.000000	0.000000
1583203896893	1583203896890	-7.041	-1.298	1.102	-1.538	-0.382	-0.000	0.000000	0.000000
1583203896911	1583203896911	-7.020	-1.478	0.796	-1.512	-0.403	0.139	0.000000	0.000000
1583203896931	1583203896931	-7.393	-1.686	0.762	-1.380	-0.354	0.347	0.000000	0.000000
1583203896952	1583203896950	-7.968	-1.751	0.939	-1.164	-0.252	0.592	0.000000	0.000000
1583203896972	1583203896970	-8.478	-1.715	1.071	-1.002	-0.121	0.809	0.000000	0.000000
1583203896992	1583203896990	-8.946	-1.813	1.136	-0.924	0.020	0.963	0.000000	0.000000
1583203897010	1583203897010	-9.310	-1.985	1.378	-0.880	0.154	1.045	0.000000	0.000000
1583203897031	1583203897030	-9.096	-2.120	1.761	-0.840	0.308	1.051	0.000000	0.000000
1583203897057	1583203897050	-9.120	-2.211	2.125	-0.799	0.436	0.992	0.000000	0.000000
1583203897073	1583203897073	-10.045	-2.227	2.252	-0.726	0.448	0.904	0.000000	0.000000
1583203897090	1583203897090	-11.183	-2.091	2.041	-0.666	0.351	0.823	0.000000	0.000000
1583203897111	1583203897109	-12.081	-2.048	1.811	-0.716	0.249	0.764	0.000000	0.000000
1583203897132	1583203897132	-12.982	-2.395	1.634	-0.802	0.150	0.737	0.000000	0.000000
1583203897160	1583203897160	-14.223	-3.063	1.565	-0.734	0.066	0.753	0.000000	0.000000
1583203897171	1583203897169	-15.054	-3.720	1.740	-0.447	0.080	0.753	0.000000	0.000000
1583203897192	1583203897192	-15.337	-3.861	1.912	-0.039	0.131	0.686	0.000000	0.000000
1583203897210	1583203897209	-14.642	-3.897	2.199	0.360	0.161	0.520	0.000000	0.000000
1583203897229	1583203897229	-12.764	-3.377	2.199	0.740	0.053	0.205	0.000000	0.000000
1583203897251	1583203897249	-11.600	-2.522	1.222	0.937	-0.346	-0.178	0.000000	0.000000
1583203897275	1583203897269	-12.263	-2.235	0.379	1.024	-0.748	-0.502	0.000000	0.000000
1583203897291	1583203897288	-12.948	-2.191	0.197	1.230	-1.021	-0.679	0.000000	0.000000
1583203897310	1583203897308	-12.786	-1.925	0.276	1.475	-1.231	-0.762	0.000000	0.000000
1583203897329	1583203897329	-11.770	-1.794	0.554	1.593	-1.310	-0.817	0.000000	0.000000
1583203897354	1583203897354	-9.923	-1.863	0.664	1.605	-1.202	-0.890	0.000000	0.000000
1583203897370	1583203897370	-8.272	-1.751	0.506	1.598	-1.002	-0.994	0.000000	0.000000
1583203897390	1583203897388	-7.312	-1.420	0.252	1.580	-0.844	-1.144	0.000000	0.000000
1583203897409	1583203897408	-7.005	-1.154	-0.050	1.556	-0.774	-1.276	0.000000	0.000000
1583203897430	1583203897428	-7.168	-0.859	-0.304	1.523	-0.777	-1.339	0.000000	0.000000
1583203897449	1583203897448	-7.453	-0.567	-0.522	1.455	-0.835	-1.322	0.000000	0.000000
1583203897478	1583203897473	-7.657	-0.414	-0.510	1.360	-0.878	-1.196	0.000000	0.000000
1583203897492	1583203897488	-7.846	-0.445	-0.464	1.210	-0.870	-1.013	0.000000	0.000000
1583203897510	1583203897508	-8.102	-0.380	-0.507	0.972	-0.778	-0.826	0.000000	0.000000
1583203897528	1583203897528	-8.546	-0.435	-0.699	0.652	-0.630	-0.680	0.000000	0.000000
1583203897549	1583203897548	-8.823	-0.373	-0.658	0.359	-0.490	-0.609	0.000000	0.000000
1583203897568	1583203897568	-8.910	-0.400	-0.345	0.121	-0.373	-0.593	0.000000	0.000000
1583203897595	1583203897588	-8.752	-0.481	-0.062	0.019	-0.293	-0.605	0.000000	0.000000
1583203897608	1583203897608	-9.322	-0.059	0.245	-0.000	-0.233	-0.644	0.000000	0.000000
1583203897628	1583203897627	-10.445	0.384	0.427	-0.102	-0.197	-0.682	0.000000	0.000000
1583203897650	1583203897648	-11.003	0.949	0.106	-0.356	-0.215	-0.715	0.000000	0.000000
1583203897672	1583203897672	-11.346	1.524	-0.342	-0.765	-0.238	-0.709	0.000000	0.000000
1583203897690	1583203897687	-11.629	1.615	-0.426	-1.217	-0.232	-0.614	0.000000	0.000000
1583203897708	1583203897708	-11.528	1.598	-0.210	-1.543	-0.176	-0.388	0.000000	0.000000
1583203897727	1583203897727	-12.021	1.567	-0.261	-1.775	0.011	-0.021	0.000000	0.000000
1583203897751	1583203897747	-12.134	0.913	-0.251	-2.021	0.284	0.468	0.000000	0.000000
1583203897767	1583203897767	-11.039	-0.531	0.789	-2.101	0.651	1.002	0.000000	0.000000
1583203897794	1583203897788	-9.501	-1.719	2.374	-1.668	1.165	1.431	0.000000	0.000000
1583203897808	1583203897807	-9.104	-2.005	3.172	-0.869	1.647	1.668	0.000000	0.000000
1583203897828	1583203897826	-9.571	-1.478	3.141	-0.167	1.848	1.780	0.000000	0.000000
1583203897848	1583203897846	-9.837	-0.373	2.377	0.090	1.697	1.658	0.000000	0.000000
1583203897878	1583203897872	-10.129	0.369	1.651	-0.219	1.337	1.445	0.000000	0.000000
1583203897890	1583203897886	-10.340	0.070	1.591	-0.807	0.860	1.332	0.000000	0.000000
1583203897908	1583203897906	-10.170	-0.931	1.574	-1.306	0.365	1.347	0.000000	0.000000
1583203897928	1583203897926	-10.002	-1.717	1.351	-1.507	0.023	1.421	0.000000	0.000000
1583203897947	1583203897946	-9.918	-2.009	1.222	-1.601	-0.187	1.470	0.000000	0.000000
1583203897971	1583203897971	-10.115	-2.383	1.222	-1.685	-0.269	1.469	0.000000	0.000000
1583203897990	1583203897986	-10.155	-2.678	1.308	-1.645	-0.207	1.425	0.000000	0.000000
1583203898009	1583203898007	-9.959	-2.867	1.378	-1.466	-0.059	1.351	0.000000	0.000000
1583203898027	1583203898025	-9.580	-3.133	1.402	-1.228	0.158	1.225	0.000000	0.000000
1583203898047	1583203898045	-9.300	-3.274	1.651	-0.980	0.355	1.040	0.000000	0.000000
1583203898072	1583203898070	-9.085	-3.205	2.005	-0.763	0.426	0.856	0.000000	0.000000
1583203898086	1583203898085	-8.982	-3.200	2.441	-0.617	0.390	0.669	0.000000	0.000000
1583203898107	1583203898106	-9.382	-3.193	2.815	-0.517	0.286	0.477	0.000000	0.000000
1583203898127	1583203898125	-10.472	-3.186	3.265	-0.404	0.177	0.320	0.000000	0.000000
1583203898146	1583203898146	-11.600	-3.011	3.309	-0.346	0.005	0.134	0.000000	0.000000
1583203898168	1583203898165	-12.103	-2.659	2.698	-0.480	-0.250	-0.127	0.000000	0.000000
1583203898187	1583203898187	-12.673	-2.670	2.005	-0.698	-0.502	-0.397	0.000000	0.000000
1583203898209	1583203898206	-13.265	-3.145	1.644	-0.697	-0.665	-0.573	0.000000	0.000000
1583203898227	1583203898225	-13.214	-3.475	1.684	-0.394	-0.714	-0.645	0.000000	0.000000
1583203898246	1583203898244	-12.908	-3.334	1.641	-0.017	-0.693	-0.713	0.000000	0.000000
1583203898269	1583203898264	-12.153	-3.178	1.843	0.351	-0.589	-0.786	0.000000	0.000000
1583203898287	1583203898284	-10.864	-3.027	2.147	0.799	-0.489	-0.859	0.000000	0.000000
1583203898306	1583203898305	-10.330	-2.469	1.814	1.183	-0.533	-0.967	0.000000	0.000000
1583203898328	1583203898328	-11.401	-1.703	0.736	1.340	-0.749	-1.086	0.000000	0.000000
1583203898345	1583203898344	-12.659	-1.485	-0.174	1.414	-0.929	-1.094	0.000000	0.000000
1583203898365	1583203898364	-13.193	-1.501	-0.555	1.496	-1.053	-1.009	0.000000	0.000000
1583203898390	1583203898387	-12.800	-1.655	-0.287	1.561	-1.038	-0.915	0.000000	0.000000
1583203898408	1583203898406	-11.315	-2.206	0.503	1.671	-0.784	-0.843	0.000000	0.000000
1583203898425	1583203898423	-9.511	-2.436	1.208	1.927	-0.405	-0.806	0.000000	0.000000
1583203898445	1583203898443	-8.308	-2.060	1.351	2.215	-0.122	-0.878	0.000000	0.000000
1583203898464	1583203898464	-7.745	-1.834	1.241	2.363	0.034	-1.004	0.000000	0.000000
1583203898485	1583203898485	-7.652	-1.401	1.038	2.393	-0.016	-1.160	0.000000	0.000000
1583203898505	1583203898504	-7.803	-0.900	0.789	2.276	-0.201	-1.317	0.000000	0.000000
1583203898527	1583203898526	-8.145	-0.368	0.705	2.040	-0.404	-1.429	0.000000	0.000000
1583203898544	1583203898543	-8.529	-0.234	0.671	1.709	-0.602	-1.470	0.000000	0.000000
1583203898565	1583203898563	-9.176	-0.196	0.511	1.376	-0.753	-1.458	0.000000	0.000000
1583203898584	1583203898583	-9.645	-0.086	0.262	1.053	-0.825	-1.458	0.000000	0.000000
1583203898609	1583203898609	-9.727	-0.177	0.044	0.705	-0.786	-1.496	0.000000	0.000000
1583203898627	1583203898625	-9.791	-0.067	0.060	0.401	-0.681	-1.537	0.000000	0.000000
1583203898644	1583203898643	-10.004	0.324	0.079	0.217	-0.553	-1.549	0.000000	0.000000
1583203898664	1583203898663	-10.333	0.657	0.247	0.149	-0.413	-1.482	0.000000	0.000000
1583203898686	1583203898683	-10.258	1.129	0.343	0.105	-0.278	-1.323	0.000000	0.000000
1583203898704	1583203898703	-9.877	1.871	0.472	-0.121	-0.139	-1.121	0.000000	0.000000
1583203898727	1583203898727	-9.837	2.142	0.777	-0.464	0.029	-0.848	0.000000	0.000000
1583203898743	1583203898743	-9.530	1.929	1.488	-0.745	0.231	-0.488	0.000000	0.000000
1583203898764	1583203898762	-9.403	1.567	1.979	-0.929	0.435	-0.052	0.000000	0.000000
1583203898784	1583203898784	-9.865	1.433	1.981	-1.079	0.568	0.375	0.000000	0.000000
1583203898810	1583203898810	-10.220	1.050	1.890	-1.264	0.635	0.740	0.000000	0.000000
1583203898826	1583203898822	-10.311	0.326	2.180	-1.335	0.688	1.043	0.000000	0.000000
1583203898845	1583203898842	-10.797	-0.131	2.456	-1.232	0.711	1.270	0.000000	0.000000
1583203898863	1583203898862	-11.669	-0.122	2.403	-1.083	0.693	1.429	0.000000	0.000000
1583203898883	1583203898882	-12.177	-0.167	2.528	-1.021	0.674	1.562	0.000000	0.000000
1583203898907	1583203898907	-12.079	-0.309	2.552	-1.107	0.612	1.655	0.000000	0.000000
1583203898926	1583203898926	-11.578	-0.550	2.391	-1.338	0.493	1.690	0.000000	0.000000
1583203898944	1583203898943	-10.680	-0.864	2.176	-1.578	0.336	1.695	0.000000	0.000000
1583203898963	1583203898961	-9.614	-1.224	1.953	-1.770	0.173	1.679	0.000000	0.000000
1583203898982	1583203898981	-8.778	-1.511	1.656	-1.960	0.003	1.620	0.000000	0.000000
1583203899005	1583203899005	-8.272	-1.753	1.277	-2.120	-0.133	1.550	0.000000	0.000000
1583203899025	1583203899023	-8.229	-2.098	1.093	-2.159	-0.179	1.550	0.000000	0.000000
1583203899042	1583203899041	-8.579	-2.690	1.236	-2.019	-0.127	1.657	0.000000	0.000000
1583203899062	1583203899061	-8.893	-3.262	1.519	-1.690	0.023	1.803	0.000000	0.000000
1583203899082	1583203899081	-9.173	-3.655	1.634	-1.303	0.260	1.866	0.000000	0.000000
1583203899103	1583203899103	-9.283	-3.830	1.979	-0.975	0.489	1.861	0.000000	0.000000
1583203899125	1583203899124	-9.427	-3.890	2.391	-0.842	0.631	1.763	0.000000	0.000000
1583203899149	1583203899142	-9.504	-4.055	2.818	-0.722	0.738	1.574	0.000000	0.000000
1583203899162	1583203899161	-9.446	-3.938	3.045	-0.576	0.740	1.306	0.000000	0.000000
1583203899182	1583203899181	-9.980	-3.954	2.968	-0.518	0.626	1.002	0.000000	0.000000
1583203899203	1583203899200	-11.022	-4.146	2.774	-0.437	0.449	0.727	0.000000	0.000000
1583203899228	1583203899228	-11.894	-4.184	2.358	-0.300	0.235	0.492	0.000000	0.000000
1583203899243	1583203899241	-12.613	-4.232	1.752	-0.192	0.008	0.290	0.000000	0.000000
1583203899261	1583203899260	-13.514	-4.275	1.033	-0.092	-0.193	0.102	0.000000	0.000000
1583203899281	1583203899280	-14.496	-4.359	0.621	0.040	-0.291	-0.106	0.000000	0.000000
1583203899303	1583203899300	-15.325	-4.371	0.666	0.283	-0.281	-0.391	0.000000	0.000000
1583203899323	1583203899322	-15.219	-4.352	1.335	0.694	-0.187	-0.656	0.000000	0.000000
1583203899341	1583203899339	-12.627	-4.012	1.958	1.182	-0.059	-0.936	0.000000	0.000000
1583203899360	1583203899360	-10.579	-3.233	1.256	1.536	-0.151	-1.316	0.000000	0.000000
1583203899381	1583203899380	-10.869	-2.302	0.211	1.715	-0.458	-1.712	0.000000	0.000000
1583203899400	1583203899400	-11.744	-1.940	-0.304	1.849	-0.736	-1.992	0.000000	0.000000
1583203899425	1583203899425	-12.546	-1.509	-0.186	1.999	-0.959	-2.218	0.000000	0.000000
1583203899440	1583203899440	-12.860	-1.046	-0.076	2.087	-1.154	-2.350	0.000000	0.000000
1583203899462	1583203899462	-12.244	-0.936	0.051	2.056	-1.173	-2.379	0.000000	0.000000
1583203899481	1583203899479	-11.418	-1.080	0.032	1.986	-1.043	-2.340	0.000000	0.000000
1583203899501	1583203899499	-10.852	-1.051	0.048	1.915	-0.819	-2.263	0.000000	0.000000
1583203899520	1583203899519	-10.400	-0.816	0.147	1.870	-0.585	-2.201	0.000000	0.000000
1583203899544	1583203899539	-10.139	-0.574	0.120	1.851	-0.435	-2.162	0.000000	0.000000
1583203899564	1583203899559	-9.921	-0.270	0.170	1.806	-0.380	-2.122	0.000000	0.000000
1583203899581	1583203899579	-9.628	0.053	0.305	1.651	-0.383	-2.088	0.000000	0.000000
1583203899600	1583203899598	-9.413	0.142	0.295	1.368	-0.429	-2.060	0.000000	0.000000
1583203899620	1583203899619	-9.037	0.456	0.218	1.063	-0.490	-2.053	0.000000	0.000000
1583203899640	1583203899639	-8.675	0.647	0.111	0.691	-0.530	-2.046	0.000000	0.000000
1583203899662	1583203899658	-8.337	0.757	0.111	0.345	-0.536	-2.039	0.000000	0.000000
1583203899680	1583203899678	-7.796	0.834	0.197	0.083	-0.477	-1.972	0.000000	0.000000
1583203899700	1583203899698	-7.348	0.997	0.377	-0.126	-0.384	-1.792	0.000000	0.000000
1583203899719	1583203899718	-7.415	1.186	0.578	-0.339	-0.260	-1.477	0.000000	0.000000
1583203899741	1583203899738	-8.153	1.191	0.906	-0.551	-0.095	-1.058	0.000000	0.000000
1583203899760	1583203899760	-8.519	1.138	1.162	-0.734	0.080	-0.568	0.000000	0.000000
1583203899780	1583203899777	-8.481	1.110	1.256	-1.037	0.289	-0.030	0.000000	0.000000
1583203899798	1583203899798	-8.711	0.753	1.404	-1.392	0.465	0.530	0.000000	0.000000
1583203899819	1583203899819	-8.744	0.214	1.852	-1.604	0.591	1.094	0.000000	0.000000
1583203899838	1583203899838	-9.458	-0.076	1.958	-1.725	0.640	1.600	0.000000	0.000000
1583203899861	1583203899861	-11.066	-0.428	1.481	-1.807	0.613	2.085	0.000000	0.000000
1583203899879	1583203899877	-12.378	-1.499	1.289	-1.895	0.627	2.533	0.000000	0.000000
1583203899899	1583203899898	-13.051	-3.056	1.692	-1.836	0.684	2.877	0.000000	0.000000
1583203899918	1583203899918	-13.406	-4.268	1.991	-1.530	0.744	3.042	0.000000	0.000000
1583203899943	1583203899937	-13.499	-4.594	2.255	-1.092	0.779	2.982	0.000000	0.000000
1583203899963	1583203899958	-12.874	-4.146	2.171	-0.776	0.731	2.687	0.000000	0.000000
1583203899978	1583203899977	-12.127	-3.904	1.591	-0.853	0.562	2.221	0.000000	0.000000
1583203899999	1583203899997	-11.245	-3.478	0.966	-1.119	0.260	1.677	0.000000	0.000000
1583203900018	1583203900017	-10.467	-3.272	0.444	-1.513	-0.019	1.229	0.000000	0.000000
1583203900042	1583203900042	-10.117	-3.571	0.178	-1.863	-0.177	0.938	0.000000	0.000000
1583203900060	1583203900059	-9.870	-3.823	0.221	-1.980	-0.266	0.809	0.000000	0.000000
1583203900081	1583203900081	-9.386	-4.381	0.434	-1.861	-0.269	0.844	0.000000	0.000000
1583203900097	1583203900096	-8.783	-4.767	0.757	-1.437	-0.145	0.994	0.000000	0.000000
1583203900117	1583203900116	-8.179	-4.601	0.769	-0.916	0.005	1.133	0.000000	0.000000
1583203900139	1583203900137	-7.872	-4.328	0.678	-0.541	0.158	1.157	0.000000	0.000000
1583203900162	1583203900159	-8.078	-4.127	0.963	-0.342	0.311	1.055	0.000000	0.000000
1583203900177	1583203900177	-8.421	-3.921	1.275	-0.259	0.364	0.859	0.000000	0.000000
1583203900197	1583203900197	-8.546	-3.782	1.471	-0.241	0.344	0.634	0.000000	0.000000
1583203900218	1583203900216	-8.505	-3.681	1.651	-0.276	0.296	0.399	0.000000	0.000000
1583203900240	1583203900240	-8.974	-3.444	1.519	-0.333	0.204	0.165	0.000000	0.000000
1583203900260	1583203900256	-10.280	-3.293	1.296	-0.375	0.094	-0.038	0.000000	0.000000
1583203900281	1583203900281	-11.449	-3.289	1.308	-0.340	0.028	-0.180	0.000000	0.000000
1583203900297	1583203900295	-12.100	-3.236	1.270	-0.255	0.002	-0.270	0.000000	0.000000
1583203900316	1583203900316	-12.098	-3.109	1.256	-0.154	0.025	-0.343	0.000000	0.000000
1583203900337	1583203900335	-11.899	-2.745	1.126	-0.121	0.067	-0.439	0.000000	0.000000
1583203900360	1583203900360	-11.612	-2.668	1.383	-0.189	0.131	-0.547	0.000000	0.000000
1583203900379	1583203900376	-10.891	-2.934	1.857	-0.211	0.191	-0.631	0.000000	0.000000
1583203900397	1583203900395	-11.135	-3.118	1.895	-0.009	0.180	-0.646	0.000000	0.000000
1583203900417	1583203900415	-11.494	-3.190	1.737	0.437	0.103	-0.569	0.000000	0.000000
1583203900439	1583203900435	-11.787	-3.044	1.423	0.935	-0.029	-0.447	0.000000	0.000000
1583203900459	1583203900458	-13.157	-2.826	0.777	1.348	-0.232	-0.309	0.000000	0.000000
1583203900482	1583203900476	-14.288	-2.800	0.422	1.734	-0.400	-0.141	0.000000	0.000000
1583203900495	1583203900495	-13.991	-2.745	0.463	2.021	-0.474	-0.026	0.000000	0.000000
1583203900516	1583203900515	-12.956	-2.694	0.559	2.109	-0.486	-0.046	0.000000	0.000000
1583203900536	1583203900534	-11.442	-2.774	0.709	2.051	-0.468	-0.186	0.000000	0.000000
1583203900567	1583203900559	-9.772	-2.464	0.719	1.979	-0.463	-0.417	0.000000	0.000000
1583203900577	1583203900574	-8.684	-2.134	0.633	1.909	-0.505	-0.698	0.000000	0.000000
1583203900601	1583203900594	-8.301	-1.947	0.563	1.875	-0.562	-0.957	0.000000	0.000000
1583203900616	1583203900614	-8.251	-1.652	0.446	1.895	-0.629	-1.140	0.000000	0.000000
1583203900636	1583203900634	-8.143	-1.135	0.238	1.911	-0.736	-1.220	0.000000	0.000000
1583203900655	1583203900655	-8.014	-0.697	0.096	1.837	-0.803	-1.177	0.000000	0.000000
1583203900678	1583203900678	-7.832	-0.653	0.235	1.671	-0.801	-1.047	0.000000	0.000000
1583203900703	1583203900696	-7.868	-0.630	0.185	1.461	-0.765	-0.876	0.000000	0.000000
1583203900715	1583203900713	-8.251	-0.474	-0.064	1.182	-0.702	-0.675	0.000000	0.000000
1583203900734	1583203900733	-8.785	-0.630	-0.237	0.863	-0.629	-0.483	0.000000	0.000000
1583203900759	1583203900754	-8.965	-0.718	-0.246	0.629	-0.584	-0.349	0.000000	0.000000
1583203900774	1583203900774	-8.682	-0.814	-0.230	0.462	-0.545	-0.294	0.000000	0.000000
1583203900795	1583203900793	-8.893	-0.651	-0.345	0.342	-0.515	-0.294	0.000000	0.000000
1583203900814	1583203900813	-10.074	-0.337	-0.366	0.195	-0.500	-0.307	0.000000	0.000000
1583203900834	1583203900833	-11.252	-0.146	-0.268	0.003	-0.462	-0.286	0.000000	0.000000
1583203900855	1583203900853	-11.600	0.108	-0.287	-0.266	-0.364	-0.240	0.000000	0.000000
1583203900880	1583203900878	-11.514	0.171	-0.328	-0.635	-0.202	-0.180	0.000000	0.000000
1583203900898	1583203900894	-11.655	0.115	-0.186	-0.919	0.019	-0.076	0.000000	0.000000
1583203900915	1583203900912	-12.342	0.058	-0.182	-1.027	0.258	0.098	0.000000	0.000000
1583203900934	1583203900932	-11.938	-0.407	0.690	-1.006	0.586	0.363	0.000000	0.000000
1583203900957	1583203900953	-10.074	-1.240	2.743	-0.754	1.024	0.634	0.000000	0.000000
1583203900974	1583203900974	-8.632	-1.523	4.245	-0.197	1.469	0.828	0.000000	0.000000
1583203900994	1583203900993	-8.637	-0.994	4.317	0.301	1.568	0.904	0.000000	0.000000
1583203901014	1583203901012	-9.377	-0.047	3.543	0.385	1.332	0.890	0.000000	0.000000
1583203901033	1583203901032	-10.227	0.587	2.667	0.067	0.957	0.849	0.000000	0.000000
1583203901054	1583203901052	-10.460	0.319	2.087	-0.435	0.488	0.830	0.000000	0.000000
1583203901076	1583203901072	-10.364	-0.711	2.276	-0.721	0.071	0.919	0.000000	0.000000
1583203901094	1583203901094	-9.990	-1.540	2.470	-0.615	-0.172	1.081	0.000000	0.000000
1583203901114	1583203901112	-9.422	-1.755	2.535	-0.453	-0.287	1.160	0.000000	0.000000
1583203901134	1583203901132	-8.780	-1.729	2.511	-0.444	-0.277	1.099	0.000000	0.000000
1583203901153	1583203901152	-8.191	-1.446	2.259	-0.481	-0.180	0.977	0.000000	0.000000
1583203901181	1583203901182	-8.193	-1.274	2.116	-0.538	-0.061	0.862	0.000000	0.000000
1583203901192	1583203901192	-8.404	-1.518	2.092	-0.612	0.009	0.783	0.000000	0.000000
1583203901217	1583203901211	-8.603	-1.751	2.073	-0.663	0.021	0.732	0.000000	0.000000
1583203901233	1583203901231	-8.761	-1.868	2.089	-0.643	0.008	0.717	0.000000	0.000000
1583203901253	1583203901251	-8.629	-1.918	2.077	-0.553	-0.009	0.711	0.000000	0.000000
1583203901274	1583203901271	-8.313	-2.031	2.195	-0.401	0.010	0.691	0.000000	0.000000
1583203901295	1583203901295	-8.373	-2.040	2.360	-0.208	0.058	0.644	0.000000	0.000000
1583203901313	1583203901313	-8.900	-1.916	2.511	-0.036	0.101	0.580	0.000000	0.000000
1583203901333	1583203901331	-9.583	-1.657	2.401	-0.013	0.099	0.475	0.000000	0.000000
1583203901352	1583203901351	-10.043	-1.509	2.106	-0.190	0.059	0.321	0.000000	0.000000
1583203901373	1583203901370	-10.280	-1.655	1.840	-0.409	0.020	0.156	0.000000	0.000000
1583203901392	1583203901391	-10.234	-1.952	2.027	-0.463	0.051	0.010	0.000000	0.000000
1583203901416	1583203901416	-10.443	-1.887	2.317	-0.383	0.150	-0.125	0.000000	0.000000
1583203901432	1583203901431	-10.730	-1.918	2.760	-0.272	0.303	-0.220	0.000000	0.000000
1583203901452	1583203901451	-11.125	-1.945	2.937	-0.070	0.432	-0.217	0.000000	0.000000
1583203901473	1583203901473	-13.641	-2.167	2.940	0.324	0.448	-0.047	0.000000	0.000000
1583203901501	1583203901500	-15.042	-2.462	3.304	0.928	0.362	0.233	0.000000	0.000000
1583203901512	1583203901512	-14.060	-2.457	2.887	1.366	0.173	0.378	0.000000	0.000000
1583203901533	1583203901530	-12.884	-2.251	2.051	1.538	-0.064	0.349	0.000000	0.000000
1583203901550	1583203901550	-11.765	-2.132	1.768	1.638	-0.250	0.194	0.000000	0.000000
1583203901572	1583203901570	-10.958	-1.978	2.005	1.720	-0.375	-0.144	0.000000	0.000000
1583203901591	1583203901591	-9.988	-1.521	2.298	1.659	-0.463	-0.621	0.000000	0.000000
1583203901615	1583203901615	-9.118	-1.240	2.010	1.462	-0.598	-1.116	0.000000	0.000000
1583203901638	1583203901631	-9.341	-1.077	1.337	1.286	-0.743	-1.514	0.000000	0.000000
1583203901652	1583203901649	-9.827	-0.874	0.748	1.209	-0.878	-1.772	0.000000	0.000000
1583203901672	1583203901669	-10.119	-0.589	0.527	1.157	-0.986	-1.867	0.000000	0.000000
1583203901693	1583203901692	-10.098	-0.407	0.482	1.045	-1.053	-1.838	0.000000	0.000000
1583203901714	1583203901709	-9.897	-0.287	0.420	0.863	-1.076	-1.750	0.000000	0.000000
1583203901731	1583203901729	-9.715	-0.321	0.226	0.663	-1.024	-1.636	0.000000	0.000000
1583203901751	1583203901749	-9.477	-0.440	0.029	0.480	-0.920	-1.535	0.000000	0.000000
1583203901770	1583203901769	-9.130	-0.421	-0.095	0.364	-0.812	-1.468	0.000000	0.000000
1583203901790	1583203901789	-8.962	-0.184	-0.129	0.272	-0.690	-1.426	0.000000	0.000000
1583203901815	1583203901815	-8.924	-0.023	0.192	0.184	-0.526	-1.414	0.000000	0.000000
1583203901837	1583203901830	-8.790	0.161	0.448	0.155	-0.363	-1.423	0.000000	0.000000
1583203901849	1583203901849	-8.888	0.640	0.666	0.111	-0.256	-1.406	0.000000	0.000000
1583203901870	1583203901868	-9.288	1.114	0.908	0.003	-0.196	-1.337	0.000000	0.000000
1583203901897	1583203901893	-9.504	1.807	0.975	-0.195	-0.164	-1.224	0.000000	0.000000
1583203901912	1583203901908	-9.427	2.475	0.966	-0.618	-0.104	-1.082	0.000000	0.000000
1583203901929	1583203901928	-9.360	2.566	0.889	-1.151	-0.023	-0.883	0.000000	0.000000
1583203901951	1583203901948	-9.499	2.209	0.808	-1.553	0.070	-0.564	0.000000	0.000000
1583203901970	1583203901968	-10.321	1.620	0.439	-1.795	0.197	-0.080	0.000000	0.000000
1583203901991	1583203901991	-11.950	0.947	0.166	-1.893	0.369	0.516	0.000000	0.000000
1583203902011	1583203902010	-12.412	-0.031	0.882	-1.815	0.582	1.140	0.000000	0.000000
1583203902030	1583203902029	-12.000	-1.032	2.233	-1.504	0.874	1.643	0.000000	0.000000
1583203902050	1583203902048	-11.832	-1.348	2.523	-1.057	1.118	1.921	0.000000	0.000000
1583203902069	1583203902067	-11.739	-0.634	2.135	-0.827	1.183	2.002	0.000000	0.000000
1583203902088	1583203902087	-11.418	-0.069	1.546	-0.967	1.049	1.904	0.000000	0.000000
1583203902109	1583203902109	-10.872	0.276	0.714	-1.355	0.715	1.701	0.000000	0.000000
1583203902129	1583203902128	-10.598	0.056	-0.059	-1.968	0.268	1.481	0.000000	0.000000
1583203902151	1583203902151	-10.701	-0.471	-0.404	-2.529	-0.079	1.395	0.000000	0.000000
1583203902169	1583203902167	-10.670	-1.396	-0.498	-2.855	-0.290	1.479	0.000000	0.000000
1583203902189	1583203902187	-10.438	-2.129	-0.184	-2.866	-0.410	1.639	0.000000	0.000000
1583203902211	1583203902211	-10.028	-2.635	0.127	-2.620	-0.368	1.879	0.000000	0.000000
1583203902230	1583203902230	-9.762	-2.824	0.218	-2.255	-0.162	2.165	0.000000	0.000000
1583203902248	1583203902247	-9.652	-3.138	0.178	-1.922	0.088	2.380	0.000000	0.000000
1583203902267	1583203902267	-9.619	-3.312	0.314	-1.619	0.384	2.438	0.000000	0.000000
1583203902288	1583203902287	-9.573	-3.198	0.484	-1.453	0.623	2.327	0.000000	0.000000
1583203902309	1583203902308	-9.429	-3.039	0.274	-1.468	0.658	2.074	0.000000	0.000000
1583203902328	1583203902328	-9.233	-3.159	0.046	-1.556	0.587	1.788	0.000000	0.000000
1583203902349	1583203902347	-9.008	-3.681	0.285	-1.605	0.532	1.509	0.000000	0.000000
1583203902369	1583203902366	-9.200	-4.225	0.592	-1.544	0.488	1.207	0.000000	0.000000
1583203902387	1583203902387	-10.208	-4.541	0.935	-1.300	0.483	0.951	0.000000	0.000000
1583203902408	1583203902406	-11.399	-4.702	1.258	-0.950	0.513	0.734	0.000000	0.000000
1583203902428	1583203902426	-12.299	-4.573	1.332	-0.614	0.575	0.499	0.000000	0.000000
1583203902451	1583203902448	-13.413	-4.196	0.954	-0.409	0.585	0.227	0.000000	0.000000
1583203902467	1583203902466	-15.344	-4.261	0.669	-0.285	0.514	-0.023	0.000000	0.000000
1583203902488	1583203902485	-16.676	-4.894	1.105	0.055	0.478	-0.232	0.000000	0.000000
1583203902508	1583203902507	-16.060	-5.112	2.178	0.819	0.473	-0.392	0.000000	0.000000
1583203902527	1583203902527	-12.972	-4.390	2.894	1.654	0.448	-0.618	0.000000	0.000000
1583203902550	1583203902550	-11.121	-3.171	2.389	2.088	0.211	-1.026	0.000000	0.000000
1583203902568	1583203902566	-11.451	-2.026	1.478	2.141	-0.195	-1.531	0.000000	0.000000
1583203902587	1583203902585	-12.340	-1.236	0.733	2.033	-0.679	-1.973	0.000000	0.000000
1583203902609	1583203902605	-12.546	-0.802	0.324	1.875	-1.035	-2.251	0.000000	0.000000
1583203902637	1583203902628	-12.031	-0.644	0.127	1.743	-1.277	-2.394	0.000000	0.000000
1583203902649	1583203902646	-11.063	-0.876	0.060	1.670	-1.409	-2.401	0.000000	0.000000
1583203902668	1583203902665	-10.139	-1.204	-0.012	1.687	-1.378	-2.268	0.000000	0.000000
1583203902687	1583203902685	-9.643	-1.262	-0.182	1.794	-1.203	-2.036	0.000000	0.000000
1583203902705	1583203902705	-9.549	-1.013	-0.400	1.939	-0.977	-1.751	0.000000	0.000000
1583203902726	1583203902724	-9.513	-0.759	-0.618	2.068	-0.772	-1.456	0.000000	0.000000
1583203902745	1583203902744	-9.549	-0.661	-0.776	2.125	-0.639	-1.174	0.000000	0.000000
1583203902770	1583203902764	-9.597	-0.582	-0.790	2.067	-0.598	-0.945	0.000000	0.000000
1583203902786	1583203902784	-9.513	-0.519	-0.749	1.872	-0.604	-0.805	0.000000	0.000000
1583203902806	1583203902804	-9.592	-0.450	-0.749	1.575	-0.635	-0.757	0.000000	0.000000
1583203902827	1583203902827	-9.839	-0.424	-0.836	1.215	-0.679	-0.784	0.000000	0.000000
1583203902847	1583203902847	-9.614	-0.431	-0.941	0.848	-0.719	-0.869	0.000000	0.000000
1583203902867	1583203902864	-9.386	-0.553	-0.917	0.536	-0.716	-0.981	0.000000	0.000000
1583203902886	1583203902884	-9.401	-0.531	-0.819	0.323	-0.677	-1.093	0.000000	0.000000
1583203902905	1583203902904	-9.700	-0.325	-0.831	0.172	-0.632	-1.199	0.000000	0.000000
1583203902924	1583203902924	-10.000	0.003	-0.996	0.001	-0.573	-1.266	0.000000	0.000000
1583203902950	1583203902949	-10.124	0.451	-1.054	-0.230	-0.493	-1.243	0.000000	0.000000
1583203902967	1583203902965	-10.505	0.896	-1.140	-0.550	-0.406	-1.096	0.000000	0.000000
1583203902985	1583203902983	-10.534	0.882	-1.032	-0.921	-0.290	-0.813	0.000000	0.000000
1583203903005	1583203903003	-10.438	0.645	-0.661	-1.202	-0.095	-0.387	0.000000	0.000000
1583203903027	1583203903027	-10.160	0.202	-0.431	-1.396	0.205	0.159	0.000000	0.000000
1583203903057	1583203903055	-9.396	-0.836	0.283	-1.527	0.639	0.737	0.000000	0.000000
1583203903066	1583203903063	-8.759	-1.753	1.804	-1.253	1.145	1.185	0.000000	0.000000
1583203903085	1583203903084	-9.089	-2.074	3.232	-0.487	1.591	1.512	0.000000	0.000000
1583203903104	1583203903103	-9.892	-1.914	3.860	0.280	1.857	1.761	0.000000	0.000000
1583203903125	1583203903123	-10.634	-1.094	3.373	0.654	1.847	1.812	0.000000	0.000000
1583203903148	1583203903148	-10.725	0.012	2.425	0.430	1.571	1.710	0.000000	0.000000
1583203903166	1583203903164	-10.776	0.190	1.740	-0.241	1.103	1.607	0.000000	0.000000
1583203903184	1583203903182	-10.654	-0.433	1.524	-0.835	0.508	1.562	0.000000	0.000000
1583203903205	1583203903202	-10.546	-1.291	1.248	-1.192	0.053	1.568	0.000000	0.000000
1583203903224	1583203903222	-10.618	-2.057	1.248	-1.303	-0.179	1.613	0.000000	0.000000
1583203903250	1583203903250	-10.649	-2.467	1.586	-1.264	-0.300	1.630	0.000000	0.000000
1583203903265	1583203903263	-10.409	-2.618	1.807	-1.111	-0.257	1.638	0.000000	0.000000
1583203903284	1583203903282	-9.973	-2.572	1.653	-0.924	-0.084	1.629	0.000000	0.000000
1583203903303	1583203903302	-9.482	-2.668	1.438	-0.787	0.127	1.582	0.000000	0.000000
1583203903324	1583203903322	-9.312	-2.874	1.498	-0.680	0.305	1.481	0.000000	0.000000
1583203903347	1583203903347	-9.312	-3.018	1.610	-0.583	0.348	1.335	0.000000	0.000000
1583203903366	1583203903363	-9.228	-2.946	1.629	-0.487	0.267	1.180	0.000000	0.000000
1583203903385	1583203903385	-8.804	-2.900	1.658	-0.426	0.174	1.021	0.000000	0.000000
1583203903404	1583203903402	-8.536	-3.152	1.847	-0.393	0.091	0.868	0.000000	0.000000
1583203903423	1583203903421	-9.269	-3.212	1.876	-0.323	-0.021	0.725	0.000000	0.000000
1583203903447	1583203903442	-10.646	-3.286	1.881	-0.244	-0.092	0.601	0.000000	0.000000
1583203903463	1583203903462	-11.648	-3.480	1.977	-0.169	-0.103	0.487	0.000000	0.000000
1583203903483	1583203903481	-12.244	-3.720	1.991	-0.077	-0.082	0.373	0.000000	0.000000
1583203903503	1583203903501	-12.915	-3.806	1.598	0.035	-0.114	0.227	0.000000	0.000000
1583203903522	1583203903521	-13.078	-3.849	1.536	0.180	-0.135	-0.017	0.000000	0.000000
1583203903543	1583203903541	-13.257	-3.605	1.835	0.488	-0.211	-0.352	0.000000	0.000000
1583203903568	1583203903565	-13.823	-3.054	1.855	0.921	-0.453	-0.634	0.000000	0.000000
1583203903583	1583203903583	-15.138	-2.776	1.177	1.346	-0.795	-0.832	0.000000	0.000000
1583203903602	1583203903601	-16.015	-2.076	0.096	1.683	-1.094	-0.980	0.000000	0.000000
1583203903623	1583203903620	-15.332	-1.674	-0.383	1.807	-1.269	-1.038	0.000000	0.000000
1583203903646	1583203903640	-13.210	-1.696	-0.081	1.757	-1.305	-1.140	0.000000	0.000000
1583203903670	1583203903670	-10.972	-1.770	0.659	1.743	-1.137	-1.338	0.000000	0.000000
1583203903684	1583203903680	-9.669	-1.669	1.205	1.876	-0.885	-1.611	0.000000	0.000000
1583203903705	1583203903705	-9.008	-1.257	1.215	2.020	-0.679	-1.925	0.000000	0.000000
1583203903722	1583203903721	-8.668	-0.965	0.954	2.055	-0.577	-2.158	0.000000	0.000000
1583203903741	1583203903740	-8.431	-0.574	0.554	2.032	-0.612	-2.255	0.000000	0.000000
1583203903770	1583203903761	-8.248	-0.160	0.223	1.945	-0.760	-2.245	0.000000	0.000000
1583203903783	1583203903783	-8.232	0.125	0.115	1.775	-0.930	-2.129	0.000000	0.000000
1583203903802	1583203903800	-8.193	0.367	0.089	1.526	-1.063	-1.946	0.000000	0.000000
1583203903821	1583203903820	-8.105	0.429	0.020	1.193	-1.085	-1.746	0.000000	0.000000
1583203903841	1583203903840	-8.169	0.185	-0.254	0.813	-1.007	-1.573	0.000000	0.000000
1583203903870	1583203903870	-8.313	0.000	-0.486	0.487	-0.865	-1.448	0.000000	0.000000
1583203903883	1583203903879	-8.526	0.053	-0.474	0.272	-0.677	-1.352	0.000000	0.000000
1583203903905	1583203903899	-8.548	0.384	-0.357	0.139	-0.477	-1.307	0.000000	0.000000
1583203903920	1583203903920	-8.732	0.762	-0.194	0.071	-0.289	-1.281	0.000000	0.000000
1583203903941	1583203903939	-9.353	1.153	0.269	0.003	-0.104	-1.190	0.000000	0.000000
1583203903961	1583203903959	-9.964	1.531	0.882	-0.111	0.090	-0.996	0.000000	0.000000
1583203903985	1583203903982	-9.786	1.926	1.148	-0.270	0.241	-0.725	0.000000	0.000000
1583203904006	1583203903999	-9.497	2.185	0.963	-0.557	0.335	-0.367	0.000000	0.000000
1583203904020	1583203904019	-9.152	2.183	0.765	-0.989	0.390	0.090	0.000000	0.000000
1583203904040	1583203904040	-9.770	1.850	0.638	-1.447	0.443	0.635	0.000000	0.000000
1583203904063	1583203904060	-11.200	1.428	0.197	-1.862	0.481	1.230	0.000000	0.000000
