1583202207344	1583202207342	-8.198	0.640	-0.577	-1.257	0.430	0.439	0.000000	0.000000
1583202207371	1583202207368	-8.095	0.283	-0.584	-1.584	0.560	0.753	0.000000	0.000000
1583202207382	1583202207380	-8.191	-0.222	-0.534	-1.761	0.678	1.067	0.000000	0.000000
1583202207402	1583202207400	-8.363	-0.716	-0.481	-1.724	0.776	1.402	0.000000	0.000000
1583202207422	1583202207420	-8.847	-0.797	-0.474	-1.536	0.834	1.765	0.000000	0.000000
1583202207442	1583202207440	-9.420	-1.061	-0.416	-1.443	0.816	2.116	0.000000	0.000000
1583202207461	1583202207460	-10.198	-1.351	-0.539	-1.375	0.699	2.444	0.000000	0.000000
1583202207481	1583202207480	-11.312	-1.267	-1.157	-1.281	0.639	2.826	0.000000	0.000000
1583202207501	1583202207500	-12.946	-1.389	-1.782	-1.227	0.670	3.165	0.000000	0.000000
1583202207521	1583202207520	-14.482	-1.811	-2.170	-1.220	0.617	3.391	0.000000	0.000000
1583202207542	1583202207540	-14.910	-1.993	-2.237	-1.312	0.490	3.471	0.000000	0.000000
1583202207563	1583202207561	-14.060	-2.536	-1.909	-1.619	0.415	3.342	0.000000	0.000000
1583202207581	1583202207580	-12.750	-3.181	-1.633	-1.963	0.445	3.027	0.000000	0.000000
1583202207601	1583202207599	-12.627	-3.449	-1.506	-2.010	0.562	2.715	0.000000	0.000000
1583202207621	1583202207619	-13.475	-3.753	-1.336	-1.683	0.677	2.425	0.000000	0.000000
1583202207640	1583202207639	-13.864	-4.213	-0.955	-1.164	0.740	2.153	0.000000	0.000000
1583202207660	1583202207659	-13.188	-4.541	-0.543	-0.669	0.733	1.885	0.000000	0.000000
1583202207681	1583202207679	-11.983	-4.194	-0.318	-0.430	0.626	1.573	0.000000	0.000000
1583202207700	1583202207699	-10.946	-3.665	-0.162	-0.434	0.451	1.219	0.000000	0.000000
1583202207720	1583202207719	-10.450	-3.583	0.060	-0.474	0.287	0.900	0.000000	0.000000
1583202207740	1583202207739	-10.342	-3.854	0.163	-0.459	0.155	0.656	0.000000	0.000000
1583202207761	1583202207759	-10.579	-4.050	-0.038	-0.383	0.057	0.501	0.000000	0.000000
1583202207781	1583202207779	-10.807	-4.290	-0.337	-0.239	0.015	0.423	0.000000	0.000000
1583202207800	1583202207799	-11.078	-4.565	-0.416	0.004	0.022	0.385	0.000000	0.000000
1583202207820	1583202207818	-11.046	-4.860	-0.306	0.330	0.055	0.335	0.000000	0.000000
1583202207840	1583202207838	-10.785	-5.028	0.149	0.722	0.110	0.220	0.000000	0.000000
1583202207860	1583202207858	-10.455	-4.721	0.535	1.128	0.144	0.011	0.000000	0.000000
1583202207879	1583202207878	-10.237	-4.141	0.575	1.519	0.094	-0.248	0.000000	0.000000
1583202207904	1583202207898	-10.503	-3.598	0.441	1.836	-0.031	-0.480	0.000000	0.000000
1583202207919	1583202207918	-10.888	-3.238	0.379	2.091	-0.188	-0.647	0.000000	0.000000
1583202207941	1583202207939	-11.032	-2.891	0.386	2.339	-0.324	-0.754	0.000000	0.000000
1583202207966	1583202207962	-11.106	-2.505	0.242	2.615	-0.442	-0.798	0.000000	0.000000
1583202207983	1583202207982	-11.300	-2.136	-0.012	2.871	-0.557	-0.795	0.000000	0.000000
1583202207999	1583202207997	-11.334	-1.779	-0.330	3.058	-0.681	-0.766	0.000000	0.000000
1583202208021	1583202208018	-11.238	-1.434	-0.639	3.123	-0.818	-0.722	0.000000	0.000000
1583202208039	1583202208037	-10.836	-1.077	-0.912	3.064	-0.964	-0.676	0.000000	0.000000
1583202208061	1583202208058	-10.227	-0.850	-1.080	2.924	-1.096	-0.622	0.000000	0.000000
1583202208079	1583202208077	-9.839	-0.821	-1.188	2.746	-1.186	-0.549	0.000000	0.000000
1583202208099	1583202208098	-9.446	-0.812	-1.341	2.558	-1.247	-0.462	0.000000	0.000000
1583202208118	1583202208117	-9.120	-0.783	-1.583	2.346	-1.272	-0.369	0.000000	0.000000
1583202208141	1583202208138	-8.998	-0.836	-1.861	2.128	-1.286	-0.262	0.000000	0.000000
1583202208159	1583202208158	-9.267	-1.032	-2.026	1.919	-1.283	-0.150	0.000000	0.000000
1583202208188	1583202208183	-9.592	-1.286	-2.184	1.738	-1.266	-0.037	0.000000	0.000000
1583202208205	1583202208198	-10.117	-1.322	-2.354	1.545	-1.201	0.033	0.000000	0.000000
1583202208221	1583202208217	-10.510	-1.475	-2.716	1.257	-1.123	0.001	0.000000	0.000000
1583202208239	1583202208238	-11.245	-1.525	-3.490	0.943	-1.071	-0.120	0.000000	0.000000
1583202208261	1583202208261	-12.898	-1.559	-4.417	0.613	-1.042	-0.317	0.000000	0.000000
1583202208279	1583202208279	-14.652	-1.782	-5.188	0.349	-1.014	-0.541	0.000000	0.000000
1583202208300	1583202208299	-14.664	-2.345	-5.080	0.269	-0.889	-0.729	0.000000	0.000000
1583202208320	1583202208318	-12.510	-2.984	-4.017	0.435	-0.508	-0.876	0.000000	0.000000
1583202208339	1583202208338	-9.815	-3.277	-2.932	0.826	0.016	-1.038	0.000000	0.000000
1583202208361	1583202208357	-7.523	-2.788	-2.134	1.380	0.415	-1.270	0.000000	0.000000
1583202208384	1583202208384	-6.792	-2.069	-1.957	1.901	0.680	-1.533	0.000000	0.000000
1583202208400	1583202208397	-8.318	-1.444	-2.371	2.255	0.843	-1.757	0.000000	0.000000
1583202208420	1583202208420	-10.541	-1.145	-2.563	2.444	0.888	-1.857	0.000000	0.000000
1583202208438	1583202208437	-11.906	-0.871	-2.345	2.588	0.875	-1.816	0.000000	0.000000
1583202208458	1583202208457	-12.120	-0.400	-1.964	2.658	0.820	-1.658	0.000000	0.000000
1583202208479	1583202208477	-11.700	-0.323	-1.818	2.558	0.777	-1.442	0.000000	0.000000
1583202208501	1583202208499	-11.315	-0.237	-1.748	2.317	0.755	-1.276	0.000000	0.000000
1583202208520	1583202208518	-10.936	-0.198	-1.540	2.042	0.737	-1.180	0.000000	0.000000
1583202208538	1583202208537	-10.500	-0.299	-1.147	1.924	0.715	-1.110	0.000000	0.000000
1583202208557	1583202208557	-10.093	-0.265	-0.888	1.981	0.692	-1.040	0.000000	0.000000
1583202208582	1583202208582	-9.724	-0.081	-0.697	2.053	0.678	-0.974	0.000000	0.000000
1583202208597	1583202208597	-9.604	0.168	-0.414	2.051	0.665	-0.888	0.000000	0.000000
1583202208618	1583202208616	-9.710	0.338	-0.179	1.989	0.646	-0.771	0.000000	0.000000
1583202208637	1583202208636	-9.820	0.626	0.041	1.948	0.606	-0.609	0.000000	0.000000
1583202208658	1583202208656	-9.679	0.916	0.228	1.805	0.540	-0.434	0.000000	0.000000
1583202208680	1583202208680	-9.516	1.100	0.408	1.519	0.451	-0.271	0.000000	0.000000
1583202208701	1583202208701	-9.477	1.208	0.733	1.106	0.334	-0.103	0.000000	0.000000
1583202208720	1583202208716	-9.556	0.901	1.011	0.597	0.177	0.052	0.000000	0.000000
1583202208736	1583202208736	-9.597	0.259	0.856	0.146	0.036	0.160	0.000000	0.000000
1583202208756	1583202208756	-9.628	-0.119	0.424	-0.153	-0.091	0.290	0.000000	0.000000
1583202208781	1583202208776	-9.894	-0.270	0.053	-0.409	-0.222	0.405	0.000000	0.000000
1583202208797	1583202208796	-10.043	-0.352	-0.170	-0.701	-0.344	0.456	0.000000	0.000000
1583202208821	1583202208815	-10.143	-0.515	-0.443	-0.978	-0.447	0.495	0.000000	0.000000
1583202208837	1583202208835	-10.725	-0.541	-1.056	-1.236	-0.508	0.564	0.000000	0.000000
1583202208858	1583202208855	-11.962	-0.627	-1.861	-1.475	-0.531	0.693	0.000000	0.000000
1583202208878	1583202208878	-12.515	-1.006	-2.388	-1.729	-0.552	0.823	0.000000	0.000000
1583202208896	1583202208896	-11.152	-1.743	-2.153	-1.876	-0.508	0.939	0.000000	0.000000
1583202208919	1583202208919	-9.037	-2.270	-1.439	-1.791	-0.273	1.026	0.000000	0.000000
1583202208936	1583202208935	-8.239	-2.472	-0.737	-1.505	0.090	1.032	0.000000	0.000000
1583202208956	1583202208954	-8.689	-2.242	-0.450	-1.117	0.390	0.981	0.000000	0.000000
1583202208981	1583202208976	-9.897	-2.167	-0.361	-0.729	0.602	0.946	0.000000	0.000000
1583202209004	1583202209003	-10.927	-1.971	-0.316	-0.451	0.708	0.878	0.000000	0.000000
1583202209017	1583202209014	-11.114	-1.655	-0.467	-0.451	0.671	0.750	0.000000	0.000000
1583202209037	1583202209036	-10.575	-1.377	-0.591	-0.730	0.539	0.576	0.000000	0.000000
1583202209056	1583202209054	-9.602	-1.360	-0.383	-1.110	0.419	0.407	0.000000	0.000000
1583202209076	1583202209074	-8.797	-1.717	0.017	-1.365	0.406	0.304	0.000000	0.000000
1583202209104	1583202209099	-8.253	-2.093	0.211	-1.406	0.451	0.291	0.000000	0.000000
1583202209119	1583202209114	-8.004	-2.261	0.185	-1.242	0.516	0.368	0.000000	0.000000
1583202209135	1583202209133	-8.059	-2.215	0.094	-0.968	0.570	0.498	0.000000	0.000000
1583202209156	1583202209154	-8.332	-2.014	-0.021	-0.698	0.603	0.643	0.000000	0.000000
1583202209176	1583202209174	-8.816	-1.904	0.034	-0.527	0.630	0.784	0.000000	0.000000
1583202209203	1583202209203	-9.219	-1.978	0.233	-0.460	0.674	0.924	0.000000	0.000000
1583202209217	1583202209213	-9.650	-2.311	0.532	-0.385	0.742	1.085	0.000000	0.000000
1583202209237	1583202209236	-10.136	-2.615	0.956	-0.227	0.854	1.260	0.000000	0.000000
1583202209256	1583202209253	-10.495	-3.063	1.488	-0.029	0.990	1.424	0.000000	0.000000
1583202209276	1583202209273	-10.294	-3.380	1.867	0.168	1.074	1.496	0.000000	0.000000
1583202209294	1583202209294	-9.758	-3.291	1.828	0.290	1.071	1.427	0.000000	0.000000
1583202209316	1583202209316	-9.841	-3.171	1.538	0.391	0.967	1.296	0.000000	0.000000
1583202209340	1583202209333	-10.735	-3.090	1.277	0.535	0.772	1.126	0.000000	0.000000
1583202209353	1583202209352	-11.734	-3.178	1.050	0.682	0.496	0.919	0.000000	0.000000
1583202209375	1583202209373	-11.741	-3.269	0.777	0.753	0.153	0.680	0.000000	0.000000
1583202209395	1583202209395	-10.766	-3.154	0.348	0.731	-0.112	0.404	0.000000	0.000000
1583202209415	1583202209412	-10.287	-2.891	-0.452	0.665	-0.243	0.127	0.000000	0.000000
1583202209436	1583202209434	-10.725	-2.802	-1.090	0.618	-0.303	-0.106	0.000000	0.000000
1583202209455	1583202209452	-11.813	-2.651	-2.021	0.669	-0.358	-0.279	0.000000	0.000000
1583202209473	1583202209473	-14.867	-3.097	-2.956	0.909	-0.418	-0.299	0.000000	0.000000
1583202209493	1583202209492	-15.248	-3.847	-1.827	1.409	-0.440	-0.192	0.000000	0.000000
1583202209516	1583202209516	-12.283	-3.873	-0.697	1.945	-0.276	-0.124	0.000000	0.000000
1583202209535	1583202209532	-10.934	-3.202	-1.569	2.325	-0.234	-0.178	0.000000	0.000000
1583202209554	1583202209552	-11.859	-2.735	-2.496	2.629	-0.378	-0.290	0.000000	0.000000
1583202209573	1583202209572	-13.226	-2.498	-2.568	2.893	-0.633	-0.438	0.000000	0.000000
1583202209593	1583202209592	-13.739	-2.064	-2.738	2.986	-0.932	-0.631	0.000000	0.000000
1583202209616	1583202209616	-13.746	-1.758	-3.119	2.793	-1.181	-0.885	0.000000	0.000000
1583202209634	1583202209634	-13.617	-1.372	-3.298	2.401	-1.388	-1.212	0.000000	0.000000
1583202209656	1583202209653	-12.865	-1.384	-3.296	1.941	-1.567	-1.628	0.000000	0.000000
1583202209674	1583202209672	-12.539	-1.339	-3.423	1.670	-1.603	-2.010	0.000000	0.000000
1583202209692	1583202209691	-12.642	-1.044	-3.543	1.623	-1.574	-2.320	0.000000	0.000000
1583202209715	1583202209715	-12.668	-0.673	-3.679	1.705	-1.578	-2.547	0.000000	0.000000
1583202209734	1583202209731	-12.189	-0.067	-3.777	1.790	-1.610	-2.630	0.000000	0.000000
1583202209755	1583202209755	-10.898	0.204	-3.732	1.688	-1.680	-2.654	0.000000	0.000000
1583202209776	1583202209773	-9.573	0.492	-3.507	1.535	-1.719	-2.589	0.000000	0.000000
1583202209792	1583202209791	-8.615	0.793	-3.212	1.288	-1.668	-2.430	0.000000	0.000000
1583202209813	1583202209812	-7.750	0.913	-2.826	0.966	-1.502	-2.200	0.000000	0.000000
1583202209833	1583202209833	-7.144	0.889	-2.520	0.638	-1.251	-1.869	0.000000	0.000000
1583202209854	1583202209852	-6.576	0.779	-2.290	0.370	-0.990	-1.462	0.000000	0.000000
1583202209872	1583202209870	-6.334	0.757	-2.029	0.204	-0.729	-0.990	0.000000	0.000000
1583202209892	1583202209891	-6.744	0.803	-1.954	0.110	-0.483	-0.474	0.000000	0.000000
1583202209911	1583202209911	-7.599	1.016	-1.899	-0.009	-0.268	0.052	0.000000	0.000000
1583202209937	1583202209937	-9.556	1.342	-2.223	-0.293	-0.038	0.532	0.000000	0.000000
1583202209951	1583202209950	-11.248	1.098	-2.651	-0.776	0.203	0.951	0.000000	0.000000
1583202209972	1583202209970	-11.066	0.734	-2.711	-1.327	0.464	1.324	0.000000	0.000000
1583202209991	1583202209990	-10.337	-0.021	-2.139	-1.750	0.834	1.652	0.000000	0.000000
1583202210010	1583202210010	-10.285	-0.958	-0.594	-1.700	1.345	1.995	0.000000	0.000000
1583202210031	1583202210029	-10.735	-1.173	1.462	-1.047	2.006	2.389	0.000000	0.000000
1583202210069	1583202210066	-11.288	-0.979	1.814	-0.413	2.550	2.683	0.000000	0.000000
1583202210076	1583202210073	-12.350	-0.790	1.042	-0.090	2.808	2.818	0.000000	0.000000
1583202210092	1583202210090	-12.999	-0.208	0.388	-0.131	2.625	2.734	0.000000	0.000000
1583202210119	1583202210119	-12.589	0.671	0.271	-0.604	2.051	2.407	0.000000	0.000000
1583202210137	1583202210131	-12.405	0.736	0.412	-1.371	1.420	1.919	0.000000	0.000000
1583202210151	1583202210149	-12.374	-0.344	0.571	-2.065	0.869	1.432	0.000000	0.000000
1583202210176	1583202210170	-12.203	-1.446	0.834	-2.368	0.513	1.084	0.000000	0.000000
1583202210190	1583202210189	-11.497	-2.081	1.035	-2.323	0.295	0.854	0.000000	0.000000
1583202210210	1583202210209	-10.313	-2.239	1.045	-2.097	0.166	0.695	0.000000	0.000000
1583202210230	1583202210228	-9.420	-2.067	0.894	-1.869	0.118	0.554	0.000000	0.000000
1583202210256	1583202210250	-8.780	-1.937	0.702	-1.716	0.077	0.412	0.000000	0.000000
1583202210273	1583202210269	-8.335	-1.868	0.427	-1.623	0.006	0.280	0.000000	0.000000
1583202210291	1583202210289	-8.148	-1.803	-0.028	-1.543	-0.058	0.184	0.000000	0.000000
1583202210310	1583202210308	-8.054	-1.779	-0.321	-1.458	-0.091	0.131	0.000000	0.000000
1583202210329	1583202210328	-8.105	-1.820	-0.400	-1.366	-0.081	0.124	0.000000	0.000000
1583202210350	1583202210348	-8.330	-1.827	-0.385	-1.281	-0.036	0.144	0.000000	0.000000
1583202210370	1583202210368	-8.622	-1.803	-0.366	-1.227	0.045	0.164	0.000000	0.000000
1583202210390	1583202210388	-8.859	-1.873	-0.232	-1.206	0.165	0.163	0.000000	0.000000
1583202210410	1583202210408	-8.747	-1.861	-0.115	-1.200	0.261	0.127	0.000000	0.000000
1583202210430	1583202210430	-8.744	-1.846	-0.210	-1.218	0.328	0.054	0.000000	0.000000
1583202210455	1583202210450	-9.477	-1.937	-0.313	-1.209	0.390	-0.023	0.000000	0.000000
1583202210471	1583202210468	-10.527	-2.009	-0.301	-1.113	0.443	-0.069	0.000000	0.000000
1583202210490	1583202210488	-11.214	-2.009	-0.246	-0.982	0.491	-0.081	0.000000	0.000000
1583202210509	1583202210508	-12.002	-1.969	-0.433	-0.859	0.543	-0.066	0.000000	0.000000
1583202210529	1583202210527	-13.099	-2.151	-0.483	-0.685	0.589	0.009	0.000000	0.000000
1583202210548	1583202210548	-13.897	-2.361	-0.414	-0.399	0.605	0.141	0.000000	0.000000
1583202210569	1583202210568	-15.248	-2.905	-0.165	0.011	0.611	0.324	0.000000	0.000000
1583202210588	1583202210586	-14.834	-3.255	1.078	0.548	0.618	0.487	0.000000	0.000000
1583202210608	1583202210607	-12.369	-3.094	1.883	1.028	0.564	0.434	0.000000	0.000000
1583202210627	1583202210627	-11.015	-2.199	1.155	1.258	0.341	0.123	0.000000	0.000000
1583202210649	1583202210649	-11.636	-1.317	-0.151	1.239	-0.098	-0.329	0.000000	0.000000
1583202210672	1583202210667	-12.740	-1.183	-0.792	1.115	-0.544	-0.795	0.000000	0.000000
1583202210689	1583202210687	-13.327	-1.252	-1.010	1.013	-0.864	-1.176	0.000000	0.000000
1583202210708	1583202210707	-12.824	-1.030	-1.217	0.954	-1.186	-1.472	0.000000	0.000000
1583202210728	1583202210726	-11.631	-0.931	-1.284	0.938	-1.432	-1.692	0.000000	0.000000
1583202210748	1583202210748	-10.455	-1.101	-1.387	0.939	-1.480	-1.825	0.000000	0.000000
1583202210769	1583202210769	-9.863	-0.955	-1.494	1.036	-1.332	-1.857	0.000000	0.000000
1583202210791	1583202210787	-9.602	-0.677	-1.552	1.205	-1.137	-1.781	0.000000	0.000000
1583202210807	1583202210807	-9.559	-0.368	-1.585	1.381	-0.983	-1.627	0.000000	0.000000
1583202210827	1583202210826	-9.334	-0.170	-1.542	1.470	-0.897	-1.411	0.000000	0.000000
1583202210848	1583202210847	-8.965	-0.088	-1.521	1.422	-0.877	-1.175	0.000000	0.000000
1583202210871	1583202210871	-8.613	0.099	-1.540	1.292	-0.881	-0.942	0.000000	0.000000
1583202210888	1583202210886	-8.215	0.127	-1.629	1.069	-0.884	-0.759	0.000000	0.000000
1583202210908	1583202210908	-8.045	0.113	-1.811	0.819	-0.880	-0.625	0.000000	0.000000
1583202210927	1583202210926	-7.870	0.087	-1.952	0.559	-0.877	-0.529	0.000000	0.000000
1583202210949	1583202210946	-7.700	-0.009	-2.029	0.281	-0.846	-0.463	0.000000	0.000000
1583202210968	1583202210968	-7.652	-0.088	-2.124	0.047	-0.781	-0.400	0.000000	0.000000
1583202210988	1583202210987	-8.031	0.053	-2.251	-0.147	-0.669	-0.331	0.000000	0.000000
1583202211007	1583202211006	-8.986	0.159	-2.460	-0.347	-0.506	-0.251	0.000000	0.000000
1583202211027	1583202211025	-9.741	0.298	-2.599	-0.582	-0.312	-0.139	0.000000	0.000000
1583202211049	1583202211045	-9.980	0.017	-2.388	-0.903	-0.074	0.007	0.000000	0.000000
1583202211071	1583202211071	-10.476	-0.011	-2.019	-1.116	0.214	0.213	0.000000	0.000000
1583202211089	1583202211085	-10.668	-0.153	-1.554	-1.217	0.512	0.469	0.000000	0.000000
1583202211110	1583202211110	-10.445	-0.323	-1.113	-1.276	0.761	0.747	0.000000	0.000000
1583202211127	1583202211125	-11.118	-0.289	-1.068	-1.315	0.934	1.017	0.000000	0.000000
1583202211146	1583202211145	-12.388	-0.241	-0.967	-1.372	1.048	1.288	0.000000	0.000000
1583202211169	1583202211164	-12.702	-0.680	-0.627	-1.495	1.071	1.529	0.000000	0.000000
1583202211189	1583202211186	-11.317	-1.233	0.099	-1.598	1.006	1.669	0.000000	0.000000
1583202211206	1583202211204	-9.949	-1.736	0.379	-1.637	0.975	1.670	0.000000	0.000000
1583202211226	1583202211224	-10.127	-1.928	0.283	-1.447	0.943	1.606	0.000000	0.000000
1583202211247	1583202211244	-11.327	-1.981	0.187	-1.065	0.858	1.531	0.000000	0.000000
1583202211270	1583202211270	-11.942	-1.712	0.161	-0.779	0.698	1.340	0.000000	0.000000
1583202211285	1583202211285	-11.602	-1.557	-0.024	-0.836	0.482	1.012	0.000000	0.000000
1583202211306	1583202211304	-10.610	-1.410	-0.282	-1.102	0.223	0.648	0.000000	0.000000
1583202211325	1583202211324	-9.669	-1.585	-0.560	-1.402	0.044	0.323	0.000000	0.000000
1583202211344	1583202211343	-9.065	-1.760	-0.781	-1.574	-0.033	0.077	0.000000	0.000000
1583202211367	1583202211366	-8.443	-1.866	-0.898	-1.606	-0.061	-0.072	0.000000	0.000000
1583202211388	1583202211385	-7.942	-2.017	-1.003	-1.529	-0.028	-0.128	0.000000	0.000000
1583202211407	1583202211407	-7.710	-1.985	-1.125	-1.369	0.049	-0.107	0.000000	0.000000
1583202211426	1583202211424	-7.714	-1.858	-1.217	-1.200	0.141	-0.028	0.000000	0.000000
1583202211444	1583202211443	-7.939	-1.890	-1.257	-1.049	0.239	0.106	0.000000	0.000000
1583202211464	1583202211463	-8.363	-2.007	-1.202	-0.878	0.341	0.274	0.000000	0.000000
1583202211484	1583202211484	-8.852	-2.029	-1.087	-0.718	0.445	0.426	0.000000	0.000000
1583202211508	1583202211508	-9.497	-2.155	-0.790	-0.615	0.541	0.522	0.000000	0.000000
1583202211524	1583202211523	-9.784	-2.376	-0.263	-0.521	0.605	0.552	0.000000	0.000000
1583202211544	1583202211543	-9.602	-2.467	0.123	-0.417	0.631	0.510	0.000000	0.000000
1583202211567	1583202211567	-9.645	-2.417	0.312	-0.343	0.636	0.400	0.000000	0.000000
1583202211592	1583202211585	-10.038	-2.357	0.288	-0.317	0.592	0.237	0.000000	0.000000
1583202211605	1583202211604	-10.910	-2.357	0.137	-0.274	0.502	0.085	0.000000	0.000000
1583202211624	1583202211623	-11.688	-2.481	0.091	-0.177	0.377	-0.015	0.000000	0.000000
1583202211643	1583202211643	-11.969	-2.536	0.206	-0.071	0.249	-0.072	0.000000	0.000000
1583202211665	1583202211662	-11.540	-2.532	0.226	-0.023	0.147	-0.129	0.000000	0.000000
1583202211686	1583202211686	-11.140	-2.429	-0.201	-0.024	0.066	-0.216	0.000000	0.000000
1583202211704	1583202211703	-10.946	-2.479	-0.407	-0.005	0.027	-0.314	0.000000	0.000000
1583202211725	1583202211724	-10.802	-2.627	-0.613	0.090	0.029	-0.365	0.000000	0.000000
1583202211743	1583202211742	-12.618	-2.872	-1.597	0.337	0.050	-0.301	0.000000	0.000000
1583202211763	1583202211762	-14.918	-3.006	-1.537	0.911	0.026	-0.042	0.000000	0.000000
1583202211787	1583202211783	-13.811	-2.982	-0.143	1.635	-0.042	0.259	0.000000	0.000000
1583202211804	1583202211804	-12.191	-2.567	-0.380	2.139	-0.076	0.397	0.000000	0.000000
1583202211823	1583202211823	-13.123	-2.134	-1.660	2.297	-0.266	0.360	0.000000	0.000000
1583202211843	1583202211842	-14.048	-2.146	-2.342	2.261	-0.644	0.175	0.000000	0.000000
1583202211863	1583202211861	-13.967	-2.062	-2.479	2.222	-0.985	-0.104	0.000000	0.000000
1583202211884	1583202211884	-12.932	-1.937	-2.642	2.072	-1.225	-0.422	0.000000	0.000000
1583202211904	1583202211901	-11.566	-1.858	-2.673	1.920	-1.355	-0.733	0.000000	0.000000
1583202211925	1583202211923	-10.450	-1.660	-2.560	1.770	-1.380	-1.080	0.000000	0.000000
1583202211942	1583202211941	-9.786	-1.382	-2.381	1.649	-1.296	-1.418	0.000000	0.000000
1583202211963	1583202211961	-9.317	-1.267	-2.340	1.571	-1.179	-1.678	0.000000	0.000000
1583202211983	1583202211981	-9.164	-0.967	-2.412	1.563	-1.089	-1.812	0.000000	0.000000
1583202212006	1583202212005	-9.032	-0.651	-2.457	1.581	-1.063	-1.818	0.000000	0.000000
1583202212025	1583202212021	-8.852	-0.495	-2.450	1.596	-1.068	-1.699	0.000000	0.000000
1583202212043	1583202212043	-8.675	-0.246	-2.436	1.611	-1.079	-1.480	0.000000	0.000000
1583202212063	1583202212060	-8.313	-0.050	-2.433	1.533	-1.075	-1.224	0.000000	0.000000
1583202212083	1583202212083	-8.023	0.149	-2.340	1.310	-1.017	-0.967	0.000000	0.000000
1583202212101	1583202212101	-7.872	0.240	-2.263	0.974	-0.914	-0.746	0.000000	0.000000
1583202212123	1583202212122	-7.630	0.209	-2.297	0.599	-0.800	-0.577	0.000000	0.000000
1583202212141	1583202212140	-7.480	0.137	-2.376	0.255	-0.684	-0.441	0.000000	0.000000
1583202212162	1583202212161	-8.169	0.245	-2.489	-0.028	-0.574	-0.298	0.000000	0.000000
1583202212182	1583202212180	-8.982	0.235	-2.496	-0.258	-0.453	-0.095	0.000000	0.000000
1583202212206	1583202212206	-9.750	0.108	-2.589	-0.451	-0.303	0.193	0.000000	0.000000
1583202212223	1583202212221	-10.428	0.082	-2.764	-0.672	-0.136	0.513	0.000000	0.000000
1583202212243	1583202212240	-11.003	0.017	-2.984	-0.948	0.053	0.807	0.000000	0.000000
1583202212261	1583202212260	-10.919	-0.258	-2.886	-1.293	0.277	1.053	0.000000	0.000000
1583202212282	1583202212280	-10.752	-0.725	-2.580	-1.594	0.573	1.262	0.000000	0.000000
1583202212301	1583202212300	-10.469	-1.358	-1.736	-1.681	0.950	1.447	0.000000	0.000000
1583202212324	1583202212322	-9.971	-1.863	-0.354	-1.503	1.348	1.597	0.000000	0.000000
1583202212343	1583202212340	-9.580	-2.254	0.971	-1.149	1.644	1.690	0.000000	0.000000
1583202212360	1583202212359	-10.055	-2.395	1.749	-0.616	1.803	1.727	0.000000	0.000000
1583202212382	1583202212379	-10.833	-2.029	1.694	-0.100	1.756	1.668	0.000000	0.000000
1583202212404	1583202212404	-11.111	-1.415	1.162	-0.008	1.413	1.450	0.000000	0.000000
1583202212423	1583202212419	-11.250	-1.281	0.537	-0.415	0.852	1.126	0.000000	0.000000
1583202212443	1583202212443	-11.269	-1.554	0.137	-0.951	0.361	0.791	0.000000	0.000000
1583202212460	1583202212459	-11.202	-2.196	0.067	-1.261	0.133	0.521	0.000000	0.000000
1583202212481	1583202212479	-10.833	-2.575	0.187	-1.264	0.064	0.320	0.000000	0.000000
1583202212500	1583202212499	-10.505	-2.752	0.338	-1.033	0.152	0.180	0.000000	0.000000
1583202212524	1583202212524	-10.378	-2.805	0.448	-0.628	0.315	0.102	0.000000	0.000000
1583202212540	1583202212541	-10.261	-2.740	0.820	-0.185	0.393	0.046	0.000000	0.000000
1583202212560	1583202212559	-10.198	-2.611	1.342	0.091	0.359	-0.088	0.000000	0.000000
1583202212581	1583202212578	-9.858	-2.675	1.677	0.120	0.216	-0.294	0.000000	0.000000
1583202212600	1583202212600	-9.446	-2.675	1.775	0.041	0.012	-0.480	0.000000	0.000000
1583202212628	1583202212628	-9.202	-2.788	1.653	-0.036	-0.194	-0.622	0.000000	0.000000
1583202212641	1583202212639	-9.262	-3.121	1.459	-0.035	-0.358	-0.741	0.000000	0.000000
1583202212665	1583202212659	-9.293	-3.459	1.177	0.056	-0.474	-0.857	0.000000	0.000000
1583202212679	1583202212678	-9.149	-3.530	0.925	0.132	-0.550	-1.002	0.000000	0.000000
1583202212702	1583202212698	-9.044	-3.595	0.836	0.190	-0.584	-1.151	0.000000	0.000000
1583202212726	1583202212717	-9.070	-3.461	0.700	0.267	-0.581	-1.259	0.000000	0.000000
1583202212741	1583202212741	-9.300	-3.308	0.465	0.351	-0.546	-1.284	0.000000	0.000000
1583202212760	1583202212758	-9.523	-3.202	0.271	0.440	-0.498	-1.204	0.000000	0.000000
1583202212779	1583202212777	-9.707	-3.075	0.202	0.515	-0.451	-1.062	0.000000	0.000000
1583202212800	1583202212797	-9.770	-3.023	0.202	0.513	-0.406	-0.939	0.000000	0.000000
1583202212819	1583202212819	-9.767	-3.015	0.056	0.459	-0.375	-0.885	0.000000	0.000000
1583202212839	1583202212838	-10.021	-2.735	-0.486	0.404	-0.356	-0.872	0.000000	0.000000
1583202212865	1583202212858	-11.109	-2.330	-1.454	0.330	-0.322	-0.811	0.000000	0.000000
1583202212879	1583202212877	-13.135	-2.134	-2.522	0.244	-0.298	-0.629	0.000000	0.000000
1583202212897	1583202212897	-13.971	-2.527	-2.163	0.181	-0.191	-0.296	0.000000	0.000000
1583202212919	1583202212917	-12.165	-3.435	-0.692	0.316	0.136	0.142	0.000000	0.000000
1583202212944	1583202212937	-9.897	-3.509	0.032	0.622	0.444	0.379	0.000000	0.000000
1583202212962	1583202212962	-9.092	-2.924	-0.337	0.882	0.560	0.346	0.000000	0.000000
1583202212979	1583202212977	-9.801	-2.345	-0.783	1.113	0.560	0.255	0.000000	0.000000
1583202212997	1583202212997	-10.455	-1.894	-0.876	1.272	0.412	0.145	0.000000	0.000000
1583202213017	1583202213017	-10.481	-1.485	-0.838	1.249	0.192	0.021	0.000000	0.000000
1583202213039	1583202213038	-10.335	-1.207	-0.610	1.016	0.044	-0.082	0.000000	0.000000
1583202213059	1583202213059	-9.837	-1.077	-0.368	0.688	-0.025	-0.184	0.000000	0.000000
1583202213078	1583202213076	-9.154	-0.838	-0.462	0.403	-0.058	-0.278	0.000000	0.000000
1583202213098	1583202213096	-8.646	-0.670	-0.709	0.140	-0.082	-0.358	0.000000	0.000000
1583202213119	1583202213115	-8.275	-0.615	-0.826	-0.039	-0.109	-0.381	0.000000	0.000000
1583202213138	1583202213137	-8.021	-0.503	-0.852	-0.112	-0.123	-0.310	0.000000	0.000000
1583202213161	1583202213161	-7.858	-0.332	-0.917	-0.155	-0.128	-0.166	0.000000	0.000000
1583202213178	1583202213175	-7.796	-0.218	-1.006	-0.264	-0.113	0.021	0.000000	0.000000
1583202213196	1583202213196	-7.906	-0.203	-1.130	-0.422	-0.073	0.245	0.000000	0.000000
1583202213218	1583202213218	-8.102	-0.340	-1.274	-0.628	-0.009	0.476	0.000000	0.000000
1583202213239	1583202213237	-8.284	-0.474	-1.427	-0.845	0.062	0.701	0.000000	0.000000
1583202213258	1583202213257	-8.572	-0.699	-1.540	-1.025	0.142	0.928	0.000000	0.000000
1583202213277	1583202213276	-8.869	-0.960	-1.581	-1.145	0.217	1.141	0.000000	0.000000
1583202213296	1583202213296	-9.456	-1.202	-1.595	-1.212	0.282	1.338	0.000000	0.000000
1583202213317	1583202213315	-10.658	-1.372	-1.693	-1.250	0.332	1.529	0.000000	0.000000
1583202213350	1583202213340	-11.950	-1.679	-1.791	-1.284	0.345	1.698	0.000000	0.000000
1583202213360	1583202213355	-12.649	-2.005	-1.851	-1.307	0.321	1.796	0.000000	0.000000
1583202213377	1583202213377	-12.913	-2.012	-1.993	-1.372	0.285	1.790	0.000000	0.000000
1583202213396	1583202213395	-13.018	-2.244	-1.928	-1.513	0.275	1.697	0.000000	0.000000
1583202213417	1583202213414	-12.568	-2.642	-1.588	-1.628	0.285	1.542	0.000000	0.000000
1583202213438	1583202213438	-12.977	-2.972	-1.502	-1.610	0.310	1.383	0.000000	0.000000
1583202213460	1583202213459	-13.787	-3.399	-1.437	-1.480	0.326	1.236	0.000000	0.000000
1583202213477	1583202213476	-12.929	-4.005	-0.948	-1.320	0.331	1.035	0.000000	0.000000
1583202213497	1583202213494	-10.510	-4.213	-0.421	-1.116	0.321	0.704	0.000000	0.000000
1583202213516	1583202213514	-8.603	-3.899	0.044	-0.788	0.295	0.302	0.000000	0.000000
1583202213539	1583202213539	-8.466	-3.296	0.436	-0.348	0.306	-0.073	0.000000	0.000000
1583202213558	1583202213554	-9.125	-2.783	0.621	0.052	0.265	-0.419	0.000000	0.000000
1583202213578	1583202213573	-9.559	-2.129	0.283	0.237	0.107	-0.747	0.000000	0.000000
1583202213595	1583202213594	-9.774	-1.645	-0.340	0.118	-0.093	-1.019	0.000000	0.000000
1583202213616	1583202213614	-9.909	-1.449	-0.800	-0.107	-0.269	-1.213	0.000000	0.000000
1583202213636	1583202213633	-9.470	-1.317	-1.001	-0.272	-0.432	-1.334	0.000000	0.000000
1583202213660	1583202213657	-8.996	-1.250	-0.982	-0.385	-0.497	-1.390	0.000000	0.000000
1583202213678	1583202213675	-8.680	-1.272	-0.869	-0.429	-0.424	-1.376	0.000000	0.000000
1583202213695	1583202213694	-8.399	-1.216	-0.828	-0.410	-0.251	-1.283	0.000000	0.000000
1583202213714	1583202213714	-8.227	-1.274	-0.733	-0.350	-0.036	-1.119	0.000000	0.000000
1583202213736	1583202213736	-8.143	-1.322	-0.524	-0.197	0.154	-0.902	0.000000	0.000000
1583202213759	1583202213759	-7.951	-1.195	-0.270	0.004	0.293	-0.686	0.000000	0.000000
1583202213776	1583202213773	-8.026	-1.128	0.058	0.211	0.412	-0.473	0.000000	0.000000
1583202213796	1583202213794	-8.294	-0.998	0.506	0.417	0.495	-0.255	0.000000	0.000000
1583202213815	1583202213813	-8.641	-0.948	0.935	0.560	0.545	-0.062	0.000000	0.000000
1583202213833	1583202213833	-8.838	-0.615	1.236	0.641	0.560	0.091	0.000000	0.000000
1583202213859	1583202213859	-8.924	-0.673	1.193	0.500	0.510	0.200	0.000000	0.000000
1583202213876	1583202213873	-9.291	-0.838	0.923	0.237	0.409	0.238	0.000000	0.000000
1583202213893	1583202213892	-10.148	-1.161	0.535	0.077	0.285	0.275	0.000000	0.000000
1583202213914	1583202213912	-10.958	-1.487	0.226	0.051	0.170	0.329	0.000000	0.000000
1583202213934	1583202213932	-11.446	-1.820	-0.038	0.073	0.084	0.394	0.000000	0.000000
1583202213953	1583202213953	-11.674	-1.969	-0.218	0.113	0.033	0.437	0.000000	0.000000
1583202213976	1583202213972	-11.722	-1.899	-0.416	0.106	0.012	0.409	0.000000	0.000000
1583202213995	1583202213991	-11.753	-1.842	-0.790	0.007	0.005	0.310	0.000000	0.000000
1583202214012	1583202214011	-12.618	-1.815	-1.413	-0.108	-0.004	0.218	0.000000	0.000000
1583202214034	1583202214032	-14.223	-2.122	-1.926	-0.130	-0.030	0.222	0.000000	0.000000
1583202214053	1583202214053	-14.831	-2.678	-1.557	0.016	-0.060	0.306	0.000000	0.000000
1583202214077	1583202214077	-12.673	-2.960	-0.749	0.215	-0.083	0.300	0.000000	0.000000
1583202214095	1583202214095	-10.637	-2.747	-1.042	0.331	-0.124	0.146	0.000000	0.000000
1583202214113	1583202214112	-11.034	-2.292	-1.746	0.534	-0.174	-0.030	0.000000	0.000000
1583202214133	1583202214132	-11.765	-2.055	-1.619	0.837	-0.236	-0.157	0.000000	0.000000
1583202214153	1583202214153	-11.511	-1.880	-1.336	1.009	-0.316	-0.264	0.000000	0.000000
1583202214173	1583202214171	-10.654	-1.595	-1.296	0.991	-0.366	-0.372	0.000000	0.000000
1583202214198	1583202214192	-9.810	-1.418	-1.202	0.901	-0.352	-0.457	0.000000	0.000000
1583202214212	1583202214211	-9.147	-1.339	-1.046	0.835	-0.305	-0.540	0.000000	0.000000
1583202214232	1583202214231	-8.639	-1.238	-0.939	0.851	-0.283	-0.592	0.000000	0.000000
1583202214254	1583202214254	-8.330	-1.015	-0.836	0.917	-0.290	-0.570	0.000000	0.000000
1583202214276	1583202214272	-8.296	-0.958	-0.716	0.986	-0.315	-0.471	0.000000	0.000000
1583202214295	1583202214291	-8.335	-0.850	-0.668	1.086	-0.373	-0.301	0.000000	0.000000
1583202214312	1583202214311	-8.438	-0.582	-0.862	1.095	-0.453	-0.127	0.000000	0.000000
1583202214332	1583202214330	-8.701	-0.397	-1.116	0.925	-0.537	0.005	0.000000	0.000000
1583202214351	1583202214350	-8.744	-0.306	-1.406	0.646	-0.621	0.087	0.000000	0.000000
1583202214372	1583202214372	-8.632	-0.354	-1.794	0.310	-0.681	0.124	0.000000	0.000000
1583202214392	1583202214390	-8.687	-0.536	-2.048	-0.013	-0.711	0.132	0.000000	0.000000
1583202214413	1583202214411	-8.661	-0.848	-2.117	-0.269	-0.695	0.142	0.000000	0.000000
1583202214431	1583202214430	-8.596	-1.085	-2.144	-0.390	-0.602	0.184	0.000000	0.000000
1583202214452	1583202214450	-8.902	-1.197	-2.088	-0.388	-0.454	0.259	0.000000	0.000000
1583202214473	1583202214471	-9.798	-1.190	-2.074	-0.324	-0.288	0.364	0.000000	0.000000
1583202214496	1583202214492	-10.737	-1.075	-2.163	-0.308	-0.160	0.470	0.000000	0.000000
1583202214512	1583202214510	-11.061	-0.986	-2.187	-0.413	-0.081	0.535	0.000000	0.000000
1583202214530	1583202214530	-11.389	-0.939	-2.259	-0.599	-0.030	0.556	0.000000	0.000000
1583202214550	1583202214549	-11.197	-1.176	-1.717	-0.798	0.043	0.555	0.000000	0.000000
1583202214572	1583202214572	-10.469	-1.272	-1.200	-0.960	0.148	0.533	0.000000	0.000000
1583202214592	1583202214592	-11.264	-1.339	-1.394	-1.081	0.237	0.495	0.000000	0.000000
1583202214612	1583202214610	-12.021	-1.652	-1.667	-1.161	0.268	0.485	0.000000	0.000000
1583202214630	1583202214629	-11.240	-2.079	-1.427	-1.133	0.273	0.482	0.000000	0.000000
1583202214650	1583202214649	-9.767	-2.424	-0.850	-0.989	0.351	0.400	0.000000	0.000000
1583202214672	1583202214669	-8.833	-2.529	-0.242	-0.738	0.518	0.209	0.000000	0.000000
1583202214694	1583202214694	-8.831	-2.438	0.465	-0.331	0.710	0.041	0.000000	0.000000
1583202214712	1583202214709	-9.461	-2.153	1.124	0.157	0.846	-0.066	0.000000	0.000000
1583202214732	1583202214732	-10.127	-1.585	1.248	0.525	0.873	-0.184	0.000000	0.000000
1583202214750	1583202214748	-10.297	-0.876	0.930	0.577	0.748	-0.328	0.000000	0.000000
1583202214772	1583202214769	-9.868	-0.330	0.671	0.336	0.457	-0.454	0.000000	0.000000
1583202214789	1583202214788	-9.202	-0.026	0.592	-0.053	0.137	-0.536	0.000000	0.000000
1583202214809	1583202214807	-8.833	-0.004	0.427	-0.439	-0.062	-0.564	0.000000	0.000000
1583202214829	1583202214827	-8.615	-0.208	-0.064	-0.692	-0.170	-0.522	0.000000	0.000000
1583202214850	1583202214848	-8.385	-0.412	-0.481	-0.801	-0.204	-0.403	0.000000	0.000000
1583202214869	1583202214868	-8.098	-0.637	-0.682	-0.799	-0.144	-0.221	0.000000	0.000000
1583202214893	1583202214887	-7.880	-1.008	-0.661	-0.676	0.016	0.024	0.000000	0.000000
1583202214910	1583202214907	-7.839	-1.212	-0.388	-0.434	0.272	0.312	0.000000	0.000000
1583202214931	1583202214927	-8.081	-1.319	-0.079	-0.179	0.548	0.601	0.000000	0.000000
1583202214949	1583202214948	-8.505	-1.418	0.161	0.017	0.724	0.840	0.000000	0.000000
1583202214969	1583202214968	-8.780	-1.466	0.434	0.131	0.789	1.024	0.000000	0.000000
1583202214989	1583202214990	-9.041	-1.655	0.611	0.131	0.791	1.123	0.000000	0.000000
1583202215008	1583202215008	-9.073	-1.767	0.602	0.078	0.720	1.144	0.000000	0.000000
1583202215031	1583202215028	-9.291	-1.854	0.393	0.002	0.600	1.105	0.000000	0.000000
1583202215048	1583202215048	-10.117	-2.074	0.125	-0.065	0.485	1.037	0.000000	0.000000
1583202215069	1583202215067	-11.090	-2.409	-0.107	-0.068	0.381	0.963	0.000000	0.000000
1583202215094	1583202215092	-11.870	-2.704	-0.368	-0.037	0.312	0.882	0.000000	0.000000
1583202215108	1583202215107	-12.453	-2.862	-0.701	-0.001	0.282	0.800	0.000000	0.000000
1583202215132	1583202215132	-12.802	-3.003	-1.137	0.028	0.268	0.666	0.000000	0.000000
1583202215148	1583202215147	-13.138	-3.118	-1.672	0.077	0.235	0.468	0.000000	0.000000
1583202215168	1583202215166	-14.137	-3.233	-1.964	0.261	0.213	0.289	0.000000	0.000000
1583202215190	1583202215188	-14.618	-3.540	-1.320	0.659	0.217	0.166	0.000000	0.000000
1583202215208	1583202215206	-12.865	-3.681	-0.213	1.159	0.218	0.056	0.000000	0.000000
1583202215227	1583202215226	-11.437	-3.281	-0.428	1.577	0.140	-0.094	0.000000	0.000000
1583202215246	1583202215245	-11.978	-2.726	-1.588	1.831	-0.109	-0.293	0.000000	0.000000
1583202215266	1583202215265	-12.925	-2.338	-2.091	1.978	-0.417	-0.497	0.000000	0.000000
1583202215288	1583202215285	-13.267	-2.057	-1.945	2.093	-0.657	-0.661	0.000000	0.000000
1583202215307	1583202215306	-12.592	-1.801	-1.844	2.084	-0.842	-0.838	0.000000	0.000000
1583202215328	1583202215326	-11.612	-1.719	-1.928	2.023	-0.913	-1.031	0.000000	0.000000
1583202215348	1583202215347	-10.924	-1.571	-2.079	2.001	-0.909	-1.232	0.000000	0.000000
1583202215367	1583202215366	-10.591	-1.363	-2.201	2.036	-0.898	-1.406	0.000000	0.000000
1583202215387	1583202215385	-10.479	-1.161	-2.194	2.161	-0.929	-1.494	0.000000	0.000000
1583202215412	1583202215412	-10.416	-0.733	-2.136	2.320	-0.984	-1.487	0.000000	0.000000
1583202215430	1583202215426	-10.170	-0.330	-2.132	2.401	-1.042	-1.405	0.000000	0.000000
1583202215448	1583202215445	-9.808	-0.098	-2.088	2.352	-1.088	-1.254	0.000000	0.000000
1583202215468	1583202215465	-9.470	0.132	-2.031	2.240	-1.118	-1.040	0.000000	0.000000
1583202215487	1583202215485	-9.068	0.295	-1.894	2.058	-1.109	-0.794	0.000000	0.000000
1583202215514	1583202215514	-8.632	0.307	-1.815	1.755	-1.063	-0.558	0.000000	0.000000
1583202215528	1583202215526	-8.280	0.321	-1.847	1.387	-1.020	-0.361	0.000000	0.000000
1583202215547	1583202215546	-7.973	0.180	-1.870	0.997	-0.984	-0.219	0.000000	0.000000
1583202215566	1583202215565	-7.695	0.005	-1.868	0.697	-0.965	-0.106	0.000000	0.000000
1583202215586	1583202215585	-7.791	-0.093	-2.007	0.509	-0.941	0.004	0.000000	0.000000
1583202215606	1583202215605	-8.514	-0.002	-2.395	0.329	-0.906	0.090	0.000000	0.000000
1583202215633	1583202215628	-9.568	0.240	-2.958	0.000	-0.851	0.123	0.000000	0.000000
1583202215648	1583202215647	-9.762	0.254	-3.226	-0.516	-0.783	0.087	0.000000	0.000000
1583202215667	1583202215665	-9.058	0.070	-2.695	-1.063	-0.615	0.033	0.000000	0.000000
1583202215685	1583202215684	-9.200	-0.138	-2.007	-1.430	-0.280	0.045	0.000000	0.000000
1583202215706	1583202215704	-9.389	-0.424	-1.411	-1.558	0.144	0.164	0.000000	0.000000
1583202215727	1583202215724	-9.487	-0.342	-1.140	-1.585	0.497	0.355	0.000000	0.000000
1583202215746	1583202215746	-10.958	-0.103	-1.341	-1.672	0.715	0.560	0.000000	0.000000
1583202215767	1583202215764	-11.739	-0.493	-1.051	-1.870	0.826	0.772	0.000000	0.000000
1583202215786	1583202215784	-10.663	-1.398	-0.189	-2.001	0.852	0.936	0.000000	0.000000
1583202215806	1583202215806	-9.501	-2.062	0.726	-1.777	0.914	1.042	0.000000	0.000000
1583202215828	1583202215828	-9.120	-1.957	1.363	-1.269	1.064	1.118	0.000000	0.000000
1583202215847	1583202215844	-9.873	-1.645	1.802	-0.754	1.185	1.106	0.000000	0.000000
1583202215865	1583202215865	-10.572	-1.030	1.991	-0.422	1.188	0.980	0.000000	0.000000
1583202215884	1583202215884	-11.082	-0.385	1.445	-0.526	1.026	0.740	0.000000	0.000000
1583202215904	1583202215904	-11.118	0.000	0.609	-1.019	0.649	0.492	0.000000	0.000000
1583202215929	1583202215929	-10.627	-0.373	0.012	-1.618	0.234	0.319	0.000000	0.000000
1583202215949	1583202215949	-10.333	-1.044	-0.052	-2.007	0.046	0.260	0.000000	0.000000
1583202215966	1583202215965	-9.734	-1.712	0.173	-2.069	-0.038	0.316	0.000000	0.000000
1583202215985	1583202215983	-8.821	-2.084	0.424	-1.897	-0.008	0.455	0.000000	0.000000
1583202216003	1583202216003	-8.148	-2.206	0.563	-1.605	0.155	0.614	0.000000	0.000000
1583202216027	1583202216027	-7.755	-2.002	0.571	-1.373	0.303	0.697	0.000000	0.000000
1583202216046	1583202216043	-7.748	-1.767	0.542	-1.281	0.371	0.698	0.000000	0.000000
1583202216065	1583202216063	-8.153	-1.791	0.494	-1.259	0.382	0.679	0.000000	0.000000
1583202216084	1583202216083	-8.919	-1.923	0.515	-1.217	0.366	0.690	0.000000	0.000000
1583202216103	1583202216103	-9.841	-2.024	0.542	-1.131	0.343	0.739	0.000000	0.000000
1583202216126	1583202216126	-10.203	-2.038	0.602	-1.035	0.320	0.793	0.000000	0.000000
1583202216146	1583202216143	-9.988	-2.076	0.688	-0.998	0.315	0.805	0.000000	0.000000
1583202216164	1583202216164	-9.734	-2.242	0.743	-1.014	0.332	0.750	0.000000	0.000000
1583202216183	1583202216182	-9.762	-2.402	0.664	-1.000	0.360	0.656	0.000000	0.000000
1583202216204	1583202216202	-10.455	-2.479	0.537	-0.892	0.389	0.572	0.000000	0.000000
1583202216223	1583202216223	-11.238	-2.496	0.439	-0.729	0.402	0.520	0.000000	0.000000
1583202216248	1583202216248	-11.969	-2.534	0.281	-0.604	0.399	0.494	0.000000	0.000000
1583202216264	1583202216263	-12.908	-2.687	-0.170	-0.511	0.377	0.515	0.000000	0.000000
1583202216283	1583202216283	-14.261	-2.951	-0.704	-0.379	0.354	0.583	0.000000	0.000000
1583202216302	1583202216302	-15.603	-3.382	-1.145	-0.141	0.341	0.671	0.000000	0.000000
1583202216325	1583202216325	-16.372	-4.103	-0.577	0.294	0.375	0.787	0.000000	0.000000
1583202216347	1583202216347	-14.007	-4.359	0.717	0.811	0.392	0.742	0.000000	0.000000
1583202216364	1583202216361	-10.692	-4.120	0.961	1.245	0.321	0.457	0.000000	0.000000
1583202216382	1583202216382	-9.789	-3.315	0.192	1.632	0.117	0.097	0.000000	0.000000
1583202216403	1583202216401	-10.177	-2.625	-0.333	1.911	-0.247	-0.306	0.000000	0.000000
1583202216422	1583202216421	-11.011	-2.407	-0.515	2.105	-0.547	-0.648	0.000000	0.000000
1583202216450	1583202216450	-12.019	-2.112	-0.910	2.266	-0.801	-0.903	0.000000	0.000000
1583202216463	1583202216462	-12.623	-1.741	-1.545	2.367	-1.099	-1.078	0.000000	0.000000
1583202216487	1583202216487	-12.620	-1.425	-2.050	2.393	-1.375	-1.229	0.000000	0.000000
1583202216503	1583202216501	-12.148	-1.233	-2.326	2.353	-1.520	-1.366	0.000000	0.000000
1583202216522	1583202216521	-11.758	-1.030	-2.352	2.306	-1.486	-1.453	0.000000	0.000000
1583202216542	1583202216542	-11.284	-0.852	-2.271	2.243	-1.380	-1.513	0.000000	0.000000
1583202216568	1583202216566	-10.754	-0.680	-2.271	2.186	-1.276	-1.539	0.000000	0.000000
1583202216584	1583202216582	-10.184	-0.438	-2.299	2.107	-1.239	-1.528	0.000000	0.000000
1583202216601	1583202216600	-9.604	-0.275	-2.354	1.969	-1.265	-1.494	0.000000	0.000000
1583202216623	1583202216620	-9.197	-0.136	-2.383	1.797	-1.304	-1.449	0.000000	0.000000
1583202216641	1583202216640	-8.740	0.135	-2.386	1.602	-1.338	-1.397	0.000000	0.000000
1583202216662	1583202216661	-8.435	0.290	-2.457	1.367	-1.354	-1.335	0.000000	0.000000
1583202216686	1583202216680	-7.884	0.472	-2.484	1.070	-1.354	-1.252	0.000000	0.000000
1583202216700	1583202216700	-7.468	0.463	-2.259	0.737	-1.287	-1.168	0.000000	0.000000
1583202216722	1583202216720	-7.348	0.551	-2.179	0.414	-1.151	-1.081	0.000000	0.000000
1583202216741	1583202216740	-7.829	0.659	-2.393	0.113	-0.984	-0.973	0.000000	0.000000
1583202216766	1583202216766	-8.728	0.856	-2.750	-0.149	-0.816	-0.819	0.000000	0.000000
1583202216785	1583202216781	-9.274	0.987	-2.932	-0.379	-0.631	-0.589	0.000000	0.000000
1583202216801	1583202216800	-9.152	1.021	-2.371	-0.694	-0.337	-0.306	0.000000	0.000000
1583202216821	1583202216819	-9.377	0.633	-1.782	-1.142	0.118	-0.033	0.000000	0.000000
1583202216845	1583202216842	-9.791	0.204	-1.034	-1.446	0.599	0.291	0.000000	0.000000
1583202216865	1583202216865	-9.731	0.094	-0.069	-1.523	0.993	0.649	0.000000	0.000000
1583202216881	1583202216879	-10.634	0.096	0.336	-1.532	1.257	0.971	0.000000	0.000000
1583202216902	1583202216902	-12.057	0.077	0.302	-1.548	1.454	1.296	0.000000	0.000000
1583202216920	1583202216919	-12.256	-0.359	0.542	-1.688	1.453	1.553	0.000000	0.000000
1583202216940	1583202216939	-11.082	-1.125	1.019	-1.803	1.275	1.668	0.000000	0.000000
1583202216962	1583202216962	-10.630	-1.396	1.119	-1.697	1.149	1.683	0.000000	0.000000
1583202216983	1583202216982	-11.377	-1.370	0.889	-1.388	0.972	1.651	0.000000	0.000000
1583202217002	1583202217002	-11.779	-1.164	0.865	-1.129	0.714	1.561	0.000000	0.000000
1583202217020	1583202217019	-11.686	-1.288	0.760	-1.073	0.462	1.401	0.000000	0.000000
1583202217040	1583202217038	-11.226	-1.188	0.353	-1.196	0.207	1.237	0.000000	0.000000
1583202217063	1583202217062	-10.464	-1.164	-0.244	-1.483	0.001	1.068	0.000000	0.000000
1583202217082	1583202217080	-9.698	-1.530	-0.654	-1.807	-0.123	0.879	0.000000	0.000000
1583202217102	1583202217099	-9.113	-1.834	-0.919	-1.989	-0.198	0.741	0.000000	0.000000
1583202217119	1583202217118	-8.546	-1.846	-1.190	-2.055	-0.214	0.654	0.000000	0.000000
1583202217140	1583202217138	-8.488	-2.096	-1.487	-2.069	-0.147	0.618	0.000000	0.000000
1583202217167	1583202217163	-8.663	-2.256	-1.650	-1.998	-0.040	0.632	0.000000	0.000000
1583202217181	1583202217181	-8.797	-2.366	-1.621	-1.890	0.101	0.683	0.000000	0.000000
1583202217199	1583202217196	-8.893	-2.474	-1.415	-1.776	0.247	0.756	0.000000	0.000000
1583202217219	1583202217218	-9.080	-2.591	-1.219	-1.653	0.365	0.830	0.000000	0.000000
1583202217238	1583202217238	-9.509	-2.774	-0.860	-1.525	0.459	0.883	0.000000	0.000000
1583202217259	1583202217258	-9.913	-3.013	-0.292	-1.330	0.539	0.934	0.000000	0.000000
1583202217281	1583202217278	-9.988	-3.212	0.427	-1.077	0.601	0.983	0.000000	0.000000
