1583202731630	1583202731629	-12.877	-6.827	3.625	-1.434	0.639	3.009	0.000000	0.000000
1583202731649	1583202731647	-12.687	-7.461	4.032	-1.234	0.501	2.651	0.000000	0.000000
1583202731668	1583202731667	-12.821	-8.180	4.200	-0.820	0.365	2.355	0.000000	0.000000
1583202731690	1583202731690	-12.776	-8.415	4.135	-0.355	0.211	2.053	0.000000	0.000000
1583202731717	1583202731717	-12.201	-8.218	3.773	-0.002	-0.004	1.678	0.000000	0.000000
1583202731728	1583202731727	-11.775	-7.931	2.995	0.225	-0.209	1.235	0.000000	0.000000
1583202731754	1583202731749	-13.430	-7.782	1.414	0.418	-0.293	0.793	0.000000	0.000000
1583202731770	1583202731766	-16.187	-8.345	0.391	0.696	-0.409	0.445	0.000000	0.000000
1583202731793	1583202731793	-16.434	-8.841	0.147	1.126	-0.723	0.159	0.000000	0.000000
1583202731808	1583202731806	-16.312	-8.686	-0.745	1.696	-0.952	-0.187	0.000000	0.000000
1583202731829	1583202731828	-16.297	-7.960	-1.473	2.171	-1.110	-0.661	0.000000	0.000000
1583202731848	1583202731847	-15.940	-6.518	-1.820	2.633	-1.237	-1.226	0.000000	0.000000
1583202731867	1583202731866	-16.125	-5.147	-2.139	3.183	-1.294	-1.806	0.000000	0.000000
1583202731888	1583202731887	-15.766	-4.096	-2.244	3.652	-1.430	-2.390	0.000000	0.000000
1583202731907	1583202731906	-15.119	-3.248	-2.299	3.940	-1.559	-2.894	0.000000	0.000000
1583202731927	1583202731926	-14.515	-2.582	-2.512	4.052	-1.711	-3.256	0.000000	0.000000
1583202731947	1583202731946	-14.244	-1.954	-2.841	4.067	-1.867	-3.488	0.000000	0.000000
1583202731976	1583202731976	-14.448	-1.451	-3.303	4.035	-2.071	-3.598	0.000000	0.000000
1583202731987	1583202731986	-14.637	-0.745	-3.564	3.993	-2.343	-3.645	0.000000	0.000000
1583202732007	1583202732005	-14.429	-0.546	-3.475	3.813	-2.602	-3.588	0.000000	0.000000
1583202732027	1583202732026	-14.007	-0.515	-3.238	3.601	-2.739	-3.438	0.000000	0.000000
1583202732052	1583202732050	-13.234	-0.627	-2.944	3.312	-2.792	-3.149	0.000000	0.000000
1583202732069	1583202732066	-12.532	-0.843	-2.572	2.983	-2.726	-2.831	0.000000	0.000000
1583202732087	1583202732085	-12.017	-0.816	-2.383	2.563	-2.602	-2.518	0.000000	0.000000
1583202732108	1583202732108	-12.177	-0.565	-2.378	2.021	-2.432	-2.293	0.000000	0.000000
1583202732129	1583202732129	-12.742	-0.491	-2.594	1.401	-2.306	-2.201	0.000000	0.000000
1583202732147	1583202732145	-12.802	-0.701	-2.941	0.818	-2.271	-2.212	0.000000	0.000000
1583202732170	1583202732170	-12.079	-0.941	-3.169	0.358	-2.257	-2.237	0.000000	0.000000
1583202732187	1583202732185	-11.207	-0.898	-3.193	0.050	-2.160	-2.261	0.000000	0.000000
1583202732206	1583202732205	-10.560	-0.402	-3.253	-0.212	-1.936	-2.282	0.000000	0.000000
1583202732226	1583202732225	-9.698	0.662	-2.922	-0.860	-1.620	-2.312	0.000000	0.000000
1583202732251	1583202732250	-8.814	2.391	-2.117	-2.001	-1.196	-2.354	0.000000	0.000000
1583202732268	1583202732265	-7.508	3.330	-1.427	-3.385	-0.554	-2.309	0.000000	0.000000
1583202732286	1583202732285	-6.449	3.388	-0.198	-4.626	0.265	-2.061	0.000000	0.000000
1583202732306	1583202732305	-6.291	1.869	0.647	-5.219	1.276	-1.455	0.000000	0.000000
1583202732326	1583202732325	-7.568	0.468	1.431	-4.930	2.250	-0.524	0.000000	0.000000
1583202732346	1583202732345	-9.283	-1.715	1.596	-3.856	2.800	0.583	0.000000	0.000000
1583202732366	1583202732365	-11.073	-2.179	1.395	-2.291	2.968	1.634	0.000000	0.000000
1583202732392	1583202732385	-11.676	-1.918	1.531	-1.049	2.764	2.402	0.000000	0.000000
1583202732406	1583202732405	-11.140	-2.148	2.477	-0.270	2.483	2.929	0.000000	0.000000
1583202732426	1583202732425	-10.186	-3.384	4.413	0.614	2.470	3.430	0.000000	0.000000
1583202732451	1583202732447	-9.166	-4.716	4.559	2.017	2.858	3.932	0.000000	0.000000
1583202732469	1583202732465	-8.802	-3.547	3.766	2.995	2.966	4.012	0.000000	0.000000
1583202732486	1583202732484	-8.622	-1.475	3.182	2.864	2.662	3.807	0.000000	0.000000
1583202732506	1583202732505	-9.128	-0.596	3.481	2.166	2.396	3.588	0.000000	0.000000
1583202732527	1583202732525	-9.868	-0.368	3.747	1.149	2.131	3.316	0.000000	0.000000
1583202732546	1583202732545	-10.723	-0.644	3.718	0.146	1.793	3.040	0.000000	0.000000
1583202732567	1583202732566	-11.796	-1.358	3.656	-0.631	1.456	2.870	0.000000	0.000000
1583202732593	1583202732592	-12.932	-2.591	3.649	-1.059	1.206	2.851	0.000000	0.000000
1583202732616	1583202732616	-13.466	-3.902	4.008	-1.071	1.062	2.947	0.000000	0.000000
1583202732626	1583202732624	-13.955	-4.393	4.094	-0.738	0.997	3.040	0.000000	0.000000
1583202732646	1583202732645	-14.903	-4.711	3.931	-0.339	0.950	3.048	0.000000	0.000000
1583202732670	1583202732665	-15.100	-4.975	3.872	-0.004	0.898	2.872	0.000000	0.000000
1583202732692	1583202732689	-14.625	-4.596	3.666	0.134	0.808	2.433	0.000000	0.000000
1583202732706	1583202732704	-13.667	-4.177	3.019	-0.010	0.580	1.813	0.000000	0.000000
1583202732725	1583202732724	-13.279	-3.662	1.998	-0.360	0.202	1.104	0.000000	0.000000
1583202732786	1583202732782	-14.012	-3.784	0.901	-0.706	-0.233	0.354	0.000000	0.000000
1583202732801	1583202732792	-15.588	-4.223	0.221	-0.745	-0.570	-0.267	0.000000	0.000000
1583202732804	1583202732802	-16.719	-4.946	0.403	-0.408	-0.810	-0.646	0.000000	0.000000
1583202732808	1583202732805	-14.470	-5.064	1.165	0.227	-0.871	-0.879	0.000000	0.000000
1583202732825	1583202732823	-12.821	-4.568	0.388	0.913	-1.006	-1.064	0.000000	0.000000
1583202732844	1583202732843	-13.229	-3.806	-0.905	1.447	-1.154	-1.195	0.000000	0.000000
1583202732869	1583202732863	-13.828	-2.941	-1.573	1.841	-1.313	-1.316	0.000000	0.000000
1583202732884	1583202732883	-13.377	-2.479	-1.490	2.019	-1.522	-1.473	0.000000	0.000000
1583202732904	1583202732903	-11.602	-2.191	-1.063	2.004	-1.711	-1.673	0.000000	0.000000
1583202732926	1583202732923	-10.024	-2.043	-0.826	1.907	-1.730	-1.873	0.000000	0.000000
1583202732946	1583202732945	-9.425	-1.916	-0.852	1.798	-1.614	-2.057	0.000000	0.000000
1583202732964	1583202732963	-9.621	-1.822	-1.027	1.741	-1.481	-2.212	0.000000	0.000000
1583202732984	1583202732983	-10.208	-1.662	-1.214	1.775	-1.379	-2.319	0.000000	0.000000
1583202733004	1583202733003	-10.615	-1.490	-1.367	1.881	-1.355	-2.355	0.000000	0.000000
1583202733024	1583202733022	-10.622	-1.348	-1.423	2.009	-1.370	-2.288	0.000000	0.000000
1583202733045	1583202733042	-10.153	-1.260	-1.358	2.065	-1.412	-2.151	0.000000	0.000000
1583202733064	1583202733063	-9.681	-0.867	-1.296	1.997	-1.397	-1.968	0.000000	0.000000
1583202733085	1583202733082	-9.468	-0.697	-1.262	1.724	-1.350	-1.813	0.000000	0.000000
1583202733105	1583202733103	-9.255	-0.651	-1.149	1.367	-1.283	-1.716	0.000000	0.000000
1583202733123	1583202733122	-8.936	-0.699	-1.121	0.998	-1.194	-1.664	0.000000	0.000000
1583202733143	1583202733142	-8.972	-0.747	-1.133	0.696	-1.121	-1.663	0.000000	0.000000
1583202733163	1583202733162	-9.628	-0.505	-1.231	0.463	-1.049	-1.710	0.000000	0.000000
1583202733186	1583202733184	-10.369	-0.277	-1.351	0.216	-0.995	-1.762	0.000000	0.000000
1583202733204	1583202733203	-10.500	0.115	-1.434	-0.096	-0.941	-1.756	0.000000	0.000000
1583202733223	1583202733221	-9.801	0.525	-1.310	-0.501	-0.850	-1.658	0.000000	0.000000
1583202733243	1583202733241	-9.211	0.743	-0.927	-0.844	-0.666	-1.426	0.000000	0.000000
1583202733264	1583202733260	-8.366	0.726	-0.392	-1.015	-0.373	-1.091	0.000000	0.000000
1583202733283	1583202733280	-7.913	0.525	0.226	-1.064	0.029	-0.642	0.000000	0.000000
1583202733303	1583202733300	-7.999	0.271	0.801	-1.080	0.522	-0.071	0.000000	0.000000
1583202733325	1583202733325	-8.514	-0.359	1.505	-1.202	1.019	0.557	0.000000	0.000000
1583202733343	1583202733340	-9.712	-0.979	1.972	-1.240	1.403	1.091	0.000000	0.000000
1583202733364	1583202733359	-10.979	-1.094	2.149	-1.075	1.681	1.502	0.000000	0.000000
1583202733386	1583202733380	-11.691	-1.243	2.451	-0.953	1.880	1.847	0.000000	0.000000
1583202733403	1583202733400	-11.926	-1.329	2.607	-1.063	1.937	2.054	0.000000	0.000000
1583202733422	1583202733419	-11.272	-1.260	2.247	-1.309	1.802	2.124	0.000000	0.000000
1583202733443	1583202733439	-10.522	-1.434	1.946	-1.368	1.450	2.196	0.000000	0.000000
1583202733462	1583202733459	-9.482	-1.485	1.852	-1.546	0.976	2.152	0.000000	0.000000
1583202733482	1583202733479	-8.598	-1.911	1.431	-1.857	0.558	2.057	0.000000	0.000000
1583202733502	1583202733499	-8.117	-1.981	1.157	-2.063	0.207	1.975	0.000000	0.000000
1583202733525	1583202733519	-8.028	-1.878	0.559	-2.328	-0.058	1.911	0.000000	0.000000
1583202733542	1583202733539	-8.366	-1.947	0.058	-2.562	-0.218	1.907	0.000000	0.000000
1583202733562	1583202733558	-9.286	-2.261	-0.318	-2.690	-0.342	1.962	0.000000	0.000000
1583202733585	1583202733581	-10.153	-2.527	-0.603	-2.676	-0.449	2.082	0.000000	0.000000
1583202733602	1583202733599	-10.931	-3.025	-0.666	-2.608	-0.457	2.275	0.000000	0.000000
1583202733621	1583202733618	-11.406	-3.619	-0.577	-2.495	-0.333	2.497	0.000000	0.000000
1583202733642	1583202733638	-11.523	-4.151	-0.428	-2.290	-0.140	2.655	0.000000	0.000000
1583202733661	1583202733658	-11.549	-4.587	0.108	-2.030	0.092	2.639	0.000000	0.000000
1583202733681	1583202733678	-11.648	-5.088	0.959	-1.660	0.478	2.529	0.000000	0.000000
1583202733701	1583202733698	-12.213	-5.306	1.538	-1.140	0.975	2.399	0.000000	0.000000
1583202733725	1583202733718	-12.980	-5.583	1.639	-0.580	1.258	2.168	0.000000	0.000000
1583202733741	1583202733738	-13.612	-5.701	1.361	-0.129	1.276	1.823	0.000000	0.000000
1583202733759	1583202733758	-13.564	-5.279	0.990	0.052	1.106	1.338	0.000000	0.000000
1583202733781	1583202733781	-13.681	-4.644	0.609	-0.045	0.823	0.760	0.000000	0.000000
1583202733802	1583202733797	-14.980	-4.577	0.252	-0.221	0.459	0.161	0.000000	0.000000
1583202733818	1583202733817	-15.754	-5.528	1.136	-0.047	0.235	-0.273	0.000000	0.000000
1583202733840	1583202733840	-13.933	-5.653	1.967	0.493	0.105	-0.564	0.000000	0.000000
1583202733858	1583202733857	-13.128	-5.191	1.191	1.069	-0.118	-0.838	0.000000	0.000000
1583202733878	1583202733877	-13.162	-4.697	0.230	1.625	-0.362	-1.090	0.000000	0.000000
1583202733898	1583202733897	-12.565	-3.811	-0.210	2.138	-0.580	-1.327	0.000000	0.000000
1583202733919	1583202733917	-11.756	-3.047	-0.340	2.391	-0.780	-1.598	0.000000	0.000000
1583202733940	1583202733937	-10.852	-2.575	-0.359	2.404	-0.972	-1.923	0.000000	0.000000
1583202733958	1583202733957	-10.510	-2.244	-0.457	2.322	-1.094	-2.266	0.000000	0.000000
1583202733978	1583202733976	-10.567	-2.069	-0.651	2.261	-1.133	-2.579	0.000000	0.000000
1583202733998	1583202733997	-10.907	-1.887	-0.850	2.313	-1.121	-2.806	0.000000	0.000000
1583202734018	1583202734016	-11.360	-1.597	-0.970	2.440	-1.122	-2.915	0.000000	0.000000
1583202734043	1583202734039	-11.499	-1.339	-1.068	2.587	-1.155	-2.896	0.000000	0.000000
1583202734058	1583202734056	-11.470	-1.077	-1.063	2.692	-1.188	-2.733	0.000000	0.000000
1583202734082	1583202734078	-11.202	-0.874	-1.001	2.686	-1.216	-2.478	0.000000	0.000000
1583202734100	1583202734098	-10.936	-0.780	-0.924	2.574	-1.196	-2.128	0.000000	0.000000
1583202734122	1583202734121	-10.701	-0.627	-0.836	2.359	-1.154	-1.757	0.000000	0.000000
1583202734138	1583202734137	-10.309	-0.697	-0.785	2.059	-1.132	-1.447	0.000000	0.000000
1583202734157	1583202734156	-10.110	-0.428	-0.876	1.698	-1.146	-1.245	0.000000	0.000000
1583202734178	1583202734176	-10.081	-0.313	-1.145	1.240	-1.217	-1.161	0.000000	0.000000
1583202734197	1583202734196	-10.797	-0.182	-1.355	0.771	-1.296	-1.127	0.000000	0.000000
1583202734217	1583202734216	-11.317	-0.146	-1.478	0.317	-1.406	-1.113	0.000000	0.000000
1583202734238	1583202734238	-10.742	-0.225	-1.597	-0.114	-1.495	-1.082	0.000000	0.000000
1583202734257	1583202734256	-10.117	-0.031	-1.530	-0.489	-1.454	-1.021	0.000000	0.000000
1583202734277	1583202734275	-9.772	0.259	-1.375	-0.802	-1.302	-0.940	0.000000	0.000000
1583202734298	1583202734297	-9.875	0.551	-1.231	-1.065	-1.061	-0.801	0.000000	0.000000
1583202734318	1583202734317	-10.318	0.695	-1.466	-1.321	-0.757	-0.548	0.000000	0.000000
1583202734338	1583202734337	-9.813	0.295	-1.272	-1.546	-0.471	-0.186	0.000000	0.000000
1583202734356	1583202734355	-8.776	-0.601	-0.170	-1.693	-0.084	0.246	0.000000	0.000000
1583202734376	1583202734375	-8.344	-1.056	0.892	-1.557	0.434	0.562	0.000000	0.000000
1583202734399	1583202734395	-8.696	-0.577	1.646	-1.231	0.920	0.739	0.000000	0.000000
1583202734416	1583202734415	-9.113	-0.196	1.943	-1.092	1.199	0.899	0.000000	0.000000
1583202734437	1583202734434	-9.837	0.175	1.814	-1.248	1.351	1.126	0.000000	0.000000
1583202734456	1583202734454	-10.234	0.302	1.804	-1.717	1.337	1.350	0.000000	0.000000
1583202734477	1583202734474	-9.671	-0.539	1.402	-2.314	1.094	1.590	0.000000	0.000000
1583202734498	1583202734496	-8.740	-1.238	1.229	-2.641	0.746	1.871	0.000000	0.000000
1583202734523	1583202734517	-8.062	-1.741	1.268	-2.834	0.457	2.089	0.000000	0.000000
1583202734541	1583202734540	-8.112	-2.249	1.294	-2.915	0.218	2.212	0.000000	0.000000
1583202734556	1583202734554	-8.102	-2.366	1.011	-2.897	-0.020	2.246	0.000000	0.000000
1583202734576	1583202734574	-8.625	-2.345	0.549	-2.823	-0.183	2.292	0.000000	0.000000
1583202734601	1583202734598	-9.516	-2.429	0.111	-2.669	-0.276	2.447	0.000000	0.000000
1583202734615	1583202734614	-10.460	-2.647	-0.337	-2.619	-0.327	2.627	0.000000	0.000000
1583202734642	1583202734634	-11.631	-3.507	-0.740	-2.702	-0.359	2.811	0.000000	0.000000
1583202734660	1583202734659	-12.311	-4.355	-0.773	-2.625	-0.347	2.928	0.000000	0.000000
1583202734676	1583202734674	-12.033	-4.798	-0.357	-2.389	-0.202	2.952	0.000000	0.000000
1583202734696	1583202734694	-11.861	-5.291	0.170	-2.126	0.166	2.918	0.000000	0.000000
1583202734718	1583202734716	-12.328	-5.653	0.587	-1.702	0.508	2.756	0.000000	0.000000
1583202734742	1583202734736	-12.730	-5.782	0.741	-1.194	0.735	2.494	0.000000	0.000000
1583202734755	1583202734753	-12.709	-6.043	0.868	-0.752	0.890	2.125	0.000000	0.000000
1583202734775	1583202734773	-12.112	-6.094	0.918	-0.490	0.920	1.612	0.000000	0.000000
1583202734794	1583202734793	-11.147	-5.545	0.880	-0.536	0.783	1.005	0.000000	0.000000
1583202734817	1583202734815	-9.870	-4.635	0.999	-0.853	0.557	0.370	0.000000	0.000000
1583202734835	1583202734833	-10.563	-4.491	0.997	-1.108	0.307	-0.156	0.000000	0.000000
1583202734854	1583202734853	-12.850	-4.987	0.674	-0.935	0.051	-0.437	0.000000	0.000000
1583202734874	1583202734873	-16.228	-5.866	0.556	-0.258	-0.089	-0.464	0.000000	0.000000
1583202734894	1583202734893	-18.108	-6.384	0.336	0.666	-0.173	-0.447	0.000000	0.000000
1583202734914	1583202734912	-15.854	-5.289	-0.522	1.297	-0.363	-0.679	0.000000	0.000000
1583202734942	1583202734936	-13.193	-4.117	-1.018	1.573	-0.552	-1.092	0.000000	0.000000
1583202734954	1583202734952	-11.233	-3.056	-0.440	1.634	-0.659	-1.595	0.000000	0.000000
1583202734974	1583202734972	-10.579	-2.488	0.204	1.486	-0.611	-2.175	0.000000	0.000000
1583202734993	1583202734992	-11.506	-2.412	0.424	1.329	-0.464	-2.790	0.000000	0.000000
1583202735013	1583202735012	-12.946	-2.084	0.398	1.330	-0.332	-3.297	0.000000	0.000000
1583202735039	1583202735035	-13.899	-1.772	0.281	1.449	-0.265	-3.581	0.000000	0.000000
1583202735053	1583202735052	-14.077	-1.525	0.238	1.679	-0.324	-3.653	0.000000	0.000000
1583202735075	1583202735073	-13.531	-1.430	0.003	1.873	-0.541	-3.574	0.000000	0.000000
1583202735093	1583202735092	-12.771	-0.922	-0.158	1.890	-0.871	-3.392	0.000000	0.000000
1583202735113	1583202735112	-12.189	-0.234	-0.448	1.644	-1.220	-3.172	0.000000	0.000000
1583202735135	1583202735135	-11.619	0.355	-0.692	1.198	-1.533	-2.971	0.000000	0.000000
1583202735153	1583202735152	-10.886	0.580	-0.960	0.636	-1.798	-2.828	0.000000	0.000000
1583202735173	1583202735171	-10.203	0.494	-1.228	0.155	-2.022	-2.735	0.000000	0.000000
1583202735193	1583202735191	-9.681	0.563	-1.269	-0.135	-2.154	-2.598	0.000000	0.000000
1583202735213	1583202735211	-9.681	0.381	-1.334	-0.308	-2.169	-2.400	0.000000	0.000000
1583202735233	1583202735231	-9.738	0.456	-1.303	-0.281	-2.116	-2.168	0.000000	0.000000
1583202735255	1583202735253	-9.494	0.755	-1.228	-0.161	-1.974	-1.818	0.000000	0.000000
1583202735273	1583202735271	-8.730	1.325	-1.061	-0.157	-1.808	-1.404	0.000000	0.000000
1583202735292	1583202735291	-8.026	2.003	-0.857	-0.483	-1.618	-0.985	0.000000	0.000000
1583202735312	1583202735311	-8.071	2.085	-0.934	-1.020	-1.384	-0.467	0.000000	0.000000
1583202735333	1583202735332	-8.078	1.996	-1.003	-1.556	-1.202	0.178	0.000000	0.000000
1583202735352	1583202735350	-8.002	1.280	-0.900	-2.136	-1.011	0.952	0.000000	0.000000
1583202735372	1583202735370	-8.239	-0.165	-0.663	-2.632	-0.784	1.779	0.000000	0.000000
1583202735393	1583202735392	-8.311	-1.154	-0.246	-2.853	-0.578	2.572	0.000000	0.000000
1583202735411	1583202735410	-8.907	-1.387	0.087	-2.820	-0.331	3.206	0.000000	0.000000
1583202735434	1583202735430	-10.258	-1.267	0.185	-2.738	-0.080	3.610	0.000000	0.000000
1583202735453	1583202735452	-12.201	-1.298	0.163	-2.652	0.120	3.879	0.000000	0.000000
1583202735472	1583202735470	-14.194	-1.375	0.343	-2.615	0.274	4.137	0.000000	0.000000
1583202735491	1583202735490	-15.811	-2.623	0.590	-2.840	0.391	4.376	0.000000	0.000000
1583202735511	1583202735510	-16.055	-3.909	0.954	-3.226	0.361	4.481	0.000000	0.000000
1583202735536	1583202735530	-16.077	-4.879	0.554	-2.990	0.014	4.504	0.000000	0.000000
1583202735551	1583202735550	-15.112	-3.940	-0.486	-2.240	-0.396	4.635	0.000000	0.000000
1583202735573	1583202735570	-15.313	-3.233	-0.967	-1.835	-0.564	4.661	0.000000	0.000000
1583202735591	1583202735590	-14.877	-4.343	-0.754	-2.172	-0.538	4.372	0.000000	0.000000
1583202735612	1583202735611	-13.959	-4.951	-0.723	-2.548	-0.519	3.956	0.000000	0.000000
1583202735632	1583202735629	-12.807	-4.958	-0.862	-2.740	-0.573	3.433	0.000000	0.000000
1583202735651	1583202735650	-12.079	-5.143	-0.541	-2.810	-0.531	2.852	0.000000	0.000000
1583202735671	1583202735670	-11.514	-5.126	-0.151	-2.771	-0.390	2.263	0.000000	0.000000
1583202735690	1583202735689	-10.984	-5.478	0.099	-2.675	-0.191	1.788	0.000000	0.000000
1583202735711	1583202735709	-10.182	-6.144	0.487	-2.458	0.018	1.435	0.000000	0.000000
1583202735731	1583202735729	-9.497	-6.640	0.757	-2.036	0.078	1.241	0.000000	0.000000
1583202735752	1583202735752	-9.286	-7.066	1.016	-1.440	0.076	1.173	0.000000	0.000000
1583202735772	1583202735771	-9.343	-7.253	1.090	-0.830	0.003	1.107	0.000000	0.000000
1583202735793	1583202735791	-9.374	-7.251	0.709	-0.428	-0.134	0.980	0.000000	0.000000
1583202735811	1583202735809	-9.432	-7.181	0.432	-0.190	-0.244	0.760	0.000000	0.000000
1583202735832	1583202735830	-9.288	-7.117	0.245	-0.025	-0.337	0.429	0.000000	0.000000
1583202735851	1583202735851	-9.075	-6.803	0.082	0.121	-0.396	0.008	0.000000	0.000000
1583202735879	1583202735872	-9.348	-6.285	-0.215	0.274	-0.398	-0.383	0.000000	0.000000
1583202735897	1583202735890	-10.100	-6.259	-0.421	0.523	-0.333	-0.665	0.000000	0.000000
1583202735909	1583202735908	-10.728	-6.029	-0.345	0.883	-0.231	-0.917	0.000000	0.000000
1583202735931	1583202735928	-10.891	-5.679	-0.239	1.230	-0.164	-1.154	0.000000	0.000000
1583202735950	1583202735948	-11.528	-5.131	-0.531	1.483	-0.106	-1.450	0.000000	0.000000
1583202735973	1583202735974	-14.034	-4.814	-1.418	1.716	-0.108	-1.718	0.000000	0.000000
1583202735992	1583202735989	-16.338	-4.678	-2.156	1.936	-0.185	-2.034	0.000000	0.000000
1583202736011	1583202736010	-17.248	-4.014	-2.493	2.114	-0.327	-2.473	0.000000	0.000000
1583202736032	1583202736029	-17.543	-3.293	-2.551	2.241	-0.433	-2.977	0.000000	0.000000
1583202736050	1583202736049	-17.373	-2.896	-2.352	2.399	-0.469	-3.480	0.000000	0.000000
1583202736071	1583202736071	-16.975	-2.230	-2.026	2.561	-0.384	-3.963	0.000000	0.000000
1583202736092	1583202736089	-16.659	-1.708	-1.933	2.561	-0.239	-4.421	0.000000	0.000000
1583202736110	1583202736110	-16.511	-1.461	-1.894	2.441	-0.122	-4.795	0.000000	0.000000
1583202736130	1583202736128	-16.501	-1.008	-1.875	2.333	-0.060	-5.047	0.000000	0.000000
1583202736150	1583202736148	-16.417	-0.467	-1.801	2.305	-0.040	-5.156	0.000000	0.000000
1583202736173	1583202736173	-15.967	0.118	-1.585	2.414	-0.082	-5.050	0.000000	0.000000
1583202736193	1583202736193	-14.906	0.518	-1.228	2.578	-0.194	-4.815	0.000000	0.000000
1583202736210	1583202736209	-13.490	0.681	-0.970	2.711	-0.308	-4.527	0.000000	0.000000
1583202736230	1583202736228	-12.455	0.978	-0.874	2.759	-0.321	-4.143	0.000000	0.000000
1583202736249	1583202736248	-11.509	1.500	-0.769	2.753	-0.323	-3.686	0.000000	0.000000
1583202736270	1583202736269	-10.443	1.948	-0.536	2.563	-0.325	-3.135	0.000000	0.000000
1583202736291	1583202736286	-9.494	2.209	-0.146	2.203	-0.309	-2.593	0.000000	0.000000
1583202736309	1583202736307	-8.670	2.494	0.063	1.709	-0.302	-2.040	0.000000	0.000000
1583202736330	1583202736327	-7.856	2.679	0.130	1.104	-0.327	-1.494	0.000000	0.000000
1583202736348	1583202736348	-6.775	2.866	0.262	0.467	-0.376	-0.934	0.000000	0.000000
1583202736372	1583202736368	-6.107	3.103	0.647	-0.198	-0.330	-0.358	0.000000	0.000000
1583202736394	1583202736393	-6.040	2.676	1.002	-0.976	-0.146	0.242	0.000000	0.000000
1583202736410	1583202736409	-6.344	1.807	0.990	-1.690	0.074	0.932	0.000000	0.000000
1583202736429	1583202736427	-7.020	1.225	0.892	-2.205	0.268	1.714	0.000000	0.000000
1583202736449	1583202736447	-7.824	0.516	0.966	-2.659	0.488	2.452	0.000000	0.000000
1583202736468	1583202736467	-8.510	-0.488	1.529	-3.029	0.745	3.057	0.000000	0.000000
1583202736493	1583202736493	-9.657	-1.513	2.353	-3.156	1.023	3.567	0.000000	0.000000
1583202736508	1583202736508	-11.296	-2.005	3.136	-2.922	1.299	4.017	0.000000	0.000000
1583202736533	1583202736527	-13.401	-2.524	3.495	-2.490	1.505	4.383	0.000000	0.000000
1583202736547	1583202736547	-15.533	-3.420	3.311	-2.102	1.548	4.625	0.000000	0.000000
1583202736568	1583202736567	-17.021	-4.721	3.285	-1.959	1.320	4.631	0.000000	0.000000
1583202736588	1583202736587	-17.121	-6.067	3.651	-1.965	0.794	4.403	0.000000	0.000000
1583202736613	1583202736611	-16.448	-7.196	3.352	-1.780	0.199	4.115	0.000000	0.000000
1583202736631	1583202736628	-14.522	-6.261	2.659	-1.298	-0.257	3.798	0.000000	0.000000
1583202736647	1583202736646	-13.286	-4.680	1.888	-0.802	-0.453	3.522	0.000000	0.000000
1583202736667	1583202736666	-12.359	-3.605	1.823	-0.871	-0.335	3.184	0.000000	0.000000
1583202736693	1583202736693	-11.502	-3.923	1.529	-1.151	-0.274	2.644	0.000000	0.000000
1583202736707	1583202736706	-10.625	-4.067	1.311	-1.363	-0.302	2.004	0.000000	0.000000
1583202736734	1583202736732	-9.880	-4.072	1.169	-1.434	-0.333	1.503	0.000000	0.000000
1583202736748	1583202736746	-9.245	-4.153	1.203	-1.392	-0.328	1.127	0.000000	0.000000
1583202736767	1583202736766	-8.852	-4.137	1.241	-1.309	-0.304	0.833	0.000000	0.000000
1583202736791	1583202736792	-8.672	-4.122	1.126	-1.214	-0.290	0.625	0.000000	0.000000
1583202736812	1583202736806	-8.546	-4.113	0.951	-1.066	-0.285	0.501	0.000000	0.000000
1583202736831	1583202736828	-8.335	-4.055	0.863	-0.865	-0.266	0.436	0.000000	0.000000
1583202736846	1583202736846	-8.069	-4.208	0.702	-0.650	-0.217	0.384	0.000000	0.000000
1583202736867	1583202736865	-7.793	-4.199	0.523	-0.424	-0.134	0.304	0.000000	0.000000
1583202736888	1583202736886	-7.813	-4.232	0.319	-0.251	-0.023	0.194	0.000000	0.000000
1583202736914	1583202736914	-8.153	-4.228	0.048	-0.084	0.089	0.069	0.000000	0.000000
1583202736929	1583202736926	-9.152	-4.237	-0.277	0.113	0.195	-0.057	0.000000	0.000000
1583202736948	1583202736947	-10.335	-4.273	-0.455	0.358	0.312	-0.170	0.000000	0.000000
1583202736968	1583202736966	-10.893	-4.333	-0.139	0.638	0.430	-0.281	0.000000	0.000000
1583202736987	1583202736986	-10.354	-4.338	0.650	0.922	0.526	-0.417	0.000000	0.000000
1583202737008	1583202737007	-9.348	-4.163	0.884	1.161	0.538	-0.609	0.000000	0.000000
1583202737029	1583202737026	-9.518	-3.602	0.120	1.300	0.420	-0.869	0.000000	0.000000
1583202737051	1583202737050	-11.952	-3.171	-0.903	1.350	0.243	-1.126	0.000000	0.000000
1583202737068	1583202737067	-15.169	-3.406	-1.231	1.439	0.117	-1.268	0.000000	0.000000
1583202737087	1583202737086	-15.900	-3.339	-1.207	1.562	-0.143	-1.447	0.000000	0.000000
1583202737115	1583202737108	-14.795	-2.783	-1.207	1.634	-0.284	-1.674	0.000000	0.000000
1583202737127	1583202737127	-13.519	-2.491	-1.228	1.585	-0.233	-1.897	0.000000	0.000000
1583202737147	1583202737147	-12.419	-2.189	-1.068	1.439	-0.142	-2.169	0.000000	0.000000
1583202737166	1583202737165	-11.482	-1.868	-0.745	1.272	-0.031	-2.478	0.000000	0.000000
1583202737186	1583202737185	-11.142	-1.650	-0.495	1.152	0.109	-2.777	0.000000	0.000000
1583202737206	1583202737205	-11.082	-1.279	-0.313	1.203	0.182	-2.956	0.000000	0.000000
1583202737231	1583202737231	-10.896	-0.474	0.015	1.552	0.141	-2.905	0.000000	0.000000
1583202737250	1583202737250	-10.675	-0.340	0.017	1.563	0.122	-2.644	0.000000	0.000000
1583202737268	1583202737265	-9.801	-0.488	0.283	1.635	0.018	-2.309	0.000000	0.000000
1583202737287	1583202737285	-9.200	-0.002	0.398	1.887	-0.102	-1.860	0.000000	0.000000
1583202737305	1583202737305	-8.507	0.214	0.468	1.849	-0.146	-1.303	0.000000	0.000000
1583202737330	1583202737330	-8.318	0.317	0.429	1.619	-0.169	-0.793	0.000000	0.000000
1583202737346	1583202737346	-8.682	0.602	0.403	1.318	-0.206	-0.330	0.000000	0.000000
1583202737367	1583202737366	-9.303	0.384	0.420	0.933	-0.267	0.090	0.000000	0.000000
1583202737386	1583202737384	-9.707	-0.021	0.338	0.543	-0.352	0.419	0.000000	0.000000
1583202737406	1583202737404	-9.822	-0.459	0.393	0.107	-0.416	0.645	0.000000	0.000000
1583202737426	1583202737426	-9.875	-0.951	0.460	-0.313	-0.480	0.798	0.000000	0.000000
1583202737446	1583202737446	-10.472	-0.871	0.214	-0.603	-0.563	0.909	0.000000	0.000000
1583202737465	1583202737465	-11.494	-0.687	-0.325	-0.870	-0.620	1.009	0.000000	0.000000
1583202737486	1583202737484	-11.284	-0.886	-0.548	-1.172	-0.707	1.092	0.000000	0.000000
1583202737504	1583202737504	-10.539	-1.245	-0.275	-1.417	-0.765	1.165	0.000000	0.000000
1583202737528	1583202737526	-10.979	-1.427	0.240	-1.528	-0.642	1.284	0.000000	0.000000
1583202737549	1583202737549	-11.595	-1.664	0.388	-1.502	-0.436	1.451	0.000000	0.000000
1583202737568	1583202737567	-11.430	-1.758	0.154	-1.402	-0.268	1.642	0.000000	0.000000
1583202737585	1583202737584	-10.953	-1.693	0.060	-1.404	-0.162	1.783	0.000000	0.000000
1583202737606	1583202737603	-10.378	-2.052	0.230	-1.488	-0.091	1.825	0.000000	0.000000
1583202737625	1583202737624	-10.376	-2.199	0.491	-1.481	0.036	1.795	0.000000	0.000000
1583202737649	1583202737649	-10.740	-2.012	0.571	-1.460	0.192	1.761	0.000000	0.000000
1583202737665	1583202737662	-10.735	-1.995	0.705	-1.521	0.335	1.727	0.000000	0.000000
1583202737686	1583202737686	-10.560	-2.383	1.133	-1.568	0.472	1.737	0.000000	0.000000
1583202737705	1583202737703	-10.273	-2.754	1.651	-1.502	0.603	1.774	0.000000	0.000000
1583202737725	1583202737722	-9.686	-2.920	1.993	-1.356	0.728	1.808	0.000000	0.000000
1583202737745	1583202737745	-9.176	-2.900	2.111	-1.233	0.854	1.835	0.000000	0.000000
1583202737769	1583202737762	-9.003	-2.881	2.147	-1.179	0.896	1.831	0.000000	0.000000
1583202737783	1583202737781	-9.197	-3.174	2.360	-1.115	0.876	1.828	0.000000	0.000000
1583202737802	1583202737800	-9.521	-3.727	2.715	-0.931	0.859	1.846	0.000000	0.000000
1583202737824	1583202737821	-9.638	-4.065	3.028	-0.621	0.870	1.852	0.000000	0.000000
1583202737845	1583202737843	-9.482	-4.172	3.057	-0.358	0.870	1.775	0.000000	0.000000
1583202737862	1583202737859	-9.329	-4.319	3.012	-0.216	0.800	1.647	0.000000	0.000000
1583202737883	1583202737879	-9.288	-4.505	2.925	-0.085	0.686	1.491	0.000000	0.000000
1583202737907	1583202737907	-9.200	-4.568	2.873	0.106	0.574	1.253	0.000000	0.000000
1583202737924	1583202737920	-9.322	-4.510	2.643	0.302	0.386	1.009	0.000000	0.000000
1583202737946	1583202737940	-9.779	-4.513	2.319	0.495	0.168	0.773	0.000000	0.000000
1583202737970	1583202737961	-9.954	-4.568	2.168	0.695	-0.008	0.543	0.000000	0.000000
1583202737985	1583202737982	-9.774	-4.541	1.941	0.877	-0.143	0.342	0.000000	0.000000
1583202738003	1583202738000	-9.753	-4.481	1.620	1.081	-0.236	0.182	0.000000	0.000000
1583202738023	1583202738021	-10.172	-4.532	1.375	1.356	-0.273	0.062	0.000000	0.000000
1583202738042	1583202738039	-10.769	-4.426	0.923	1.678	-0.292	-0.056	0.000000	0.000000
1583202738063	1583202738058	-11.916	-4.132	0.120	1.929	-0.357	-0.204	0.000000	0.000000
1583202738082	1583202738078	-13.768	-4.081	-0.728	2.147	-0.470	-0.321	0.000000	0.000000
1583202738101	1583202738098	-15.766	-4.232	-0.946	2.490	-0.534	-0.402	0.000000	0.000000
1583202738121	1583202738118	-15.835	-4.568	0.065	2.958	-0.585	-0.496	0.000000	0.000000
1583202738141	1583202738138	-13.844	-4.424	0.020	3.367	-0.686	-0.726	0.000000	0.000000
1583202738159	1583202738158	-13.495	-3.583	-1.437	3.544	-0.870	-1.048	0.000000	0.000000
1583202738185	1583202738184	-14.537	-2.905	-2.369	3.467	-1.137	-1.372	0.000000	0.000000
1583202738203	1583202738199	-15.021	-2.625	-2.644	3.274	-1.512	-1.715	0.000000	0.000000
1583202738220	1583202738219	-14.803	-2.122	-2.891	3.026	-1.887	-2.101	0.000000	0.000000
1583202738240	1583202738239	-14.060	-1.700	-2.901	2.747	-2.156	-2.497	0.000000	0.000000
1583202738261	1583202738261	-13.097	-1.542	-2.592	2.499	-2.265	-2.859	0.000000	0.000000
1583202738280	1583202738279	-12.302	-1.499	-2.469	2.321	-2.175	-3.135	0.000000	0.000000
1583202738301	1583202738301	-12.067	-1.408	-2.409	2.186	-1.976	-3.259	0.000000	0.000000
1583202738321	1583202738318	-12.139	-1.307	-2.417	2.143	-1.762	-3.220	0.000000	0.000000
1583202738340	1583202738338	-12.031	-1.178	-2.484	2.169	-1.598	-3.055	0.000000	0.000000
1583202738363	1583202738358	-11.672	-1.221	-2.517	2.228	-1.470	-2.757	0.000000	0.000000
1583202738383	1583202738383	-11.219	-1.262	-2.467	2.279	-1.330	-2.365	0.000000	0.000000
1583202738403	1583202738398	-10.843	-1.185	-2.371	2.285	-1.182	-1.938	0.000000	0.000000
1583202738421	1583202738421	-10.426	-1.020	-2.309	2.195	-1.038	-1.553	0.000000	0.000000
1583202738439	1583202738438	-9.983	-0.922	-2.203	1.999	-0.906	-1.251	0.000000	0.000000
1583202738460	1583202738458	-9.259	-1.018	-2.024	1.734	-0.807	-1.070	0.000000	0.000000
1583202738480	1583202738478	-8.802	-1.087	-1.839	1.456	-0.714	-0.996	0.000000	0.000000
1583202738501	1583202738498	-9.197	-1.039	-1.552	1.212	-0.587	-0.987	0.000000	0.000000
1583202738520	1583202738519	-9.777	-0.869	-1.219	1.008	-0.446	-0.994	0.000000	0.000000
1583202738545	1583202738541	-10.165	-0.735	-0.771	0.805	-0.281	-0.960	0.000000	0.000000
1583202738559	1583202738557	-10.086	-0.615	-0.318	0.620	-0.110	-0.876	0.000000	0.000000
1583202738584	1583202738582	-10.316	-0.237	-0.297	0.441	0.075	-0.764	0.000000	0.000000
1583202738599	1583202738598	-10.491	0.333	-0.328	0.163	0.239	-0.632	0.000000	0.000000
1583202738621	1583202738617	-10.036	0.635	-0.036	-0.268	0.364	-0.456	0.000000	0.000000
1583202738638	1583202738637	-8.792	0.575	0.561	-0.778	0.503	-0.255	0.000000	0.000000
1583202738658	1583202738657	-7.693	0.264	1.244	-1.183	0.733	-0.062	0.000000	0.000000
1583202738680	1583202738680	-7.827	-0.153	1.828	-1.268	1.058	0.083	0.000000	0.000000
1583202738701	1583202738700	-8.490	-0.464	2.355	-0.985	1.414	0.259	0.000000	0.000000
1583202738720	1583202738717	-9.319	-0.687	2.683	-0.553	1.742	0.505	0.000000	0.000000
1583202738739	1583202738737	-9.772	-0.503	2.715	-0.211	1.960	0.744	0.000000	0.000000
1583202738759	1583202738756	-9.774	-0.359	2.686	-0.162	2.067	0.952	0.000000	0.000000
1583202738782	1583202738777	-9.341	-0.503	2.750	-0.308	2.072	1.159	0.000000	0.000000
1583202738797	1583202738797	-8.754	-0.821	3.186	-0.497	2.030	1.378	0.000000	0.000000
1583202738819	1583202738817	-8.399	-1.104	3.591	-0.643	1.964	1.565	0.000000	0.000000
1583202738837	1583202738835	-8.404	-1.389	3.342	-0.781	1.798	1.694	0.000000	0.000000
1583202738858	1583202738855	-8.728	-1.533	2.968	-0.960	1.546	1.770	0.000000	0.000000
1583202738877	1583202738877	-9.233	-1.775	2.679	-1.134	1.275	1.821	0.000000	0.000000
1583202738899	1583202738896	-9.722	-2.287	2.568	-1.208	1.027	1.863	0.000000	0.000000
1583202738924	1583202738921	-10.165	-2.826	2.683	-1.125	0.857	1.948	0.000000	0.000000
1583202738942	1583202738936	-10.563	-3.454	2.750	-0.950	0.793	2.044	0.000000	0.000000
1583202738956	1583202738955	-10.879	-3.875	2.829	-0.719	0.812	2.045	0.000000	0.000000
1583202738978	1583202738976	-10.931	-3.926	3.007	-0.540	0.892	1.935	0.000000	0.000000
1583202738997	1583202738996	-10.912	-4.187	3.134	-0.439	0.975	1.792	0.000000	0.000000
1583202739016	1583202739016	-10.658	-4.192	3.033	-0.369	0.961	1.595	0.000000	0.000000
1583202739040	1583202739037	-11.042	-4.108	2.501	-0.354	0.777	1.321	0.000000	0.000000
1583202739056	1583202739055	-11.859	-3.926	1.955	-0.380	0.504	0.944	0.000000	0.000000
1583202739082	1583202739078	-12.314	-3.828	1.569	-0.416	0.234	0.535	0.000000	0.000000
1583202739097	1583202739097	-12.501	-4.010	1.208	-0.500	-0.000	0.141	0.000000	0.000000
1583202739117	1583202739117	-12.992	-4.223	0.630	-0.528	-0.218	-0.202	0.000000	0.000000
1583202739142	1583202739137	-13.430	-4.321	0.374	-0.395	-0.338	-0.449	0.000000	0.000000
1583202739155	1583202739155	-14.053	-4.264	0.285	-0.076	-0.376	-0.611	0.000000	0.000000
1583202739176	1583202739174	-13.265	-4.163	0.951	0.382	-0.307	-0.733	0.000000	0.000000
1583202739197	1583202739195	-12.076	-3.851	0.743	0.743	-0.317	-0.898	0.000000	0.000000
1583202739226	1583202739220	-12.539	-3.439	-0.323	0.956	-0.432	-1.082	0.000000	0.000000
1583202739238	1583202739234	-13.243	-3.360	-0.615	1.163	-0.560	-1.234	0.000000	0.000000
1583202739264	1583202739264	-13.150	-3.157	-0.567	1.370	-0.713	-1.399	0.000000	0.000000
1583202739276	1583202739274	-12.786	-2.800	-0.646	1.509	-0.863	-1.592	0.000000	0.000000
1583202739295	1583202739294	-12.141	-2.285	-0.553	1.614	-0.972	-1.807	0.000000	0.000000
1583202739316	1583202739316	-11.753	-2.170	-0.572	1.485	-1.021	-2.040	0.000000	0.000000
1583202739339	1583202739334	-11.614	-1.973	-0.529	1.321	-1.052	-2.329	0.000000	0.000000
1583202739356	1583202739355	-11.523	-1.549	-0.445	1.246	-1.058	-2.620	0.000000	0.000000
1583202739376	1583202739374	-11.744	-1.171	-0.543	1.168	-1.063	-2.859	0.000000	0.000000
1583202739394	1583202739394	-12.074	-0.749	-0.687	1.056	-1.093	-2.992	0.000000	0.000000
1583202739417	1583202739414	-12.060	-0.507	-0.819	0.995	-1.177	-3.030	0.000000	0.000000
1583202739436	1583202739433	-11.427	0.123	-0.737	1.066	-1.305	-2.919	0.000000	0.000000
1583202739456	1583202739456	-10.670	0.506	-0.591	0.978	-1.348	-2.660	0.000000	0.000000
1583202739475	1583202739474	-9.688	0.568	-0.438	0.794	-1.352	-2.432	0.000000	0.000000
1583202739494	1583202739493	-8.577	0.949	-0.244	0.606	-1.290	-2.126	0.000000	0.000000
1583202739517	1583202739517	-7.408	1.208	-0.095	0.350	-1.155	-1.747	0.000000	0.000000
1583202739541	1583202739541	-6.387	1.392	-0.158	0.020	-1.022	-1.376	0.000000	0.000000
1583202739555	1583202739554	-6.217	1.610	-0.127	-0.288	-0.866	-0.964	0.000000	0.000000
1583202739577	1583202739573	-6.536	1.713	0.180	-0.557	-0.690	-0.456	0.000000	0.000000
1583202739595	1583202739594	-7.171	1.404	0.815	-0.912	-0.449	0.161	0.000000	0.000000
1583202739614	1583202739613	-7.554	0.635	1.136	-1.497	-0.172	0.745	0.000000	0.000000
1583202739638	1583202739638	-8.512	0.492	0.817	-2.002	0.016	1.351	0.000000	0.000000
1583202739658	1583202739653	-10.151	0.506	0.204	-2.419	0.064	1.986	0.000000	0.000000
1583202739676	1583202739673	-12.115	0.115	-0.510	-2.865	0.006	2.599	0.000000	0.000000
1583202739693	1583202739693	-12.630	-1.039	-0.328	-3.241	-0.138	3.126	0.000000	0.000000
1583202739714	1583202739712	-11.674	-3.001	0.245	-3.304	-0.182	3.564	0.000000	0.000000
1583202739738	1583202739738	-11.856	-4.120	0.695	-2.689	-0.013	3.916	0.000000	0.000000
1583202739753	1583202739752	-12.726	-3.971	1.272	-1.722	0.200	4.083	0.000000	0.000000
1583202739772	1583202739771	-13.859	-3.760	1.213	-1.028	0.457	4.104	0.000000	0.000000
1583202739793	1583202739791	-14.369	-3.243	0.793	-0.798	0.734	3.825	0.000000	0.000000
1583202739814	1583202739812	-13.370	-2.682	0.434	-1.053	0.815	3.218	0.000000	0.000000
1583202739834	1583202739834	-11.801	-2.733	0.096	-1.560	0.586	2.589	0.000000	0.000000
1583202739854	1583202739854	-10.182	-3.032	-0.242	-2.067	0.194	2.021	0.000000	0.000000
1583202739875	1583202739873	-8.979	-3.233	-0.529	-2.438	-0.139	1.494	0.000000	0.000000
1583202739893	1583202739891	-8.744	-3.404	-0.728	-2.609	-0.259	1.107	0.000000	0.000000
1583202739912	1583202739911	-8.905	-3.468	-0.884	-2.605	-0.292	0.844	0.000000	0.000000
1583202739937	1583202739931	-9.051	-3.485	-0.960	-2.450	-0.331	0.690	0.000000	0.000000
1583202739971	1583202739961	-9.195	-3.332	-0.699	-2.207	-0.305	0.661	0.000000	0.000000
1583202739974	1583202739972	-9.501	-3.269	-0.227	-1.931	-0.177	0.763	0.000000	0.000000
1583202739997	1583202739997	-9.597	-3.339	0.333	-1.672	0.022	0.971	0.000000	0.000000
1583202740013	1583202740011	-9.394	-3.665	1.045	-1.443	0.190	1.212	0.000000	0.000000
1583202740034	1583202740031	-9.111	-4.254	1.730	-1.163	0.415	1.420	0.000000	0.000000
1583202740055	1583202740051	-9.511	-4.726	2.243	-0.778	0.726	1.587	0.000000	0.000000
1583202740075	1583202740071	-10.311	-4.982	2.401	-0.378	0.897	1.684	0.000000	0.000000
1583202740092	1583202740091	-11.238	-5.092	2.166	-0.088	0.874	1.709	0.000000	0.000000
1583202740112	1583202740111	-12.259	-5.435	1.819	0.064	0.761	1.658	0.000000	0.000000
1583202740133	1583202740130	-12.920	-5.933	1.687	0.211	0.666	1.451	0.000000	0.000000
1583202740152	1583202740152	-13.322	-6.300	1.409	0.389	0.518	1.086	0.000000	0.000000
1583202740172	1583202740171	-12.323	-6.228	1.490	0.613	0.394	0.534	0.000000	0.000000
1583202740193	1583202740192	-11.612	-5.674	1.423	0.808	0.202	-0.103	0.000000	0.000000
1583202740211	1583202740210	-11.648	-5.296	1.330	1.081	-0.030	-0.628	0.000000	0.000000
1583202740231	1583202740230	-11.722	-5.217	1.157	1.493	-0.213	-1.040	0.000000	0.000000
1583202740253	1583202740251	-13.310	-4.573	0.161	1.928	-0.487	-1.365	0.000000	0.000000
1583202740277	1583202740272	-15.722	-3.928	-0.898	2.329	-0.742	-1.627	0.000000	0.000000
1583202740291	1583202740291	-16.432	-3.231	-1.504	2.568	-1.031	-1.889	0.000000	0.000000
1583202740312	1583202740312	-15.449	-2.493	-1.916	2.499	-1.370	-2.252	0.000000	0.000000
1583202740333	1583202740330	-13.526	-2.024	-1.914	2.285	-1.588	-2.676	0.000000	0.000000
1583202740351	1583202740349	-11.921	-1.688	-1.629	2.061	-1.576	-3.071	0.000000	0.000000
1583202740376	1583202740376	-11.310	-1.482	-1.430	1.853	-1.364	-3.395	0.000000	0.000000
1583202740390	1583202740390	-11.164	-1.588	-1.346	1.777	-1.091	-3.614	0.000000	0.000000
1583202740413	1583202740411	-11.403	-1.504	-1.329	1.857	-0.821	-3.691	0.000000	0.000000
1583202740430	1583202740429	-11.547	-1.324	-1.432	2.026	-0.625	-3.613	0.000000	0.000000
1583202740453	1583202740449	-11.652	-1.097	-1.502	2.253	-0.501	-3.373	0.000000	0.000000
1583202740474	1583202740474	-11.233	-0.797	-1.346	2.486	-0.473	-3.031	0.000000	0.000000
1583202740493	1583202740490	-10.534	-0.524	-1.025	2.661	-0.499	-2.662	0.000000	0.000000
1583202740512	1583202740511	-9.729	-0.026	-0.778	2.678	-0.538	-2.275	0.000000	0.000000
1583202740531	1583202740528	-9.039	0.319	-0.764	2.409	-0.576	-1.946	0.000000	0.000000
1583202740549	1583202740549	-8.455	0.662	-0.776	1.927	-0.615	-1.704	0.000000	0.000000
1583202740569	1583202740568	-8.306	0.839	-0.771	1.329	-0.626	-1.488	0.000000	0.000000
1583202740592	1583202740592	-8.869	0.863	-0.675	0.746	-0.598	-1.261	0.000000	0.000000
1583202740611	1583202740611	-9.473	0.678	-0.613	0.311	-0.531	-0.976	0.000000	0.000000
1583202740629	1583202740628	-9.267	0.556	-0.510	0.004	-0.385	-0.610	0.000000	0.000000
1583202740649	1583202740648	-9.061	0.654	-0.361	-0.333	-0.168	-0.238	0.000000	0.000000
1583202740672	1583202740672	-9.032	0.384	0.077	-0.786	0.075	0.128	0.000000	0.000000
1583202740694	1583202740693	-9.861	0.051	0.350	-1.118	0.338	0.521	0.000000	0.000000
1583202740708	1583202740708	-11.193	-0.215	0.309	-1.250	0.611	0.957	0.000000	0.000000
1583202740731	1583202740731	-11.121	-0.517	0.460	-1.316	0.829	1.377	0.000000	0.000000
1583202740750	1583202740748	-10.357	-1.008	0.915	-1.471	0.973	1.688	0.000000	0.000000
1583202740769	1583202740767	-9.949	-1.839	1.347	-1.557	1.121	1.862	0.000000	0.000000
1583202740789	1583202740789	-10.069	-2.246	1.622	-1.280	1.284	1.940	0.000000	0.000000
1583202740811	1583202740809	-9.767	-1.743	1.979	-0.845	1.393	1.973	0.000000	0.000000
1583202740828	1583202740828	-9.933	-1.640	1.929	-0.741	1.449	1.960	0.000000	0.000000
1583202740849	1583202740847	-9.851	-1.470	1.534	-0.850	1.323	1.852	0.000000	0.000000
1583202740868	1583202740868	-9.600	-1.269	1.277	-1.050	1.025	1.804	0.000000	0.000000
1583202740893	1583202740893	-9.501	-1.286	0.889	-1.417	0.677	1.819	0.000000	0.000000
1583202740908	1583202740908	-9.669	-1.631	0.726	-1.810	0.403	1.904	0.000000	0.000000
1583202740932	1583202740932	-9.942	-2.100	0.499	-2.128	0.195	2.027	0.000000	0.000000
1583202740948	1583202740947	-10.304	-2.613	0.341	-2.188	0.050	2.200	0.000000	0.000000
1583202740968	1583202740967	-10.560	-3.078	0.285	-2.116	0.002	2.389	0.000000	0.000000
1583202741003	1583202741003	-10.718	-3.839	0.235	-1.997	0.069	2.519	0.000000	0.000000
1583202741012	1583202741012	-10.773	-4.381	0.396	-1.718	0.277	2.517	0.000000	0.000000
1583202741028	1583202741027	-10.713	-4.570	0.753	-1.401	0.548	2.398	0.000000	0.000000
1583202741048	1583202741046	-10.443	-4.465	0.760	-1.242	0.721	2.197	0.000000	0.000000
1583202741068	1583202741066	-10.369	-4.793	1.071	-0.945	0.844	1.961	0.000000	0.000000
1583202741088	1583202741086	-10.464	-4.824	1.502	-0.675	0.916	1.666	0.000000	0.000000
1583202741117	1583202741114	-11.188	-4.908	1.699	-0.483	0.872	1.328	0.000000	0.000000
1583202741128	1583202741126	-12.129	-5.066	1.756	-0.316	0.740	1.021	0.000000	0.000000
1583202741154	1583202741153	-12.419	-5.140	1.797	-0.189	0.596	0.751	0.000000	0.000000
1583202741168	1583202741166	-12.242	-5.296	1.622	-0.078	0.412	0.479	0.000000	0.000000
1583202741188	1583202741186	-11.897	-5.138	1.239	0.024	0.169	0.188	0.000000	0.000000
1583202741208	1583202741206	-11.779	-5.071	0.796	0.120	-0.038	-0.118	0.000000	0.000000
1583202741232	1583202741226	-12.589	-5.231	0.348	0.396	-0.182	-0.377	0.000000	0.000000
1583202741251	1583202741249	-13.746	-5.449	0.506	1.023	-0.245	-0.505	0.000000	0.000000
1583202741268	1583202741266	-13.887	-5.198	0.671	1.836	-0.255	-0.590	0.000000	0.000000
1583202741288	1583202741286	-14.896	-4.640	-0.107	2.495	-0.386	-0.715	0.000000	0.000000
1583202741308	1583202741306	-15.227	-3.250	-1.049	3.180	-0.619	-0.828	0.000000	0.000000
1583202741328	1583202741327	-14.345	-1.813	-1.324	3.682	-0.883	-0.928	0.000000	0.000000
1583202741348	1583202741346	-13.497	-2.084	-0.965	3.326	-1.106	-1.125	0.000000	0.000000
1583202741368	1583202741367	-12.273	-1.902	-0.884	2.710	-1.346	-1.519	0.000000	0.000000
1583202741388	1583202741386	-10.939	-1.858	-1.147	2.208	-1.484	-1.923	0.000000	0.000000
1583202741407	1583202741406	-10.833	-1.784	-1.173	2.153	-1.514	-2.222	0.000000	0.000000
1583202741428	1583202741427	-10.951	-1.494	-0.939	2.289	-1.470	-2.444	0.000000	0.000000
1583202741450	1583202741450	-11.205	-1.722	-0.934	2.278	-1.409	-2.564	0.000000	0.000000
1583202741470	1583202741466	-11.504	-1.571	-1.003	2.375	-1.393	-2.516	0.000000	0.000000
1583202741488	1583202741487	-11.511	-1.180	-1.099	2.436	-1.428	-2.348	0.000000	0.000000
1583202741507	1583202741506	-11.252	-1.068	-1.092	2.411	-1.473	-2.108	0.000000	0.000000
1583202741529	1583202741528	-10.948	-0.831	-1.056	2.315	-1.521	-1.858	0.000000	0.000000
1583202741547	1583202741546	-10.816	-0.543	-1.116	2.053	-1.577	-1.664	0.000000	0.000000
1583202741570	1583202741568	-10.582	-0.407	-1.195	1.654	-1.663	-1.549	0.000000	0.000000
