1580057182862	1580057182862	1.151	8.013	5.117	-0.356	0.039	-0.031	0.000000	0.000000
1580057182873	1580057182872	1.166	8.030	5.196	-0.381	0.013	-0.058	0.000000	0.000000
1580057182918	1580057182918	1.209	8.016	5.357	-0.369	0.012	-0.068	0.000000	0.000000
1580057182919	1580057182918	1.149	7.994	5.493	-0.354	-0.006	-0.061	0.000000	0.000000
1580057182933	1580057182932	1.106	7.989	5.424	-0.317	-0.042	-0.051	0.000000	0.000000
1580057182954	1580057182953	1.151	7.920	5.460	-0.270	-0.034	-0.026	0.000000	0.000000
1580057182978	1580057182977	1.135	7.877	5.450	-0.216	-0.016	-0.004	0.000000	0.000000
1580057182995	1580057182994	1.123	7.843	5.498	-0.173	-0.009	0.005	0.000000	0.000000
1580057183012	1580057183011	1.118	7.846	5.491	-0.111	-0.009	0.008	0.000000	0.000000
1580057183051	1580057183052	1.099	7.810	5.417	0.037	0.010	0.014	0.000000	0.000000
1580057183056	1580057183053	1.094	7.810	5.345	0.253	-0.014	0.014	0.000000	0.000000
1580057183072	1580057183070	1.072	7.877	5.381	0.429	0.037	0.001	0.000000	0.000000
1580057183094	1580057183093	1.070	7.958	5.350	0.552	0.042	-0.004	0.000000	0.000000
1580057183134	1580057183134	1.068	8.021	5.235	0.632	0.031	-0.003	0.000000	0.000000
1580057183148	1580057183134	1.104	8.090	5.029	0.698	0.032	-0.008	0.000000	0.000000
1580057183153	1580057183153	1.137	8.193	4.945	0.701	0.048	-0.022	0.000000	0.000000
1580057183180	1580057183180	1.149	8.327	4.952	0.651	0.039	-0.030	0.000000	0.000000
1580057183199	1580057183195	1.159	8.378	4.758	0.600	0.025	-0.017	0.000000	0.000000
1580057183217	1580057183217	1.163	8.394	4.576	0.572	0.017	-0.002	0.000000	0.000000
1580057183232	1580057183229	1.151	8.466	4.518	0.566	0.008	0.007	0.000000	0.000000
1580057183252	1580057183252	1.154	8.509	4.413	0.587	0.014	0.013	0.000000	0.000000
1580057183270	1580057183269	1.123	8.528	4.200	0.599	-0.008	0.018	0.000000	0.000000
1580057183290	1580057183289	1.106	8.612	4.159	0.608	-0.001	0.007	0.000000	0.000000
1580057183311	1580057183309	1.070	8.653	4.111	0.611	-0.002	-0.011	0.000000	0.000000
1580057183330	1580057183329	1.127	8.691	3.931	0.565	0.018	-0.030	0.000000	0.000000
1580057183350	1580057183349	1.130	8.754	3.795	0.501	0.030	-0.038	0.000000	0.000000
1580057183376	1580057183375	1.104	8.833	3.792	0.389	0.020	-0.037	0.000000	0.000000
1580057183432	1580057183432	1.075	8.933	3.903	0.195	0.020	-0.022	0.000000	0.000000
1580057183433	1580057183433	1.044	8.948	3.955	-0.102	0.004	-0.002	0.000000	0.000000
1580057183433	1580057183433	1.029	8.905	4.085	-0.473	0.001	0.010	0.000000	0.000000
1580057183450	1580057183448	1.065	8.785	4.173	-0.829	-0.005	0.015	0.000000	0.000000
1580057183469	1580057183468	1.135	8.651	4.202	-1.144	-0.014	0.016	0.000000	0.000000
1580057183489	1580057183488	1.144	8.514	4.502	-1.398	-0.003	0.012	0.000000	0.000000
1580057183509	1580057183508	1.166	8.342	4.815	-1.587	-0.005	0.001	0.000000	0.000000
1580057183529	1580057183528	1.211	8.148	5.108	-1.676	-0.016	-0.013	0.000000	0.000000
1580057183555	1580057183554	1.197	7.973	5.292	-1.652	-0.054	-0.021	0.000000	0.000000
1580057183580	1580057183579	1.197	7.815	5.472	-1.515	-0.086	-0.018	0.000000	0.000000
1580057183589	1580057183587	1.111	7.613	5.472	-1.325	-0.096	-0.011	0.000000	0.000000
1580057183609	1580057183607	1.192	7.486	5.838	-1.126	-0.050	-0.026	0.000000	0.000000
1580057183634	1580057183627	1.118	7.374	6.303	-1.102	-0.042	-0.024	0.000000	0.000000
1580057183649	1580057183648	1.063	7.271	6.193	-0.976	-0.097	-0.022	0.000000	0.000000
1580057183671	1580057183670	1.044	7.070	6.095	-0.867	-0.109	-0.028	0.000000	0.000000
1580057183696	1580057183695	1.096	7.007	6.442	-0.719	-0.018	-0.043	0.000000	0.000000
1580057183713	1580057183712	1.070	6.964	6.356	-0.505	-0.091	-0.043	0.000000	0.000000
1580057183728	1580057183727	1.024	6.931	6.257	-0.279	-0.076	-0.035	0.000000	0.000000
1580057183754	1580057183752	1.013	6.878	6.241	-0.033	-0.037	-0.026	0.000000	0.000000
1580057183774	1580057183771	1.013	6.931	6.497	0.299	0.017	-0.014	0.000000	0.000000
1580057183798	1580057183787	0.948	7.038	6.475	0.652	0.023	0.010	0.000000	0.000000
1580057183808	1580057183807	0.969	7.132	6.303	0.932	0.086	0.028	0.000000	0.000000
1580057183828	1580057183826	1.017	7.242	6.157	1.124	0.095	0.023	0.000000	0.000000
1580057183849	1580057183847	1.082	7.422	6.169	1.184	0.088	0.006	0.000000	0.000000
1580057183868	1580057183866	1.159	7.601	5.939	1.214	0.082	0.000	0.000000	0.000000
1580057183889	1580057183888	1.202	7.764	5.668	1.197	0.084	0.003	0.000000	0.000000
1580057183908	1580057183906	1.166	7.877	5.462	1.153	0.080	0.008	0.000000	0.000000
1580057183928	1580057183926	1.166	7.966	5.273	1.139	0.079	0.006	0.000000	0.000000
1580057183950	1580057183946	1.139	8.119	5.067	1.149	0.060	0.000	0.000000	0.000000
1580057183971	1580057183966	1.144	8.236	4.837	1.125	0.046	-0.004	0.000000	0.000000
1580057183987	1580057183985	1.123	8.318	4.552	1.105	0.051	-0.019	0.000000	0.000000
1580057184009	1580057184008	1.080	8.457	4.427	1.048	0.049	-0.036	0.000000	0.000000
1580057184027	1580057184025	1.053	8.586	4.461	0.952	0.066	-0.051	0.000000	0.000000
1580057184047	1580057184045	1.029	8.658	4.183	0.870	0.041	-0.052	0.000000	0.000000
1580057184066	1580057184065	1.041	8.725	3.936	0.768	0.055	-0.051	0.000000	0.000000
1580057184090	1580057184089	1.039	8.778	3.881	0.654	0.055	-0.046	0.000000	0.000000
1580057184108	1580057184106	0.957	8.818	3.809	0.538	0.046	-0.048	0.000000	0.000000
1580057184127	1580057184127	0.933	8.888	3.761	0.389	0.046	-0.055	0.000000	0.000000
1580057184146	1580057184145	0.936	8.905	3.725	0.229	0.035	-0.054	0.000000	0.000000
1580057184166	1580057184165	0.924	8.926	3.788	0.053	0.045	-0.053	0.000000	0.000000
1580057184186	1580057184186	0.943	8.955	3.881	-0.116	0.044	-0.048	0.000000	0.000000
1580057184206	1580057184205	0.893	8.960	4.044	-0.307	0.018	-0.035	0.000000	0.000000
1580057184226	1580057184225	0.862	8.933	4.183	-0.546	-0.008	-0.021	0.000000	0.000000
1580057184246	1580057184245	0.854	8.849	4.214	-0.801	-0.028	-0.007	0.000000	0.000000
1580057184266	1580057184264	0.902	8.758	4.379	-1.039	-0.040	0.005	0.000000	0.000000
1580057184291	1580057184291	0.965	8.634	4.609	-1.247	-0.039	0.021	0.000000	0.000000
1580057184310	1580057184307	1.029	8.413	4.595	-1.363	-0.075	0.034	0.000000	0.000000
1580057184327	1580057184326	1.032	8.236	4.791	-1.360	-0.085	0.030	0.000000	0.000000
1580057184346	1580057184344	1.075	8.073	5.065	-1.281	-0.072	0.014	0.000000	0.000000
1580057184374	1580057184374	1.096	7.963	5.139	-1.117	-0.099	0.007	0.000000	0.000000
1580057184385	1580057184384	1.017	7.865	5.345	-0.976	-0.084	0.008	0.000000	0.000000
1580057184416	1580057184416	0.989	7.776	5.438	-0.822	-0.072	0.008	0.000000	0.000000
1580057184430	1580057184429	0.972	7.685	5.359	-0.622	-0.057	0.003	0.000000	0.000000
1580057184445	1580057184444	0.945	7.623	5.359	-0.409	-0.039	-0.006	0.000000	0.000000
1580057184465	1580057184464	0.989	7.657	5.290	-0.135	-0.042	-0.014	0.000000	0.000000
1580057184488	1580057184484	0.950	7.657	5.366	0.175	-0.017	-0.004	0.000000	0.000000
1580057184512	1580057184510	0.953	7.697	5.517	0.455	0.030	0.007	0.000000	0.000000
1580057184526	1580057184525	0.941	7.760	5.536	0.687	0.057	0.012	0.000000	0.000000
1580057184545	1580057184545	0.996	7.877	5.443	0.869	0.072	0.008	0.000000	0.000000
1580057184565	1580057184564	1.036	8.025	5.388	1.027	0.059	0.014	0.000000	0.000000
1580057184585	1580057184585	0.974	8.119	5.199	1.133	0.039	0.023	0.000000	0.000000
1580057184606	1580057184604	1.013	8.239	4.933	1.141	0.050	0.014	0.000000	0.000000
1580057184629	1580057184623	1.020	8.349	4.820	1.097	0.068	0.005	0.000000	0.000000
1580057184646	1580057184646	1.022	8.471	4.619	1.037	0.072	-0.007	0.000000	0.000000
1580057184665	1580057184663	1.034	8.608	4.442	0.986	0.054	-0.010	0.000000	0.000000
1580057184686	1580057184684	1.063	8.711	4.176	0.958	0.005	0.003	0.000000	0.000000
1580057184713	1580057184713	1.060	8.694	3.915	0.885	0.015	0.013	0.000000	0.000000
1580057184733	1580057184727	1.022	8.770	3.874	0.806	0.044	0.001	0.000000	0.000000
1580057184746	1580057184742	0.991	8.830	3.687	0.709	0.015	-0.018	0.000000	0.000000
1580057184764	1580057184762	0.974	8.926	3.546	0.575	0.010	-0.031	0.000000	0.000000
1580057184784	1580057184782	0.950	8.996	3.582	0.408	0.028	-0.035	0.000000	0.000000
1580057184804	1580057184803	0.931	9.024	3.682	0.221	0.031	-0.033	0.000000	0.000000
1580057184824	1580057184822	0.888	9.012	3.656	0.042	0.027	-0.033	0.000000	0.000000
1580057184844	1580057184843	0.895	9.027	3.656	-0.148	0.022	-0.035	0.000000	0.000000
1580057184866	1580057184864	0.912	9.022	3.747	-0.297	0.006	-0.022	0.000000	0.000000
1580057184884	1580057184883	0.881	8.991	3.692	-0.443	-0.031	0.002	0.000000	0.000000
1580057184909	1580057184905	0.929	8.931	3.838	-0.594	-0.012	0.022	0.000000	0.000000
1580057184928	1580057184925	0.962	8.821	3.836	-0.706	-0.025	0.033	0.000000	0.000000
1580057184943	1580057184941	0.967	8.713	3.955	-0.756	-0.023	0.034	0.000000	0.000000
1580057184963	1580057184961	0.981	8.622	4.054	-0.746	-0.032	0.025	0.000000	0.000000
1580057184983	1580057184981	1.041	8.569	4.255	-0.726	-0.011	0.015	0.000000	0.000000
1580057185003	1580057185001	0.989	8.526	4.437	-0.688	-0.031	0.015	0.000000	0.000000
1580057185042	1580057185041	1.010	8.483	4.528	-0.640	-0.040	0.010	0.000000	0.000000
1580057185050	1580057185048	1.022	8.418	4.576	-0.550	-0.053	0.009	0.000000	0.000000
1580057185067	1580057185062	0.974	8.356	4.609	-0.438	-0.037	0.013	0.000000	0.000000
1580057185084	1580057185083	0.972	8.361	4.566	-0.309	-0.023	0.018	0.000000	0.000000
1580057185106	1580057185106	1.010	8.325	4.492	-0.148	-0.019	0.027	0.000000	0.000000
1580057185123	1580057185121	1.010	8.282	4.387	-0.004	-0.034	0.031	0.000000	0.000000
1580057185142	1580057185141	1.020	8.272	4.458	0.067	-0.008	0.019	0.000000	0.000000
1580057185162	1580057185161	1.051	8.284	4.542	0.084	0.022	0.000	0.000000	0.000000
1580057185182	1580057185180	1.068	8.337	4.705	0.033	0.025	-0.021	0.000000	0.000000
1580057185208	1580057185208	1.032	8.421	4.950	-0.119	-0.001	-0.028	0.000000	0.000000
1580057185225	1580057185222	1.005	8.392	5.144	-0.346	-0.006	-0.019	0.000000	0.000000
1580057185242	1580057185240	0.977	8.334	5.316	-0.575	-0.009	-0.011	0.000000	0.000000
1580057185265	1580057185263	1.029	8.224	5.254	-0.753	-0.053	-0.001	0.000000	0.000000
1580057185283	1580057185281	1.034	8.095	5.304	-0.848	-0.050	0.014	0.000000	0.000000
1580057185302	1580057185300	1.051	7.989	5.443	-0.884	-0.059	0.024	0.000000	0.000000
1580057185322	1580057185320	1.015	7.886	5.541	-0.809	-0.070	0.030	0.000000	0.000000
1580057185341	1580057185340	1.010	7.750	5.647	-0.675	-0.037	0.034	0.000000	0.000000
1580057185361	1580057185360	0.981	7.688	5.548	-0.444	-0.041	0.029	0.000000	0.000000
1580057185381	1580057185380	0.967	7.692	5.515	-0.148	-0.014	0.021	0.000000	0.000000
1580057185402	1580057185400	0.989	7.733	5.345	0.160	0.001	0.021	0.000000	0.000000
1580057185422	1580057185420	1.046	7.750	5.074	0.420	-0.008	0.026	0.000000	0.000000
1580057185449	1580057185446	1.039	7.767	5.153	0.605	0.039	0.011	0.000000	0.000000
1580057185467	1580057185465	1.089	7.910	5.244	0.705	0.087	-0.015	0.000000	0.000000
1580057185483	1580057185483	1.082	8.047	5.235	0.731	0.071	-0.025	0.000000	0.000000
1580057185501	1580057185499	1.089	8.133	5.227	0.655	0.074	-0.024	0.000000	0.000000
1580057185520	1580057185519	1.089	8.172	5.139	0.564	0.071	-0.019	0.000000	0.000000
1580057185540	1580057185539	1.104	8.255	5.081	0.475	0.057	-0.016	0.000000	0.000000
1580057185561	1580057185560	1.017	8.284	4.923	0.442	0.040	-0.008	0.000000	0.000000
1580057185584	1580057185582	0.981	8.258	4.672	0.470	0.030	-0.004	0.000000	0.000000
1580057185602	1580057185601	1.008	8.313	4.650	0.494	0.027	-0.013	0.000000	0.000000
1580057185623	1580057185622	0.993	8.435	4.533	0.499	0.023	-0.018	0.000000	0.000000
1580057185642	1580057185642	0.984	8.488	4.439	0.515	0.055	-0.015	0.000000	0.000000
1580057185662	1580057185659	0.991	8.545	4.473	0.501	0.040	-0.003	0.000000	0.000000
1580057185682	1580057185682	1.029	8.619	4.391	0.408	-0.005	0.011	0.000000	0.000000
1580057185700	1580057185698	0.953	8.591	4.348	0.263	-0.019	0.027	0.000000	0.000000
1580057185720	1580057185718	0.960	8.591	4.279	0.121	-0.001	0.012	0.000000	0.000000
1580057185742	1580057185740	0.993	8.555	3.946	0.045	0.054	-0.003	0.000000	0.000000
1580057185762	1580057185760	1.080	8.574	4.166	0.047	0.104	-0.014	0.000000	0.000000
1580057185781	1580057185780	1.092	8.555	4.274	0.157	0.040	-0.007	0.000000	0.000000
1580057185800	1580057185800	1.013	8.505	3.934	0.370	-0.020	-0.007	0.000000	0.000000
1580057185822	1580057185820	1.015	8.596	4.078	0.554	0.021	-0.033	0.000000	0.000000
1580057185842	1580057185841	0.974	8.761	4.027	0.685	0.025	-0.043	0.000000	0.000000
1580057185865	1580057185859	0.986	8.809	3.807	0.731	0.010	-0.040	0.000000	0.000000
1580057185884	1580057185884	0.953	8.873	3.754	0.688	0.028	-0.041	0.000000	0.000000
1580057185900	1580057185899	0.924	8.938	3.634	0.607	0.020	-0.040	0.000000	0.000000
1580057185920	1580057185919	0.886	9.000	3.536	0.498	0.024	-0.039	0.000000	0.000000
1580057185941	1580057185940	0.864	9.063	3.682	0.325	0.039	-0.033	0.000000	0.000000
1580057185961	1580057185960	0.854	9.067	3.622	0.173	0.015	-0.024	0.000000	0.000000
1580057185981	1580057185980	0.854	9.029	3.567	0.080	0.018	-0.020	0.000000	0.000000
1580057186002	1580057186000	0.900	8.998	3.527	0.024	0.016	-0.019	0.000000	0.000000
1580057186021	1580057186021	0.950	9.005	3.462	0.031	0.023	-0.024	0.000000	0.000000
1580057186039	1580057186039	0.917	8.991	3.321	0.095	-0.003	-0.016	0.000000	0.000000
1580057186070	1580057186062	0.838	8.998	3.388	0.096	0.024	-0.024	0.000000	0.000000
1580057186081	1580057186079	0.804	9.103	3.503	0.026	0.037	-0.041	0.000000	0.000000
1580057186107	1580057186107	0.828	9.187	3.565	-0.108	0.020	-0.036	0.000000	0.000000
1580057186120	1580057186118	0.790	9.120	3.551	-0.298	-0.019	-0.002	0.000000	0.000000
1580057186139	1580057186139	0.761	9.027	3.610	-0.487	-0.026	0.021	0.000000	0.000000
1580057186160	1580057186158	0.806	8.960	3.864	-0.678	0.025	0.024	0.000000	0.000000
1580057186182	1580057186179	0.907	8.988	4.063	-0.870	-0.001	0.032	0.000000	0.000000
1580057186211	1580057186204	0.912	8.854	4.214	-1.045	-0.045	0.060	0.000000	0.000000
1580057186223	1580057186218	0.924	8.684	4.281	-1.138	-0.074	0.077	0.000000	0.000000
1580057186242	1580057186240	0.984	8.550	4.509	-1.217	-0.063	0.081	0.000000	0.000000
1580057186265	1580057186262	0.965	8.399	4.727	-1.254	-0.058	0.074	0.000000	0.000000
1580057186281	1580057186277	0.996	8.253	4.849	-1.285	-0.041	0.040	0.000000	0.000000
1580057186298	1580057186297	1.013	8.145	5.062	-1.343	-0.012	0.006	0.000000	0.000000
1580057186318	1580057186317	1.063	8.047	5.345	-1.388	-0.042	-0.008	0.000000	0.000000
1580057186339	1580057186337	1.068	7.894	5.443	-1.389	-0.099	0.006	0.000000	0.000000
1580057186363	1580057186362	1.106	7.724	5.546	-1.361	-0.096	0.013	0.000000	0.000000
1580057186380	1580057186377	1.132	7.534	5.671	-1.330	-0.089	0.011	0.000000	0.000000
1580057186400	1580057186399	1.144	7.386	5.845	-1.296	-0.077	0.003	0.000000	0.000000
1580057186419	1580057186416	1.135	7.249	6.068	-1.249	-0.061	-0.004	0.000000	0.000000
1580057186441	1580057186441	1.096	7.091	6.207	-1.138	-0.069	-0.004	0.000000	0.000000
1580057186460	1580057186457	1.029	6.957	6.325	-0.988	-0.084	0.002	0.000000	0.000000
1580057186478	1580057186477	0.989	6.852	6.595	-0.819	-0.072	0.011	0.000000	0.000000
1580057186497	1580057186497	1.008	6.780	6.715	-0.605	-0.057	0.029	0.000000	0.000000
1580057186519	1580057186519	1.039	6.667	6.598	-0.428	-0.026	0.048	0.000000	0.000000
1580057186538	1580057186537	1.084	6.634	6.693	-0.250	-0.031	0.061	0.000000	0.000000
1580057186559	1580057186558	0.986	6.562	6.796	-0.094	-0.015	0.072	0.000000	0.000000
1580057186577	1580057186576	0.991	6.564	6.768	0.123	-0.007	0.066	0.000000	0.000000
1580057186599	1580057186596	1.036	6.619	6.854	0.306	0.004	0.062	0.000000	0.000000
1580057186620	1580057186620	1.010	6.672	6.933	0.462	0.039	0.064	0.000000	0.000000
1580057186645	1580057186639	1.041	6.777	6.756	0.670	0.010	0.061	0.000000	0.000000
1580057186658	1580057186655	1.108	6.885	6.516	0.846	0.051	0.064	0.000000	0.000000
1580057186683	1580057186679	1.197	7.029	6.504	1.034	0.034	0.069	0.000000	0.000000
1580057186697	1580057186695	1.266	7.161	6.339	1.187	0.024	0.076	0.000000	0.000000
1580057186717	1580057186715	1.348	7.319	6.241	1.309	0.017	0.087	0.000000	0.000000
1580057186736	1580057186735	1.401	7.491	5.936	1.423	-0.002	0.095	0.000000	0.000000
1580057186757	1580057186755	1.427	7.597	5.706	1.487	-0.027	0.103	0.000000	0.000000
1580057186776	1580057186775	1.420	7.762	5.508	1.588	-0.073	0.110	0.000000	0.000000
1580057186798	1580057186796	1.460	8.028	5.278	1.683	-0.117	0.126	0.000000	0.000000
1580057186817	1580057186817	1.599	7.966	5.342	1.658	-0.152	0.165	0.000000	0.000000
1580057186842	1580057186842	1.674	7.776	4.892	1.410	-0.044	0.163	0.000000	0.000000
1580057186856	1580057186855	2.160	8.021	4.133	1.470	0.015	0.133	0.000000	0.000000
1580057186875	1580057186874	2.546	8.179	3.723	1.462	-0.060	0.176	0.000000	0.000000
1580057186896	1580057186894	2.824	8.399	3.725	1.534	-0.098	0.269	0.000000	0.000000
1580057186916	1580057186914	2.812	8.411	3.318	1.575	-0.387	0.370	0.000000	0.000000
1580057186938	1580057186938	2.531	8.548	3.311	1.563	-0.492	0.391	0.000000	0.000000
1580057186956	1580057186955	2.174	8.703	3.709	1.682	-0.547	0.431	0.000000	0.000000
1580057186976	1580057186974	2.476	8.397	3.361	1.814	-0.599	0.441	0.000000	0.000000
1580057186996	1580057186994	2.670	8.279	2.367	1.888	-0.723	0.245	0.000000	0.000000
1580057187017	1580057187017	2.172	8.648	1.735	1.828	-0.817	0.124	0.000000	0.000000
1580057187037	1580057187033	2.126	8.988	2.061	1.600	-0.471	-0.016	0.000000	0.000000
1580057187055	1580057187053	1.908	9.441	1.941	1.466	-0.136	-0.128	0.000000	0.000000
1580057187075	1580057187073	1.889	9.314	1.074	1.105	-0.019	-0.098	0.000000	0.000000
1580057187096	1580057187095	2.167	9.326	1.926	0.501	0.669	-0.157	0.000000	0.000000
1580057187115	1580057187113	3.128	9.010	2.250	-0.566	1.540	-0.091	0.000000	0.000000
1580057187134	1580057187133	3.097	8.605	0.051	-0.913	2.672	0.193	0.000000	0.000000
1580057187154	1580057187153	2.450	8.210	1.378	-0.517	2.636	0.415	0.000000	0.000000
1580057187174	1580057187174	1.238	8.145	3.541	-0.096	0.988	0.489	0.000000	0.000000
1580057187200	1580057187193	1.463	8.576	3.591	-0.415	1.200	0.207	0.000000	0.000000
1580057187221	1580057187220	1.542	8.984	3.258	-0.739	1.268	-0.052	0.000000	0.000000
1580057187234	1580057187232	1.738	9.032	2.882	-0.774	0.414	-0.153	0.000000	0.000000
1580057187254	1580057187253	1.571	8.239	2.913	-0.801	0.116	-0.267	0.000000	0.000000
1580057187274	1580057187273	1.566	7.872	3.076	-0.528	-0.020	-0.420	0.000000	0.000000
1580057187295	1580057187292	1.621	7.798	3.031	-0.228	-0.142	-0.540	0.000000	0.000000
1580057187314	1580057187312	1.583	7.690	3.155	0.095	-0.069	-0.655	0.000000	0.000000
1580057187334	1580057187332	1.695	7.664	3.213	0.238	-0.086	-0.703	0.000000	0.000000
1580057187355	1580057187354	1.537	8.430	2.010	0.569	-0.296	-0.739	0.000000	0.000000
1580057187378	1580057187373	0.878	8.964	0.240	1.904	-0.856	-0.772	0.000000	0.000000
1580057187395	1580057187392	1.163	9.151	-0.781	3.253	-0.930	-0.774	0.000000	0.000000
1580057187416	1580057187411	0.627	9.343	0.753	3.571	0.476	-0.893	0.000000	0.000000
1580057187433	1580057187432	0.476	9.961	2.039	3.418	0.454	-0.969	0.000000	0.000000
1580057187457	1580057187452	0.344	10.637	1.002	2.762	-0.193	-0.917	0.000000	0.000000
1580057187473	1580057187472	-0.125	11.130	0.580	1.911	-0.410	-0.861	0.000000	0.000000
1580057187494	1580057187492	-0.034	11.032	0.309	1.281	-0.619	-0.804	0.000000	0.000000
1580057187513	1580057187513	-0.133	10.646	0.360	0.845	-1.036	-0.661	0.000000	0.000000
1580057187534	1580057187531	-0.973	10.629	-0.366	0.563	-2.017	-0.330	0.000000	0.000000
1580057187553	1580057187552	-1.620	11.175	-1.506	0.653	-2.453	-0.241	0.000000	0.000000
1580057187573	1580057187572	-0.743	11.118	-2.223	1.134	-2.442	-0.273	0.000000	0.000000
1580057187595	1580057187592	-0.207	11.214	-1.686	1.250	-2.678	-0.017	0.000000	0.000000
1580057187617	1580057187611	-1.084	10.557	-1.078	1.512	-3.439	0.434	0.000000	0.000000
1580057187632	1580057187631	-1.682	9.738	-1.456	0.975	-3.819	0.515	0.000000	0.000000
1580057187653	1580057187651	-1.685	9.559	-2.079	-0.343	-3.661	0.340	0.000000	0.000000
1580057187672	1580057187671	-1.565	9.559	-3.138	-1.714	-2.967	0.100	0.000000	0.000000
1580057187692	1580057187690	-1.838	9.772	-3.990	-2.122	-1.631	-0.462	0.000000	0.000000
1580057187713	1580057187711	-0.837	10.026	-2.402	-1.940	-0.822	-0.788	0.000000	0.000000
1580057187733	1580057187733	-0.248	10.811	-0.448	-2.288	-1.037	-0.525	0.000000	0.000000
1580057187752	1580057187751	-0.473	10.936	-0.491	-2.311	-1.815	0.038	0.000000	0.000000
1580057187772	1580057187770	-1.429	10.550	-1.085	-2.131	-2.191	0.395	0.000000	0.000000
1580057187794	1580057187794	-2.164	10.407	-0.867	-2.001	-1.992	0.370	0.000000	0.000000
1580057187812	1580057187810	-3.855	11.257	0.892	-1.608	-1.595	-0.093	0.000000	0.000000
1580057187831	1580057187830	-1.841	10.886	2.758	-0.657	-2.925	-0.279	0.000000	0.000000
1580057187852	1580057187850	-1.000	10.289	0.405	-1.507	-4.641	0.190	0.000000	0.000000
1580057187874	1580057187870	-0.935	9.947	-0.275	-2.200	-3.506	0.222	0.000000	0.000000
1580057187892	1580057187890	-0.863	9.393	0.801	-2.624	-1.315	0.008	0.000000	0.000000
1580057187911	1580057187910	-1.115	8.952	3.242	-2.308	-0.623	-0.001	0.000000	0.000000
1580057187931	1580057187930	-1.285	9.012	2.940	-1.460	-1.742	0.192	0.000000	0.000000
1580057187954	1580057187951	-1.220	8.763	3.103	-1.234	-1.583	0.294	0.000000	0.000000
1580057187971	1580057187971	-1.543	8.076	3.994	-1.228	-1.311	0.132	0.000000	0.000000
1580057187994	1580057187989	-2.178	8.660	3.934	-0.705	-1.630	-0.122	0.000000	0.000000
1580057188011	1580057188009	-1.644	8.905	3.337	-0.276	-1.453	-0.073	0.000000	0.000000
1580057188032	1580057188032	-1.704	8.703	2.988	0.157	-1.051	-0.165	0.000000	0.000000
1580057188051	1580057188049	-2.032	8.516	2.437	0.288	-1.109	-0.316	0.000000	0.000000
1580057188071	1580057188069	-1.903	8.900	3.170	0.228	-0.590	-0.395	0.000000	0.000000
1580057188089	1580057188089	-1.306	9.130	3.419	0.320	-0.621	-0.379	0.000000	0.000000
1580057188112	1580057188109	-1.376	10.021	2.911	0.403	-0.595	-0.354	0.000000	0.000000
1580057188129	1580057188129	-1.520	9.729	2.880	0.458	-1.045	-0.097	0.000000	0.000000
1580057188151	1580057188151	-1.785	8.826	2.144	0.176	-1.321	-0.024	0.000000	0.000000
1580057188173	1580057188170	-1.455	9.058	2.473	0.016	-0.880	-0.148	0.000000	0.000000
1580057188194	1580057188189	-1.055	9.508	2.722	0.068	-0.779	-0.151	0.000000	0.000000
1580057188210	1580057188208	-1.021	9.503	2.844	0.204	-0.733	-0.107	0.000000	0.000000
1580057188230	1580057188228	-1.117	9.602	2.468	0.446	-0.660	-0.049	0.000000	0.000000
1580057188251	1580057188248	-0.298	9.777	2.070	0.588	-0.536	-0.023	0.000000	0.000000
1580057188270	1580057188268	-0.133	10.184	2.046	0.556	-0.501	-0.118	0.000000	0.000000
1580057188292	1580057188292	-0.257	10.311	2.659	0.664	-0.474	0.001	0.000000	0.000000
1580057188312	1580057188309	-0.391	10.342	3.136	1.156	-0.421	0.116	0.000000	0.000000
1580057188330	1580057188328	-0.418	10.378	3.167	2.073	-0.593	0.178	0.000000	0.000000
1580057188352	1580057188350	-0.739	10.419	2.142	3.066	-0.797	0.227	0.000000	0.000000
1580057188371	1580057188368	-0.216	10.692	1.124	3.852	-0.755	0.373	0.000000	0.000000
1580057188389	1580057188388	1.130	9.479	-2.026	3.580	-0.801	0.308	0.000000	0.000000
1580057188410	1580057188408	0.692	9.453	-1.842	2.995	-0.143	0.062	0.000000	0.000000
1580057188428	1580057188428	-0.080	9.923	-0.711	3.087	-0.027	0.134	0.000000	0.000000
1580057188450	1580057188450	-0.293	8.917	-2.527	3.527	-0.343	0.395	0.000000	0.000000
1580057188469	1580057188467	-0.053	8.303	-4.407	3.060	-0.353	0.439	0.000000	0.000000
1580057188489	1580057188487	1.231	8.296	-4.707	1.663	-0.297	0.351	0.000000	0.000000
1580057188512	1580057188510	0.986	8.298	-5.042	0.519	-0.037	0.174	0.000000	0.000000
1580057188529	1580057188529	0.833	7.839	-5.766	-0.919	-0.230	0.601	0.000000	0.000000
1580057188549	1580057188547	1.336	7.846	-4.961	-2.697	-0.086	0.703	0.000000	0.000000
1580057188573	1580057188567	0.560	9.362	-2.642	-4.163	0.466	0.146	0.000000	0.000000
1580057188589	1580057188587	1.015	10.102	-1.228	-5.688	0.599	-0.036	0.000000	0.000000
1580057188609	1580057188607	1.702	10.589	2.540	-6.314	1.644	-0.341	0.000000	0.000000
1580057188630	1580057188627	1.077	9.836	6.238	-3.092	1.307	-0.087	0.000000	0.000000
1580057188648	1580057188646	0.845	10.136	3.625	1.787	-0.212	0.360	0.000000	0.000000
1580057188668	1580057188666	1.762	10.474	-0.826	3.672	-0.681	0.563	0.000000	0.000000
1580057188693	1580057188689	2.285	10.878	-1.487	2.490	-0.368	0.776	0.000000	0.000000
1580057188709	1580057188708	2.275	11.113	0.223	1.073	-0.171	1.218	0.000000	0.000000
1580057188730	1580057188726	1.949	11.164	1.311	1.514	-0.116	1.540	0.000000	0.000000
1580057188749	1580057188747	1.779	10.914	-0.244	2.232	-0.145	1.656	0.000000	0.000000
1580057188767	1580057188765	0.847	10.732	-0.493	1.717	0.135	1.611	0.000000	0.000000
1580057188787	1580057188786	1.793	9.899	-1.030	0.614	0.227	1.688	0.000000	0.000000
1580057188813	1580057188806	3.406	9.738	-0.450	-0.371	0.488	1.371	0.000000	0.000000
1580057188827	1580057188826	3.662	9.192	-0.934	-0.890	0.561	0.936	0.000000	0.000000
1580057188847	1580057188846	3.794	8.380	-2.179	-1.963	0.563	0.501	0.000000	0.000000
1580057188868	1580057188865	3.765	9.017	-0.414	-3.930	0.746	0.010	0.000000	0.000000
1580057188891	1580057188887	4.194	10.138	2.334	-5.658	0.508	0.018	0.000000	0.000000
1580057188910	1580057188910	5.066	8.809	3.122	-6.908	-0.162	0.728	0.000000	0.000000
1580057188932	1580057188932	5.312	7.611	1.807	-8.411	-0.313	0.733	0.000000	0.000000
1580057188947	1580057188944	4.934	5.587	1.177	-12.834	-0.109	0.410	0.000000	0.000000
1580057188968	1580057188967	4.199	-0.677	13.075	-13.157	0.142	0.633	0.000000	0.000000
1580057188986	1580057188984	2.886	2.863	22.542	-1.763	0.296	0.411	0.000000	0.000000
1580057189008	1580057189004	2.883	5.268	6.765	3.694	-0.887	0.276	0.000000	0.000000
1580057189026	1580057189025	3.123	5.187	3.012	2.434	-0.710	0.521	0.000000	0.000000
1580057189046	1580057189045	2.910	5.570	2.832	-2.364	-0.328	0.420	0.000000	0.000000
1580057189073	1580057189066	3.154	2.983	4.597	-7.517	-0.113	0.146	0.000000	0.000000
1580057189095	1580057189086	3.269	-0.184	10.471	-8.599	-0.120	-0.194	0.000000	0.000000
1580057189106	1580057189105	3.494	0.029	12.323	-5.127	-0.130	-0.203	0.000000	0.000000
1580057189126	1580057189126	3.202	1.241	8.059	-3.237	-0.100	-0.280	0.000000	0.000000
1580057189155	1580057189144	3.020	-0.321	8.363	-3.123	0.354	0.108	0.000000	0.000000
1580057189165	1580057189164	4.414	-0.711	8.766	-3.205	0.054	0.078	0.000000	0.000000
1580057189185	1580057189183	5.128	-0.742	7.352	-3.046	-0.345	-0.024	0.000000	0.000000
1580057189206	1580057189203	4.920	-0.639	6.768	-2.234	-0.534	0.072	0.000000	0.000000
1580057189225	1580057189223	4.936	-1.061	6.210	-1.455	-0.436	0.289	0.000000	0.000000
1580057189249	1580057189248	5.284	-1.688	6.935	-0.919	0.011	0.482	0.000000	0.000000
1580057189265	1580057189263	5.686	-2.199	7.494	-0.571	0.284	0.469	0.000000	0.000000
1580057189285	1580057189283	5.384	-1.672	6.892	-0.396	0.194	0.175	0.000000	0.000000
1580057189309	1580057189307	5.116	-2.060	7.724	0.050	0.107	0.026	0.000000	0.000000
1580057189328	1580057189323	5.701	-2.912	8.794	1.118	-0.063	-0.027	0.000000	0.000000
1580057189345	1580057189343	5.629	-2.809	8.409	1.962	-0.017	0.080	0.000000	0.000000
1580057189365	1580057189363	5.305	-2.103	7.266	1.954	0.317	0.404	0.000000	0.000000
1580057189387	1580057189386	5.207	-1.528	6.435	1.041	0.350	0.423	0.000000	0.000000
1580057189405	1580057189402	4.251	-1.125	7.738	0.344	0.393	0.341	0.000000	0.000000
1580057189424	1580057189423	3.339	-1.214	7.728	0.683	0.497	0.574	0.000000	0.000000
1580057189445	1580057189443	3.147	-1.106	7.958	0.740	0.614	0.695	0.000000	0.000000
1580057189467	1580057189465	3.022	-0.982	7.997	0.649	0.533	0.508	0.000000	0.000000
1580057189485	1580057189484	3.195	-0.536	7.635	0.449	0.588	0.275	0.000000	0.000000
1580057189508	1580057189506	2.967	0.106	7.450	0.093	0.580	0.121	0.000000	0.000000
1580057189527	1580057189522	2.850	-0.026	7.776	0.057	0.620	0.148	0.000000	0.000000
1580057189544	1580057189542	2.893	-0.457	7.958	0.390	0.762	0.196	0.000000	0.000000
1580057189563	1580057189562	3.212	-0.869	8.792	0.578	1.124	0.158	0.000000	0.000000
1580057189584	1580057189582	3.727	-0.838	9.810	-0.064	1.137	0.098	0.000000	0.000000
1580057189604	1580057189602	3.832	-0.713	9.585	-0.727	0.713	0.029	0.000000	0.000000
1580057189624	1580057189622	3.240	-0.905	9.820	-0.533	0.684	0.047	0.000000	0.000000
1580057189647	1580057189645	3.034	-0.541	9.412	0.614	0.720	0.058	0.000000	0.000000
1580057189667	1580057189665	2.938	0.072	8.742	1.917	0.699	-0.103	0.000000	0.000000
1580057189684	1580057189684	2.929	0.647	7.937	2.222	0.632	-0.227	0.000000	0.000000
1580057189706	1580057189706	2.859	1.306	7.367	1.345	0.575	-0.332	0.000000	0.000000
1580057189723	1580057189722	2.792	0.940	8.873	1.058	0.742	-0.262	0.000000	0.000000
1580057189743	1580057189742	2.524	1.131	10.232	1.739	0.661	-0.246	0.000000	0.000000
1580057189763	1580057189762	1.985	1.919	9.566	1.891	0.425	-0.212	0.000000	0.000000
1580057189785	1580057189783	1.607	2.844	8.986	0.592	0.308	-0.126	0.000000	0.000000
1580057189803	1580057189803	1.334	2.619	10.054	-0.576	0.269	-0.061	0.000000	0.000000
1580057189824	1580057189822	1.254	2.501	10.605	0.258	0.104	-0.099	0.000000	0.000000
1580057189842	1580057189841	1.029	3.783	10.519	1.667	-0.059	-0.136	0.000000	0.000000
1580057189866	1580057189862	0.653	4.193	10.948	1.763	-0.376	-0.031	0.000000	0.000000
1580057189883	1580057189883	0.950	4.947	10.725	1.206	-0.642	-0.104	0.000000	0.000000
1580057189906	1580057189904	1.499	5.445	11.142	1.027	-0.569	-0.283	0.000000	0.000000
1580057189922	1580057189921	1.734	5.786	11.398	1.738	-0.543	-0.380	0.000000	0.000000
1580057189942	1580057189941	1.666	6.497	9.738	2.472	-0.720	-0.387	0.000000	0.000000
1580057189961	1580057189961	1.506	6.782	7.728	1.720	-0.803	-0.365	0.000000	0.000000
1580057189982	1580057189980	1.662	6.571	8.339	0.304	-0.559	-0.402	0.000000	0.000000
1580057190003	1580057190000	1.834	6.504	8.979	-0.309	-0.442	-0.524	0.000000	0.000000
1580057190023	1580057190021	2.217	7.007	10.143	-0.343	-0.486	-0.527	0.000000	0.000000
1580057190042	1580057190040	2.098	6.538	9.570	-0.317	-0.905	-0.446	0.000000	0.000000
1580057190063	1580057190062	1.865	5.941	9.099	-0.711	-0.979	-0.377	0.000000	0.000000
1580057190089	1580057190083	1.832	5.498	10.155	-1.006	-0.715	-0.303	0.000000	0.000000
1580057190104	1580057190100	2.040	5.280	9.856	-0.760	-0.568	-0.252	0.000000	0.000000
1580057190150	1580057190149	1.681	4.583	8.318	-0.767	-0.576	-0.121	0.000000	0.000000
1580057190194	1580057190205	1.127	3.690	8.279	-0.572	-0.418	0.099	0.000000	0.000000
1580057190197	1580057190205	1.451	3.802	8.411	0.100	-0.312	0.220	0.000000	0.000000
1580057190246	1580057190231	1.463	3.725	7.908	0.344	-0.487	0.278	0.000000	0.000000
1580057190247	1580057190231	1.310	3.292	7.726	0.339	-0.364	0.385	0.000000	0.000000
1580057190250	1580057190239	1.099	3.472	7.391	0.531	-0.188	0.445	0.000000	0.000000
1580057190289	1580057190286	0.883	3.455	6.969	0.683	-0.130	0.471	0.000000	0.000000
1580057190297	1580057190296	1.252	3.484	7.237	0.332	-0.163	0.440	0.000000	0.000000
1580057190307	1580057190306	1.281	3.596	8.102	-0.024	-0.149	0.491	0.000000	0.000000
1580057190310	1580057190309	1.434	3.536	7.074	-0.189	-0.251	0.522	0.000000	0.000000
1580057190324	1580057190322	1.659	3.424	6.044	-0.330	-0.127	0.537	0.000000	0.000000
1580057190341	1580057190341	1.767	3.208	6.753	-0.255	0.089	0.605	0.000000	0.000000
1580057190362	1580057190361	1.865	3.278	6.940	0.250	-0.038	0.657	0.000000	0.000000
1580057190382	1580057190382	2.110	3.491	6.341	0.642	-0.173	0.684	0.000000	0.000000
1580057190402	1580057190401	2.471	3.642	6.224	0.578	-0.100	0.693	0.000000	0.000000
1580057190422	1580057190421	2.883	3.589	6.856	0.458	-0.022	0.683	0.000000	0.000000
1580057190445	1580057190441	3.348	3.668	6.916	0.430	-0.100	0.645	0.000000	0.000000
1580057190461	1580057190461	3.549	3.709	6.665	0.238	-0.209	0.590	0.000000	0.000000
1580057190488	1580057190485	3.717	3.735	7.010	0.083	-0.140	0.581	0.000000	0.000000
1580057190505	1580057190503	4.081	3.826	7.168	0.111	-0.134	0.598	0.000000	0.000000
1580057190521	1580057190519	4.359	3.795	7.319	0.056	-0.129	0.631	0.000000	0.000000
1580057190541	1580057190538	4.527	3.625	8.334	0.017	-0.026	0.689	0.000000	0.000000
1580057190561	1580057190558	4.706	3.491	8.215	0.064	-0.057	0.723	0.000000	0.000000
1580057190584	1580057190583	5.032	3.448	7.759	0.200	-0.113	0.746	0.000000	0.000000
1580057190600	1580057190598	5.226	3.395	7.256	0.599	-0.236	0.788	0.000000	0.000000
1580057190621	1580057190618	5.389	3.587	7.156	0.938	-0.111	0.849	0.000000	0.000000
1580057190641	1580057190638	5.471	3.218	7.829	0.706	0.690	0.929	0.000000	0.000000
1580057190663	1580057190659	4.541	3.737	7.005	0.485	1.639	0.958	0.000000	0.000000
1580057190682	1580057190678	3.882	3.850	5.872	0.894	0.810	0.897	0.000000	0.000000
1580057190706	1580057190698	4.007	4.106	7.103	0.823	0.581	0.781	0.000000	0.000000
1580057190719	1580057190719	3.489	3.625	9.142	0.180	1.796	0.642	0.000000	0.000000
1580057190738	1580057190738	3.957	3.184	7.196	0.030	0.936	0.401	0.000000	0.000000
1580057190760	1580057190758	3.803	2.449	7.606	-0.305	0.497	0.141	0.000000	0.000000
1580057190779	1580057190778	3.372	1.752	12.081	-1.246	0.920	-0.026	0.000000	0.000000
1580057190801	1580057190798	3.291	1.632	12.577	-1.743	-0.091	-0.067	0.000000	0.000000
1580057190821	1580057190821	3.827	1.234	10.567	-2.058	-0.724	0.031	0.000000	0.000000
1580057190843	1580057190841	3.990	1.064	8.054	-2.039	-0.940	0.129	0.000000	0.000000
1580057190863	1580057190862	4.321	0.990	6.610	-1.659	-0.856	0.335	0.000000	0.000000
1580057190881	1580057190878	4.440	0.623	6.559	-1.294	-0.696	0.423	0.000000	0.000000
1580057190898	1580057190898	4.131	0.077	7.491	-1.168	-0.421	0.334	0.000000	0.000000
1580057190918	1580057190918	3.796	-0.488	9.709	-0.969	-0.001	0.149	0.000000	0.000000
1580057190939	1580057190937	3.609	-0.404	9.465	-0.647	-0.183	-0.117	0.000000	0.000000
1580057190959	1580057190957	3.535	-0.665	9.923	-0.744	-0.173	-0.369	0.000000	0.000000
1580057190979	1580057190978	3.262	-0.644	10.608	-0.582	-0.016	-0.591	0.000000	0.000000
1580057191000	1580057190998	3.300	-0.222	9.328	-0.265	-0.248	-0.773	0.000000	0.000000
1580057191021	1580057191021	3.518	0.142	8.823	-0.046	-0.386	-0.835	0.000000	0.000000
1580057191040	1580057191040	3.873	0.305	8.310	0.231	-0.528	-0.829	0.000000	0.000000
1580057191063	1580057191061	4.213	0.350	7.477	0.418	-0.581	-0.762	0.000000	0.000000
1580057191077	1580057191077	4.644	0.681	7.053	0.309	-0.548	-0.640	0.000000	0.000000
1580057191098	1580057191097	5.102	0.968	7.546	0.089	-0.408	-0.428	0.000000	0.000000
1580057191121	1580057191118	5.073	1.167	7.795	0.019	-0.208	-0.147	0.000000	0.000000
1580057191138	1580057191137	4.718	1.169	7.944	-0.079	-0.066	0.077	0.000000	0.000000
1580057191163	1580057191162	4.745	0.973	8.203	-0.147	-0.070	0.208	0.000000	0.000000
1580057191180	1580057191179	4.682	0.829	8.354	-0.182	0.072	0.322	0.000000	0.000000
1580057191201	1580057191199	4.476	0.817	8.509	-0.164	0.246	0.400	0.000000	0.000000
1580057191225	1580057191218	4.354	0.851	8.588	-0.012	0.321	0.401	0.000000	0.000000
1580057191241	1580057191239	4.249	0.899	8.488	0.168	0.349	0.345	0.000000	0.000000
1580057191260	1580057191259	4.297	1.019	8.143	0.298	0.406	0.285	0.000000	0.000000
1580057191278	1580057191277	4.321	1.124	8.073	0.327	0.486	0.224	0.000000	0.000000
1580057191297	1580057191297	4.268	1.308	7.870	0.295	0.410	0.149	0.000000	0.000000
1580057191317	1580057191317	4.285	1.447	7.889	0.205	0.357	0.095	0.000000	0.000000
1580057191338	1580057191337	4.409	1.536	8.200	0.148	0.377	0.060	0.000000	0.000000
1580057191358	1580057191358	4.608	1.550	8.313	0.174	0.357	0.036	0.000000	0.000000
1580057191380	1580057191376	4.769	1.538	8.286	0.115	0.341	0.036	0.000000	0.000000
1580057191399	1580057191397	4.896	1.584	8.382	-0.061	0.334	0.047	0.000000	0.000000
1580057191419	1580057191419	4.977	1.435	8.272	-0.251	0.248	0.043	0.000000	0.000000
1580057191441	1580057191441	5.001	1.263	8.368	-0.438	0.176	0.030	0.000000	0.000000
1580057191457	1580057191456	5.164	1.122	8.332	-0.654	0.053	0.030	0.000000	0.000000
1580057191476	1580057191476	5.413	1.002	8.207	-0.943	-0.055	0.075	0.000000	0.000000
1580057191496	1580057191496	5.578	0.760	8.389	-1.229	-0.032	0.186	0.000000	0.000000
1580057191516	1580057191516	5.578	0.417	8.389	-1.429	0.015	0.321	0.000000	0.000000
1580057191536	1580057191536	5.451	0.008	7.944	-1.602	0.056	0.443	0.000000	0.000000
1580057191560	1580057191556	5.363	-0.543	8.176	-1.793	0.096	0.497	0.000000	0.000000
1580057191577	1580057191576	5.550	-0.984	8.195	-1.904	-0.011	0.461	0.000000	0.000000
1580057191602	1580057191602	5.641	-1.403	8.045	-1.888	-0.003	0.431	0.000000	0.000000
1580057191622	1580057191617	5.569	-1.628	7.666	-1.579	0.067	0.387	0.000000	0.000000
1580057191642	1580057191642	5.552	-1.590	7.144	-0.902	0.160	0.318	0.000000	0.000000
1580057191661	1580057191657	5.346	-1.499	6.902	0.077	0.337	0.215	0.000000	0.000000
1580057191680	1580057191675	5.025	-1.420	6.823	1.155	0.509	0.087	0.000000	0.000000
1580057191696	1580057191695	4.661	-1.178	7.146	2.440	0.670	-0.064	0.000000	0.000000
1580057191720	1580057191719	4.599	-0.474	7.321	4.028	0.726	-0.219	0.000000	0.000000
1580057191734	1580057191733	4.682	0.523	7.786	5.652	0.825	-0.376	0.000000	0.000000
1580057191758	1580057191757	4.196	1.249	7.786	6.459	1.094	-0.502	0.000000	0.000000
1580057191777	1580057191777	3.353	2.382	9.408	6.015	1.351	-0.506	0.000000	0.000000
1580057191801	1580057191801	2.402	4.200	10.466	4.949	1.277	-0.568	0.000000	0.000000
1580057191820	1580057191815	1.846	5.903	10.236	3.365	1.231	-0.652	0.000000	0.000000
1580057191838	1580057191838	1.204	7.067	11.482	1.502	1.387	-0.609	0.000000	0.000000
1580057191854	1580057191854	0.869	7.108	12.270	-0.613	0.988	-0.522	0.000000	0.000000
1580057191879	1580057191876	0.871	5.982	12.172	-2.957	0.154	-0.465	0.000000	0.000000
1580057191893	1580057191892	1.142	4.329	11.410	-4.844	-1.081	-0.416	0.000000	0.000000
1580057191915	1580057191912	1.446	2.894	8.528	-5.401	-2.057	-0.362	0.000000	0.000000
1580057191933	1580057191932	2.201	2.164	6.804	-5.273	-2.194	-0.293	0.000000	0.000000
1580057191953	1580057191952	2.517	0.856	7.769	-4.940	-1.655	-0.158	0.000000	0.000000
1580057191973	1580057191972	2.610	0.324	7.316	-4.521	-1.178	-0.076	0.000000	0.000000
1580057191993	1580057191992	2.800	-0.249	7.254	-4.473	-0.813	-0.006	0.000000	0.000000
1580057192015	1580057192015	2.589	-1.288	7.747	-4.416	-0.323	0.083	0.000000	0.000000
1580057192032	1580057192032	2.419	-2.167	7.913	-4.357	-0.024	0.189	0.000000	0.000000
1580057192053	1580057192052	2.385	-2.821	8.085	-3.757	0.181	0.294	0.000000	0.000000
1580057192072	1580057192071	2.495	-2.953	7.534	-2.413	0.193	0.333	0.000000	0.000000
1580057192098	1580057192093	2.644	-2.759	7.304	-0.644	0.229	0.319	0.000000	0.000000
1580057192118	1580057192114	2.816	-2.407	7.144	1.542	0.229	0.240	0.000000	0.000000
1580057192133	1580057192131	3.010	-1.976	7.175	4.175	0.202	0.133	0.000000	0.000000
1580057192157	1580057192153	3.463	-1.600	7.211	7.261	0.076	-0.020	0.000000	0.000000
1580057192176	1580057192171	3.700	-0.711	6.701	8.911	0.288	-0.205	0.000000	0.000000
1580057192194	1580057192193	3.389	0.640	6.861	7.400	0.605	-0.485	0.000000	0.000000
1580057192217	1580057192211	3.250	2.286	9.635	6.216	0.693	-0.792	0.000000	0.000000
1580057192231	1580057192230	3.195	4.209	8.957	5.714	0.663	-0.975	0.000000	0.000000
1580057192252	1580057192252	2.699	6.044	9.166	4.327	0.894	-0.988	0.000000	0.000000
1580057192273	1580057192272	2.016	7.364	9.750	2.646	0.851	-0.918	0.000000	0.000000
1580057192293	1580057192291	1.678	8.349	10.109	0.387	0.669	-0.849	0.000000	0.000000
1580057192312	1580057192310	1.722	8.337	11.398	-2.557	0.315	-0.727	0.000000	0.000000
1580057192332	1580057192331	1.913	6.562	11.108	-5.410	-0.683	-0.529	0.000000	0.000000
1580057192356	1580057192350	2.124	4.044	8.548	-7.027	-1.938	-0.314	0.000000	0.000000
1580057192371	1580057192371	2.613	2.743	5.977	-7.083	-1.904	-0.129	0.000000	0.000000
1580057192393	1580057192391	2.927	1.354	7.381	-6.691	-1.117	0.014	0.000000	0.000000
1580057192416	1580057192411	2.776	0.578	7.642	-5.464	-0.661	0.008	0.000000	0.000000
1580057192436	1580057192430	2.802	0.317	6.322	-4.467	-0.427	-0.019	0.000000	0.000000
1580057192451	1580057192450	2.459	-0.179	7.453	-3.789	0.091	-0.025	0.000000	0.000000
1580057192471	1580057192470	2.174	-0.268	7.879	-2.476	0.103	-0.058	0.000000	0.000000
1580057192491	1580057192490	2.498	0.175	8.078	-0.172	0.030	-0.040	0.000000	0.000000
1580057192514	1580057192513	2.927	-0.495	9.053	3.507	0.012	0.087	0.000000	0.000000
1580057192534	1580057192532	3.612	-1.068	12.697	8.946	0.290	0.274	0.000000	0.000000
1580057192552	1580057192551	3.389	0.391	10.991	11.919	-0.164	0.383	0.000000	0.000000
1580057192573	1580057192572	3.231	1.122	-0.256	5.568	-0.900	0.061	0.000000	0.000000
1580057192594	1580057192590	2.668	3.282	18.776	2.733	2.275	-0.335	0.000000	0.000000
1580057192612	1580057192610	2.582	4.406	13.588	3.598	0.573	-0.452	0.000000	0.000000
1580057192630	1580057192629	1.971	5.060	10.713	1.394	0.877	-0.601	0.000000	0.000000
1580057192652	1580057192649	1.944	5.778	16.259	-1.488	1.255	-0.696	0.000000	0.000000
1580057192669	1580057192669	2.620	4.264	13.437	-4.050	-0.550	-0.761	0.000000	0.000000
1580057192691	1580057192690	3.787	2.310	9.130	-6.049	-2.219	-0.629	0.000000	0.000000
1580057192710	1580057192709	3.173	-0.555	7.005	-6.191	-2.277	-0.293	0.000000	0.000000
1580057192733	1580057192732	3.806	-1.722	6.885	-5.612	-1.473	-0.147	0.000000	0.000000
1580057192751	1580057192749	3.866	-2.718	8.423	-5.112	-0.251	0.008	0.000000	0.000000
1580057192771	1580057192771	3.216	-3.289	7.644	-4.568	0.284	0.138	0.000000	0.000000
1580057192794	1580057192789	2.332	-3.816	7.395	-4.078	0.710	0.186	0.000000	0.000000
