1580057163030	1580057163030	1.008	8.301	4.708	-0.712	-0.011	0.021	0.000000	0.000000
1580057163030	1580057163030	1.039	8.212	4.767	-0.712	-0.006	0.001	0.000000	0.000000
1580057163031	1580057163031	1.089	8.114	4.839	-0.679	-0.015	-0.016	0.000000	0.000000
1580057163031	1580057163031	1.111	8.092	4.964	-0.608	-0.010	-0.023	0.000000	0.000000
1580057163031	1580057163031	1.051	8.071	5.172	-0.522	-0.033	-0.015	0.000000	0.000000
1580057163040	1580057163038	1.020	8.033	5.297	-0.447	-0.040	-0.004	0.000000	0.000000
1580057163069	1580057163068	1.015	7.927	5.127	-0.367	-0.038	0.006	0.000000	0.000000
1580057163083	1580057163081	1.027	7.894	5.251	-0.281	-0.017	0.008	0.000000	0.000000
1580057163099	1580057163098	0.981	7.910	5.455	-0.187	-0.015	0.012	0.000000	0.000000
1580057163119	1580057163118	0.953	7.848	5.450	-0.073	-0.026	0.010	0.000000	0.000000
1580057163147	1580057163146	0.933	7.863	5.536	0.059	-0.003	0.000	0.000000	0.000000
1580057163158	1580057163156	0.960	7.858	5.486	0.225	0.020	-0.007	0.000000	0.000000
1580057163180	1580057163178	0.986	7.925	5.261	0.410	0.014	-0.015	0.000000	0.000000
1580057163199	1580057163199	1.015	8.018	5.237	0.564	0.044	-0.009	0.000000	0.000000
1580057163218	1580057163216	0.993	8.083	5.100	0.671	0.038	-0.001	0.000000	0.000000
1580057163238	1580057163237	0.993	8.181	5.050	0.731	0.058	-0.004	0.000000	0.000000
1580057163261	1580057163261	1.010	8.267	4.842	0.771	0.039	-0.008	0.000000	0.000000
1580057163284	1580057163278	1.075	8.313	4.595	0.787	0.031	-0.013	0.000000	0.000000
1580057163298	1580057163298	1.077	8.409	4.542	0.783	0.029	-0.019	0.000000	0.000000
1580057163318	1580057163316	1.036	8.509	4.535	0.738	0.043	-0.025	0.000000	0.000000
1580057163338	1580057163337	1.032	8.615	4.358	0.682	0.023	-0.028	0.000000	0.000000
1580057163357	1580057163356	0.993	8.667	4.255	0.626	0.012	-0.016	0.000000	0.000000
1580057163380	1580057163379	0.977	8.658	4.140	0.551	0.015	-0.011	0.000000	0.000000
1580057163407	1580057163400	0.972	8.708	3.991	0.468	0.025	-0.020	0.000000	0.000000
1580057163418	1580057163418	0.989	8.806	3.984	0.365	0.024	-0.022	0.000000	0.000000
1580057163437	1580057163436	0.955	8.816	3.915	0.215	0.000	-0.011	0.000000	0.000000
1580057163458	1580057163456	0.924	8.842	3.963	0.023	0.013	-0.011	0.000000	0.000000
1580057163483	1580057163476	0.893	8.849	4.106	-0.210	0.014	-0.008	0.000000	0.000000
1580057163497	1580057163496	0.945	8.773	4.137	-0.389	-0.014	-0.002	0.000000	0.000000
1580057163517	1580057163516	0.984	8.679	4.061	-0.510	-0.014	-0.001	0.000000	0.000000
1580057163536	1580057163535	0.986	8.684	4.262	-0.604	-0.009	0.003	0.000000	0.000000
1580057163557	1580057163557	0.977	8.636	4.387	-0.685	-0.024	0.014	0.000000	0.000000
1580057163578	1580057163577	0.986	8.507	4.482	-0.743	-0.022	0.019	0.000000	0.000000
1580057163600	1580057163600	0.993	8.370	4.645	-0.771	-0.017	0.014	0.000000	0.000000
1580057163619	1580057163617	0.981	8.351	4.811	-0.737	-0.032	0.002	0.000000	0.000000
1580057163636	1580057163635	0.977	8.277	4.832	-0.675	-0.049	0.001	0.000000	0.000000
1580057163656	1580057163654	1.003	8.174	4.964	-0.576	-0.012	0.000	0.000000	0.000000
1580057163677	1580057163676	1.001	8.128	5.019	-0.478	-0.019	-0.001	0.000000	0.000000
1580057163696	1580057163694	0.998	8.112	5.043	-0.398	-0.026	-0.002	0.000000	0.000000
1580057163716	1580057163715	0.972	8.064	5.076	-0.349	-0.019	-0.003	0.000000	0.000000
1580057163736	1580057163735	0.960	8.011	5.033	-0.301	-0.001	-0.010	0.000000	0.000000
1580057163755	1580057163754	0.919	8.042	5.067	-0.233	0.016	-0.014	0.000000	0.000000
1580057163778	1580057163776	1.003	7.994	5.124	-0.099	-0.016	-0.006	0.000000	0.000000
1580057163796	1580057163795	0.986	8.040	5.050	0.052	-0.015	0.006	0.000000	0.000000
1580057163822	1580057163821	0.977	7.985	5.208	0.210	0.002	0.018	0.000000	0.000000
1580057163841	1580057163840	0.941	7.992	5.105	0.386	0.006	0.008	0.000000	0.000000
1580057163856	1580057163854	0.965	8.076	5.146	0.520	0.037	-0.010	0.000000	0.000000
1580057163875	1580057163873	0.972	8.219	5.117	0.660	0.031	-0.019	0.000000	0.000000
1580057163898	1580057163897	0.993	8.342	4.892	0.778	0.007	-0.003	0.000000	0.000000
1580057163916	1580057163914	0.945	8.385	4.779	0.828	0.011	0.019	0.000000	0.000000
1580057163935	1580057163933	0.941	8.406	4.607	0.840	0.042	0.017	0.000000	0.000000
1580057163955	1580057163953	0.991	8.490	4.375	0.817	0.056	-0.008	0.000000	0.000000
1580057163975	1580057163974	0.979	8.622	4.399	0.748	0.054	-0.026	0.000000	0.000000
1580057164005	1580057164003	0.986	8.711	4.250	0.619	0.030	-0.035	0.000000	0.000000
1580057164025	1580057164025	1.008	8.749	4.027	0.461	0.015	-0.032	0.000000	0.000000
1580057164037	1580057164033	0.965	8.746	3.951	0.316	0.020	-0.022	0.000000	0.000000
1580057164054	1580057164052	0.969	8.754	3.807	0.190	0.026	-0.020	0.000000	0.000000
1580057164075	1580057164074	0.984	8.766	3.764	0.081	0.015	-0.019	0.000000	0.000000
1580057164094	1580057164094	0.972	8.804	3.991	-0.072	0.028	-0.019	0.000000	0.000000
1580057164117	1580057164115	0.941	8.809	4.171	-0.259	0.012	-0.011	0.000000	0.000000
1580057164136	1580057164135	0.871	8.766	4.224	-0.468	-0.022	-0.001	0.000000	0.000000
1580057164153	1580057164152	0.859	8.734	4.353	-0.668	-0.015	-0.004	0.000000	0.000000
1580057164176	1580057164176	0.929	8.639	4.458	-0.841	-0.016	-0.002	0.000000	0.000000
1580057164200	1580057164196	0.991	8.538	4.643	-0.937	-0.028	0.011	0.000000	0.000000
1580057164229	1580057164229	0.977	8.363	4.746	-0.944	-0.050	0.026	0.000000	0.000000
1580057164235	1580057164233	0.979	8.253	4.971	-0.907	-0.037	0.022	0.000000	0.000000
1580057164254	1580057164252	0.957	8.200	4.995	-0.811	-0.055	0.007	0.000000	0.000000
1580057164276	1580057164276	0.974	8.116	5.029	-0.705	-0.066	0.009	0.000000	0.000000
1580057164294	1580057164293	0.984	8.033	5.144	-0.597	-0.053	0.012	0.000000	0.000000
1580057164314	1580057164312	0.986	7.973	5.156	-0.504	-0.038	0.010	0.000000	0.000000
1580057164335	1580057164335	0.981	7.915	5.297	-0.420	-0.033	0.009	0.000000	0.000000
1580057164354	1580057164353	0.981	7.886	5.335	-0.343	-0.035	0.008	0.000000	0.000000
1580057164375	1580057164372	0.967	7.877	5.261	-0.227	-0.034	0.010	0.000000	0.000000
1580057164397	1580057164397	0.924	7.846	5.326	-0.063	-0.028	0.021	0.000000	0.000000
1580057164421	1580057164420	0.984	7.841	5.302	0.163	-0.014	0.026	0.000000	0.000000
1580057164435	1580057164435	1.005	7.877	5.141	0.395	-0.002	0.025	0.000000	0.000000
1580057164454	1580057164452	0.972	7.961	5.294	0.568	0.041	0.015	0.000000	0.000000
1580057164474	1580057164472	0.948	8.069	5.218	0.746	0.018	0.011	0.000000	0.000000
1580057164493	1580057164492	0.936	8.136	5.000	0.870	0.048	0.001	0.000000	0.000000
1580057164519	1580057164518	1.017	8.275	4.875	0.954	0.067	-0.009	0.000000	0.000000
1580057164538	1580057164534	1.029	8.363	4.760	0.984	0.062	-0.011	0.000000	0.000000
1580057164554	1580057164552	1.063	8.445	4.511	0.967	0.051	-0.018	0.000000	0.000000
1580057164574	1580057164572	1.070	8.560	4.233	0.909	0.040	-0.026	0.000000	0.000000
1580057164597	1580057164596	1.053	8.665	4.171	0.781	0.053	-0.033	0.000000	0.000000
1580057164619	1580057164611	0.977	8.723	4.073	0.571	0.035	-0.031	0.000000	0.000000
1580057164641	1580057164641	0.953	8.770	3.989	0.278	0.048	-0.035	0.000000	0.000000
1580057164654	1580057164652	0.965	8.806	4.104	-0.075	0.049	-0.034	0.000000	0.000000
1580057164673	1580057164672	0.936	8.833	4.367	-0.412	0.034	-0.023	0.000000	0.000000
1580057164693	1580057164691	0.945	8.737	4.284	-0.697	-0.049	0.006	0.000000	0.000000
1580057164715	1580057164712	0.972	8.584	4.494	-0.972	-0.042	0.026	0.000000	0.000000
1580057164737	1580057164737	0.986	8.464	4.808	-1.133	-0.036	0.030	0.000000	0.000000
1580057164754	1580057164752	1.015	8.318	4.892	-1.181	-0.065	0.033	0.000000	0.000000
1580057164772	1580057164771	1.008	8.131	5.041	-1.091	-0.053	0.036	0.000000	0.000000
1580057164793	1580057164790	1.032	8.030	5.182	-0.868	-0.067	0.035	0.000000	0.000000
1580057164826	1580057164811	0.945	7.927	5.311	-0.648	-0.055	0.029	0.000000	0.000000
1580057164832	1580057164830	0.900	7.896	5.412	-0.446	-0.036	0.011	0.000000	0.000000
1580057164855	1580057164855	0.907	7.910	5.340	-0.271	-0.017	0.002	0.000000	0.000000
1580057164872	1580057164870	0.943	7.903	5.206	-0.122	-0.002	0.005	0.000000	0.000000
1580057164894	1580057164892	0.924	7.910	5.117	0.075	-0.009	0.014	0.000000	0.000000
1580057164914	1580057164913	0.979	7.922	5.153	0.293	0.017	0.027	0.000000	0.000000
1580057164932	1580057164931	1.001	7.920	5.151	0.528	0.042	0.032	0.000000	0.000000
1580057164956	1580057164953	1.046	8.018	5.050	0.716	0.061	0.014	0.000000	0.000000
1580057164974	1580057164973	1.099	8.121	5.017	0.855	0.075	-0.002	0.000000	0.000000
1580057164992	1580057164989	1.060	8.219	4.799	0.975	0.034	-0.007	0.000000	0.000000
1580057165018	1580057165010	1.022	8.368	4.631	1.024	0.016	-0.007	0.000000	0.000000
1580057165032	1580057165032	1.017	8.461	4.454	0.968	0.026	-0.014	0.000000	0.000000
1580057165054	1580057165052	1.008	8.576	4.176	0.856	0.023	-0.030	0.000000	0.000000
1580057165072	1580057165069	1.010	8.670	4.099	0.655	0.050	-0.051	0.000000	0.000000
1580057165090	1580057165089	1.024	8.730	4.063	0.386	0.058	-0.057	0.000000	0.000000
1580057165112	1580057165111	0.977	8.782	4.185	0.074	0.054	-0.048	0.000000	0.000000
1580057165131	1580057165129	0.938	8.790	4.454	-0.286	0.043	-0.031	0.000000	0.000000
1580057165157	1580057165156	0.962	8.718	4.535	-0.613	0.005	-0.011	0.000000	0.000000
1580057165172	1580057165172	0.941	8.617	4.660	-0.900	-0.031	0.003	0.000000	0.000000
1580057165191	1580057165189	0.953	8.473	4.772	-1.083	-0.053	0.012	0.000000	0.000000
1580057165212	1580057165209	0.981	8.289	5.007	-1.153	-0.068	0.025	0.000000	0.000000
1580057165230	1580057165229	0.965	8.157	5.144	-1.091	-0.048	0.031	0.000000	0.000000
1580057165252	1580057165249	0.972	8.016	5.122	-0.927	-0.068	0.031	0.000000	0.000000
1580057165270	1580057165268	0.950	7.956	5.244	-0.721	-0.049	0.023	0.000000	0.000000
1580057165289	1580057165289	0.972	7.889	5.354	-0.536	-0.034	0.016	0.000000	0.000000
1580057165311	1580057165308	0.972	7.874	5.345	-0.359	-0.035	0.015	0.000000	0.000000
1580057165334	1580057165329	0.977	7.863	5.299	-0.221	-0.032	0.016	0.000000	0.000000
1580057165358	1580057165353	0.989	7.836	5.259	-0.124	-0.014	0.022	0.000000	0.000000
1580057165371	1580057165368	1.005	7.831	5.261	-0.043	-0.019	0.021	0.000000	0.000000
1580057165389	1580057165388	1.013	7.836	5.393	0.006	0.010	0.012	0.000000	0.000000
1580057165410	1580057165409	1.041	7.824	5.575	0.031	0.010	0.003	0.000000	0.000000
1580057165430	1580057165427	1.022	7.834	5.582	0.026	-0.003	0.002	0.000000	0.000000
1580057165455	1580057165454	0.993	7.827	5.582	0.034	-0.003	-0.005	0.000000	0.000000
1580057165470	1580057165468	0.984	7.843	5.536	0.126	-0.003	-0.008	0.000000	0.000000
1580057165489	1580057165488	0.998	7.858	5.498	0.312	0.016	0.001	0.000000	0.000000
1580057165510	1580057165510	0.957	7.918	5.330	0.553	0.018	0.009	0.000000	0.000000
1580057165534	1580057165534	0.926	7.982	5.213	0.785	0.041	0.003	0.000000	0.000000
1580057165554	1580057165551	0.945	8.092	5.053	0.971	0.034	-0.005	0.000000	0.000000
1580057165573	1580057165567	0.996	8.255	4.710	1.076	0.028	-0.010	0.000000	0.000000
1580057165589	1580057165587	1.048	8.339	4.451	1.069	0.064	-0.018	0.000000	0.000000
1580057165609	1580057165607	1.096	8.519	4.408	1.040	0.068	-0.015	0.000000	0.000000
1580057165629	1580057165627	1.096	8.636	4.128	0.950	0.022	0.000	0.000000	0.000000
1580057165653	1580057165649	1.080	8.675	3.972	0.782	0.028	0.010	0.000000	0.000000
1580057165677	1580057165675	1.099	8.725	3.977	0.553	0.014	0.015	0.000000	0.000000
1580057165691	1580057165690	1.075	8.768	4.032	0.209	0.027	0.010	0.000000	0.000000
1580057165709	1580057165707	1.020	8.828	4.415	-0.221	0.039	-0.001	0.000000	0.000000
1580057165734	1580057165733	0.912	8.828	4.684	-0.623	-0.010	-0.003	0.000000	0.000000
1580057165760	1580057165750	0.926	8.660	4.502	-1.008	-0.051	-0.004	0.000000	0.000000
1580057165767	1580057165765	0.967	8.478	4.674	-1.327	-0.020	-0.006	0.000000	0.000000
1580057165788	1580057165786	1.058	8.284	4.918	-1.447	-0.038	-0.009	0.000000	0.000000
1580057165808	1580057165807	1.123	8.138	4.902	-1.341	-0.069	-0.001	0.000000	0.000000
1580057165829	1580057165827	1.065	7.980	5.091	-1.083	-0.059	0.021	0.000000	0.000000
1580057165852	1580057165849	1.022	7.872	5.328	-0.759	-0.043	0.032	0.000000	0.000000
1580057165868	1580057165868	0.969	7.788	5.383	-0.424	-0.058	0.031	0.000000	0.000000
1580057165893	1580057165893	0.979	7.815	5.366	-0.139	-0.045	0.023	0.000000	0.000000
1580057165911	1580057165908	0.914	7.839	5.309	0.060	-0.024	0.023	0.000000	0.000000
1580057165929	1580057165929	0.917	7.839	5.297	0.222	0.016	0.017	0.000000	0.000000
1580057165955	1580057165955	0.941	7.848	5.285	0.401	0.031	0.005	0.000000	0.000000
1580057165971	1580057165968	0.960	7.915	5.338	0.590	0.049	-0.009	0.000000	0.000000
1580057165987	1580057165987	1.005	8.057	5.215	0.785	0.071	-0.022	0.000000	0.000000
1580057166008	1580057166006	1.056	8.172	4.990	0.950	0.053	-0.026	0.000000	0.000000
1580057166031	1580057166026	1.060	8.289	4.803	1.052	0.042	-0.023	0.000000	0.000000
1580057166051	1580057166049	1.087	8.435	4.645	1.058	0.061	-0.023	0.000000	0.000000
1580057166068	1580057166067	1.046	8.548	4.506	0.976	0.046	-0.018	0.000000	0.000000
1580057166095	1580057166094	1.027	8.643	4.329	0.852	0.035	-0.016	0.000000	0.000000
1580057166110	1580057166107	1.005	8.663	4.034	0.698	0.032	-0.015	0.000000	0.000000
1580057166128	1580057166128	1.075	8.715	3.970	0.527	0.039	-0.021	0.000000	0.000000
1580057166155	1580057166153	1.056	8.751	3.773	0.373	-0.017	-0.008	0.000000	0.000000
1580057166166	1580057166165	0.941	8.749	3.852	0.149	-0.006	-0.006	0.000000	0.000000
1580057166197	1580057166186	0.907	8.826	4.066	-0.152	0.038	-0.022	0.000000	0.000000
1580057166206	1580057166205	0.907	8.869	4.281	-0.478	0.039	-0.023	0.000000	0.000000
1580057166228	1580057166226	0.919	8.775	4.446	-0.782	0.004	-0.006	0.000000	0.000000
1580057166248	1580057166246	0.974	8.600	4.458	-1.035	-0.027	0.008	0.000000	0.000000
1580057166272	1580057166266	1.044	8.447	4.741	-1.223	-0.017	0.007	0.000000	0.000000
1580057166291	1580057166288	1.048	8.313	4.933	-1.264	-0.047	0.006	0.000000	0.000000
1580057166314	1580057166314	1.077	8.143	4.976	-1.201	-0.072	0.015	0.000000	0.000000
1580057166332	1580057166327	1.051	8.001	5.105	-1.033	-0.075	0.024	0.000000	0.000000
1580057166360	1580057166354	1.003	7.901	5.326	-0.794	-0.059	0.026	0.000000	0.000000
1580057166365	1580057166364	0.921	7.822	5.414	-0.539	-0.044	0.021	0.000000	0.000000
1580057166389	1580057166386	0.862	7.807	5.548	-0.319	-0.017	0.002	0.000000	0.000000
1580057166407	1580057166405	0.910	7.839	5.467	-0.136	-0.011	-0.018	0.000000	0.000000
1580057166427	1580057166425	0.936	7.855	5.342	0.021	-0.008	-0.020	0.000000	0.000000
1580057166448	1580057166443	0.953	7.863	5.304	0.191	-0.006	-0.003	0.000000	0.000000
1580057166467	1580057166464	1.008	7.901	5.187	0.369	0.011	0.018	0.000000	0.000000
1580057166493	1580057166493	1.015	7.906	5.292	0.558	0.049	0.033	0.000000	0.000000
1580057166510	1580057166510	1.034	8.021	5.227	0.771	0.033	0.031	0.000000	0.000000
1580057166530	1580057166526	1.065	8.102	5.045	0.948	0.046	0.025	0.000000	0.000000
1580057166546	1580057166543	1.060	8.217	4.849	1.094	0.024	0.013	0.000000	0.000000
1580057166564	1580057166563	1.027	8.284	4.605	1.142	0.047	-0.011	0.000000	0.000000
1580057166584	1580057166584	1.022	8.447	4.430	1.131	0.062	-0.043	0.000000	0.000000
1580057166606	1580057166605	1.032	8.634	4.226	1.080	0.030	-0.060	0.000000	0.000000
1580057166627	1580057166624	1.041	8.746	4.054	0.989	0.020	-0.049	0.000000	0.000000
1580057166647	1580057166643	1.058	8.775	3.828	0.897	0.032	-0.035	0.000000	0.000000
1580057166663	1580057166662	1.068	8.828	3.697	0.788	0.027	-0.032	0.000000	0.000000
1580057166691	1580057166689	0.993	8.890	3.548	0.657	0.021	-0.035	0.000000	0.000000
1580057166709	1580057166707	0.972	8.964	3.467	0.452	0.008	-0.034	0.000000	0.000000
1580057166729	1580057166722	0.890	9.036	3.622	0.126	0.030	-0.028	0.000000	0.000000
1580057166745	1580057166743	0.823	9.132	3.953	-0.263	0.025	-0.026	0.000000	0.000000
1580057166764	1580057166763	0.787	9.067	4.171	-0.696	0.008	-0.021	0.000000	0.000000
1580057166784	1580057166782	0.854	8.936	4.219	-1.087	-0.025	-0.009	0.000000	0.000000
1580057166806	1580057166806	0.912	8.744	4.329	-1.366	-0.039	0.008	0.000000	0.000000
1580057166824	1580057166823	0.960	8.543	4.511	-1.491	-0.024	0.013	0.000000	0.000000
1580057166843	1580057166842	1.063	8.354	4.621	-1.432	-0.047	0.010	0.000000	0.000000
1580057166864	1580057166864	1.036	8.198	4.700	-1.226	-0.063	0.012	0.000000	0.000000
1580057166885	1580057166885	1.046	8.073	4.942	-0.976	-0.053	0.000	0.000000	0.000000
1580057166905	1580057166903	1.010	8.042	5.098	-0.730	-0.057	-0.009	0.000000	0.000000
1580057166922	1580057166921	0.965	8.025	5.278	-0.571	-0.042	-0.009	0.000000	0.000000
1580057166943	1580057166941	0.950	7.975	5.203	-0.439	-0.077	-0.001	0.000000	0.000000
1580057166962	1580057166961	0.902	7.913	5.244	-0.338	-0.039	0.009	0.000000	0.000000
1580057166983	1580057166981	0.924	7.908	5.220	-0.188	-0.036	0.014	0.000000	0.000000
1580057167003	1580057167002	0.917	7.853	5.230	0.053	-0.024	0.024	0.000000	0.000000
1580057167025	1580057167025	0.948	7.879	5.237	0.340	-0.008	0.026	0.000000	0.000000
1580057167044	1580057167042	0.953	7.932	5.201	0.618	0.023	0.025	0.000000	0.000000
1580057167062	1580057167060	0.950	8.049	5.074	0.870	0.051	0.013	0.000000	0.000000
1580057167088	1580057167087	0.950	8.162	4.870	1.068	0.054	0.007	0.000000	0.000000
1580057167105	1580057167100	0.972	8.287	4.803	1.214	0.066	-0.008	0.000000	0.000000
1580057167121	1580057167121	0.962	8.394	4.514	1.263	0.076	-0.035	0.000000	0.000000
1580057167142	1580057167141	1.022	8.536	4.181	1.191	0.084	-0.061	0.000000	0.000000
1580057167161	1580057167160	1.072	8.761	4.147	0.986	0.096	-0.080	0.000000	0.000000
1580057167181	1580057167180	1.013	8.835	4.099	0.809	0.082	-0.070	0.000000	0.000000
1580057167203	1580057167202	1.001	8.897	3.560	0.633	-0.017	-0.044	0.000000	0.000000
1580057167221	1580057167220	0.948	8.883	3.584	0.297	0.031	-0.024	0.000000	0.000000
1580057167246	1580057167241	0.878	8.912	3.862	-0.065	0.023	-0.008	0.000000	0.000000
1580057167263	1580057167261	0.850	8.960	4.121	-0.418	0.015	-0.003	0.000000	0.000000
1580057167287	1580057167287	0.814	8.943	4.401	-0.810	-0.010	0.010	0.000000	0.000000
1580057167303	1580057167299	0.866	8.749	4.509	-1.186	-0.044	0.023	0.000000	0.000000
1580057167324	1580057167324	0.960	8.536	4.652	-1.422	-0.081	0.029	0.000000	0.000000
1580057167342	1580057167341	0.998	8.289	4.887	-1.474	-0.067	0.025	0.000000	0.000000
1580057167360	1580057167359	1.027	8.124	4.961	-1.363	-0.078	0.007	0.000000	0.000000
1580057167381	1580057167381	0.969	8.009	5.108	-1.159	-0.084	-0.001	0.000000	0.000000
1580057167402	1580057167400	0.950	7.970	5.512	-0.928	-0.053	-0.007	0.000000	0.000000
1580057167421	1580057167419	0.948	7.886	5.424	-0.722	-0.109	-0.002	0.000000	0.000000
1580057167446	1580057167441	0.902	7.795	5.472	-0.565	-0.066	-0.003	0.000000	0.000000
1580057167462	1580057167461	0.874	7.779	5.575	-0.422	-0.048	-0.002	0.000000	0.000000
1580057167483	1580057167483	0.957	7.750	5.592	-0.301	-0.043	0.007	0.000000	0.000000
1580057167506	1580057167499	0.965	7.721	5.436	-0.199	-0.058	0.021	0.000000	0.000000
1580057167521	1580057167520	0.972	7.625	5.393	-0.141	-0.015	0.012	0.000000	0.000000
1580057167541	1580057167540	0.969	7.668	5.556	-0.022	0.006	-0.011	0.000000	0.000000
1580057167561	1580057167558	0.965	7.721	5.493	0.110	-0.020	-0.022	0.000000	0.000000
1580057167580	1580057167579	1.044	7.764	5.354	0.236	-0.022	-0.026	0.000000	0.000000
1580057167600	1580057167600	1.017	7.776	5.352	0.322	0.013	-0.022	0.000000	0.000000
1580057167621	1580057167618	0.938	7.779	5.469	0.457	0.038	-0.018	0.000000	0.000000
1580057167645	1580057167645	0.895	7.846	5.465	0.664	0.041	-0.021	0.000000	0.000000
1580057167662	1580057167658	0.914	7.985	5.304	0.918	0.047	-0.020	0.000000	0.000000
1580057167680	1580057167678	0.960	8.092	5.160	1.189	0.054	-0.010	0.000000	0.000000
1580057167706	1580057167698	0.957	8.258	4.973	1.394	0.071	0.000	0.000000	0.000000
1580057167720	1580057167717	0.933	8.452	4.906	1.471	0.076	0.001	0.000000	0.000000
1580057167739	1580057167738	0.936	8.641	4.753	1.399	0.061	0.003	0.000000	0.000000
1580057167759	1580057167757	0.969	8.715	4.358	1.237	0.051	0.005	0.000000	0.000000
1580057167781	1580057167778	0.979	8.842	4.113	1.048	0.042	0.002	0.000000	0.000000
1580057167799	1580057167797	0.960	8.921	3.934	0.858	0.016	0.007	0.000000	0.000000
1580057167820	1580057167820	0.955	8.900	3.618	0.672	0.006	0.016	0.000000	0.000000
1580057167844	1580057167843	0.969	8.900	3.452	0.523	0.005	0.018	0.000000	0.000000
1580057167867	1580057167865	1.001	8.902	3.282	0.412	0.013	0.008	0.000000	0.000000
1580057167879	1580057167877	0.981	9.003	3.318	0.304	0.029	-0.006	0.000000	0.000000
1580057167900	1580057167897	0.933	9.063	3.349	0.147	0.011	-0.009	0.000000	0.000000
1580057167918	1580057167918	0.847	9.115	3.376	-0.097	0.002	-0.007	0.000000	0.000000
1580057167938	1580057167938	0.838	9.099	3.522	-0.422	-0.003	0.005	0.000000	0.000000
1580057167959	1580057167957	0.866	9.036	3.651	-0.740	-0.007	0.024	0.000000	0.000000
1580057167979	1580057167977	0.948	8.943	3.864	-1.037	0.001	0.043	0.000000	0.000000
1580057168001	1580057167998	1.046	8.828	3.955	-1.269	-0.033	0.066	0.000000	0.000000
1580057168018	1580057168018	1.096	8.603	4.111	-1.430	-0.039	0.080	0.000000	0.000000
1580057168040	1580057168040	1.123	8.423	4.490	-1.435	-0.035	0.079	0.000000	0.000000
1580057168063	1580057168056	1.099	8.258	4.712	-1.347	-0.058	0.066	0.000000	0.000000
1580057168078	1580057168076	1.127	8.119	4.940	-1.186	-0.041	0.043	0.000000	0.000000
1580057168098	1580057168096	1.070	8.028	5.124	-0.963	-0.050	0.016	0.000000	0.000000
1580057168117	1580057168116	1.003	7.985	5.208	-0.727	-0.066	-0.002	0.000000	0.000000
1580057168138	1580057168136	0.921	7.930	5.378	-0.534	-0.043	-0.003	0.000000	0.000000
1580057168157	1580057168156	0.907	7.903	5.390	-0.308	-0.020	0.003	0.000000	0.000000
1580057168180	1580057168180	0.933	7.846	5.201	-0.029	-0.026	0.012	0.000000	0.000000
1580057168198	1580057168196	0.996	7.858	5.086	0.270	-0.007	0.016	0.000000	0.000000
1580057168220	1580057168220	1.048	7.937	5.086	0.569	0.009	0.019	0.000000	0.000000
1580057168241	1580057168237	1.008	8.047	5.086	0.796	0.040	0.026	0.000000	0.000000
1580057168262	1580057168256	1.017	8.152	5.093	0.971	0.043	0.026	0.000000	0.000000
1580057168277	1580057168277	1.020	8.296	4.844	1.134	0.014	0.021	0.000000	0.000000
1580057168297	1580057168295	1.087	8.402	4.660	1.181	0.045	0.008	0.000000	0.000000
1580057168316	1580057168315	1.132	8.550	4.487	1.187	0.031	-0.001	0.000000	0.000000
1580057168336	1580057168335	1.132	8.641	4.140	1.143	0.027	-0.007	0.000000	0.000000
1580057168358	1580057168356	1.120	8.734	3.876	1.034	0.038	-0.016	0.000000	0.000000
1580057168380	1580057168380	1.072	8.849	3.821	0.894	0.050	-0.025	0.000000	0.000000
1580057168396	1580057168396	1.068	8.900	3.637	0.747	0.030	-0.024	0.000000	0.000000
1580057168416	1580057168415	1.056	8.907	3.412	0.583	0.032	-0.023	0.000000	0.000000
1580057168440	1580057168440	1.034	8.967	3.397	0.417	0.013	-0.019	0.000000	0.000000
1580057168456	1580057168454	1.015	9.005	3.325	0.210	0.013	-0.015	0.000000	0.000000
1580057168484	1580057168476	0.960	9.082	3.572	-0.096	0.039	-0.017	0.000000	0.000000
1580057168497	1580057168494	0.919	9.082	3.745	-0.427	0.005	-0.013	0.000000	0.000000
1580057168516	1580057168516	0.914	9.005	3.828	-0.754	0.009	-0.008	0.000000	0.000000
1580057168537	1580057168535	0.984	8.852	3.991	-1.020	0.010	0.001	0.000000	0.000000
1580057168555	1580057168554	1.080	8.732	4.058	-1.171	-0.006	0.010	0.000000	0.000000
1580057168576	1580057168576	1.116	8.572	4.197	-1.220	-0.007	0.015	0.000000	0.000000
1580057168597	1580057168596	1.099	8.473	4.463	-1.144	-0.018	0.012	0.000000	0.000000
1580057168618	1580057168614	1.053	8.354	4.636	-1.015	-0.029	0.010	0.000000	0.000000
1580057168643	1580057168640	1.058	8.255	4.744	-0.881	-0.026	0.001	0.000000	0.000000
1580057168655	1580057168653	1.046	8.188	4.887	-0.725	-0.047	0.000	0.000000	0.000000
1580057168675	1580057168673	1.017	8.164	5.045	-0.613	-0.031	0.002	0.000000	0.000000
1580057168697	1580057168694	0.979	8.081	5.120	-0.553	-0.026	0.009	0.000000	0.000000
1580057168716	1580057168715	0.967	8.018	5.223	-0.513	-0.015	0.010	0.000000	0.000000
1580057168736	1580057168734	1.020	7.963	5.223	-0.401	-0.020	0.007	0.000000	0.000000
1580057168761	1580057168754	0.993	7.915	5.134	-0.211	-0.032	0.011	0.000000	0.000000
1580057168780	1580057168777	1.005	7.910	5.168	0.051	-0.020	0.016	0.000000	0.000000
1580057168803	1580057168803	1.020	7.954	5.160	0.386	0.007	0.022	0.000000	0.000000
1580057168826	1580057168818	1.013	8.013	5.117	0.700	0.022	0.021	0.000000	0.000000
1580057168842	1580057168834	0.979	8.121	5.124	0.903	0.022	0.012	0.000000	0.000000
1580057168855	1580057168854	1.008	8.267	4.892	1.051	0.018	0.002	0.000000	0.000000
1580057168878	1580057168875	1.075	8.382	4.588	1.146	0.027	-0.005	0.000000	0.000000
1580057168895	1580057168893	1.089	8.514	4.430	1.203	0.050	-0.010	0.000000	0.000000
1580057168917	1580057168916	1.099	8.624	4.284	1.217	0.037	-0.015	0.000000	0.000000
1580057168936	1580057168936	1.108	8.718	3.967	1.182	0.040	-0.027	0.000000	0.000000
1580057168960	1580057168953	1.087	8.794	3.764	1.049	0.056	-0.041	0.000000	0.000000
1580057168981	1580057168981	1.041	8.936	3.594	0.846	0.038	-0.055	0.000000	0.000000
1580057168998	1580057168998	1.003	9.008	3.414	0.581	0.024	-0.053	0.000000	0.000000
1580057169016	1580057169016	0.965	9.012	3.476	0.308	0.050	-0.048	0.000000	0.000000
1580057169035	1580057169032	0.967	9.077	3.570	0.028	0.050	-0.048	0.000000	0.000000
1580057169053	1580057169051	0.919	9.125	3.620	-0.323	0.029	-0.036	0.000000	0.000000
1580057169074	1580057169073	0.919	9.096	3.922	-0.708	-0.002	-0.008	0.000000	0.000000
1580057169095	1580057169094	0.950	8.960	3.951	-1.034	-0.035	0.028	0.000000	0.000000
1580057169115	1580057169114	1.001	8.770	4.070	-1.311	-0.041	0.047	0.000000	0.000000
1580057169139	1580057169135	1.070	8.586	4.324	-1.477	-0.044	0.052	0.000000	0.000000
1580057169161	1580057169153	1.104	8.382	4.480	-1.472	-0.024	0.040	0.000000	0.000000
1580057169177	1580057169177	1.116	8.260	4.825	-1.360	-0.021	0.024	0.000000	0.000000
1580057169194	1580057169193	1.065	8.136	5.024	-1.159	-0.039	0.019	0.000000	0.000000
1580057169220	1580057169212	1.015	8.061	5.165	-0.952	-0.052	0.016	0.000000	0.000000
1580057169236	1580057169232	1.051	7.958	5.239	-0.800	-0.047	0.009	0.000000	0.000000
1580057169255	1580057169253	1.051	7.908	5.309	-0.675	-0.048	0.012	0.000000	0.000000
1580057169273	1580057169272	1.041	7.853	5.385	-0.606	-0.037	0.025	0.000000	0.000000
1580057169297	1580057169295	1.034	7.783	5.462	-0.530	-0.036	0.034	0.000000	0.000000
1580057169316	1580057169313	0.986	7.707	5.541	-0.446	-0.026	0.035	0.000000	0.000000
1580057169336	1580057169332	0.998	7.657	5.644	-0.321	-0.014	0.025	0.000000	0.000000
1580057169355	1580057169354	1.060	7.649	5.512	-0.134	-0.022	0.015	0.000000	0.000000
1580057169383	1580057169381	1.075	7.642	5.402	0.089	-0.015	0.015	0.000000	0.000000
1580057169401	1580057169394	1.032	7.645	5.524	0.326	0.008	0.015	0.000000	0.000000
1580057169419	1580057169411	0.984	7.685	5.551	0.583	0.023	0.007	0.000000	0.000000
1580057169432	1580057169431	1.017	7.791	5.374	0.826	0.024	-0.014	0.000000	0.000000
1580057169456	1580057169453	1.065	7.927	5.256	1.028	0.037	-0.028	0.000000	0.000000
1580057169473	1580057169472	1.048	8.107	5.211	1.170	0.035	-0.028	0.000000	0.000000
1580057169494	1580057169491	1.022	8.241	4.995	1.243	0.048	-0.023	0.000000	0.000000
1580057169511	1580057169511	1.082	8.354	4.693	1.304	0.057	-0.027	0.000000	0.000000
1580057169539	1580057169538	1.127	8.497	4.439	1.345	0.049	-0.038	0.000000	0.000000
1580057169560	1580057169559	1.142	8.608	4.185	1.350	0.047	-0.043	0.000000	0.000000
1580057169575	1580057169575	1.142	8.744	3.910	1.318	0.059	-0.046	0.000000	0.000000
1580057169596	1580057169592	1.113	8.857	3.560	1.264	0.021	-0.043	0.000000	0.000000
1580057169618	1580057169610	1.084	8.957	3.357	1.173	0.033	-0.044	0.000000	0.000000
1580057169630	1580057169630	1.060	9.036	3.167	1.032	0.025	-0.044	0.000000	0.000000
1580057169656	1580057169652	1.063	9.180	3.086	0.822	0.021	-0.041	0.000000	0.000000
1580057169672	1580057169670	0.998	9.170	2.868	0.548	0.001	-0.025	0.000000	0.000000
1580057169691	1580057169691	0.926	9.211	3.091	0.226	0.045	-0.027	0.000000	0.000000
1580057169711	1580057169711	0.830	9.324	3.412	-0.062	0.024	-0.025	0.000000	0.000000
1580057169734	1580057169730	0.806	9.362	3.486	-0.411	-0.016	-0.013	0.000000	0.000000
1580057169754	1580057169753	0.795	9.314	3.694	-0.832	-0.009	0.009	0.000000	0.000000
1580057169778	1580057169778	0.854	9.118	3.745	-1.189	-0.049	0.040	0.000000	0.000000
1580057169793	1580057169788	0.933	8.890	3.941	-1.450	-0.026	0.056	0.000000	0.000000
1580057169812	1580057169809	1.034	8.711	4.123	-1.625	-0.020	0.045	0.000000	0.000000
1580057169830	1580057169828	1.127	8.545	4.355	-1.659	-0.014	0.030	0.000000	0.000000
1580057169852	1580057169849	1.151	8.416	4.557	-1.510	-0.057	0.029	0.000000	0.000000
1580057169870	1580057169869	1.087	8.277	4.940	-1.332	-0.061	0.032	0.000000	0.000000
1580057169891	1580057169889	1.022	8.133	5.158	-1.135	-0.051	0.032	0.000000	0.000000
1580057169911	1580057169908	1.020	8.035	5.124	-0.907	-0.057	0.028	0.000000	0.000000
1580057169934	1580057169930	1.041	7.985	5.086	-0.688	-0.052	0.027	0.000000	0.000000
1580057169953	1580057169950	1.051	7.922	4.988	-0.509	-0.043	0.029	0.000000	0.000000
1580057169971	1580057169968	0.974	7.872	4.969	-0.331	-0.037	0.028	0.000000	0.000000
1580057169995	1580057169988	0.950	7.865	5.076	-0.094	-0.031	0.022	0.000000	0.000000
1580057170009	1580057170008	1.008	7.858	5.009	0.232	-0.025	0.019	0.000000	0.000000
1580057170029	1580057170027	1.044	7.906	4.983	0.590	0.002	0.017	0.000000	0.000000
1580057170053	1580057170049	1.104	8.006	5.036	0.952	0.033	0.012	0.000000	0.000000
1580057170070	1580057170067	1.108	8.150	4.878	1.294	0.010	0.012	0.000000	0.000000
1580057170091	1580057170089	1.051	8.272	4.767	1.519	0.034	0.002	0.000000	0.000000
1580057170109	1580057170108	1.070	8.562	4.751	1.600	0.060	-0.022	0.000000	0.000000
1580057170129	1580057170127	1.075	8.744	4.363	1.525	0.037	-0.030	0.000000	0.000000
1580057170158	1580057170151	1.065	8.818	4.034	1.385	0.038	-0.028	0.000000	0.000000
1580057170170	1580057170167	1.099	8.883	3.721	1.276	0.032	-0.032	0.000000	0.000000
1580057170189	1580057170187	1.166	8.938	3.328	1.177	0.013	-0.037	0.000000	0.000000
1580057170208	1580057170207	1.156	9.041	3.043	1.076	0.012	-0.036	0.000000	0.000000
1580057170228	1580057170228	1.132	9.091	2.770	0.948	0.002	-0.031	0.000000	0.000000
1580057170252	1580057170249	1.084	9.178	2.640	0.764	0.026	-0.034	0.000000	0.000000
1580057170268	1580057170267	1.010	9.247	2.662	0.549	0.023	-0.036	0.000000	0.000000
1580057170289	1580057170287	0.941	9.281	2.616	0.262	0.028	-0.046	0.000000	0.000000
1580057170313	1580057170312	0.886	9.427	2.916	-0.136	0.044	-0.053	0.000000	0.000000
1580057170331	1580057170331	0.850	9.501	3.299	-0.594	0.028	-0.037	0.000000	0.000000
1580057170355	1580057170355	0.833	9.367	3.366	-1.077	-0.022	0.000	0.000000	0.000000
1580057170369	1580057170366	0.893	9.180	3.488	-1.525	-0.023	0.031	0.000000	0.000000
1580057170388	1580057170386	1.010	8.955	3.812	-1.855	-0.019	0.051	0.000000	0.000000
1580057170408	1580057170406	1.123	8.691	4.111	-1.978	-0.031	0.063	0.000000	0.000000
1580057170427	1580057170426	1.168	8.478	4.346	-1.890	-0.041	0.062	0.000000	0.000000
1580057170451	1580057170449	1.190	8.351	4.561	-1.663	-0.033	0.044	0.000000	0.000000
1580057170467	1580057170467	1.216	8.191	4.720	-1.375	-0.045	0.031	0.000000	0.000000
1580057170488	1580057170487	1.149	8.057	4.942	-1.079	-0.063	0.031	0.000000	0.000000
1580057170511	1580057170508	1.063	7.963	5.098	-0.800	-0.051	0.023	0.000000	0.000000
1580057170530	1580057170530	1.008	7.934	5.110	-0.553	-0.045	0.012	0.000000	0.000000
1580057170556	1580057170551	0.941	7.920	5.297	-0.382	0.001	0.006	0.000000	0.000000
1580057170567	1580057170565	0.972	7.874	5.266	-0.204	-0.022	0.006	0.000000	0.000000
1580057170589	1580057170586	1.001	7.860	5.220	-0.004	0.002	0.007	0.000000	0.000000
1580057170607	1580057170606	1.027	7.860	5.242	0.232	0.009	0.007	0.000000	0.000000
1580057170626	1580057170626	1.051	7.908	5.242	0.504	0.006	0.001	0.000000	0.000000
1580057170651	1580057170648	1.084	8.037	5.156	0.803	0.011	0.002	0.000000	0.000000
1580057170666	1580057170666	1.046	8.126	5.060	1.061	0.015	0.007	0.000000	0.000000
1580057170687	1580057170685	1.051	8.272	4.938	1.257	0.022	0.005	0.000000	0.000000
1580057170713	1580057170707	1.104	8.440	4.736	1.408	0.032	0.005	0.000000	0.000000
1580057170730	1580057170727	1.108	8.579	4.475	1.455	0.033	-0.002	0.000000	0.000000
1580057170757	1580057170751	1.144	8.708	4.166	1.421	0.016	-0.017	0.000000	0.000000
1580057170766	1580057170766	1.118	8.840	3.778	1.299	-0.005	-0.026	0.000000	0.000000
1580057170786	1580057170784	1.075	8.964	3.620	1.140	0.011	-0.027	0.000000	0.000000
1580057170807	1580057170804	1.060	9.000	3.340	0.993	0.012	-0.027	0.000000	0.000000
1580057170825	1580057170825	1.123	9.020	2.988	0.818	0.026	-0.028	0.000000	0.000000
1580057170847	1580057170847	1.151	9.120	2.889	0.621	0.040	-0.027	0.000000	0.000000
1580057170867	1580057170867	1.120	9.242	2.949	0.361	0.023	-0.011	0.000000	0.000000
1580057170886	1580057170885	1.044	9.309	3.167	-0.004	-0.004	0.014	0.000000	0.000000
1580057170910	1580057170910	0.950	9.312	3.371	-0.457	-0.022	0.035	0.000000	0.000000
1580057170929	1580057170925	0.936	9.202	3.469	-0.941	-0.036	0.052	0.000000	0.000000
1580057170948	1580057170944	0.993	9.008	3.618	-1.378	-0.008	0.061	0.000000	0.000000
1580057170964	1580057170964	1.116	8.816	3.783	-1.706	0.004	0.057	0.000000	0.000000
1580057170986	1580057170983	1.233	8.629	4.099	-1.905	0.024	0.045	0.000000	0.000000
1580057171005	1580057171004	1.269	8.409	4.423	-1.875	-0.003	0.032	0.000000	0.000000
1580057171025	1580057171024	1.250	8.241	4.717	-1.730	-0.011	0.016	0.000000	0.000000
1580057171047	1580057171043	1.252	8.078	5.062	-1.555	0.026	0.003	0.000000	0.000000
1580057171067	1580057171067	1.171	7.956	5.218	-1.281	-0.035	0.001	0.000000	0.000000
1580057171086	1580057171085	1.065	7.829	5.235	-0.981	-0.052	0.003	0.000000	0.000000
1580057171107	1580057171106	1.034	7.760	5.393	-0.718	-0.047	0.005	0.000000	0.000000
1580057171132	1580057171129	1.015	7.685	5.503	-0.451	-0.036	0.009	0.000000	0.000000
1580057171145	1580057171142	1.008	7.668	5.342	-0.183	-0.026	0.003	0.000000	0.000000
1580057171163	1580057171163	1.034	7.649	5.414	0.015	0.001	-0.007	0.000000	0.000000
1580057171185	1580057171183	1.063	7.666	5.589	0.224	0.014	-0.020	0.000000	0.000000
1580057171206	1580057171202	1.046	7.740	5.568	0.461	0.012	-0.020	0.000000	0.000000
1580057171224	1580057171224	1.034	7.786	5.515	0.697	0.009	-0.013	0.000000	0.000000
1580057171245	1580057171243	1.060	7.937	5.443	0.934	0.018	-0.008	0.000000	0.000000
1580057171263	1580057171262	1.092	8.047	5.242	1.165	0.026	-0.005	0.000000	0.000000
1580057171286	1580057171284	1.099	8.210	5.060	1.385	0.020	-0.005	0.000000	0.000000
1580057171305	1580057171304	1.149	8.378	4.770	1.525	0.001	-0.008	0.000000	0.000000
1580057171328	1580057171322	1.185	8.502	4.475	1.614	0.023	-0.018	0.000000	0.000000
1580057171344	1580057171341	1.190	8.624	4.137	1.659	0.017	-0.031	0.000000	0.000000
1580057171362	1580057171361	1.156	8.837	3.792	1.624	0.012	-0.048	0.000000	0.000000
1580057171383	1580057171382	1.108	8.988	3.424	1.448	0.021	-0.057	0.000000	0.000000
1580057171403	1580057171402	1.068	9.075	3.179	1.176	0.054	-0.059	0.000000	0.000000
1580057171422	1580057171421	1.120	9.137	2.904	0.891	0.048	-0.057	0.000000	0.000000
1580057171444	1580057171443	1.092	9.182	2.700	0.592	0.018	-0.040	0.000000	0.000000
1580057171463	1580057171461	1.024	9.276	2.868	0.223	0.027	-0.028	0.000000	0.000000
1580057171484	1580057171482	1.001	9.350	3.095	-0.189	0.018	-0.017	0.000000	0.000000
1580057171505	1580057171501	0.993	9.329	3.333	-0.621	-0.004	0.011	0.000000	0.000000
1580057171528	1580057171522	0.984	9.180	3.371	-1.033	-0.049	0.049	0.000000	0.000000
1580057171543	1580057171542	0.991	8.991	3.505	-1.416	-0.038	0.069	0.000000	0.000000
1580057171564	1580057171562	1.077	8.866	3.999	-1.733	0.015	0.063	0.000000	0.000000
1580057171583	1580057171580	1.142	8.648	4.365	-1.897	0.008	0.054	0.000000	0.000000
1580057171603	1580057171601	1.192	8.378	4.511	-1.845	-0.010	0.032	0.000000	0.000000
1580057171622	1580057171621	1.187	8.188	4.662	-1.610	-0.040	0.010	0.000000	0.000000
1580057171644	1580057171644	1.142	8.083	4.983	-1.259	-0.017	-0.002	0.000000	0.000000
1580057171668	1580057171661	1.101	8.023	5.091	-0.797	-0.039	0.002	0.000000	0.000000
1580057171686	1580057171686	1.075	8.006	5.053	-0.378	-0.050	0.011	0.000000	0.000000
1580057171709	1580057171701	1.005	8.009	5.002	-0.034	-0.055	0.027	0.000000	0.000000
1580057171723	1580057171722	0.974	7.989	4.911	0.233	-0.027	0.036	0.000000	0.000000
1580057171742	1580057171742	1.005	8.030	4.837	0.422	0.016	0.029	0.000000	0.000000
1580057171761	1580057171760	1.075	8.090	4.858	0.576	0.017	0.018	0.000000	0.000000
1580057171782	1580057171782	1.104	8.128	4.799	0.789	0.012	0.001	0.000000	0.000000
1580057171805	1580057171805	1.118	8.243	4.863	1.039	0.023	-0.022	0.000000	0.000000
1580057171823	1580057171823	1.137	8.397	4.842	1.271	0.045	-0.049	0.000000	0.000000
1580057171843	1580057171843	1.154	8.617	4.593	1.440	0.035	-0.065	0.000000	0.000000
1580057171863	1580057171863	1.125	8.799	4.226	1.445	0.028	-0.065	0.000000	0.000000
1580057171893	1580057171889	1.099	8.926	3.903	1.350	0.027	-0.056	0.000000	0.000000
1580057171903	1580057171900	1.051	9.000	3.548	1.171	0.022	-0.044	0.000000	0.000000
1580057171922	1580057171919	1.063	9.072	3.292	0.907	0.038	-0.038	0.000000	0.000000
1580057171941	1580057171941	1.080	9.132	3.043	0.626	0.015	-0.020	0.000000	0.000000
1580057171961	1580057171960	1.051	9.139	2.918	0.304	-0.003	0.006	0.000000	0.000000
1580057171983	1580057171982	1.034	9.151	3.050	-0.087	0.006	0.018	0.000000	0.000000
1580057172005	1580057172003	1.056	9.118	3.227	-0.521	-0.012	0.025	0.000000	0.000000
1580057172022	1580057172023	1.063	9.058	3.428	-0.942	-0.019	0.031	0.000000	0.000000
1580057172048	1580057172043	1.063	8.952	3.718	-1.341	-0.009	0.031	0.000000	0.000000
1580057172065	1580057172061	1.120	8.799	4.018	-1.693	0.005	0.023	0.000000	0.000000
1580057172083	1580057172083	1.171	8.584	4.272	-1.836	0.005	0.023	0.000000	0.000000
1580057172100	1580057172099	1.207	8.363	4.585	-1.739	-0.005	0.015	0.000000	0.000000
1580057172120	1580057172120	1.190	8.195	4.825	-1.462	-0.044	0.013	0.000000	0.000000
1580057172140	1580057172139	1.130	8.061	4.964	-1.098	-0.034	0.014	0.000000	0.000000
1580057172160	1580057172160	1.092	8.018	5.081	-0.734	-0.051	0.016	0.000000	0.000000
1580057172188	1580057172180	1.051	7.978	5.117	-0.409	-0.052	0.023	0.000000	0.000000
1580057172202	1580057172200	1.005	7.934	5.060	-0.098	-0.038	0.027	0.000000	0.000000
1580057172224	1580057172222	1.001	7.934	5.079	0.228	0.009	0.028	0.000000	0.000000
1580057172240	1580057172239	1.024	7.975	5.014	0.549	0.031	0.022	0.000000	0.000000
1580057172264	1580057172264	1.015	8.081	5.007	0.884	0.023	0.002	0.000000	0.000000
1580057172284	1580057172279	1.010	8.272	5.012	1.212	0.002	-0.010	0.000000	0.000000
1580057172300	1580057172299	1.108	8.416	4.842	1.416	0.026	-0.022	0.000000	0.000000
1580057172319	1580057172319	1.156	8.557	4.372	1.459	0.026	-0.031	0.000000	0.000000
1580057172343	1580057172343	1.195	8.684	4.025	1.362	0.058	-0.041	0.000000	0.000000
1580057172361	1580057172360	1.178	8.842	3.874	1.162	0.053	-0.040	0.000000	0.000000
1580057172383	1580057172381	1.151	8.979	3.816	0.859	0.033	-0.028	0.000000	0.000000
1580057172399	1580057172399	1.120	9.039	3.685	0.458	0.020	-0.011	0.000000	0.000000
1580057172425	1580057172425	1.048	9.055	3.670	-0.023	0.000	0.011	0.000000	0.000000
1580057172449	1580057172449	1.044	8.991	3.706	-0.517	-0.021	0.026	0.000000	0.000000
1580057172465	1580057172464	1.111	8.869	3.680	-0.922	-0.027	0.035	0.000000	0.000000
1580057172482	1580057172478	1.144	8.727	3.939	-1.255	-0.007	0.032	0.000000	0.000000
1580057172510	1580057172499	1.178	8.533	4.075	-1.474	-0.004	0.018	0.000000	0.000000
1580057172519	1580057172519	1.219	8.356	4.262	-1.512	0.023	0.002	0.000000	0.000000
1580057172540	1580057172538	1.168	8.193	4.590	-1.333	-0.004	-0.004	0.000000	0.000000
1580057172558	1580057172557	1.092	8.102	4.878	-0.989	0.000	-0.017	0.000000	0.000000
1580057172584	1580057172582	1.060	8.028	4.997	-0.480	-0.007	-0.017	0.000000	0.000000
1580057172604	1580057172599	1.017	8.037	5.105	0.125	-0.015	-0.006	0.000000	0.000000
1580057172620	1580057172620	0.984	8.090	5.132	0.695	-0.018	0.007	0.000000	0.000000
1580057172641	1580057172638	0.943	8.243	5.038	1.166	-0.009	0.011	0.000000	0.000000
1580057172668	1580057172656	0.993	8.447	4.724	1.499	-0.022	0.009	0.000000	0.000000
1580057172678	1580057172676	1.010	8.634	4.274	1.586	-0.014	0.006	0.000000	0.000000
1580057172698	1580057172696	1.077	8.744	4.003	1.442	0.048	-0.005	0.000000	0.000000
1580057172717	1580057172717	1.161	8.840	3.735	1.191	0.055	-0.018	0.000000	0.000000
1580057172738	1580057172736	1.175	8.905	3.507	0.861	0.057	-0.032	0.000000	0.000000
1580057172759	1580057172759	1.139	9.010	3.436	0.479	0.067	-0.044	0.000000	0.000000
1580057172780	1580057172777	1.159	9.067	3.443	0.058	0.047	-0.039	0.000000	0.000000
1580057172798	1580057172796	1.161	9.043	3.488	-0.356	0.017	-0.021	0.000000	0.000000
1580057172823	1580057172818	1.082	8.960	3.658	-0.733	-0.015	-0.003	0.000000	0.000000
1580057172838	1580057172838	1.039	8.871	3.862	-1.070	-0.007	0.001	0.000000	0.000000
1580057172857	1580057172855	1.108	8.780	4.109	-1.365	0.006	0.007	0.000000	0.000000
1580057172878	1580057172875	1.183	8.619	4.315	-1.506	-0.002	0.025	0.000000	0.000000
