1580057153054	1580057153055	-0.485	8.385	5.055	-0.194	-0.345	-0.041	0.000000	0.000000
1580057153056	1580057153057	-0.592	8.421	4.938	-0.073	-0.348	0.011	0.000000	0.000000
1580057153058	1580057153058	-0.415	8.481	4.626	-0.119	-0.108	0.047	0.000000	0.000000
1580057153059	1580057153060	-0.300	8.478	4.765	-0.185	0.016	0.084	0.000000	0.000000
1580057153060	1580057153180	-0.370	8.457	4.887	-0.258	0.037	0.130	0.000000	0.000000
1580057153180	1580057153180	-0.425	8.670	4.861	-0.323	0.007	0.223	0.000000	0.000000
1580057153180	1580057153180	-0.195	8.322	5.426	-0.131	-0.274	0.241	0.000000	0.000000
1580057153180	1580057153181	-0.259	8.195	4.717	-0.219	-0.077	0.177	0.000000	0.000000
1580057153181	1580057153181	-0.298	8.033	4.952	-0.135	-0.071	0.088	0.000000	0.000000
1580057153181	1580057153181	-0.164	8.222	4.897	-0.039	-0.068	0.031	0.000000	0.000000
1580057153187	1580057153187	-0.197	8.246	5.172	-0.024	0.010	0.018	0.000000	0.000000
1580057153241	1580057153231	-0.238	8.219	5.038	0.028	-0.007	0.009	0.000000	0.000000
1580057153243	1580057153243	-0.183	8.188	5.048	0.073	0.054	-0.010	0.000000	0.000000
1580057153244	1580057153244	-0.092	8.318	5.096	0.097	0.054	-0.018	0.000000	0.000000
1580057153261	1580057153260	-0.140	8.382	5.036	0.095	0.013	0.009	0.000000	0.000000
1580057153296	1580057153296	-0.116	8.354	5.041	0.070	-0.025	0.041	0.000000	0.000000
1580057153342	1580057153321	-0.171	8.301	4.957	0.039	-0.053	0.060	0.000000	0.000000
1580057153349	1580057153349	-0.087	8.231	5.033	-0.015	-0.041	0.046	0.000000	0.000000
1580057153349	1580057153349	-0.006	8.258	4.976	-0.059	-0.084	0.034	0.000000	0.000000
1580057153370	1580057153368	-0.049	8.303	4.911	-0.066	-0.099	0.034	0.000000	0.000000
1580057153381	1580057153381	-0.113	8.224	4.990	-0.065	-0.082	0.022	0.000000	0.000000
1580057153407	1580057153406	-0.149	8.205	4.954	-0.054	-0.081	-0.015	0.000000	0.000000
1580057153434	1580057153427	-0.013	8.234	4.993	-0.052	-0.007	-0.038	0.000000	0.000000
1580057153451	1580057153451	0.059	8.342	5.182	-0.001	0.021	-0.017	0.000000	0.000000
1580057153462	1580057153461	-0.089	8.255	5.057	0.046	-0.019	0.026	0.000000	0.000000
1580057153481	1580057153480	-0.097	8.284	5.019	0.065	-0.022	0.027	0.000000	0.000000
1580057153502	1580057153500	-0.049	8.248	4.945	0.079	-0.021	0.028	0.000000	0.000000
1580057153521	1580057153519	-0.020	8.289	4.997	0.129	0.031	0.035	0.000000	0.000000
1580057153562	1580057153545	0.054	8.392	5.141	0.151	-0.008	0.052	0.000000	0.000000
1580057153565	1580057153565	-0.034	8.370	4.899	0.138	-0.202	0.095	0.000000	0.000000
1580057153581	1580057153579	-0.104	8.236	4.933	0.099	-0.122	0.088	0.000000	0.000000
1580057153600	1580057153599	0.014	8.318	4.765	0.115	-0.102	0.050	0.000000	0.000000
1580057153623	1580057153622	0.102	8.397	4.806	0.121	-0.086	0.044	0.000000	0.000000
1580057153654	1580057153646	0.071	8.351	4.791	0.142	-0.048	0.057	0.000000	0.000000
1580057153669	1580057153669	0.083	8.332	4.765	0.182	-0.037	0.057	0.000000	0.000000
1580057153683	1580057153683	0.066	8.358	4.842	0.200	-0.037	0.036	0.000000	0.000000
1580057153701	1580057153699	0.145	8.392	4.830	0.204	-0.014	0.008	0.000000	0.000000
1580057153719	1580057153719	0.172	8.464	4.698	0.232	-0.037	0.002	0.000000	0.000000
1580057153741	1580057153738	0.114	8.528	4.664	0.268	-0.077	0.021	0.000000	0.000000
1580057153761	1580057153761	0.045	8.521	4.631	0.250	-0.052	0.029	0.000000	0.000000
1580057153788	1580057153788	0.136	8.519	4.561	0.208	-0.009	0.015	0.000000	0.000000
1580057153803	1580057153801	0.102	8.567	4.614	0.185	-0.061	0.014	0.000000	0.000000
1580057153819	1580057153819	0.109	8.550	4.566	0.168	-0.033	0.018	0.000000	0.000000
1580057153839	1580057153838	0.090	8.555	4.454	0.164	-0.010	0.012	0.000000	0.000000
1580057153879	1580057153869	0.114	8.584	4.619	0.116	0.047	-0.009	0.000000	0.000000
1580057153895	1580057153895	0.119	8.636	4.547	0.069	0.022	-0.020	0.000000	0.000000
1580057153904	1580057153901	0.119	8.629	4.502	0.016	0.001	-0.017	0.000000	0.000000
1580057153921	1580057153918	0.167	8.624	4.451	-0.003	0.014	-0.014	0.000000	0.000000
1580057153948	1580057153937	0.131	8.576	4.336	0.016	0.001	-0.005	0.000000	0.000000
1580057153963	1580057153963	0.095	8.617	4.490	0.060	0.043	-0.010	0.000000	0.000000
1580057153985	1580057153977	0.102	8.631	4.418	0.119	0.013	-0.008	0.000000	0.000000
1580057154004	1580057154004	0.203	8.619	4.329	0.129	0.014	-0.004	0.000000	0.000000
1580057154019	1580057154019	0.188	8.660	4.252	0.154	-0.015	0.010	0.000000	0.000000
1580057154039	1580057154037	0.124	8.667	4.284	0.181	0.004	0.025	0.000000	0.000000
1580057154070	1580057154070	0.109	8.636	4.245	0.190	0.013	0.022	0.000000	0.000000
1580057154082	1580057154078	0.107	8.689	4.212	0.192	0.018	0.009	0.000000	0.000000
1580057154099	1580057154097	0.107	8.720	4.286	0.187	0.047	0.006	0.000000	0.000000
1580057154120	1580057154118	0.136	8.689	4.255	0.182	0.010	0.007	0.000000	0.000000
1580057154139	1580057154136	0.131	8.718	4.078	0.201	-0.005	-0.001	0.000000	0.000000
1580057154164	1580057154164	0.131	8.761	4.159	0.209	0.033	-0.010	0.000000	0.000000
1580057154179	1580057154176	0.121	8.814	4.113	0.224	0.022	0.001	0.000000	0.000000
1580057154205	1580057154204	0.133	8.797	4.022	0.246	0.021	0.013	0.000000	0.000000
1580057154221	1580057154220	0.174	8.811	3.934	0.286	0.006	0.015	0.000000	0.000000
1580057154246	1580057154246	0.169	8.842	3.891	0.322	0.009	0.011	0.000000	0.000000
1580057154259	1580057154256	0.188	8.888	3.819	0.339	0.011	0.014	0.000000	0.000000
1580057154278	1580057154276	0.100	8.869	3.773	0.336	-0.002	0.027	0.000000	0.000000
1580057154298	1580057154298	0.076	8.936	3.809	0.306	0.016	0.015	0.000000	0.000000
1580057154324	1580057154324	0.117	8.984	3.804	0.259	0.008	0.009	0.000000	0.000000
1580057154346	1580057154339	0.176	8.991	3.718	0.211	-0.009	0.012	0.000000	0.000000
1580057154357	1580057154356	0.114	9.003	3.639	0.135	-0.023	0.014	0.000000	0.000000
1580057154380	1580057154380	0.054	9.060	3.740	0.009	-0.001	0.011	0.000000	0.000000
1580057154408	1580057154404	0.042	9.034	3.697	-0.153	-0.018	0.006	0.000000	0.000000
1580057154420	1580057154418	0.057	8.981	3.757	-0.314	0.012	-0.011	0.000000	0.000000
1580057154449	1580057154449	0.160	8.969	3.816	-0.443	0.022	-0.023	0.000000	0.000000
1580057154458	1580057154456	0.196	8.917	3.833	-0.518	-0.004	-0.007	0.000000	0.000000
1580057154476	1580057154474	0.227	8.828	3.958	-0.533	0.004	0.012	0.000000	0.000000
1580057154496	1580057154496	0.239	8.809	4.001	-0.491	-0.021	0.030	0.000000	0.000000
1580057154521	1580057154520	0.246	8.799	4.147	-0.448	-0.034	0.052	0.000000	0.000000
1580057154540	1580057154540	0.229	8.773	4.334	-0.395	-0.076	0.080	0.000000	0.000000
1580057154565	1580057154560	0.210	8.727	4.363	-0.375	-0.134	0.108	0.000000	0.000000
1580057154576	1580057154575	0.236	8.639	4.319	-0.389	-0.123	0.108	0.000000	0.000000
1580057154596	1580057154596	0.248	8.600	4.482	-0.433	-0.127	0.091	0.000000	0.000000
1580057154633	1580057154633	0.270	8.576	4.674	-0.457	-0.114	0.077	0.000000	0.000000
1580057154647	1580057154639	0.270	8.514	4.514	-0.488	-0.149	0.065	0.000000	0.000000
1580057154655	1580057154654	0.356	8.464	4.643	-0.566	-0.087	0.041	0.000000	0.000000
1580057154682	1580057154682	0.394	8.478	4.875	-0.605	-0.109	0.038	0.000000	0.000000
1580057154696	1580057154694	0.423	8.373	4.964	-0.580	-0.159	0.054	0.000000	0.000000
1580057154715	1580057154714	0.466	8.291	5.065	-0.502	-0.212	0.057	0.000000	0.000000
1580057154745	1580057154739	0.512	8.241	5.050	-0.478	-0.276	0.056	0.000000	0.000000
1580057154765	1580057154764	0.603	8.160	4.954	-0.403	-0.298	0.076	0.000000	0.000000
1580057154786	1580057154783	0.531	8.116	5.033	-0.292	-0.265	0.107	0.000000	0.000000
1580057154796	1580057154795	0.584	8.124	5.132	-0.210	-0.251	0.126	0.000000	0.000000
1580057154832	1580057154825	0.668	8.131	5.012	-0.170	-0.239	0.142	0.000000	0.000000
1580057154841	1580057154838	0.723	8.073	5.074	-0.178	-0.175	0.146	0.000000	0.000000
1580057154855	1580057154854	0.718	8.035	5.117	-0.135	-0.159	0.125	0.000000	0.000000
1580057154876	1580057154875	0.783	8.035	5.184	-0.049	-0.204	0.115	0.000000	0.000000
1580057154902	1580057154896	0.694	7.982	5.201	-0.007	-0.302	0.116	0.000000	0.000000
1580057154914	1580057154914	0.744	7.942	5.069	0.018	-0.294	0.100	0.000000	0.000000
1580057154935	1580057154935	0.874	8.028	4.878	0.045	-0.225	0.077	0.000000	0.000000
1580057154958	1580057154955	0.888	8.083	5.244	0.070	-0.108	0.069	0.000000	0.000000
1580057154978	1580057154978	0.936	8.085	5.390	0.199	-0.131	0.075	0.000000	0.000000
1580057155021	1580057155007	0.929	8.090	5.007	0.286	-0.206	0.081	0.000000	0.000000
1580057155024	1580057155023	0.953	8.124	5.060	0.247	-0.156	0.082	0.000000	0.000000
1580057155045	1580057155032	0.969	8.145	5.012	0.201	-0.117	0.088	0.000000	0.000000
1580057155056	1580057155055	0.974	8.181	5.029	0.172	-0.077	0.088	0.000000	0.000000
1580057155074	1580057155074	1.017	8.215	5.093	0.137	-0.072	0.081	0.000000	0.000000
1580057155094	1580057155094	1.022	8.200	5.024	0.077	-0.043	0.061	0.000000	0.000000
1580057155120	1580057155119	1.070	8.172	4.933	0.045	-0.028	0.044	0.000000	0.000000
1580057155142	1580057155142	1.099	8.167	4.928	0.033	-0.040	0.028	0.000000	0.000000
1580057155164	1580057155164	1.106	8.157	4.885	0.037	-0.023	0.007	0.000000	0.000000
1580057155174	1580057155173	1.159	8.133	4.827	0.037	0.006	-0.022	0.000000	0.000000
1580057155195	1580057155195	1.195	8.229	4.961	0.045	0.040	-0.038	0.000000	0.000000
1580057155252	1580057155213	1.178	8.251	5.045	0.045	0.000	-0.023	0.000000	0.000000
1580057155253	1580057155252	1.125	8.239	4.942	0.037	-0.040	-0.008	0.000000	0.000000
1580057155254	1580057155253	1.084	8.277	4.921	-0.005	-0.011	-0.016	0.000000	0.000000
1580057155274	1580057155272	1.065	8.227	5.031	-0.048	0.028	-0.020	0.000000	0.000000
1580057155302	1580057155301	1.046	8.243	5.009	-0.053	0.007	-0.006	0.000000	0.000000
1580057155318	1580057155318	1.130	8.265	5.065	-0.037	-0.045	0.017	0.000000	0.000000
1580057155333	1580057155331	1.094	8.131	4.830	-0.016	-0.029	0.019	0.000000	0.000000
1580057155358	1580057155358	0.967	8.145	5.041	-0.014	-0.009	0.002	0.000000	0.000000
1580057155384	1580057155383	1.039	8.157	5.060	-0.003	0.013	-0.016	0.000000	0.000000
1580057155400	1580057155396	1.094	8.150	4.868	-0.014	0.032	-0.042	0.000000	0.000000
1580057155442	1580057155412	1.077	8.231	4.918	-0.022	0.018	-0.063	0.000000	0.000000
1580057155442	1580057155442	1.080	8.231	4.942	-0.009	0.031	-0.061	0.000000	0.000000
1580057155453	1580057155451	1.077	8.215	4.861	0.006	-0.004	-0.046	0.000000	0.000000
1580057155472	1580057155472	1.058	8.272	4.935	0.010	0.008	-0.028	0.000000	0.000000
1580057155493	1580057155492	1.041	8.210	4.909	-0.004	0.010	-0.019	0.000000	0.000000
1580057155514	1580057155514	1.135	8.231	4.957	-0.013	0.002	-0.023	0.000000	0.000000
1580057155535	1580057155532	1.089	8.236	4.928	0.016	-0.052	-0.004	0.000000	0.000000
1580057155552	1580057155551	1.015	8.174	4.866	0.017	-0.034	-0.002	0.000000	0.000000
1580057155572	1580057155570	1.001	8.222	4.978	0.012	-0.011	-0.013	0.000000	0.000000
1580057155600	1580057155600	1.053	8.224	4.954	0.024	-0.004	-0.013	0.000000	0.000000
1580057155613	1580057155611	1.065	8.212	4.942	0.044	-0.040	-0.009	0.000000	0.000000
1580057155633	1580057155630	1.053	8.203	4.870	0.029	-0.032	-0.021	0.000000	0.000000
1580057155656	1580057155654	1.027	8.224	4.870	0.007	0.004	-0.035	0.000000	0.000000
1580057155674	1580057155674	1.034	8.246	4.906	-0.002	-0.016	-0.035	0.000000	0.000000
1580057155697	1580057155695	1.058	8.234	4.933	-0.006	-0.006	-0.033	0.000000	0.000000
1580057155713	1580057155710	1.051	8.272	4.945	0.011	-0.017	-0.020	0.000000	0.000000
1580057155732	1580057155730	1.029	8.267	4.906	0.048	-0.026	-0.007	0.000000	0.000000
1580057155760	1580057155760	1.044	8.227	4.882	0.069	-0.034	0.002	0.000000	0.000000
1580057155781	1580057155772	0.989	8.176	4.755	0.074	-0.026	-0.008	0.000000	0.000000
1580057155803	1580057155801	1.029	8.265	4.930	0.080	0.007	-0.030	0.000000	0.000000
1580057155811	1580057155811	1.075	8.284	4.911	0.109	-0.022	-0.018	0.000000	0.000000
1580057155834	1580057155834	1.046	8.358	4.787	0.127	-0.040	0.001	0.000000	0.000000
1580057155853	1580057155852	1.048	8.310	4.748	0.049	-0.006	0.014	0.000000	0.000000
1580057155870	1580057155869	1.063	8.263	4.734	0.041	-0.004	0.002	0.000000	0.000000
1580057155891	1580057155890	1.017	8.306	4.887	0.076	-0.022	-0.008	0.000000	0.000000
1580057155914	1580057155914	1.017	8.346	4.875	0.095	-0.029	-0.014	0.000000	0.000000
1580057155933	1580057155931	1.003	8.315	4.767	0.106	-0.022	-0.017	0.000000	0.000000
1580057155960	1580057155956	1.013	8.306	4.784	0.092	0.017	-0.027	0.000000	0.000000
1580057155972	1580057155970	1.058	8.368	4.835	0.085	0.014	-0.042	0.000000	0.000000
1580057155992	1580057155991	1.060	8.358	4.602	0.081	0.005	-0.039	0.000000	0.000000
1580057156010	1580057156009	1.044	8.421	4.755	0.069	0.010	-0.031	0.000000	0.000000
1580057156030	1580057156029	0.989	8.382	4.727	0.088	-0.001	-0.006	0.000000	0.000000
1580057156055	1580057156050	0.989	8.373	4.640	0.082	0.008	0.003	0.000000	0.000000
1580057156072	1580057156068	1.060	8.411	4.727	0.078	-0.006	0.003	0.000000	0.000000
1580057156094	1580057156088	1.044	8.375	4.576	0.081	-0.001	-0.004	0.000000	0.000000
1580057156120	1580057156120	1.041	8.382	4.633	0.083	0.015	-0.018	0.000000	0.000000
1580057156131	1580057156130	1.041	8.500	4.597	0.105	-0.015	-0.020	0.000000	0.000000
1580057156152	1580057156152	1.005	8.428	4.482	0.067	-0.001	-0.010	0.000000	0.000000
1580057156179	1580057156179	0.979	8.440	4.633	0.030	0.034	-0.024	0.000000	0.000000
1580057156191	1580057156188	1.075	8.502	4.504	0.024	-0.022	-0.022	0.000000	0.000000
1580057156210	1580057156208	1.065	8.442	4.514	0.028	-0.014	-0.002	0.000000	0.000000
1580057156230	1580057156228	1.027	8.464	4.509	0.041	-0.020	0.006	0.000000	0.000000
1580057156252	1580057156249	0.979	8.454	4.554	0.018	-0.002	0.006	0.000000	0.000000
1580057156270	1580057156267	0.996	8.421	4.619	0.002	0.008	-0.001	0.000000	0.000000
1580057156293	1580057156290	1.020	8.437	4.542	0.027	-0.021	-0.007	0.000000	0.000000
1580057156310	1580057156308	1.029	8.445	4.561	0.035	0.008	-0.015	0.000000	0.000000
1580057156341	1580057156339	0.986	8.421	4.581	0.064	0.016	-0.021	0.000000	0.000000
1580057156352	1580057156349	0.953	8.471	4.528	0.089	0.005	-0.028	0.000000	0.000000
1580057156380	1580057156380	0.984	8.526	4.506	0.095	0.009	-0.030	0.000000	0.000000
1580057156388	1580057156388	1.003	8.502	4.461	0.099	0.011	-0.020	0.000000	0.000000
1580057156411	1580057156411	0.972	8.516	4.413	0.095	-0.006	-0.008	0.000000	0.000000
1580057156429	1580057156429	0.981	8.567	4.480	0.060	0.020	0.002	0.000000	0.000000
1580057156452	1580057156449	0.989	8.519	4.478	0.021	-0.003	0.015	0.000000	0.000000
1580057156474	1580057156467	0.996	8.488	4.403	-0.030	0.002	0.007	0.000000	0.000000
1580057156499	1580057156498	1.039	8.533	4.401	-0.047	-0.001	-0.003	0.000000	0.000000
1580057156508	1580057156507	0.989	8.500	4.377	-0.049	0.015	-0.001	0.000000	0.000000
1580057156533	1580057156533	0.984	8.466	4.444	-0.041	0.015	-0.011	0.000000	0.000000
1580057156551	1580057156548	0.993	8.447	4.415	-0.022	0.030	-0.025	0.000000	0.000000
1580057156567	1580057156566	1.058	8.502	4.382	-0.007	0.020	-0.027	0.000000	0.000000
1580057156588	1580057156586	1.005	8.512	4.492	0.000	0.014	-0.015	0.000000	0.000000
1580057156609	1580057156608	0.910	8.452	4.535	0.030	0.017	-0.010	0.000000	0.000000
1580057156628	1580057156628	0.960	8.464	4.499	0.025	0.012	-0.028	0.000000	0.000000
1580057156653	1580057156650	0.974	8.576	4.509	0.025	0.008	-0.030	0.000000	0.000000
1580057156668	1580057156666	0.917	8.562	4.566	0.029	0.013	-0.006	0.000000	0.000000
1580057156689	1580057156687	0.886	8.507	4.485	0.057	0.006	-0.003	0.000000	0.000000
1580057156715	1580057156712	0.886	8.476	4.341	0.029	0.024	-0.018	0.000000	0.000000
1580057156730	1580057156730	0.943	8.430	4.482	-0.014	0.083	-0.046	0.000000	0.000000
1580057156760	1580057156758	0.974	8.533	4.425	0.033	0.026	-0.068	0.000000	0.000000
1580057156767	1580057156765	0.929	8.562	4.372	0.055	0.027	-0.064	0.000000	0.000000
1580057156802	1580057156789	0.967	8.533	4.379	0.056	0.014	-0.050	0.000000	0.000000
1580057156808	1580057156808	0.890	8.533	4.406	0.069	0.004	-0.046	0.000000	0.000000
1580057156831	1580057156825	0.835	8.572	4.351	0.061	0.010	-0.042	0.000000	0.000000
1580057156852	1580057156848	0.902	8.569	4.303	0.011	0.038	-0.041	0.000000	0.000000
1580057156866	1580057156865	0.883	8.622	4.482	0.016	0.018	-0.031	0.000000	0.000000
1580057156886	1580057156885	0.814	8.598	4.466	0.035	-0.009	-0.010	0.000000	0.000000
1580057156917	1580057156917	0.806	8.531	4.408	0.011	-0.002	-0.004	0.000000	0.000000
1580057156930	1580057156927	0.823	8.533	4.387	-0.018	0.032	-0.021	0.000000	0.000000
1580057156957	1580057156957	0.869	8.533	4.387	-0.003	0.030	-0.034	0.000000	0.000000
1580057156965	1580057156965	0.890	8.543	4.272	0.039	0.011	-0.036	0.000000	0.000000
1580057156985	1580057156984	0.838	8.584	4.353	0.033	0.040	-0.034	0.000000	0.000000
1580057157006	1580057157004	0.857	8.588	4.427	0.049	0.009	-0.026	0.000000	0.000000
1580057157033	1580057157031	0.826	8.598	4.341	0.085	-0.020	-0.008	0.000000	0.000000
1580057157048	1580057157045	0.787	8.569	4.439	0.063	0.008	-0.002	0.000000	0.000000
1580057157068	1580057157068	0.833	8.562	4.319	0.073	-0.004	-0.014	0.000000	0.000000
1580057157085	1580057157084	0.847	8.596	4.284	0.097	-0.001	-0.024	0.000000	0.000000
1580057157109	1580057157109	0.869	8.629	4.303	0.125	-0.004	-0.023	0.000000	0.000000
1580057157137	1580057157134	0.821	8.612	4.185	0.152	-0.016	-0.013	0.000000	0.000000
1580057157154	1580057157153	0.780	8.675	4.238	0.160	-0.012	-0.002	0.000000	0.000000
1580057157164	1580057157163	0.811	8.699	4.197	0.154	-0.011	0.013	0.000000	0.000000
1580057157189	1580057157186	0.830	8.696	4.171	0.114	-0.014	0.027	0.000000	0.000000
1580057157205	1580057157203	0.818	8.658	4.140	0.052	-0.012	0.028	0.000000	0.000000
1580057157225	1580057157224	0.809	8.651	4.152	0.002	-0.014	0.014	0.000000	0.000000
1580057157246	1580057157244	0.809	8.643	4.209	-0.036	0.001	-0.014	0.000000	0.000000
1580057157265	1580057157265	0.847	8.629	4.166	-0.078	0.014	-0.033	0.000000	0.000000
1580057157285	1580057157283	0.809	8.667	4.245	-0.097	0.023	-0.034	0.000000	0.000000
1580057157304	1580057157302	0.802	8.694	4.274	-0.085	0.005	-0.025	0.000000	0.000000
1580057157332	1580057157322	0.818	8.651	4.205	-0.048	-0.002	-0.007	0.000000	0.000000
1580057157346	1580057157342	0.814	8.667	4.202	-0.004	-0.023	0.011	0.000000	0.000000
1580057157363	1580057157362	0.826	8.643	4.250	0.021	0.000	0.019	0.000000	0.000000
1580057157383	1580057157381	0.840	8.617	4.219	0.049	0.006	0.017	0.000000	0.000000
1580057157403	1580057157402	0.806	8.619	4.228	0.059	0.001	0.006	0.000000	0.000000
1580057157425	1580057157423	0.778	8.631	4.157	0.051	-0.001	-0.011	0.000000	0.000000
1580057157446	1580057157444	0.821	8.677	4.147	0.040	0.017	-0.022	0.000000	0.000000
1580057157471	1580057157470	0.816	8.663	4.149	0.029	-0.001	-0.019	0.000000	0.000000
1580057157493	1580057157492	0.828	8.687	4.197	0.020	0.009	-0.018	0.000000	0.000000
1580057157506	1580057157505	0.814	8.655	4.181	0.013	0.011	-0.020	0.000000	0.000000
1580057157526	1580057157526	0.816	8.653	4.099	0.029	0.021	-0.025	0.000000	0.000000
1580057157544	1580057157541	0.809	8.708	4.190	0.030	-0.001	-0.024	0.000000	0.000000
1580057157562	1580057157561	0.804	8.706	4.159	0.025	-0.005	-0.018	0.000000	0.000000
1580057157582	1580057157581	0.828	8.682	4.082	0.034	-0.014	-0.010	0.000000	0.000000
1580057157603	1580057157603	0.811	8.691	4.142	0.036	-0.010	0.003	0.000000	0.000000
1580057157623	1580057157621	0.768	8.672	4.145	0.026	-0.005	0.007	0.000000	0.000000
1580057157647	1580057157646	0.747	8.679	4.164	0.011	0.022	-0.008	0.000000	0.000000
1580057157662	1580057157661	0.826	8.742	4.219	0.009	0.007	-0.010	0.000000	0.000000
1580057157685	1580057157682	0.790	8.687	4.044	0.016	-0.024	0.011	0.000000	0.000000
1580057157712	1580057157702	0.759	8.672	4.154	-0.002	-0.002	0.015	0.000000	0.000000
1580057157723	1580057157723	0.771	8.646	4.166	-0.007	0.020	-0.002	0.000000	0.000000
1580057157745	1580057157742	0.826	8.665	4.056	0.002	0.021	-0.026	0.000000	0.000000
1580057157765	1580057157762	0.838	8.737	4.152	0.017	-0.002	-0.025	0.000000	0.000000
1580057157790	1580057157790	0.806	8.766	4.140	0.020	-0.024	-0.007	0.000000	0.000000
1580057157809	1580057157809	0.797	8.706	4.030	-0.001	-0.012	0.011	0.000000	0.000000
1580057157824	1580057157822	0.811	8.679	4.130	0.000	0.007	0.018	0.000000	0.000000
1580057157847	1580057157844	0.816	8.706	4.080	0.013	-0.016	0.019	0.000000	0.000000
1580057157867	1580057157863	0.792	8.691	4.092	0.028	-0.017	0.019	0.000000	0.000000
1580057157883	1580057157883	0.751	8.689	4.166	0.028	-0.015	0.012	0.000000	0.000000
1580057157914	1580057157913	0.795	8.689	4.058	0.007	0.008	-0.006	0.000000	0.000000
1580057157922	1580057157921	0.804	8.679	4.142	-0.009	0.026	-0.021	0.000000	0.000000
1580057157943	1580057157941	0.806	8.694	4.202	-0.008	0.006	-0.024	0.000000	0.000000
1580057157962	1580057157961	0.809	8.699	4.092	0.009	-0.006	-0.023	0.000000	0.000000
1580057157986	1580057157986	0.783	8.691	4.094	0.017	0.004	-0.020	0.000000	0.000000
1580057158007	1580057158007	0.799	8.715	4.113	0.031	0.016	-0.016	0.000000	0.000000
1580057158029	1580057158025	0.763	8.703	4.068	0.060	-0.012	0.000	0.000000	0.000000
1580057158048	1580057158046	0.754	8.725	4.090	0.067	-0.012	0.001	0.000000	0.000000
1580057158061	1580057158059	0.756	8.739	4.066	0.041	-0.012	-0.010	0.000000	0.000000
1580057158090	1580057158090	0.787	8.711	4.020	0.000	0.024	-0.026	0.000000	0.000000
1580057158105	1580057158100	0.828	8.713	4.085	-0.007	0.023	-0.031	0.000000	0.000000
1580057158196	1580057158183	0.802	8.720	3.989	0.008	0.001	-0.025	0.000000	0.000000
1580057158196	1580057158183	0.749	8.734	4.039	0.024	0.008	-0.022	0.000000	0.000000
1580057158226	1580057158243	0.751	8.782	4.094	0.037	0.011	-0.016	0.000000	0.000000
1580057158229	1580057158247	0.821	8.763	3.936	0.043	-0.016	0.003	0.000000	0.000000
1580057158231	1580057158248	0.818	8.751	4.018	0.048	-0.004	0.017	0.000000	0.000000
1580057158267	1580057158260	0.766	8.758	4.063	0.062	-0.026	0.028	0.000000	0.000000
1580057158268	1580057158261	0.723	8.770	4.092	0.050	-0.022	0.029	0.000000	0.000000
1580057158271	1580057158262	0.751	8.718	4.068	0.012	-0.011	0.021	0.000000	0.000000
1580057158286	1580057158278	0.766	8.730	4.039	-0.008	-0.002	0.003	0.000000	0.000000
1580057158301	1580057158299	0.785	8.718	3.982	-0.009	0.017	-0.015	0.000000	0.000000
1580057158321	1580057158320	0.818	8.742	3.977	0.021	0.022	-0.023	0.000000	0.000000
1580057158340	1580057158340	0.787	8.787	4.027	0.044	-0.002	-0.013	0.000000	0.000000
1580057158364	1580057158362	0.775	8.768	3.929	0.056	-0.019	0.001	0.000000	0.000000
1580057158379	1580057158379	0.780	8.734	3.879	0.056	0.004	0.001	0.000000	0.000000
1580057158400	1580057158400	0.756	8.780	4.003	0.043	0.021	-0.001	0.000000	0.000000
1580057158419	1580057158418	0.747	8.785	4.049	0.024	0.011	-0.001	0.000000	0.000000
1580057158446	1580057158444	0.792	8.756	4.013	0.008	0.010	-0.007	0.000000	0.000000
1580057158551	1580057158530	0.787	8.766	3.970	0.016	-0.001	-0.013	0.000000	0.000000
1580057158551	1580057158531	0.809	8.782	3.951	0.036	-0.008	-0.013	0.000000	0.000000
1580057158574	1580057158570	0.773	8.773	3.848	0.060	-0.010	-0.007	0.000000	0.000000
1580057158576	1580057158572	0.768	8.790	3.941	0.069	0.010	-0.009	0.000000	0.000000
1580057158600	1580057158585	0.814	8.785	3.893	0.072	0.006	-0.007	0.000000	0.000000
1580057158600	1580057158586	0.766	8.785	3.855	0.081	-0.009	-0.002	0.000000	0.000000
1580057158604	1580057158587	0.761	8.814	3.924	0.075	-0.004	-0.008	0.000000	0.000000
1580057158610	1580057158610	0.756	8.792	3.800	0.072	-0.014	-0.005	0.000000	0.000000
1580057158622	1580057158622	0.768	8.821	3.939	0.055	0.011	-0.009	0.000000	0.000000
1580057158649	1580057158648	0.795	8.833	3.874	0.045	-0.009	-0.009	0.000000	0.000000
1580057158662	1580057158660	0.785	8.828	3.783	0.030	-0.001	-0.009	0.000000	0.000000
1580057158679	1580057158676	0.768	8.876	3.910	0.012	0.010	-0.005	0.000000	0.000000
1580057158698	1580057158697	0.739	8.871	3.915	0.006	-0.025	0.013	0.000000	0.000000
1580057158719	1580057158717	0.744	8.837	3.857	0.015	-0.009	0.017	0.000000	0.000000
1580057158739	1580057158738	0.799	8.833	3.850	0.032	-0.006	0.021	0.000000	0.000000
1580057158757	1580057158756	0.818	8.823	3.740	0.057	-0.019	0.025	0.000000	0.000000
1580057158778	1580057158777	0.809	8.806	3.826	0.076	-0.022	0.025	0.000000	0.000000
1580057158801	1580057158801	0.806	8.814	3.721	0.093	-0.031	0.021	0.000000	0.000000
1580057158818	1580057158817	0.828	8.830	3.697	0.089	-0.015	0.011	0.000000	0.000000
1580057158842	1580057158835	0.785	8.895	3.790	0.094	-0.014	0.009	0.000000	0.000000
1580057158865	1580057158856	0.749	8.866	3.773	0.076	-0.015	0.009	0.000000	0.000000
1580057158878	1580057158876	0.718	8.842	3.804	0.046	0.016	-0.007	0.000000	0.000000
1580057158898	1580057158896	0.792	8.876	3.761	0.045	0.021	-0.024	0.000000	0.000000
1580057158918	1580057158916	0.809	8.909	3.728	0.043	0.020	-0.021	0.000000	0.000000
1580057158938	1580057158936	0.821	8.888	3.785	0.047	0.021	-0.009	0.000000	0.000000
1580057158957	1580057158955	0.809	8.890	3.704	0.064	-0.003	0.005	0.000000	0.000000
1580057158979	1580057158979	0.797	8.912	3.692	0.083	-0.004	0.013	0.000000	0.000000
1580057158998	1580057158998	0.797	8.936	3.697	0.117	-0.032	0.027	0.000000	0.000000
1580057159027	1580057159025	0.780	8.845	3.567	0.138	-0.024	0.035	0.000000	0.000000
1580057159037	1580057159037	0.830	8.842	3.574	0.152	0.011	0.010	0.000000	0.000000
1580057159064	1580057159056	0.838	8.929	3.567	0.195	0.009	-0.010	0.000000	0.000000
1580057159076	1580057159075	0.854	8.967	3.469	0.246	-0.005	-0.009	0.000000	0.000000
1580057159101	1580057159095	0.816	8.981	3.503	0.292	0.000	-0.003	0.000000	0.000000
1580057159117	1580057159116	0.816	8.955	3.378	0.330	0.007	-0.002	0.000000	0.000000
1580057159137	1580057159135	0.809	9.020	3.345	0.369	0.004	-0.005	0.000000	0.000000
1580057159157	1580057159155	0.840	9.103	3.249	0.407	0.005	-0.008	0.000000	0.000000
1580057159182	1580057159182	0.859	9.082	3.064	0.411	-0.004	-0.003	0.000000	0.000000
1580057159197	1580057159195	0.852	9.113	3.050	0.397	-0.004	0.005	0.000000	0.000000
1580057159221	1580057159221	0.823	9.123	2.990	0.354	-0.003	0.010	0.000000	0.000000
1580057159238	1580057159235	0.732	9.151	3.088	0.309	0.013	0.000	0.000000	0.000000
1580057159259	1580057159258	0.720	9.192	3.057	0.234	0.012	-0.021	0.000000	0.000000
1580057159276	1580057159274	0.814	9.259	2.988	0.162	0.038	-0.034	0.000000	0.000000
1580057159296	1580057159295	0.881	9.295	2.889	0.163	0.005	-0.015	0.000000	0.000000
1580057159316	1580057159315	0.775	9.257	2.808	0.188	-0.053	0.021	0.000000	0.000000
1580057159338	1580057159338	0.747	9.228	2.810	0.168	-0.014	0.025	0.000000	0.000000
1580057159356	1580057159354	0.775	9.254	2.810	0.138	0.014	0.013	0.000000	0.000000
1580057159380	1580057159380	0.816	9.221	2.808	0.112	-0.015	0.015	0.000000	0.000000
1580057159396	1580057159395	0.797	9.240	2.731	0.062	-0.001	0.017	0.000000	0.000000
1580057159416	1580057159415	0.783	9.321	2.865	-0.025	0.006	0.024	0.000000	0.000000
1580057159442	1580057159434	0.780	9.386	3.117	-0.168	-0.001	0.036	0.000000	0.000000
1580057159456	1580057159453	0.708	9.381	3.172	-0.348	-0.051	0.055	0.000000	0.000000
1580057159475	1580057159473	0.723	9.307	3.136	-0.540	-0.060	0.062	0.000000	0.000000
1580057159495	1580057159495	0.821	9.149	3.129	-0.695	-0.076	0.065	0.000000	0.000000
1580057159518	1580057159518	0.886	9.096	3.275	-0.754	-0.049	0.063	0.000000	0.000000
1580057159538	1580057159537	0.902	8.998	3.368	-0.751	-0.065	0.067	0.000000	0.000000
1580057159555	1580057159553	0.979	8.936	3.469	-0.754	-0.043	0.061	0.000000	0.000000
1580057159574	1580057159574	1.024	8.936	3.685	-0.733	-0.051	0.060	0.000000	0.000000
1580057159598	1580057159598	0.943	8.902	3.919	-0.730	-0.100	0.065	0.000000	0.000000
1580057159618	1580057159614	0.945	8.811	4.078	-0.789	-0.109	0.060	0.000000	0.000000
1580057159644	1580057159633	0.977	8.720	4.097	-0.846	-0.082	0.048	0.000000	0.000000
1580057159655	1580057159653	1.013	8.694	4.228	-0.849	-0.078	0.046	0.000000	0.000000
1580057159675	1580057159674	1.036	8.584	4.257	-0.841	-0.104	0.059	0.000000	0.000000
1580057159694	1580057159693	1.008	8.421	4.250	-0.828	-0.075	0.058	0.000000	0.000000
1580057159715	1580057159712	1.072	8.378	4.542	-0.791	-0.020	0.039	0.000000	0.000000
1580057159734	1580057159732	1.080	8.296	4.640	-0.733	-0.028	0.032	0.000000	0.000000
1580057159758	1580057159752	1.108	8.224	4.545	-0.643	-0.041	0.021	0.000000	0.000000
1580057159777	1580057159777	1.142	8.174	4.789	-0.560	-0.009	0.009	0.000000	0.000000
1580057159800	1580057159800	1.120	8.148	4.988	-0.472	-0.018	0.005	0.000000	0.000000
1580057159817	1580057159812	1.123	8.128	4.997	-0.445	-0.038	0.010	0.000000	0.000000
1580057159846	1580057159833	1.087	8.109	5.117	-0.463	-0.034	0.022	0.000000	0.000000
1580057159853	1580057159852	1.053	8.045	5.230	-0.438	-0.028	0.032	0.000000	0.000000
1580057159874	1580057159872	1.077	7.944	5.326	-0.419	-0.018	0.031	0.000000	0.000000
1580057159892	1580057159892	1.104	7.870	5.249	-0.384	-0.019	0.017	0.000000	0.000000
1580057159916	1580057159915	1.065	7.834	5.249	-0.247	-0.019	0.010	0.000000	0.000000
1580057159932	1580057159932	1.027	7.805	5.280	0.010	-0.009	0.006	0.000000	0.000000
1580057159954	1580057159954	1.041	7.834	5.088	0.315	-0.005	-0.004	0.000000	0.000000
1580057159977	1580057159974	1.044	7.898	5.081	0.607	0.043	-0.016	0.000000	0.000000
1580057159999	1580057159998	1.056	8.011	5.033	0.861	0.061	-0.025	0.000000	0.000000
1580057160017	1580057160012	1.065	8.160	4.906	1.015	0.058	-0.033	0.000000	0.000000
1580057160032	1580057160030	1.132	8.310	4.779	1.089	0.058	-0.038	0.000000	0.000000
1580057160053	1580057160052	1.147	8.416	4.573	1.135	0.046	-0.037	0.000000	0.000000
1580057160073	1580057160071	1.125	8.509	4.425	1.143	0.033	-0.039	0.000000	0.000000
1580057160092	1580057160091	1.108	8.591	4.176	1.130	0.033	-0.048	0.000000	0.000000
1580057160111	1580057160110	1.171	8.715	4.051	1.130	0.059	-0.057	0.000000	0.000000
1580057160132	1580057160131	1.125	8.842	3.907	1.163	0.029	-0.055	0.000000	0.000000
1580057160152	1580057160151	1.065	8.940	3.728	1.166	0.020	-0.058	0.000000	0.000000
1580057160176	1580057160176	0.989	9.034	3.428	1.134	0.015	-0.063	0.000000	0.000000
1580057160200	1580057160200	0.986	9.065	3.129	1.066	0.016	-0.073	0.000000	0.000000
1580057160221	1580057160212	0.972	9.151	2.875	0.980	0.026	-0.083	0.000000	0.000000
1580057160234	1580057160230	0.895	9.331	2.894	0.842	0.053	-0.077	0.000000	0.000000
1580057160255	1580057160252	0.857	9.353	2.698	0.650	0.021	-0.049	0.000000	0.000000
1580057160272	1580057160271	0.886	9.307	2.549	0.465	0.008	-0.031	0.000000	0.000000
1580057160297	1580057160291	0.833	9.314	2.564	0.257	0.016	-0.030	0.000000	0.000000
1580057160318	1580057160316	0.833	9.460	2.600	-0.016	0.030	-0.032	0.000000	0.000000
1580057160335	1580057160333	0.797	9.441	2.664	-0.308	-0.016	0.000	0.000000	0.000000
1580057160356	1580057160356	0.823	9.345	2.705	-0.571	-0.027	0.024	0.000000	0.000000
1580057160380	1580057160380	0.864	9.257	2.875	-0.794	-0.025	0.029	0.000000	0.000000
1580057160396	1580057160390	0.945	9.123	3.043	-0.967	-0.017	0.024	0.000000	0.000000
1580057160411	1580057160410	0.898	9.060	3.282	-1.083	-0.016	0.012	0.000000	0.000000
1580057160431	1580057160430	0.965	9.034	3.646	-1.134	0.029	-0.013	0.000000	0.000000
1580057160459	1580057160452	0.996	8.938	3.797	-1.077	-0.002	-0.010	0.000000	0.000000
1580057160473	1580057160472	1.010	8.792	3.872	-0.951	-0.015	-0.006	0.000000	0.000000
1580057160493	1580057160493	0.967	8.670	3.872	-0.807	-0.032	-0.016	0.000000	0.000000
1580057160512	1580057160512	0.996	8.682	3.939	-0.698	-0.015	-0.036	0.000000	0.000000
1580057160539	1580057160539	0.967	8.684	4.056	-0.644	-0.036	-0.022	0.000000	0.000000
1580057160558	1580057160552	0.926	8.603	4.166	-0.616	-0.031	0.001	0.000000	0.000000
1580057160587	1580057160585	0.938	8.548	4.291	-0.623	-0.040	0.014	0.000000	0.000000
1580057160595	1580057160595	0.931	8.507	4.535	-0.660	-0.035	0.026	0.000000	0.000000
1580057160611	1580057160612	0.950	8.421	4.734	-0.696	-0.027	0.027	0.000000	0.000000
1580057160632	1580057160631	0.924	8.308	4.854	-0.709	-0.056	0.023	0.000000	0.000000
1580057160652	1580057160652	0.967	8.243	5.014	-0.715	-0.056	0.011	0.000000	0.000000
1580057160673	1580057160673	0.931	8.167	5.029	-0.633	-0.048	0.005	0.000000	0.000000
1580057160695	1580057160694	0.898	8.071	5.100	-0.480	-0.048	0.002	0.000000	0.000000
1580057160717	1580057160710	0.900	7.994	5.007	-0.255	-0.034	-0.013	0.000000	0.000000
1580057160740	1580057160740	0.921	8.078	4.854	0.044	-0.014	-0.024	0.000000	0.000000
1580057160754	1580057160751	0.969	8.107	4.902	0.345	0.023	-0.015	0.000000	0.000000
1580057160774	1580057160768	0.972	8.172	4.818	0.636	0.020	0.000	0.000000	0.000000
1580057160790	1580057160790	0.967	8.277	4.708	0.847	0.044	0.014	0.000000	0.000000
1580057160810	1580057160809	0.948	8.387	4.540	0.991	0.051	0.025	0.000000	0.000000
1580057160831	1580057160830	0.969	8.488	4.449	1.096	0.058	0.030	0.000000	0.000000
1580057160853	1580057160850	0.986	8.557	4.389	1.154	0.063	0.019	0.000000	0.000000
1580057160872	1580057160869	1.003	8.646	4.209	1.155	0.056	-0.015	0.000000	0.000000
1580057160895	1580057160891	0.965	8.797	3.987	1.086	0.059	-0.042	0.000000	0.000000
1580057160914	1580057160913	0.965	8.938	3.812	0.978	0.057	-0.059	0.000000	0.000000
1580057160929	1580057160927	0.969	8.991	3.560	0.873	0.038	-0.057	0.000000	0.000000
1580057160954	1580057160954	0.921	8.981	3.409	0.779	0.055	-0.053	0.000000	0.000000
1580057160972	1580057160970	0.929	9.053	3.179	0.703	0.043	-0.056	0.000000	0.000000
1580057160988	1580057160988	0.921	9.166	3.007	0.647	0.029	-0.050	0.000000	0.000000
1580057161010	1580057161008	0.871	9.185	2.947	0.570	0.041	-0.039	0.000000	0.000000
1580057161031	1580057161031	0.816	9.235	2.923	0.451	0.026	-0.030	0.000000	0.000000
1580057161054	1580057161051	0.778	9.293	2.897	0.258	0.011	-0.026	0.000000	0.000000
1580057161070	1580057161069	0.783	9.317	2.901	0.016	0.008	-0.025	0.000000	0.000000
1580057161089	1580057161088	0.802	9.321	3.024	-0.244	0.008	-0.018	0.000000	0.000000
1580057161119	1580057161110	0.795	9.259	2.995	-0.477	-0.035	0.001	0.000000	0.000000
1580057161136	1580057161136	0.759	9.173	3.167	-0.675	-0.034	0.018	0.000000	0.000000
1580057161155	1580057161153	0.778	9.115	3.400	-0.861	-0.008	0.016	0.000000	0.000000
1580057161169	1580057161167	0.866	9.000	3.594	-1.010	-0.002	0.000	0.000000	0.000000
1580057161191	1580057161186	0.953	8.893	3.668	-1.080	-0.024	-0.013	0.000000	0.000000
1580057161209	1580057161206	0.950	8.794	3.821	-1.095	-0.035	-0.020	0.000000	0.000000
1580057161227	1580057161226	0.912	8.749	4.080	-1.042	-0.039	-0.021	0.000000	0.000000
1580057161252	1580057161249	0.898	8.663	4.212	-0.957	-0.057	-0.007	0.000000	0.000000
1580057161269	1580057161266	0.919	8.596	4.367	-0.856	-0.059	0.005	0.000000	0.000000
1580057161288	1580057161286	0.950	8.536	4.516	-0.761	-0.086	0.023	0.000000	0.000000
1580057161311	1580057161309	0.876	8.411	4.585	-0.706	-0.082	0.036	0.000000	0.000000
1580057161329	1580057161327	0.864	8.370	4.856	-0.719	-0.045	0.028	0.000000	0.000000
1580057161352	1580057161352	0.864	8.287	4.902	-0.707	-0.064	0.024	0.000000	0.000000
1580057161369	1580057161366	0.874	8.169	4.938	-0.633	-0.053	0.018	0.000000	0.000000
1580057161387	1580057161385	0.914	8.112	4.976	-0.490	-0.040	0.013	0.000000	0.000000
1580057161407	1580057161405	0.929	8.083	5.043	-0.284	-0.024	0.010	0.000000	0.000000
1580057161427	1580057161426	0.969	8.088	4.906	0.001	-0.036	0.023	0.000000	0.000000
1580057161451	1580057161448	0.912	8.078	4.674	0.323	-0.029	0.038	0.000000	0.000000
1580057161469	1580057161467	0.926	8.150	4.813	0.596	0.015	0.028	0.000000	0.000000
1580057161487	1580057161485	0.905	8.255	4.818	0.791	0.042	0.013	0.000000	0.000000
1580057161507	1580057161506	0.914	8.346	4.607	0.924	0.039	0.001	0.000000	0.000000
1580057161530	1580057161530	0.910	8.452	4.413	1.002	0.049	-0.015	0.000000	0.000000
1580057161550	1580057161550	0.941	8.588	4.329	1.031	0.076	-0.028	0.000000	0.000000
1580057161565	1580057161564	1.008	8.715	4.209	1.022	0.090	-0.032	0.000000	0.000000
1580057161586	1580057161584	1.020	8.792	3.967	0.986	0.041	-0.015	0.000000	0.000000
1580057161606	1580057161606	0.977	8.830	3.764	0.946	0.024	-0.008	0.000000	0.000000
1580057161626	1580057161624	0.933	8.950	3.716	0.863	0.029	-0.009	0.000000	0.000000
1580057161649	1580057161645	0.929	8.996	3.610	0.742	0.021	-0.005	0.000000	0.000000
1580057161668	1580057161668	0.917	9.022	3.294	0.658	-0.002	-0.002	0.000000	0.000000
1580057161686	1580057161685	0.898	9.034	3.071	0.568	0.009	-0.007	0.000000	0.000000
1580057161707	1580057161707	0.895	9.111	3.110	0.487	0.029	-0.015	0.000000	0.000000
1580057161734	1580057161730	0.907	9.130	3.071	0.412	0.032	-0.018	0.000000	0.000000
1580057161748	1580057161745	0.902	9.144	2.940	0.357	0.014	-0.019	0.000000	0.000000
1580057161764	1580057161764	0.874	9.204	2.911	0.247	0.023	-0.022	0.000000	0.000000
1580057161786	1580057161784	0.838	9.266	3.081	0.082	0.043	-0.025	0.000000	0.000000
1580057161806	1580057161803	0.828	9.293	3.167	-0.107	0.010	-0.013	0.000000	0.000000
1580057161825	1580057161824	0.830	9.261	3.124	-0.320	-0.025	0.010	0.000000	0.000000
1580057161847	1580057161843	0.775	9.209	3.299	-0.518	-0.018	0.021	0.000000	0.000000
1580057161864	1580057161863	0.785	9.139	3.383	-0.676	-0.017	0.021	0.000000	0.000000
1580057161891	1580057161885	0.876	9.046	3.522	-0.791	-0.010	0.018	0.000000	0.000000
1580057161909	1580057161907	0.907	8.938	3.563	-0.841	-0.021	0.018	0.000000	0.000000
1580057161934	1580057161923	0.874	8.840	3.661	-0.826	-0.017	0.010	0.000000	0.000000
1580057161947	1580057161943	0.893	8.766	3.850	-0.783	0.012	-0.011	0.000000	0.000000
1580057161965	1580057161963	0.960	8.708	3.960	-0.730	0.017	-0.031	0.000000	0.000000
1580057161984	1580057161984	1.013	8.723	3.999	-0.632	0.001	-0.028	0.000000	0.000000
1580057162004	1580057162002	0.921	8.727	4.181	-0.559	-0.019	0.000	0.000000	0.000000
1580057162025	1580057162023	0.886	8.711	4.281	-0.544	-0.045	0.030	0.000000	0.000000
1580057162048	1580057162045	0.876	8.579	4.310	-0.559	-0.074	0.052	0.000000	0.000000
1580057162064	1580057162064	0.910	8.490	4.502	-0.603	-0.042	0.054	0.000000	0.000000
1580057162085	1580057162084	0.931	8.469	4.552	-0.615	-0.033	0.040	0.000000	0.000000
1580057162107	1580057162104	1.010	8.421	4.614	-0.645	-0.032	0.038	0.000000	0.000000
1580057162130	1580057162123	0.962	8.298	4.676	-0.673	-0.038	0.047	0.000000	0.000000
1580057162144	1580057162143	0.924	8.176	4.878	-0.686	-0.034	0.033	0.000000	0.000000
1580057162166	1580057162163	0.953	8.102	4.993	-0.646	-0.019	0.002	0.000000	0.000000
1580057162184	1580057162182	1.022	8.124	5.021	-0.560	-0.034	-0.013	0.000000	0.000000
1580057162203	1580057162202	0.993	8.088	5.182	-0.468	-0.019	-0.002	0.000000	0.000000
1580057162224	1580057162224	0.943	8.001	5.223	-0.358	-0.039	0.014	0.000000	0.000000
1580057162246	1580057162246	0.936	7.954	5.146	-0.235	-0.036	0.017	0.000000	0.000000
1580057162264	1580057162261	0.960	7.949	5.251	-0.090	-0.010	0.017	0.000000	0.000000
1580057162285	1580057162285	0.965	7.980	5.213	0.097	-0.016	0.029	0.000000	0.000000
1580057162307	1580057162301	0.986	8.011	5.165	0.259	0.002	0.051	0.000000	0.000000
1580057162323	1580057162321	0.962	8.023	5.225	0.383	0.023	0.065	0.000000	0.000000
1580057162343	1580057162342	0.967	8.006	5.139	0.466	0.030	0.047	0.000000	0.000000
1580057162363	1580057162361	1.013	8.066	4.997	0.519	0.035	0.014	0.000000	0.000000
1580057162383	1580057162381	1.058	8.198	4.835	0.556	0.032	-0.010	0.000000	0.000000
1580057162403	1580057162401	1.008	8.284	4.770	0.569	0.040	-0.010	0.000000	0.000000
1580057162423	1580057162421	1.001	8.356	4.813	0.568	0.059	-0.008	0.000000	0.000000
1580057162447	1580057162447	1.051	8.397	4.605	0.574	0.045	-0.011	0.000000	0.000000
1580057162463	1580057162460	1.094	8.445	4.449	0.610	0.031	-0.013	0.000000	0.000000
1580057162487	1580057162485	1.077	8.514	4.413	0.668	0.026	-0.010	0.000000	0.000000
1580057162504	1580057162501	1.034	8.615	4.353	0.711	0.008	-0.006	0.000000	0.000000
1580057162523	1580057162520	1.010	8.665	4.166	0.698	0.016	-0.002	0.000000	0.000000
1580057162542	1580057162540	0.993	8.696	4.054	0.672	0.012	0.006	0.000000	0.000000
1580057162562	1580057162560	0.974	8.775	4.051	0.682	0.010	-0.004	0.000000	0.000000
1580057162585	1580057162583	0.938	8.814	3.778	0.658	-0.007	-0.017	0.000000	0.000000
1580057162606	1580057162603	0.960	8.869	3.582	0.584	0.028	-0.028	0.000000	0.000000
1580057162621	1580057162619	0.996	8.917	3.584	0.508	0.043	-0.030	0.000000	0.000000
1580057162641	1580057162640	0.974	8.960	3.596	0.396	0.027	-0.026	0.000000	0.000000
1580057162662	1580057162662	0.953	8.993	3.519	0.249	0.034	-0.027	0.000000	0.000000
1580057162687	1580057162686	0.929	9.046	3.543	0.039	0.026	-0.027	0.000000	0.000000
1580057162707	1580057162699	0.907	9.103	3.757	-0.207	0.012	-0.015	0.000000	0.000000
1580057162721	1580057162719	0.864	9.065	3.783	-0.435	-0.021	0.010	0.000000	0.000000
1580057162742	1580057162741	0.890	8.900	3.795	-0.612	-0.011	0.023	0.000000	0.000000
1580057162761	1580057162759	0.933	8.809	3.836	-0.673	-0.005	0.017	0.000000	0.000000
1580057162780	1580057162779	1.001	8.754	3.979	-0.660	-0.011	0.015	0.000000	0.000000
1580057162801	1580057162799	0.972	8.718	4.078	-0.608	-0.031	0.021	0.000000	0.000000
1580057162825	1580057162821	0.979	8.665	4.257	-0.579	-0.017	0.024	0.000000	0.000000
1580057162845	1580057162843	0.993	8.622	4.255	-0.539	-0.020	0.025	0.000000	0.000000
1580057162867	1580057162863	0.986	8.569	4.334	-0.531	-0.028	0.032	0.000000	0.000000
1580057162883	1580057162879	0.998	8.538	4.382	-0.534	-0.023	0.038	0.000000	0.000000
1580057162906	1580057162898	0.967	8.471	4.480	-0.574	-0.035	0.045	0.000000	0.000000
1580057162920	1580057162919	0.972	8.404	4.629	-0.657	-0.003	0.035	0.000000	0.000000
