1580114812752	1580114812750	0.241	0.472	8.217	-0.395	-0.246	0.066	0.000000	0.000000
1580114812782	1580114812779	0.555	1.050	8.744	-0.259	-0.228	0.093	0.000000	0.000000
1580114812791	1580114812790	0.632	1.649	8.648	-0.231	-0.212	0.124	0.000000	0.000000
1580114812811	1580114812810	0.589	2.027	8.138	-0.389	-0.199	0.140	0.000000	0.000000
1580114812831	1580114812829	0.337	1.663	7.918	-0.643	-0.139	0.131	0.000000	0.000000
1580114812851	1580114812850	0.256	0.341	8.236	-0.779	-0.120	0.084	0.000000	0.000000
1580114812871	1580114812870	0.536	-0.409	8.842	-0.591	-0.141	0.054	0.000000	0.000000
1580114812892	1580114812892	0.639	-0.376	9.197	-0.357	-0.126	0.057	0.000000	0.000000
1580114812911	1580114812910	0.715	-0.275	9.163	-0.284	-0.099	0.032	0.000000	0.000000
1580114812930	1580114812929	0.747	-0.565	9.487	-0.274	-0.083	-0.018	0.000000	0.000000
1580114812950	1580114812949	0.668	-0.625	10.069	-0.179	-0.105	-0.063	0.000000	0.000000
1580114812971	1580114812970	0.428	0.053	10.394	-0.016	-0.092	-0.043	0.000000	0.000000
1580114812990	1580114812989	0.452	0.760	10.359	0.018	-0.097	-0.017	0.000000	0.000000
1580114813010	1580114813009	0.665	0.952	10.232	-0.043	-0.098	0.000	0.000000	0.000000
1580114813030	1580114813029	0.739	0.913	10.318	-0.074	-0.050	0.027	0.000000	0.000000
1580114813050	1580114813048	0.682	1.002	10.423	-0.125	-0.021	0.054	0.000000	0.000000
1580114813070	1580114813068	0.864	0.683	10.172	-0.144	-0.023	0.057	0.000000	0.000000
1580114813093	1580114813092	1.058	0.329	9.647	-0.007	0.053	0.032	0.000000	0.000000
1580114813110	1580114813108	1.051	0.700	9.757	0.090	0.158	0.028	0.000000	0.000000
1580114813130	1580114813128	0.799	0.777	10.526	0.010	0.217	0.062	0.000000	0.000000
1580114813149	1580114813148	0.648	0.386	10.763	0.027	0.229	0.041	0.000000	0.000000
1580114813171	1580114813170	0.603	0.650	10.565	0.185	0.258	0.043	0.000000	0.000000
1580114813189	1580114813188	0.397	0.875	10.883	0.148	0.257	0.081	0.000000	0.000000
1580114813209	1580114813208	0.318	0.877	11.360	-0.019	0.223	0.106	0.000000	0.000000
1580114813232	1580114813231	0.279	0.676	11.815	-0.061	0.164	0.120	0.000000	0.000000
1580114813249	1580114813248	0.488	0.329	11.944	0.037	0.121	0.090	0.000000	0.000000
1580114813270	1580114813268	0.493	0.745	12.083	0.105	0.126	0.092	0.000000	0.000000
1580114813291	1580114813289	0.387	1.292	12.493	0.028	0.093	0.082	0.000000	0.000000
1580114813309	1580114813308	0.481	1.605	12.917	-0.058	0.066	0.054	0.000000	0.000000
1580114813329	1580114813328	0.387	1.553	13.408	-0.054	0.065	0.048	0.000000	0.000000
1580114813349	1580114813348	0.320	1.711	14.139	-0.006	0.050	0.057	0.000000	0.000000
1580114813370	1580114813367	0.234	2.022	15.087	0.020	-0.045	0.115	0.000000	0.000000
1580114813388	1580114813387	0.598	2.379	15.356	0.028	-0.162	0.160	0.000000	0.000000
1580114813408	1580114813407	1.343	2.437	15.392	0.001	-0.205	0.200	0.000000	0.000000
1580114813430	1580114813430	1.769	1.838	15.844	-0.066	-0.213	0.239	0.000000	0.000000
1580114813448	1580114813447	1.741	0.949	15.712	-0.088	-0.247	0.258	0.000000	0.000000
1580114813468	1580114813466	1.853	0.698	14.872	-0.037	-0.263	0.230	0.000000	0.000000
1580114813488	1580114813486	1.916	0.999	14.251	-0.035	-0.191	0.207	0.000000	0.000000
1580114813511	1580114813508	1.566	1.270	14.352	-0.140	-0.053	0.172	0.000000	0.000000
1580114813529	1580114813526	1.298	1.558	14.896	-0.134	0.062	0.089	0.000000	0.000000
1580114813547	1580114813546	1.151	2.106	15.087	0.036	0.102	0.015	0.000000	0.000000
1580114813568	1580114813566	1.084	2.324	14.244	0.134	0.067	-0.001	0.000000	0.000000
1580114813588	1580114813587	0.771	1.788	13.145	0.091	0.064	0.030	0.000000	0.000000
1580114813608	1580114813606	0.356	0.971	12.579	-0.039	0.107	0.075	0.000000	0.000000
1580114813629	1580114813629	0.162	0.139	12.536	-0.092	0.110	0.068	0.000000	0.000000
1580114813648	1580114813647	0.236	0.475	11.918	0.073	0.092	0.051	0.000000	0.000000
1580114813669	1580114813667	0.548	1.055	10.898	0.137	0.059	0.033	0.000000	0.000000
1580114813689	1580114813689	1.048	1.112	10.421	0.031	0.077	-0.007	0.000000	0.000000
1580114813721	1580114813715	1.187	0.930	10.644	-0.016	0.182	-0.034	0.000000	0.000000
1580114813731	1580114813727	1.322	0.844	10.399	0.009	0.245	-0.076	0.000000	0.000000
1580114813748	1580114813748	1.149	0.683	9.767	-0.003	0.272	-0.106	0.000000	0.000000
1580114813769	1580114813767	0.905	0.321	9.182	-0.198	0.236	-0.118	0.000000	0.000000
1580114813788	1580114813786	1.005	-0.229	8.634	-0.383	0.197	-0.141	0.000000	0.000000
1580114813813	1580114813813	0.857	-0.503	8.229	-0.329	0.222	-0.150	0.000000	0.000000
1580114813833	1580114813832	0.574	-0.342	7.834	-0.199	0.201	-0.148	0.000000	0.000000
1580114813849	1580114813849	0.117	0.060	7.573	-0.177	0.113	-0.113	0.000000	0.000000
1580114813868	1580114813866	-0.077	-0.007	7.180	-0.229	0.021	-0.075	0.000000	0.000000
1580114813887	1580114813886	0.220	-0.424	6.672	-0.226	-0.029	-0.064	0.000000	0.000000
1580114813916	1580114813911	0.253	-0.539	6.394	-0.138	-0.011	-0.010	0.000000	0.000000
1580114813931	1580114813928	0.361	-0.373	6.154	-0.260	-0.064	0.021	0.000000	0.000000
1580114813947	1580114813947	0.471	-0.618	6.140	-0.556	-0.129	0.017	0.000000	0.000000
1580114813968	1580114813966	0.169	-0.754	7.082	-0.607	-0.051	0.030	0.000000	0.000000
1580114813986	1580114813986	0.102	-0.129	8.066	-0.463	-0.023	0.087	0.000000	0.000000
1580114814012	1580114814011	0.694	0.532	8.224	-0.367	-0.148	0.126	0.000000	0.000000
1580114814028	1580114814028	1.252	0.585	7.690	-0.373	-0.266	0.137	0.000000	0.000000
1580114814049	1580114814047	0.763	0.341	7.841	-0.272	-0.160	0.150	0.000000	0.000000
1580114814068	1580114814065	-0.013	0.626	8.847	-0.128	-0.042	0.139	0.000000	0.000000
1580114814087	1580114814085	0.198	1.287	9.091	-0.036	-0.140	0.155	0.000000	0.000000
1580114814117	1580114814109	0.830	1.162	7.786	0.030	-0.246	0.204	0.000000	0.000000
1580114814127	1580114814126	0.806	0.822	6.782	0.041	-0.091	0.166	0.000000	0.000000
1580114814148	1580114814148	0.153	0.748	7.477	-0.062	0.173	0.123	0.000000	0.000000
1580114814167	1580114814165	0.220	0.892	8.272	-0.132	0.224	0.061	0.000000	0.000000
1580114814186	1580114814185	0.066	1.122	7.965	-0.052	0.204	0.063	0.000000	0.000000
1580114814207	1580114814205	0.318	0.779	7.137	-0.187	0.140	0.113	0.000000	0.000000
1580114814226	1580114814226	0.351	-0.158	7.000	-0.413	0.110	0.185	0.000000	0.000000
1580114814249	1580114814246	0.059	-0.471	7.503	-0.458	0.117	0.234	0.000000	0.000000
1580114814266	1580114814265	0.339	-0.227	7.654	-0.336	0.072	0.203	0.000000	0.000000
1580114814285	1580114814285	0.584	0.266	7.424	-0.078	0.057	0.166	0.000000	0.000000
1580114814306	1580114814306	0.622	0.712	7.647	0.097	0.087	0.153	0.000000	0.000000
1580114814343	1580114814343	0.531	0.729	8.085	0.035	0.096	0.148	0.000000	0.000000
1580114814346	1580114814346	0.442	0.310	8.186	-0.046	0.074	0.152	0.000000	0.000000
1580114814368	1580114814368	0.553	0.015	8.231	0.014	0.050	0.150	0.000000	0.000000
1580114814385	1580114814384	0.543	0.312	9.134	0.122	0.110	0.127	0.000000	0.000000
1580114814404	1580114814404	0.351	0.640	10.241	0.131	0.140	0.118	0.000000	0.000000
1580114814432	1580114814424	0.366	0.592	10.459	0.134	0.078	0.114	0.000000	0.000000
1580114814446	1580114814446	0.531	0.623	10.188	0.197	0.013	0.116	0.000000	0.000000
1580114814465	1580114814464	0.627	0.702	9.949	0.246	0.002	0.090	0.000000	0.000000
1580114814485	1580114814483	0.644	0.999	10.006	0.298	0.043	0.060	0.000000	0.000000
1580114814504	1580114814502	0.622	1.407	10.030	0.324	0.050	0.043	0.000000	0.000000
1580114814526	1580114814525	0.646	1.368	9.669	0.308	0.022	0.022	0.000000	0.000000
1580114814544	1580114814544	0.632	1.208	9.364	0.248	0.008	0.023	0.000000	0.000000
1580114814564	1580114814562	0.311	0.762	9.398	0.138	0.017	0.030	0.000000	0.000000
1580114814585	1580114814583	0.117	0.295	9.424	0.041	0.018	0.016	0.000000	0.000000
1580114814604	1580114814602	0.083	-0.071	9.482	0.021	0.025	0.002	0.000000	0.000000
1580114814625	1580114814623	-0.106	-0.251	9.702	0.067	0.042	-0.007	0.000000	0.000000
1580114814651	1580114814651	-0.111	-0.088	9.851	0.126	0.041	-0.044	0.000000	0.000000
1580114814665	1580114814663	-0.032	0.226	9.812	0.182	0.025	-0.065	0.000000	0.000000
1580114814684	1580114814682	-0.006	0.583	9.743	0.203	0.012	-0.059	0.000000	0.000000
1580114814703	1580114814702	0.071	0.741	9.693	0.142	-0.001	-0.056	0.000000	0.000000
1580114814725	1580114814723	0.042	0.561	9.602	0.060	0.009	-0.057	0.000000	0.000000
1580114814744	1580114814742	0.002	0.456	9.561	0.039	0.033	-0.059	0.000000	0.000000
1580114814767	1580114814767	0.030	0.439	9.638	0.043	0.049	-0.064	0.000000	0.000000
1580114814783	1580114814782	0.023	0.338	9.776	0.040	0.059	-0.065	0.000000	0.000000
1580114814802	1580114814802	-0.061	0.266	9.932	0.080	0.070	-0.051	0.000000	0.000000
1580114814824	1580114814823	-0.152	0.360	10.002	0.140	0.066	-0.035	0.000000	0.000000
1580114814852	1580114814845	-0.063	0.516	9.978	0.188	0.051	-0.025	0.000000	0.000000
1580114814864	1580114814862	0.016	0.604	9.990	0.220	0.042	-0.009	0.000000	0.000000
1580114814884	1580114814881	-0.145	0.563	10.038	0.230	0.038	0.003	0.000000	0.000000
1580114814903	1580114814901	-0.180	0.599	9.942	0.236	0.021	-0.004	0.000000	0.000000
1580114814923	1580114814921	-0.188	0.745	9.839	0.264	0.025	-0.010	0.000000	0.000000
1580114814943	1580114814943	-0.221	1.014	9.688	0.279	0.044	-0.016	0.000000	0.000000
1580114814963	1580114814961	-0.149	1.263	9.681	0.243	0.051	-0.011	0.000000	0.000000
1580114814983	1580114814981	-0.128	1.232	9.748	0.190	0.060	-0.001	0.000000	0.000000
1580114815003	1580114815001	-0.204	1.131	9.810	0.194	0.066	0.017	0.000000	0.000000
1580114815023	1580114815021	-0.255	1.165	9.776	0.255	0.064	0.034	0.000000	0.000000
1580114815048	1580114815048	-0.269	1.354	9.719	0.307	0.048	0.054	0.000000	0.000000
1580114815066	1580114815063	-0.329	1.562	9.664	0.320	0.025	0.084	0.000000	0.000000
1580114815082	1580114815081	-0.346	1.742	9.697	0.271	-0.001	0.108	0.000000	0.000000
1580114815102	1580114815100	-0.133	1.682	9.546	0.180	-0.041	0.103	0.000000	0.000000
1580114815122	1580114815120	0.129	1.411	9.355	0.151	-0.054	0.094	0.000000	0.000000
1580114815142	1580114815143	0.191	1.210	9.276	0.198	-0.068	0.085	0.000000	0.000000
1580114815166	1580114815162	0.356	1.167	9.357	0.236	-0.094	0.052	0.000000	0.000000
1580114815181	1580114815181	0.399	1.320	9.381	0.258	-0.103	0.025	0.000000	0.000000
1580114815201	1580114815200	0.232	1.385	9.060	0.221	-0.093	-0.003	0.000000	0.000000
1580114815221	1580114815220	0.349	1.277	8.701	0.098	-0.118	-0.048	0.000000	0.000000
1580114815244	1580114815243	0.344	1.076	8.893	0.037	-0.138	-0.103	0.000000	0.000000
1580114815265	1580114815261	-0.214	1.184	9.225	0.067	-0.135	-0.110	0.000000	0.000000
1580114815282	1580114815280	-0.475	1.598	9.007	0.132	-0.135	-0.126	0.000000	0.000000
1580114815300	1580114815300	-0.449	2.262	8.593	0.131	-0.106	-0.110	0.000000	0.000000
1580114815322	1580114815320	-0.513	2.636	8.497	0.012	-0.080	-0.088	0.000000	0.000000
1580114815342	1580114815342	-0.602	2.427	8.780	-0.171	-0.081	-0.084	0.000000	0.000000
1580114815366	1580114815361	-0.477	2.034	8.933	-0.248	-0.080	-0.072	0.000000	0.000000
1580114815380	1580114815380	-0.080	2.178	8.866	-0.195	-0.049	-0.054	0.000000	0.000000
1580114815400	1580114815399	0.275	2.274	8.737	-0.221	-0.036	-0.050	0.000000	0.000000
1580114815422	1580114815420	0.584	1.972	8.507	-0.324	-0.060	-0.079	0.000000	0.000000
1580114815441	1580114815439	0.672	1.730	8.337	-0.313	-0.051	-0.092	0.000000	0.000000
1580114815468	1580114815466	0.567	1.651	8.148	-0.249	-0.042	-0.109	0.000000	0.000000
1580114815480	1580114815479	0.665	1.639	7.829	-0.192	-0.058	-0.144	0.000000	0.000000
1580114815501	1580114815501	0.624	1.517	7.395	-0.122	-0.053	-0.174	0.000000	0.000000
1580114815521	1580114815519	0.435	1.376	7.014	-0.082	-0.027	-0.199	0.000000	0.000000
1580114815541	1580114815541	0.394	1.328	6.710	-0.136	-0.019	-0.236	0.000000	0.000000
1580114815561	1580114815559	0.483	1.275	6.631	-0.262	-0.018	-0.274	0.000000	0.000000
1580114815580	1580114815579	0.569	0.868	6.794	-0.393	-0.005	-0.299	0.000000	0.000000
1580114815600	1580114815598	0.596	0.281	6.976	-0.431	0.012	-0.301	0.000000	0.000000
1580114815620	1580114815618	0.668	0.139	7.242	-0.351	0.015	-0.276	0.000000	0.000000
1580114815640	1580114815639	0.953	0.367	7.525	-0.316	-0.014	-0.245	0.000000	0.000000
1580114815665	1580114815665	1.192	0.369	7.714	-0.348	-0.064	-0.237	0.000000	0.000000
1580114815679	1580114815678	1.027	0.187	7.848	-0.291	-0.084	-0.194	0.000000	0.000000
1580114815702	1580114815701	0.818	0.235	7.956	-0.213	-0.097	-0.157	0.000000	0.000000
1580114815720	1580114815718	0.759	0.403	8.047	-0.210	-0.101	-0.135	0.000000	0.000000
1580114815740	1580114815737	0.500	0.575	8.370	-0.157	-0.087	-0.087	0.000000	0.000000
1580114815761	1580114815760	0.553	0.472	8.653	-0.118	-0.098	-0.061	0.000000	0.000000
1580114815780	1580114815778	0.919	-0.062	8.634	-0.118	-0.099	-0.055	0.000000	0.000000
1580114815799	1580114815797	0.603	-0.455	8.696	0.003	-0.012	0.025	0.000000	0.000000
1580114815819	1580114815818	0.248	-0.371	9.067	0.102	0.022	0.099	0.000000	0.000000
1580114815839	1580114815837	0.478	-0.122	9.424	0.094	-0.024	0.120	0.000000	0.000000
1580114815866	1580114815858	0.512	0.161	9.760	0.145	0.001	0.147	0.000000	0.000000
1580114815878	1580114815876	0.411	0.544	10.035	0.247	0.045	0.176	0.000000	0.000000
1580114815899	1580114815899	0.567	0.635	10.050	0.258	0.029	0.161	0.000000	0.000000
1580114815919	1580114815917	0.888	0.314	9.973	0.106	0.002	0.134	0.000000	0.000000
1580114815938	1580114815937	1.036	-0.455	9.985	0.015	-0.002	0.126	0.000000	0.000000
1580114815959	1580114815957	1.003	-0.735	9.944	0.132	0.029	0.093	0.000000	0.000000
1580114815981	1580114815981	0.828	-0.316	9.944	0.295	0.047	0.040	0.000000	0.000000
1580114816000	1580114815998	0.500	0.125	10.045	0.329	0.049	-0.028	0.000000	0.000000
1580114816018	1580114816016	0.433	0.436	10.212	0.301	0.009	-0.093	0.000000	0.000000
1580114816037	1580114816036	0.347	0.537	10.450	0.318	-0.021	-0.101	0.000000	0.000000
1580114816058	1580114816057	0.167	0.585	10.406	0.363	-0.050	-0.074	0.000000	0.000000
1580114816078	1580114816076	0.102	0.793	10.282	0.344	-0.078	-0.060	0.000000	0.000000
1580114816098	1580114816097	-0.032	0.940	10.335	0.295	-0.104	-0.060	0.000000	0.000000
1580114816118	1580114816116	-0.156	1.100	10.121	0.268	-0.135	-0.037	0.000000	0.000000
1580114816137	1580114816136	0.210	1.191	9.875	0.147	-0.159	-0.023	0.000000	0.000000
1580114816160	1580114816156	0.581	0.734	9.968	-0.009	-0.145	-0.006	0.000000	0.000000
1580114816179	1580114816179	0.426	0.319	10.162	-0.045	-0.098	0.035	0.000000	0.000000
1580114816199	1580114816196	0.241	0.345	10.339	-0.016	-0.064	0.065	0.000000	0.000000
1580114816217	1580114816215	0.543	0.590	10.373	-0.051	-0.045	0.040	0.000000	0.000000
1580114816237	1580114816235	0.826	0.774	10.660	-0.122	0.018	0.023	0.000000	0.000000
1580114816257	1580114816255	0.919	0.544	11.209	-0.210	0.053	0.011	0.000000	0.000000
1580114816278	1580114816277	0.969	0.247	11.578	-0.229	0.046	-0.007	0.000000	0.000000
1580114816297	1580114816297	0.878	0.501	11.736	-0.072	0.059	-0.022	0.000000	0.000000
1580114816317	1580114816316	0.694	1.136	11.899	0.091	0.098	-0.035	0.000000	0.000000
1580114816337	1580114816335	0.459	1.280	12.344	0.060	0.105	-0.051	0.000000	0.000000
1580114816357	1580114816355	0.471	1.225	12.828	-0.009	0.063	-0.059	0.000000	0.000000
1580114816377	1580114816376	0.711	1.347	13.032	0.006	0.016	-0.065	0.000000	0.000000
1580114816399	1580114816396	0.634	1.371	13.245	0.032	-0.002	-0.060	0.000000	0.000000
1580114816417	1580114816415	0.459	1.416	13.343	0.035	-0.018	-0.064	0.000000	0.000000
1580114816436	1580114816434	0.332	1.747	13.602	0.003	-0.037	-0.024	0.000000	0.000000
1580114816456	1580114816454	0.421	1.617	13.878	-0.173	-0.067	0.015	0.000000	0.000000
1580114816480	1580114816477	0.680	1.160	14.371	-0.358	-0.117	0.031	0.000000	0.000000
1580114816497	1580114816497	0.665	1.352	14.759	-0.362	-0.125	0.094	0.000000	0.000000
1580114816521	1580114816515	0.749	1.318	14.728	-0.497	-0.168	0.107	0.000000	0.000000
1580114816536	1580114816534	1.084	0.365	14.680	-0.689	-0.218	0.071	0.000000	0.000000
1580114816556	1580114816554	1.463	0.065	14.920	-0.569	-0.180	0.045	0.000000	0.000000
1580114816575	1580114816575	1.465	0.087	14.941	-0.361	-0.151	0.014	0.000000	0.000000
1580114816599	1580114816599	1.197	0.094	14.292	-0.182	-0.174	-0.028	0.000000	0.000000
1580114816617	1580114816614	0.957	0.391	13.135	-0.016	-0.153	-0.036	0.000000	0.000000
1580114816635	1580114816635	0.742	0.403	12.081	0.012	-0.098	-0.023	0.000000	0.000000
1580114816655	1580114816654	0.763	-0.182	11.786	-0.094	-0.064	-0.032	0.000000	0.000000
1580114816676	1580114816676	1.120	-0.649	11.889	-0.097	-0.051	-0.059	0.000000	0.000000
1580114816695	1580114816694	1.408	-0.371	11.662	0.084	0.000	-0.097	0.000000	0.000000
1580114816715	1580114816714	1.274	0.092	11.108	0.249	0.073	-0.131	0.000000	0.000000
1580114816735	1580114816733	1.068	0.389	10.608	0.209	0.105	-0.135	0.000000	0.000000
1580114816755	1580114816754	0.936	0.173	10.696	-0.013	0.061	-0.113	0.000000	0.000000
1580114816778	1580114816775	0.878	-0.182	11.154	-0.079	-0.009	-0.084	0.000000	0.000000
1580114816801	1580114816800	0.742	0.077	11.046	0.113	-0.035	-0.061	0.000000	0.000000
1580114816818	1580114816814	0.862	0.472	10.268	0.226	-0.063	-0.052	0.000000	0.000000
1580114816837	1580114816837	1.420	0.559	9.463	0.075	-0.115	-0.043	0.000000	0.000000
1580114816856	1580114816854	1.614	0.199	9.448	-0.189	-0.114	-0.019	0.000000	0.000000
1580114816875	1580114816873	1.171	-0.160	10.524	-0.274	-0.125	0.001	0.000000	0.000000
1580114816897	1580114816895	1.214	0.195	10.579	-0.128	-0.197	-0.028	0.000000	0.000000
1580114816918	1580114816913	1.250	0.290	9.199	0.034	-0.261	0.021	0.000000	0.000000
1580114816936	1580114816935	1.755	0.032	7.747	-0.058	-0.297	0.051	0.000000	0.000000
1580114816955	1580114816952	1.875	-0.709	7.472	-0.338	-0.254	0.009	0.000000	0.000000
1580114816976	1580114816976	1.329	-0.998	8.552	-0.323	-0.204	-0.063	0.000000	0.000000
1580114817002	1580114816996	1.094	0.103	8.940	-0.088	-0.185	-0.133	0.000000	0.000000
1580114817014	1580114817012	0.929	0.750	7.882	0.059	-0.175	-0.153	0.000000	0.000000
1580114817035	1580114817035	0.804	0.209	6.861	-0.058	-0.119	-0.189	0.000000	0.000000
1580114817054	1580114817052	0.646	-0.756	6.485	-0.289	-0.051	-0.214	0.000000	0.000000
1580114817073	1580114817072	0.215	-1.164	6.622	-0.313	0.037	-0.217	0.000000	0.000000
1580114817096	1580114817094	-0.295	-0.397	7.122	-0.169	0.081	-0.188	0.000000	0.000000
1580114817116	1580114817116	-0.264	0.192	7.273	-0.056	0.065	-0.194	0.000000	0.000000
1580114817134	1580114817132	0.112	0.053	6.935	-0.007	0.079	-0.267	0.000000	0.000000
1580114817153	1580114817151	-0.233	0.190	6.667	0.151	0.156	-0.206	0.000000	0.000000
1580114817173	1580114817171	-0.451	1.026	6.849	0.261	0.138	-0.112	0.000000	0.000000
1580114817197	1580114817192	-0.360	1.483	7.072	0.238	0.066	-0.064	0.000000	0.000000
1580114817213	1580114817212	0.296	1.479	7.005	0.238	0.051	-0.073	0.000000	0.000000
1580114817234	1580114817231	0.675	1.459	7.120	0.305	0.120	-0.044	0.000000	0.000000
1580114817253	1580114817251	0.555	1.718	7.443	0.329	0.145	0.046	0.000000	0.000000
1580114817273	1580114817271	0.579	1.673	7.731	0.208	0.080	0.104	0.000000	0.000000
1580114817296	1580114817295	1.001	1.062	7.918	0.078	0.011	0.097	0.000000	0.000000
1580114817315	1580114817313	1.010	0.734	8.291	0.173	0.056	0.093	0.000000	0.000000
1580114817333	1580114817331	0.663	1.232	8.490	0.327	0.124	0.077	0.000000	0.000000
1580114817353	1580114817351	0.723	1.687	8.435	0.321	0.106	0.048	0.000000	0.000000
1580114817373	1580114817371	0.991	1.550	8.488	0.193	0.063	0.077	0.000000	0.000000
1580114817392	1580114817391	1.132	1.110	8.825	0.115	0.051	0.120	0.000000	0.000000
1580114817413	1580114817413	1.027	0.985	9.003	0.150	0.061	0.122	0.000000	0.000000
1580114817432	1580114817431	1.056	1.301	8.852	0.198	0.044	0.115	0.000000	0.000000
1580114817456	1580114817450	1.080	1.601	8.871	0.182	0.002	0.158	0.000000	0.000000
1580114817472	1580114817470	1.063	1.512	9.154	0.080	-0.051	0.202	0.000000	0.000000
1580114817491	1580114817490	1.017	1.150	9.326	0.064	-0.059	0.191	0.000000	0.000000
1580114817516	1580114817516	0.862	1.287	9.197	0.233	0.002	0.167	0.000000	0.000000
1580114817532	1580114817532	0.948	1.847	8.938	0.346	0.043	0.136	0.000000	0.000000
1580114817553	1580114817552	1.087	1.867	8.909	0.248	0.042	0.115	0.000000	0.000000
1580114817572	1580114817570	1.135	1.481	9.027	0.156	0.049	0.096	0.000000	0.000000
1580114817591	1580114817590	1.044	1.431	9.046	0.221	0.077	0.073	0.000000	0.000000
1580114817612	1580114817612	0.996	1.807	8.928	0.293	0.089	0.048	0.000000	0.000000
1580114817631	1580114817629	1.135	1.977	8.967	0.273	0.072	0.016	0.000000	0.000000
1580114817652	1580114817650	1.082	1.950	9.206	0.240	0.070	-0.011	0.000000	0.000000
1580114817671	1580114817669	0.967	2.049	9.285	0.246	0.078	-0.026	0.000000	0.000000
1580114817691	1580114817689	0.866	2.140	9.036	0.216	0.093	-0.031	0.000000	0.000000
1580114817712	1580114817709	0.593	2.008	8.907	0.076	0.115	-0.014	0.000000	0.000000
1580114817733	1580114817733	0.409	1.507	9.046	-0.117	0.138	-0.006	0.000000	0.000000
1580114817753	1580114817751	0.474	1.016	9.453	-0.181	0.172	-0.002	0.000000	0.000000
1580114817771	1580114817769	0.550	0.904	9.923	-0.088	0.223	0.012	0.000000	0.000000
1580114817790	1580114817789	0.471	1.066	10.181	0.036	0.255	0.041	0.000000	0.000000
1580114817811	1580114817810	0.428	1.284	10.155	0.094	0.243	0.067	0.000000	0.000000
1580114817830	1580114817829	0.596	1.553	9.863	0.097	0.195	0.078	0.000000	0.000000
1580114817854	1580114817849	0.768	1.809	9.614	0.073	0.164	0.075	0.000000	0.000000
1580114817870	1580114817868	0.910	1.879	9.570	0.003	0.154	0.049	0.000000	0.000000
1580114817890	1580114817888	0.919	1.704	9.666	-0.025	0.170	0.010	0.000000	0.000000
1580114817913	1580114817908	0.763	1.601	9.762	0.045	0.204	-0.028	0.000000	0.000000
1580114817932	1580114817932	0.500	1.706	9.764	0.115	0.221	-0.060	0.000000	0.000000
1580114817952	1580114817950	0.361	1.862	9.748	0.133	0.218	-0.081	0.000000	0.000000
1580114817971	1580114817968	0.239	1.845	9.764	0.143	0.202	-0.072	0.000000	0.000000
1580114817990	1580114817988	0.064	1.718	9.796	0.173	0.191	-0.040	0.000000	0.000000
1580114818010	1580114818008	-0.001	1.634	9.944	0.211	0.184	-0.018	0.000000	0.000000
1580114818030	1580114818030	0.057	1.601	10.026	0.242	0.158	-0.006	0.000000	0.000000
1580114818053	1580114818051	0.097	1.742	9.891	0.288	0.126	0.025	0.000000	0.000000
1580114818071	1580114818068	0.016	1.943	9.721	0.306	0.088	0.058	0.000000	0.000000
1580114818090	1580114818088	-0.006	2.063	9.647	0.272	0.045	0.076	0.000000	0.000000
1580114818110	1580114818108	-0.058	2.118	9.671	0.261	0.030	0.083	0.000000	0.000000
1580114818131	1580114818131	-0.008	2.322	9.566	0.282	0.023	0.084	0.000000	0.000000
1580114818151	1580114818148	0.141	2.537	9.336	0.285	0.017	0.083	0.000000	0.000000
1580114818169	1580114818167	0.069	2.580	9.051	0.260	0.020	0.098	0.000000	0.000000
1580114818189	1580114818187	-0.015	2.564	8.737	0.221	0.021	0.109	0.000000	0.000000
1580114818209	1580114818207	-0.053	2.422	8.399	0.172	0.021	0.105	0.000000	0.000000
1580114818229	1580114818229	-0.049	2.360	8.128	0.123	0.042	0.095	0.000000	0.000000
1580114818251	1580114818247	-0.099	2.480	7.994	0.049	0.067	0.110	0.000000	0.000000
1580114818269	1580114818267	-0.092	2.470	7.949	-0.076	0.064	0.113	0.000000	0.000000
1580114818289	1580114818287	-0.061	2.384	7.831	-0.182	0.053	0.111	0.000000	0.000000
1580114818308	1580114818306	0.030	2.365	7.661	-0.232	0.060	0.106	0.000000	0.000000
1580114818331	1580114818331	0.186	2.267	7.656	-0.289	0.054	0.087	0.000000	0.000000
1580114818348	1580114818347	0.042	1.986	7.855	-0.316	0.049	0.092	0.000000	0.000000
1580114818368	1580114818366	-0.092	1.737	7.841	-0.299	0.020	0.082	0.000000	0.000000
1580114818388	1580114818386	-0.022	1.481	7.352	-0.282	-0.027	0.061	0.000000	0.000000
1580114818407	1580114818406	-0.015	1.270	6.789	-0.269	-0.039	0.041	0.000000	0.000000
1580114818429	1580114818426	-0.065	1.201	6.432	-0.282	-0.043	0.009	0.000000	0.000000
1580114818452	1580114818450	0.131	1.035	6.269	-0.310	-0.050	-0.027	0.000000	0.000000
1580114818468	1580114818466	0.205	0.659	6.372	-0.296	-0.035	-0.065	0.000000	0.000000
1580114818487	1580114818486	-0.013	0.448	6.543	-0.226	-0.036	-0.104	0.000000	0.000000
1580114818507	1580114818506	-0.101	0.597	6.550	-0.176	-0.078	-0.151	0.000000	0.000000
1580114818528	1580114818525	0.016	0.918	6.444	-0.211	-0.160	-0.189	0.000000	0.000000
1580114818547	1580114818547	0.018	1.059	6.590	-0.243	-0.233	-0.172	0.000000	0.000000
1580114818567	1580114818566	0.138	1.043	6.832	-0.284	-0.298	-0.192	0.000000	0.000000
1580114818587	1580114818585	0.342	1.021	6.780	-0.347	-0.343	-0.255	0.000000	0.000000
1580114818607	1580114818605	0.512	1.050	6.624	-0.359	-0.369	-0.285	0.000000	0.000000
1580114818627	1580114818625	0.735	1.071	6.993	-0.338	-0.386	-0.280	0.000000	0.000000
1580114818650	1580114818650	0.763	0.997	8.097	-0.362	-0.378	-0.230	0.000000	0.000000
1580114818667	1580114818665	0.881	0.590	9.010	-0.396	-0.382	-0.198	0.000000	0.000000
1580114818687	1580114818685	1.065	0.159	9.101	-0.308	-0.353	-0.166	0.000000	0.000000
1580114818706	1580114818705	1.099	-0.002	9.019	-0.161	-0.282	-0.154	0.000000	0.000000
1580114818726	1580114818725	0.948	0.295	9.214	-0.087	-0.219	-0.154	0.000000	0.000000
1580114818748	1580114818747	0.677	0.683	9.326	-0.103	-0.191	-0.167	0.000000	0.000000
1580114818766	1580114818765	0.660	0.892	9.187	-0.138	-0.192	-0.152	0.000000	0.000000
1580114818789	1580114818784	0.761	0.999	9.326	-0.173	-0.179	-0.107	0.000000	0.000000
1580114818806	1580114818804	0.816	0.906	9.669	-0.194	-0.140	-0.038	0.000000	0.000000
1580114818826	1580114818824	0.929	0.848	9.927	-0.140	-0.070	0.024	0.000000	0.000000
1580114818851	1580114818851	1.022	0.413	10.014	-0.203	-0.019	0.049	0.000000	0.000000
1580114818867	1580114818864	1.171	-0.304	10.107	-0.320	0.016	0.052	0.000000	0.000000
1580114818886	1580114818884	1.137	-0.488	10.344	-0.332	0.050	0.060	0.000000	0.000000
1580114818906	1580114818904	0.924	-0.277	10.699	-0.282	0.047	0.068	0.000000	0.000000
1580114818926	1580114818924	0.859	-0.179	10.804	-0.220	0.050	0.072	0.000000	0.000000
1580114818946	1580114818946	1.005	-0.129	10.754	-0.151	0.095	0.054	0.000000	0.000000
1580114818965	1580114818965	0.933	0.178	10.938	-0.075	0.141	0.054	0.000000	0.000000
1580114818990	1580114818989	1.010	0.108	10.799	-0.168	0.121	0.043	0.000000	0.000000
1580114819006	1580114819004	1.238	-0.522	10.632	-0.277	0.113	0.006	0.000000	0.000000
1580114819025	1580114819024	0.917	-0.649	11.106	-0.201	0.157	0.005	0.000000	0.000000
1580114819046	1580114819044	0.670	-0.206	11.626	0.037	0.161	0.007	0.000000	0.000000
1580114819073	1580114819070	0.677	0.571	11.530	0.237	0.140	-0.013	0.000000	0.000000
1580114819087	1580114819086	0.823	0.882	11.465	0.219	0.110	0.025	0.000000	0.000000
1580114819105	1580114819103	0.790	0.535	11.841	0.128	0.082	0.076	0.000000	0.000000
1580114819125	1580114819123	0.739	0.319	12.117	0.139	0.066	0.087	0.000000	0.000000
1580114819148	1580114819145	0.727	0.168	12.143	0.191	0.032	0.088	0.000000	0.000000
1580114819164	1580114819164	0.936	-0.081	12.205	0.121	-0.010	0.087	0.000000	0.000000
1580114819187	1580114819186	1.051	-0.071	12.735	0.082	-0.008	0.066	0.000000	0.000000
1580114819204	1580114819203	0.893	0.439	13.056	0.147	-0.007	0.030	0.000000	0.000000
1580114819224	1580114819223	0.893	0.820	13.406	0.166	-0.021	0.030	0.000000	0.000000
1580114819244	1580114819243	0.967	0.710	14.007	0.086	-0.054	0.049	0.000000	0.000000
1580114819268	1580114819267	1.017	0.837	14.606	0.097	-0.089	0.082	0.000000	0.000000
1580114819286	1580114819285	1.089	1.237	14.888	0.155	-0.127	0.121	0.000000	0.000000
1580114819304	1580114819303	1.070	1.261	15.128	0.088	-0.158	0.167	0.000000	0.000000
1580114819324	1580114819322	1.211	1.083	15.279	-0.014	-0.187	0.185	0.000000	0.000000
1580114819344	1580114819342	1.391	1.047	15.123	-0.029	-0.189	0.175	0.000000	0.000000
1580114819365	1580114819365	1.530	0.846	14.754	-0.088	-0.193	0.178	0.000000	0.000000
1580114819384	1580114819384	1.736	0.293	14.611	-0.189	-0.179	0.192	0.000000	0.000000
1580114819404	1580114819402	1.887	-0.011	14.738	-0.172	-0.141	0.167	0.000000	0.000000
1580114819423	1580114819422	1.892	0.374	14.656	-0.050	-0.120	0.124	0.000000	0.000000
1580114819443	1580114819442	1.710	0.961	14.450	0.017	-0.143	0.118	0.000000	0.000000
1580114819466	1580114819465	1.484	0.978	13.913	-0.018	-0.208	0.127	0.000000	0.000000
1580114819487	1580114819483	1.597	0.563	13.185	-0.059	-0.250	0.108	0.000000	0.000000
1580114819502	1580114819502	1.710	0.252	12.627	0.033	-0.207	0.076	0.000000	0.000000
1580114819525	1580114819522	1.688	0.336	12.019	0.189	-0.136	0.035	0.000000	0.000000
1580114819543	1580114819542	1.499	0.571	11.338	0.279	-0.090	0.008	0.000000	0.000000
1580114819564	1580114819564	1.175	0.686	11.142	0.232	-0.096	0.036	0.000000	0.000000
1580114819585	1580114819583	1.147	0.506	11.199	0.077	-0.133	0.079	0.000000	0.000000
1580114819605	1580114819603	1.420	-0.131	10.890	-0.014	-0.108	0.018	0.000000	0.000000
1580114819624	1580114819622	1.561	-0.347	10.277	0.127	-0.020	-0.033	0.000000	0.000000
1580114819644	1580114819641	1.341	0.036	9.580	0.222	0.062	-0.052	0.000000	0.000000
1580114819665	1580114819665	1.410	0.101	9.113	-0.014	0.064	-0.076	0.000000	0.000000
1580114819689	1580114819687	1.480	-0.512	9.214	-0.235	-0.002	-0.071	0.000000	0.000000
1580114819703	1580114819702	1.528	-0.706	9.470	-0.097	0.020	-0.082	0.000000	0.000000
1580114819724	1580114819724	1.743	-0.143	9.144	0.148	0.097	-0.119	0.000000	0.000000
1580114819743	1580114819741	1.789	0.520	8.516	0.250	0.130	-0.115	0.000000	0.000000
1580114819766	1580114819761	1.597	0.448	8.150	0.007	0.056	-0.044	0.000000	0.000000
1580114819784	1580114819783	1.398	-0.390	8.047	-0.262	-0.065	0.014	0.000000	0.000000
1580114819804	1580114819802	1.247	-0.653	8.107	-0.139	-0.043	-0.016	0.000000	0.000000
1580114819823	1580114819821	1.458	-0.009	7.700	0.064	0.027	-0.085	0.000000	0.000000
1580114819843	1580114819840	1.607	0.765	7.206	0.109	0.066	-0.071	0.000000	0.000000
1580114819864	1580114819863	1.185	0.973	7.297	-0.072	0.018	0.043	0.000000	0.000000
1580114819888	1580114819888	0.912	0.298	7.431	-0.294	-0.115	0.088	0.000000	0.000000
1580114819901	1580114819901	0.969	-0.134	7.180	-0.193	-0.141	0.043	0.000000	0.000000
1580114819927	1580114819927	0.974	0.518	6.823	0.030	-0.070	-0.011	0.000000	0.000000
1580114819942	1580114819941	0.984	1.440	6.559	0.065	-0.053	-0.008	0.000000	0.000000
1580114819962	1580114819960	0.816	1.754	6.526	-0.067	-0.106	0.056	0.000000	0.000000
1580114819981	1580114819981	0.936	1.198	6.214	-0.235	-0.166	0.064	0.000000	0.000000
1580114820007	1580114820005	1.084	0.228	5.675	-0.242	-0.132	0.041	0.000000	0.000000
1580114820052	1580114820048	0.830	-0.215	5.419	-0.043	-0.032	0.067	0.000000	0.000000
1580114820054	1580114820053	0.706	0.046	5.548	0.122	0.018	0.072	0.000000	0.000000
1580114820062	1580114820059	0.565	0.434	5.968	0.149	0.014	0.077	0.000000	0.000000
1580114820080	1580114820078	0.802	0.324	6.480	0.108	-0.010	0.061	0.000000	0.000000
1580114820099	1580114820098	0.878	0.120	7.070	0.172	0.008	0.011	0.000000	0.000000
1580114820120	1580114820118	0.574	0.614	7.678	0.368	0.035	-0.020	0.000000	0.000000
1580114820140	1580114820138	0.852	1.543	8.131	0.491	-0.012	-0.065	0.000000	0.000000
1580114820159	1580114820158	1.185	1.991	8.306	0.484	-0.048	-0.088	0.000000	0.000000
1580114820179	1580114820178	1.295	1.905	8.430	0.401	-0.020	-0.113	0.000000	0.000000
1580114820204	1580114820200	1.118	1.831	8.770	0.377	0.040	-0.113	0.000000	0.000000
1580114820224	1580114820221	0.984	2.027	9.211	0.386	0.072	-0.121	0.000000	0.000000
1580114820241	1580114820239	0.907	1.998	9.405	0.337	0.082	-0.123	0.000000	0.000000
1580114820261	1580114820259	0.806	1.859	9.305	0.342	0.099	-0.110	0.000000	0.000000
1580114820280	1580114820280	0.761	2.056	9.190	0.426	0.126	-0.097	0.000000	0.000000
1580114820299	1580114820297	0.797	2.463	9.197	0.437	0.130	-0.080	0.000000	0.000000
1580114820321	1580114820319	1.108	2.616	9.154	0.321	0.082	-0.068	0.000000	0.000000
1580114820338	1580114820337	1.307	2.300	9.043	0.195	0.039	-0.051	0.000000	0.000000
1580114820358	1580114820357	1.276	1.979	8.864	0.125	0.013	-0.051	0.000000	0.000000
1580114820378	1580114820377	1.312	1.914	8.823	0.077	-0.006	-0.064	0.000000	0.000000
1580114820401	1580114820400	1.219	1.821	8.991	0.034	-0.017	-0.067	0.000000	0.000000
1580114820419	1580114820418	1.154	1.718	9.173	0.047	-0.010	-0.085	0.000000	0.000000
1580114820438	1580114820437	1.087	1.823	9.242	0.117	0.013	-0.107	0.000000	0.000000
1580114820458	1580114820457	1.089	1.893	9.259	0.148	0.042	-0.129	0.000000	0.000000
1580114820478	1580114820477	1.068	1.924	9.293	0.129	0.055	-0.139	0.000000	0.000000
1580114820499	1580114820497	0.962	1.943	9.443	0.090	0.056	-0.140	0.000000	0.000000
1580114820518	1580114820517	1.070	1.924	9.429	0.047	0.035	-0.164	0.000000	0.000000
1580114820543	1580114820542	1.149	2.094	9.360	0.064	0.042	-0.181	0.000000	0.000000
1580114820558	1580114820556	1.068	2.247	9.297	0.081	0.056	-0.180	0.000000	0.000000
1580114820578	1580114820577	1.058	2.235	9.259	0.058	0.049	-0.180	0.000000	0.000000
1580114820603	1580114820597	1.020	2.164	9.259	0.044	0.040	-0.162	0.000000	0.000000
1580114820622	1580114820618	1.084	2.051	9.283	0.034	0.025	-0.137	0.000000	0.000000
1580114820639	1580114820637	1.173	1.744	9.424	0.001	0.008	-0.131	0.000000	0.000000
1580114820658	1580114820656	0.996	1.440	9.477	0.035	0.001	-0.124	0.000000	0.000000
1580114820678	1580114820676	0.926	1.570	9.362	0.123	-0.001	-0.133	0.000000	0.000000
1580114820699	1580114820699	0.878	1.850	9.166	0.139	-0.003	-0.138	0.000000	0.000000
1580114820717	1580114820717	0.835	2.015	9.146	0.085	0.002	-0.132	0.000000	0.000000
1580114820738	1580114820736	0.838	1.929	9.266	0.029	0.012	-0.119	0.000000	0.000000
1580114820758	1580114820756	0.804	1.833	9.381	0.025	0.041	-0.110	0.000000	0.000000
1580114820778	1580114820776	0.790	1.788	9.453	0.051	0.064	-0.107	0.000000	0.000000
1580114820798	1580114820796	0.739	1.795	9.539	0.086	0.070	-0.092	0.000000	0.000000
1580114820822	1580114820822	0.682	1.874	9.602	0.121	0.061	-0.056	0.000000	0.000000
1580114820838	1580114820836	0.725	2.025	9.513	0.141	0.046	-0.024	0.000000	0.000000
1580114820857	1580114820856	0.668	2.063	9.453	0.156	0.049	-0.003	0.000000	0.000000
1580114820877	1580114820875	0.624	1.982	9.467	0.181	0.054	0.003	0.000000	0.000000
1580114820898	1580114820896	0.720	1.926	9.554	0.240	0.057	0.005	0.000000	0.000000
1580114820917	1580114820917	0.814	2.039	9.752	0.282	0.056	0.001	0.000000	0.000000
1580114820940	1580114820936	0.735	2.331	9.990	0.227	0.060	-0.004	0.000000	0.000000
1580114820957	1580114820955	0.603	2.760	9.954	0.157	0.059	-0.004	0.000000	0.000000
1580114820976	1580114820976	0.347	2.880	9.614	-0.098	0.042	0.026	0.000000	0.000000
1580114820998	1580114820995	0.584	2.609	9.048	-0.375	-0.012	0.014	0.000000	0.000000
1580114821022	1580114821022	0.917	2.916	8.603	-0.296	-0.017	0.019	0.000000	0.000000
1580114821036	1580114821035	0.586	3.275	8.409	-0.153	0.034	0.076	0.000000	0.000000
1580114821056	1580114821055	0.445	2.942	8.198	-0.186	0.005	0.093	0.000000	0.000000
1580114821076	1580114821075	0.660	2.621	8.270	-0.180	-0.023	0.117	0.000000	0.000000
1580114821096	1580114821094	0.644	2.410	8.212	-0.042	0.000	0.163	0.000000	0.000000
1580114821117	1580114821114	0.519	2.456	8.507	0.040	0.056	0.190	0.000000	0.000000
1580114821137	1580114821135	0.624	2.183	8.782	-0.090	0.054	0.177	0.000000	0.000000
1580114821156	1580114821154	0.828	1.589	8.849	-0.152	0.039	0.174	0.000000	0.000000
1580114821176	1580114821174	0.967	1.220	8.782	0.074	0.058	0.175	0.000000	0.000000
1580114821196	1580114821196	1.099	1.577	8.900	0.473	0.081	0.157	0.000000	0.000000
1580114821222	1580114821221	0.996	2.420	9.412	0.643	0.087	0.163	0.000000	0.000000
1580114821236	1580114821234	0.840	2.597	9.616	0.386	0.051	0.152	0.000000	0.000000
1580114821256	1580114821254	0.893	2.293	9.355	0.017	0.013	0.130	0.000000	0.000000
1580114821276	1580114821274	0.890	2.125	9.027	-0.187	0.014	0.117	0.000000	0.000000
1580114821296	1580114821294	0.799	2.233	8.761	-0.299	0.023	0.098	0.000000	0.000000
1580114821316	1580114821316	0.859	2.235	8.706	-0.380	0.016	0.078	0.000000	0.000000
1580114821341	1580114821341	0.965	2.183	8.823	-0.393	0.031	0.065	0.000000	0.000000
1580114821356	1580114821354	0.972	2.204	8.801	-0.375	0.064	0.038	0.000000	0.000000
1580114821374	1580114821374	0.993	2.267	8.595	-0.366	0.087	0.013	0.000000	0.000000
1580114821395	1580114821394	0.979	2.310	8.370	-0.378	0.095	-0.001	0.000000	0.000000
1580114821419	1580114821413	0.955	2.226	8.229	-0.385	0.091	-0.023	0.000000	0.000000
1580114821434	1580114821434	0.809	2.051	8.025	-0.347	0.081	-0.019	0.000000	0.000000
1580114821457	1580114821453	0.629	1.910	7.529	-0.292	0.059	0.011	0.000000	0.000000
1580114821475	1580114821473	0.529	1.730	6.947	-0.264	0.038	0.028	0.000000	0.000000
1580114821494	1580114821493	0.517	1.452	6.578	-0.264	0.037	0.021	0.000000	0.000000
1580114821516	1580114821516	0.507	1.232	6.557	-0.266	0.044	0.031	0.000000	0.000000
1580114821534	1580114821534	0.481	1.028	6.832	-0.277	0.014	0.079	0.000000	0.000000
1580114821554	1580114821554	0.581	0.839	7.029	-0.307	-0.029	0.109	0.000000	0.000000
1580114821575	1580114821573	0.689	0.695	7.070	-0.286	-0.039	0.116	0.000000	0.000000
1580114821594	1580114821593	0.665	0.858	7.036	-0.171	-0.019	0.120	0.000000	0.000000
1580114821617	1580114821613	0.478	0.968	7.170	-0.116	0.008	0.108	0.000000	0.000000
1580114821635	1580114821635	0.359	0.647	7.369	-0.192	0.002	0.073	0.000000	0.000000
1580114821654	1580114821654	0.354	0.525	7.489	-0.217	-0.008	0.034	0.000000	0.000000
1580114821674	1580114821672	0.569	0.983	7.537	-0.200	-0.019	0.030	0.000000	0.000000
1580114821694	1580114821692	0.804	1.150	7.494	-0.298	-0.025	0.044	0.000000	0.000000
1580114821714	1580114821712	0.871	0.714	7.517	-0.434	-0.005	0.043	0.000000	0.000000
1580114821735	1580114821734	0.780	0.298	7.822	-0.431	0.034	0.055	0.000000	0.000000
1580114821755	1580114821755	0.720	0.216	8.320	-0.323	0.046	0.074	0.000000	0.000000
1580114821773	1580114821772	0.651	0.405	8.617	-0.222	0.027	0.131	0.000000	0.000000
1580114821793	1580114821792	0.699	0.417	8.476	-0.238	0.012	0.166	0.000000	0.000000
1580114821813	1580114821811	0.706	0.307	8.543	-0.307	0.044	0.146	0.000000	0.000000
1580114821834	1580114821834	0.749	0.288	9.084	-0.357	0.077	0.111	0.000000	0.000000
1580114821853	1580114821851	0.754	0.034	9.649	-0.430	0.061	0.105	0.000000	0.000000
1580114821873	1580114821871	0.727	-0.539	9.755	-0.545	-0.012	0.124	0.000000	0.000000
1580114821893	1580114821891	0.986	-0.919	9.626	-0.649	-0.083	0.124	0.000000	0.000000
1580114821913	1580114821911	1.259	-0.718	10.062	-0.667	-0.099	0.114	0.000000	0.000000
1580114821936	1580114821935	1.398	-0.311	10.735	-0.641	-0.117	0.091	0.000000	0.000000
1580114821955	1580114821953	1.559	-0.361	10.929	-0.627	-0.167	0.034	0.000000	0.000000
1580114821973	1580114821971	1.777	-0.807	10.783	-0.536	-0.215	0.018	0.000000	0.000000
1580114821992	1580114821991	1.686	-1.226	10.895	-0.369	-0.209	0.065	0.000000	0.000000
1580114822013	1580114822011	1.446	-1.164	11.247	-0.302	-0.190	0.093	0.000000	0.000000
1580114822033	1580114822033	1.496	-1.123	11.274	-0.347	-0.198	0.056	0.000000	0.000000
1580114822052	1580114822051	1.523	-1.032	11.135	-0.295	-0.187	0.016	0.000000	0.000000
1580114822072	1580114822070	1.271	-1.006	11.197	-0.264	-0.187	0.032	0.000000	0.000000
1580114822092	1580114822091	1.053	-1.307	11.159	-0.328	-0.207	0.052	0.000000	0.000000
1580114822112	1580114822110	1.159	-1.569	11.180	-0.376	-0.199	0.045	0.000000	0.000000
1580114822132	1580114822130	1.281	-1.588	11.384	-0.328	-0.143	0.044	0.000000	0.000000
1580114822159	1580114822156	1.245	-1.434	11.537	-0.269	-0.103	0.045	0.000000	0.000000
1580114822172	1580114822170	1.130	-1.372	11.381	-0.274	-0.108	0.035	0.000000	0.000000
1580114822192	1580114822190	1.214	-1.327	11.204	-0.279	-0.120	0.003	0.000000	0.000000
1580114822212	1580114822210	1.463	-1.010	11.381	-0.206	-0.097	-0.024	0.000000	0.000000
1580114822232	1580114822232	1.537	-0.709	11.635	-0.119	-0.068	-0.006	0.000000	0.000000
1580114822252	1580114822250	1.532	-1.037	11.678	-0.119	-0.077	0.030	0.000000	0.000000
1580114822272	1580114822270	1.499	-1.619	11.887	-0.133	-0.080	0.065	0.000000	0.000000
1580114822291	1580114822290	1.379	-1.858	12.368	-0.117	-0.056	0.069	0.000000	0.000000
1580114822311	1580114822309	1.453	-1.863	12.939	-0.114	-0.051	0.051	0.000000	0.000000
1580114822331	1580114822329	1.695	-1.650	13.255	-0.084	-0.057	0.027	0.000000	0.000000
1580114822365	1580114822357	1.964	-1.497	13.312	-0.048	-0.045	-0.011	0.000000	0.000000
1580114822372	1580114822369	2.019	-1.408	13.664	0.036	-0.010	-0.015	0.000000	0.000000
1580114822391	1580114822389	1.978	-1.343	14.160	0.112	0.006	-0.017	0.000000	0.000000
1580114822411	1580114822409	2.155	-1.269	14.512	0.125	-0.007	-0.031	0.000000	0.000000
1580114822431	1580114822429	2.416	-1.284	14.718	0.060	-0.032	-0.028	0.000000	0.000000
1580114822451	1580114822451	2.483	-1.571	14.730	-0.096	-0.052	-0.008	0.000000	0.000000
1580114822478	1580114822473	2.263	-1.940	14.630	-0.302	-0.064	0.008	0.000000	0.000000
1580114822495	1580114822493	2.184	-2.352	14.718	-0.480	-0.090	0.003	0.000000	0.000000
1580114822511	1580114822509	2.438	-2.848	14.970	-0.459	-0.139	-0.046	0.000000	0.000000
1580114822530	1580114822529	2.637	-2.879	14.757	-0.182	-0.163	-0.108	0.000000	0.000000
1580114822555	1580114822554	2.742	-2.338	14.007	0.131	-0.165	-0.146	0.000000	0.000000
1580114822573	1580114822570	2.754	-2.009	13.274	0.278	-0.153	-0.146	0.000000	0.000000
1580114822591	1580114822591	2.486	-2.407	12.699	0.295	-0.124	-0.157	0.000000	0.000000
1580114822611	1580114822609	2.253	-2.709	12.407	0.336	-0.087	-0.188	0.000000	0.000000
1580114822631	1580114822629	2.033	-2.235	11.971	0.506	-0.049	-0.211	0.000000	0.000000
1580114822651	1580114822648	1.805	-1.454	11.254	0.646	-0.008	-0.216	0.000000	0.000000
1580114822672	1580114822671	1.638	-1.003	10.567	0.631	0.018	-0.190	0.000000	0.000000
1580114822691	1580114822689	1.518	-1.214	10.176	0.531	0.051	-0.154	0.000000	0.000000
