1580114862538	1580114862517	2.124	2.832	13.619	-0.090	-0.008	0.066	0.000000	0.000000
1580114862559	1580114862537	2.536	2.784	13.684	-0.207	-0.091	0.068	0.000000	0.000000
1580114862578	1580114862559	2.761	3.119	13.537	-0.143	-0.173	0.047	0.000000	0.000000
1580114862597	1580114862576	2.831	3.333	13.257	-0.041	-0.217	0.030	0.000000	0.000000
1580114862617	1580114862596	2.893	3.222	12.989	0.008	-0.208	0.018	0.000000	0.000000
1580114862637	1580114862616	2.871	2.851	13.216	-0.010	-0.168	0.006	0.000000	0.000000
1580114862657	1580114862636	2.900	2.468	13.511	-0.023	-0.101	-0.008	0.000000	0.000000
1580114862677	1580114862656	2.814	2.645	13.693	0.023	-0.061	-0.042	0.000000	0.000000
1580114862697	1580114862676	2.567	3.076	13.715	0.133	-0.048	-0.059	0.000000	0.000000
1580114862717	1580114862697	2.493	3.390	13.585	0.203	-0.032	-0.052	0.000000	0.000000
1580114862737	1580114862716	2.495	3.656	13.643	0.187	-0.038	-0.038	0.000000	0.000000
1580114862757	1580114862735	2.423	3.594	13.624	0.156	-0.047	-0.009	0.000000	0.000000
1580114862781	1580114862755	2.335	3.460	13.341	0.162	-0.048	0.023	0.000000	0.000000
1580114862800	1580114862780	2.088	3.388	12.550	0.247	-0.033	0.059	0.000000	0.000000
1580114862818	1580114862797	1.985	3.072	11.556	0.315	-0.010	0.092	0.000000	0.000000
1580114862837	1580114862816	2.162	1.917	11.137	0.221	0.042	0.127	0.000000	0.000000
1580114862857	1580114862835	2.352	1.646	11.228	0.055	0.122	0.095	0.000000	0.000000
1580114862876	1580114862855	2.217	2.243	11.089	0.134	0.181	0.023	0.000000	0.000000
1580114862896	1580114862874	1.849	2.798	10.270	0.348	0.244	-0.039	0.000000	0.000000
1580114862916	1580114862895	1.767	3.325	9.446	0.441	0.303	-0.086	0.000000	0.000000
1580114862936	1580114862914	2.263	2.830	9.743	0.306	0.332	-0.061	0.000000	0.000000
1580114862959	1580114862934	2.419	2.461	10.351	0.040	0.280	-0.079	0.000000	0.000000
1580114862980	1580114862954	1.932	2.743	10.148	0.083	0.268	-0.105	0.000000	0.000000
1580114862997	1580114862975	1.535	2.969	9.788	0.280	0.308	-0.074	0.000000	0.000000
1580114863015	1580114862995	1.511	3.129	9.599	0.342	0.296	-0.049	0.000000	0.000000
1580114863036	1580114863014	1.772	2.669	8.960	0.241	0.199	-0.022	0.000000	0.000000
1580114863057	1580114863036	1.803	2.094	8.310	0.002	0.024	0.025	0.000000	0.000000
1580114863076	1580114863055	1.520	1.811	7.721	-0.065	-0.010	0.013	0.000000	0.000000
1580114863095	1580114863075	1.250	1.531	7.474	-0.032	0.105	-0.017	0.000000	0.000000
1580114863115	1580114863094	1.096	2.037	7.228	-0.059	0.140	-0.072	0.000000	0.000000
1580114863135	1580114863114	1.120	2.156	6.820	0.002	0.051	-0.072	0.000000	0.000000
1580114863156	1580114863134	1.302	1.577	7.326	-0.087	0.015	-0.079	0.000000	0.000000
1580114863178	1580114863155	1.202	1.708	8.162	-0.247	0.043	-0.130	0.000000	0.000000
1580114863196	1580114863174	1.357	2.216	7.520	-0.119	0.046	-0.106	0.000000	0.000000
1580114863215	1580114863195	1.211	2.274	6.653	-0.022	-0.035	-0.123	0.000000	0.000000
1580114863234	1580114863213	0.866	1.835	6.935	-0.078	-0.072	-0.132	0.000000	0.000000
1580114863255	1580114863233	1.139	1.677	7.249	-0.096	-0.100	-0.086	0.000000	0.000000
1580114863280	1580114863253	1.127	2.257	7.170	0.023	-0.120	-0.123	0.000000	0.000000
1580114863294	1580114863273	1.063	2.918	6.521	0.221	-0.080	-0.144	0.000000	0.000000
1580114863319	1580114863293	1.084	2.719	6.087	0.247	-0.116	-0.145	0.000000	0.000000
1580114863334	1580114863319	0.950	2.003	6.356	0.095	-0.182	-0.122	0.000000	0.000000
1580114863356	1580114863333	0.965	1.617	6.380	0.002	-0.148	-0.130	0.000000	0.000000
1580114863385	1580114863354	1.053	1.797	6.250	0.045	-0.074	-0.140	0.000000	0.000000
1580114863395	1580114863377	0.850	2.336	6.428	0.165	0.000	-0.184	0.000000	0.000000
1580114863416	1580114863395	0.938	2.683	6.420	0.301	-0.043	-0.158	0.000000	0.000000
1580114863434	1580114863414	1.036	2.173	6.416	0.237	-0.182	-0.093	0.000000	0.000000
1580114863455	1580114863433	1.171	2.207	6.475	0.162	-0.199	-0.095	0.000000	0.000000
1580114863476	1580114863453	1.266	2.921	6.729	0.287	-0.108	-0.115	0.000000	0.000000
1580114863496	1580114863475	1.207	3.867	7.036	0.414	-0.035	-0.181	0.000000	0.000000
1580114863515	1580114863495	1.338	4.188	6.770	0.457	-0.041	-0.202	0.000000	0.000000
1580114863533	1580114863513	1.506	3.943	6.768	0.306	-0.086	-0.200	0.000000	0.000000
1580114863554	1580114863533	1.322	3.960	7.343	0.173	-0.045	-0.196	0.000000	0.000000
1580114863577	1580114863553	1.463	4.341	7.834	0.212	0.053	-0.165	0.000000	0.000000
1580114863596	1580114863575	1.480	4.509	7.965	0.244	0.055	-0.137	0.000000	0.000000
1580114863614	1580114863594	1.300	4.315	8.073	0.189	0.046	-0.103	0.000000	0.000000
1580114863634	1580114863612	1.341	4.023	8.308	0.100	0.055	-0.074	0.000000	0.000000
1580114863654	1580114863632	1.396	4.061	8.521	0.067	0.058	-0.085	0.000000	0.000000
1580114863675	1580114863652	1.401	4.413	8.483	0.112	0.068	-0.108	0.000000	0.000000
1580114863697	1580114863675	1.405	4.540	8.140	0.112	0.055	-0.115	0.000000	0.000000
1580114863715	1580114863695	1.283	4.447	8.181	0.011	0.035	-0.101	0.000000	0.000000
1580114863733	1580114863713	1.084	4.135	8.641	-0.102	0.071	-0.048	0.000000	0.000000
1580114863754	1580114863732	0.972	3.694	9.079	-0.158	0.128	0.015	0.000000	0.000000
1580114863773	1580114863752	1.010	3.390	9.283	-0.139	0.163	0.065	0.000000	0.000000
1580114863798	1580114863772	1.120	3.088	9.362	-0.085	0.166	0.093	0.000000	0.000000
1580114863814	1580114863792	1.156	3.021	9.345	-0.046	0.152	0.092	0.000000	0.000000
1580114863833	1580114863812	1.173	3.409	9.151	0.020	0.145	0.064	0.000000	0.000000
1580114863853	1580114863832	1.259	3.898	8.849	0.093	0.121	0.027	0.000000	0.000000
1580114863874	1580114863851	1.286	4.243	8.622	0.109	0.081	-0.005	0.000000	0.000000
1580114863893	1580114863871	1.242	4.353	8.512	0.096	0.067	-0.026	0.000000	0.000000
1580114863913	1580114863891	1.216	4.193	8.552	0.070	0.076	-0.033	0.000000	0.000000
1580114863932	1580114863911	1.108	3.984	8.545	0.034	0.082	-0.046	0.000000	0.000000
1580114863953	1580114863931	0.921	3.872	8.437	0.020	0.072	-0.057	0.000000	0.000000
1580114863974	1580114863951	0.890	3.864	8.421	0.006	0.035	-0.051	0.000000	0.000000
1580114863992	1580114863972	1.017	3.654	8.433	-0.048	-0.011	-0.034	0.000000	0.000000
1580114864012	1580114863992	0.847	3.359	8.607	-0.129	-0.041	-0.009	0.000000	0.000000
1580114864031	1580114864012	0.778	3.182	8.682	-0.144	-0.034	0.027	0.000000	0.000000
1580114864051	1580114864030	0.830	3.129	8.734	-0.149	-0.058	0.033	0.000000	0.000000
1580114864073	1580114864050	0.818	3.364	8.794	-0.156	-0.089	0.030	0.000000	0.000000
1580114864095	1580114864071	0.814	3.730	8.675	-0.120	-0.091	0.033	0.000000	0.000000
1580114864114	1580114864093	0.828	3.920	8.648	-0.110	-0.089	0.039	0.000000	0.000000
1580114864132	1580114864114	0.898	3.836	8.675	-0.164	-0.088	0.050	0.000000	0.000000
1580114864153	1580114864131	0.989	3.778	8.502	-0.225	-0.088	0.062	0.000000	0.000000
1580114864172	1580114864151	1.024	3.809	8.274	-0.227	-0.074	0.074	0.000000	0.000000
1580114864192	1580114864171	1.032	3.857	8.162	-0.203	-0.050	0.082	0.000000	0.000000
1580114864212	1580114864192	0.931	3.735	8.203	-0.214	-0.022	0.092	0.000000	0.000000
1580114864235	1580114864212	0.783	3.500	8.306	-0.249	0.018	0.116	0.000000	0.000000
1580114864252	1580114864235	0.780	3.445	8.526	-0.283	0.028	0.153	0.000000	0.000000
1580114864272	1580114864250	0.972	3.457	8.722	-0.293	-0.017	0.190	0.000000	0.000000
1580114864292	1580114864270	1.187	3.158	8.885	-0.312	-0.078	0.219	0.000000	0.000000
1580114864312	1580114864291	1.266	3.107	8.703	-0.311	-0.113	0.211	0.000000	0.000000
1580114864334	1580114864312	1.250	3.431	8.365	-0.197	-0.100	0.189	0.000000	0.000000
1580114864352	1580114864334	1.190	3.505	8.004	-0.078	-0.074	0.172	0.000000	0.000000
1580114864372	1580114864350	1.058	3.163	7.551	-0.080	-0.063	0.150	0.000000	0.000000
1580114864391	1580114864370	0.996	2.700	7.072	-0.120	-0.045	0.139	0.000000	0.000000
1580114864411	1580114864391	0.857	2.228	6.768	-0.134	-0.018	0.124	0.000000	0.000000
1580114864431	1580114864411	0.938	1.708	6.444	-0.121	0.040	0.113	0.000000	0.000000
1580114864452	1580114864431	0.871	1.050	6.507	-0.134	0.093	0.081	0.000000	0.000000
1580114864471	1580114864449	0.701	1.165	6.497	-0.125	0.159	0.044	0.000000	0.000000
1580114864494	1580114864469	0.763	1.634	6.315	-0.017	0.187	0.056	0.000000	0.000000
1580114864511	1580114864492	0.828	1.847	6.416	-0.054	0.144	0.036	0.000000	0.000000
1580114864531	1580114864511	0.761	2.231	6.746	-0.184	0.116	0.035	0.000000	0.000000
1580114864551	1580114864531	0.505	2.576	7.146	-0.192	0.129	0.081	0.000000	0.000000
1580114864570	1580114864549	0.591	2.667	7.355	-0.199	0.110	0.140	0.000000	0.000000
1580114864590	1580114864569	0.943	2.509	7.343	-0.304	-0.009	0.180	0.000000	0.000000
1580114864614	1580114864589	1.286	1.967	7.204	-0.442	-0.125	0.234	0.000000	0.000000
1580114864632	1580114864614	1.578	1.234	7.307	-0.605	-0.186	0.260	0.000000	0.000000
1580114864651	1580114864632	1.616	1.076	7.537	-0.642	-0.190	0.246	0.000000	0.000000
1580114864670	1580114864651	1.621	1.308	7.637	-0.457	-0.151	0.248	0.000000	0.000000
1580114864689	1580114864669	1.887	1.637	7.561	-0.340	-0.148	0.215	0.000000	0.000000
1580114864710	1580114864688	1.760	0.817	8.330	-0.298	-0.108	0.171	0.000000	0.000000
1580114864734	1580114864710	1.832	0.918	8.526	-0.329	-0.045	0.085	0.000000	0.000000
1580114864750	1580114864729	1.413	1.740	8.246	-0.068	-0.025	0.031	0.000000	0.000000
1580114864769	1580114864748	1.199	1.428	8.258	0.154	0.045	0.107	0.000000	0.000000
1580114864790	1580114864768	1.396	0.940	8.768	-0.034	0.015	0.129	0.000000	0.000000
1580114864813	1580114864788	1.451	0.781	9.151	-0.198	-0.016	0.164	0.000000	0.000000
1580114864830	1580114864813	1.477	0.738	8.998	-0.173	-0.026	0.198	0.000000	0.000000
1580114864850	1580114864827	1.669	1.227	8.835	-0.078	-0.044	0.164	0.000000	0.000000
1580114864870	1580114864849	1.832	1.744	9.039	-0.038	-0.070	0.112	0.000000	0.000000
1580114864891	1580114864868	1.940	1.886	9.379	-0.112	-0.083	0.099	0.000000	0.000000
1580114864908	1580114864888	2.076	1.440	9.729	-0.232	-0.102	0.147	0.000000	0.000000
1580114864934	1580114864908	2.170	0.796	10.138	-0.359	-0.127	0.195	0.000000	0.000000
1580114864952	1580114864934	2.407	0.621	10.531	-0.424	-0.139	0.200	0.000000	0.000000
1580114864969	1580114864948	2.610	0.750	10.823	-0.434	-0.155	0.152	0.000000	0.000000
1580114864988	1580114864967	2.627	0.906	10.905	-0.371	-0.155	0.091	0.000000	0.000000
1580114865010	1580114864987	2.584	1.138	11.003	-0.292	-0.138	0.069	0.000000	0.000000
1580114865030	1580114865008	2.514	1.536	11.302	-0.220	-0.093	0.050	0.000000	0.000000
1580114865049	1580114865030	2.639	1.670	11.413	-0.204	-0.043	0.040	0.000000	0.000000
1580114865068	1580114865049	2.874	1.407	11.760	-0.269	-0.015	0.056	0.000000	0.000000
1580114865087	1580114865067	2.986	0.592	12.213	-0.345	0.035	0.065	0.000000	0.000000
1580114865111	1580114865087	2.795	-0.155	12.421	-0.374	0.105	0.042	0.000000	0.000000
1580114865136	1580114865106	2.368	0.183	12.637	-0.264	0.168	-0.023	0.000000	0.000000
1580114865147	1580114865132	2.100	1.059	12.646	-0.047	0.207	-0.120	0.000000	0.000000
1580114865170	1580114865147	2.038	1.603	12.673	0.088	0.178	-0.185	0.000000	0.000000
1580114865188	1580114865170	2.045	1.732	12.740	0.084	0.129	-0.213	0.000000	0.000000
1580114865207	1580114865186	1.932	1.641	12.986	0.085	0.111	-0.220	0.000000	0.000000
1580114865231	1580114865206	1.796	1.673	13.161	0.119	0.097	-0.199	0.000000	0.000000
1580114865248	1580114865228	1.700	1.859	13.260	0.161	0.040	-0.157	0.000000	0.000000
1580114865269	1580114865248	1.817	1.797	13.672	0.131	-0.029	-0.098	0.000000	0.000000
1580114865286	1580114865266	2.268	1.725	14.407	0.035	-0.085	-0.032	0.000000	0.000000
1580114865306	1580114865286	2.814	1.701	14.819	0.013	-0.135	0.035	0.000000	0.000000
1580114865332	1580114865306	3.307	1.883	14.903	0.029	-0.176	0.083	0.000000	0.000000
1580114865351	1580114865332	3.712	1.826	14.709	0.006	-0.173	0.103	0.000000	0.000000
1580114865367	1580114865347	3.683	1.663	14.644	-0.089	-0.135	0.061	0.000000	0.000000
1580114865386	1580114865367	3.339	1.838	14.290	-0.092	-0.048	0.013	0.000000	0.000000
1580114865406	1580114865386	3.233	2.176	13.842	0.009	0.008	-0.030	0.000000	0.000000
1580114865427	1580114865405	3.087	2.348	13.487	0.077	0.009	-0.059	0.000000	0.000000
1580114865452	1580114865427	2.560	2.092	13.125	0.085	0.033	-0.055	0.000000	0.000000
1580114865469	1580114865452	2.193	1.728	12.780	0.086	0.079	-0.014	0.000000	0.000000
1580114865486	1580114865465	2.234	1.134	12.318	0.069	0.067	0.032	0.000000	0.000000
1580114865506	1580114865484	2.359	0.757	11.913	0.016	0.007	0.024	0.000000	0.000000
1580114865530	1580114865504	2.210	1.220	11.602	0.073	-0.017	-0.009	0.000000	0.000000
1580114865546	1580114865524	2.083	1.823	10.998	0.247	0.008	-0.031	0.000000	0.000000
1580114865567	1580114865545	2.098	1.661	10.308	0.305	0.009	-0.032	0.000000	0.000000
1580114865585	1580114865567	2.045	1.088	10.253	0.193	0.014	-0.025	0.000000	0.000000
1580114865606	1580114865584	1.923	0.554	10.555	0.105	0.077	-0.022	0.000000	0.000000
1580114865627	1580114865604	1.856	0.281	10.320	0.114	0.154	-0.060	0.000000	0.000000
1580114865650	1580114865627	1.746	0.930	9.776	0.283	0.203	-0.131	0.000000	0.000000
1580114865666	1580114865645	1.647	1.378	9.309	0.474	0.250	-0.178	0.000000	0.000000
1580114865685	1580114865666	1.590	1.215	9.324	0.435	0.275	-0.190	0.000000	0.000000
1580114865705	1580114865683	1.401	1.169	9.415	0.330	0.310	-0.203	0.000000	0.000000
1580114865726	1580114865703	1.219	1.352	9.053	0.344	0.341	-0.206	0.000000	0.000000
1580114865746	1580114865723	1.082	1.313	8.476	0.355	0.280	-0.213	0.000000	0.000000
1580114865765	1580114865746	1.408	1.507	8.176	0.299	0.138	-0.213	0.000000	0.000000
1580114865785	1580114865764	1.664	2.058	7.625	0.308	-0.012	-0.192	0.000000	0.000000
1580114865805	1580114865783	1.496	2.377	7.010	0.342	-0.061	-0.145	0.000000	0.000000
1580114865825	1580114865803	1.137	1.982	6.772	0.270	-0.068	-0.093	0.000000	0.000000
1580114865847	1580114865823	1.262	1.160	6.976	0.085	-0.109	-0.036	0.000000	0.000000
1580114865865	1580114865846	1.410	0.386	7.676	-0.054	-0.105	-0.037	0.000000	0.000000
1580114865884	1580114865865	1.353	0.575	7.716	-0.021	0.009	-0.084	0.000000	0.000000
1580114865904	1580114865883	1.089	1.948	6.988	0.272	0.059	-0.155	0.000000	0.000000
1580114865924	1580114865902	0.555	2.609	6.483	0.500	0.014	-0.175	0.000000	0.000000
1580114865945	1580114865922	0.414	1.771	6.368	0.294	-0.094	-0.091	0.000000	0.000000
1580114865964	1580114865945	0.902	1.016	6.497	-0.108	-0.192	-0.058	0.000000	0.000000
1580114865989	1580114865964	1.202	1.193	6.607	-0.237	-0.205	-0.055	0.000000	0.000000
1580114866004	1580114865983	1.125	1.586	6.231	-0.079	-0.140	-0.055	0.000000	0.000000
1580114866023	1580114866002	1.199	1.864	5.939	0.053	-0.084	-0.082	0.000000	0.000000
1580114866046	1580114866022	1.283	1.582	6.109	0.031	-0.072	-0.102	0.000000	0.000000
1580114866065	1580114866043	1.437	1.292	6.523	-0.138	-0.081	-0.084	0.000000	0.000000
1580114866084	1580114866064	1.312	1.617	6.892	-0.181	-0.089	-0.065	0.000000	0.000000
1580114866104	1580114866082	1.125	1.629	6.746	-0.055	-0.033	-0.054	0.000000	0.000000
1580114866123	1580114866102	1.401	1.864	6.423	0.041	-0.057	-0.043	0.000000	0.000000
1580114866144	1580114866122	1.175	2.473	6.832	0.189	-0.114	-0.064	0.000000	0.000000
1580114866165	1580114866144	0.830	2.873	7.225	0.329	-0.082	-0.066	0.000000	0.000000
1580114866183	1580114866161	1.070	3.333	7.158	0.345	-0.093	-0.068	0.000000	0.000000
1580114866203	1580114866182	1.015	4.018	7.302	0.408	-0.174	-0.055	0.000000	0.000000
1580114866223	1580114866201	0.900	4.540	7.817	0.527	-0.174	-0.013	0.000000	0.000000
1580114866243	1580114866221	1.020	4.605	8.339	0.484	-0.142	0.028	0.000000	0.000000
1580114866266	1580114866241	1.051	4.454	8.581	0.332	-0.125	0.079	0.000000	0.000000
1580114866284	1580114866266	1.295	3.996	8.696	0.181	-0.094	0.114	0.000000	0.000000
1580114866303	1580114866281	1.568	3.239	8.972	-0.026	-0.082	0.103	0.000000	0.000000
1580114866322	1580114866301	1.671	2.849	9.075	-0.190	-0.045	0.059	0.000000	0.000000
1580114866344	1580114866321	1.712	3.115	9.058	-0.145	0.010	0.014	0.000000	0.000000
1580114866363	1580114866343	1.674	3.409	9.190	-0.019	0.073	0.000	0.000000	0.000000
1580114866382	1580114866363	1.645	3.256	9.412	0.025	0.126	0.032	0.000000	0.000000
1580114866402	1580114866381	1.518	2.707	9.467	0.000	0.154	0.063	0.000000	0.000000
1580114866422	1580114866400	1.434	2.453	9.324	0.008	0.170	0.093	0.000000	0.000000
1580114866442	1580114866420	1.245	2.480	9.367	0.084	0.170	0.112	0.000000	0.000000
1580114866465	1580114866441	1.101	2.671	9.134	0.159	0.177	0.113	0.000000	0.000000
1580114866484	1580114866465	1.144	3.141	8.825	0.206	0.145	0.115	0.000000	0.000000
1580114866501	1580114866480	1.231	3.464	8.560	0.224	0.119	0.111	0.000000	0.000000
1580114866521	1580114866500	1.257	3.531	8.495	0.161	0.109	0.097	0.000000	0.000000
1580114866542	1580114866520	1.278	3.620	8.660	0.099	0.132	0.087	0.000000	0.000000
1580114866564	1580114866539	1.439	3.668	8.749	0.072	0.159	0.077	0.000000	0.000000
1580114866583	1580114866562	1.592	3.620	8.837	0.029	0.171	0.050	0.000000	0.000000
1580114866601	1580114866583	1.566	3.577	8.969	0.006	0.196	0.039	0.000000	0.000000
1580114866621	1580114866599	1.561	3.498	8.969	0.017	0.223	0.027	0.000000	0.000000
1580114866642	1580114866619	1.494	3.323	8.864	0.024	0.223	0.006	0.000000	0.000000
1580114866666	1580114866640	1.307	3.182	9.017	0.024	0.222	0.001	0.000000	0.000000
1580114866681	1580114866665	1.135	3.093	9.134	0.052	0.239	-0.002	0.000000	0.000000
1580114866701	1580114866679	0.864	3.036	9.197	0.082	0.238	-0.030	0.000000	0.000000
1580114866720	1580114866700	0.826	3.270	9.065	0.115	0.227	-0.049	0.000000	0.000000
1580114866741	1580114866719	0.957	3.486	8.893	0.168	0.194	-0.068	0.000000	0.000000
1580114866761	1580114866739	0.826	3.531	8.804	0.164	0.176	-0.093	0.000000	0.000000
1580114866782	1580114866761	0.754	3.627	8.864	0.129	0.178	-0.096	0.000000	0.000000
1580114866801	1580114866781	0.775	3.601	8.931	0.111	0.177	-0.104	0.000000	0.000000
1580114866820	1580114866799	0.747	3.543	8.778	0.095	0.179	-0.113	0.000000	0.000000
1580114866840	1580114866819	0.708	3.517	8.469	0.093	0.180	-0.123	0.000000	0.000000
1580114866867	1580114866838	0.572	3.539	8.167	0.073	0.162	-0.131	0.000000	0.000000
1580114866880	1580114866859	0.500	3.484	7.865	0.015	0.145	-0.115	0.000000	0.000000
1580114866899	1580114866878	0.440	3.270	7.582	-0.112	0.112	-0.097	0.000000	0.000000
1580114866919	1580114866898	0.375	3.072	7.412	-0.252	0.076	-0.066	0.000000	0.000000
1580114866940	1580114866918	0.279	3.057	7.630	-0.348	0.044	-0.028	0.000000	0.000000
1580114866961	1580114866938	0.260	2.940	7.815	-0.413	0.009	0.015	0.000000	0.000000
1580114866987	1580114866961	0.337	2.705	7.503	-0.534	-0.055	0.058	0.000000	0.000000
1580114867000	1580114866987	0.617	2.319	7.213	-0.724	-0.142	0.109	0.000000	0.000000
1580114867019	1580114866999	0.821	1.941	7.153	-0.913	-0.223	0.136	0.000000	0.000000
1580114867039	1580114867018	0.828	1.598	7.316	-1.013	-0.256	0.131	0.000000	0.000000
1580114867059	1580114867038	0.950	1.474	7.525	-1.033	-0.251	0.136	0.000000	0.000000
1580114867079	1580114867057	1.125	1.524	7.541	-0.974	-0.255	0.120	0.000000	0.000000
1580114867099	1580114867079	1.171	1.663	7.482	-0.778	-0.255	0.101	0.000000	0.000000
1580114867119	1580114867098	1.175	1.615	7.388	-0.533	-0.225	0.112	0.000000	0.000000
1580114867139	1580114867117	1.132	1.141	7.359	-0.485	-0.180	0.146	0.000000	0.000000
1580114867159	1580114867137	0.974	0.585	7.359	-0.574	-0.145	0.185	0.000000	0.000000
1580114867186	1580114867157	0.957	0.149	7.465	-0.620	-0.137	0.228	0.000000	0.000000
1580114867199	1580114867178	1.106	-0.095	7.520	-0.618	-0.148	0.221	0.000000	0.000000
1580114867219	1580114867198	1.192	0.195	7.326	-0.570	-0.182	0.163	0.000000	0.000000
1580114867239	1580114867217	1.231	0.516	7.151	-0.423	-0.203	0.137	0.000000	0.000000
1580114867258	1580114867237	1.195	0.372	7.065	-0.373	-0.254	0.082	0.000000	0.000000
1580114867279	1580114867257	1.204	-0.028	7.053	-0.448	-0.313	0.059	0.000000	0.000000
1580114867298	1580114867279	1.465	-0.306	7.127	-0.495	-0.333	0.063	0.000000	0.000000
1580114867323	1580114867297	1.578	-0.438	7.120	-0.469	-0.330	0.056	0.000000	0.000000
1580114867338	1580114867317	1.513	-0.050	7.189	-0.331	-0.274	0.045	0.000000	0.000000
1580114867358	1580114867336	1.472	0.367	7.182	-0.171	-0.220	0.047	0.000000	0.000000
1580114867378	1580114867356	1.484	0.432	7.266	-0.146	-0.207	0.045	0.000000	0.000000
1580114867405	1580114867376	1.657	0.470	7.551	-0.223	-0.195	0.072	0.000000	0.000000
1580114867420	1580114867399	1.666	0.628	8.030	-0.269	-0.165	0.093	0.000000	0.000000
1580114867438	1580114867417	1.705	0.590	8.385	-0.289	-0.123	0.133	0.000000	0.000000
1580114867458	1580114867436	1.928	0.154	8.754	-0.378	-0.126	0.177	0.000000	0.000000
1580114867486	1580114867456	2.208	-0.172	9.314	-0.509	-0.142	0.204	0.000000	0.000000
1580114867497	1580114867486	2.493	-0.114	9.776	-0.558	-0.135	0.213	0.000000	0.000000
1580114867516	1580114867495	2.467	-0.177	9.987	-0.528	-0.124	0.216	0.000000	0.000000
1580114867537	1580114867515	2.275	-0.630	10.248	-0.500	-0.089	0.232	0.000000	0.000000
1580114867557	1580114867535	2.431	-0.721	10.601	-0.506	-0.069	0.245	0.000000	0.000000
1580114867577	1580114867556	2.646	-0.848	10.718	-0.530	-0.101	0.229	0.000000	0.000000
1580114867600	1580114867577	2.697	-1.209	10.687	-0.571	-0.119	0.181	0.000000	0.000000
1580114867618	1580114867600	2.658	-1.348	10.756	-0.550	-0.090	0.114	0.000000	0.000000
1580114867637	1580114867615	2.596	-1.480	11.202	-0.402	-0.035	0.091	0.000000	0.000000
1580114867656	1580114867635	2.656	-1.600	11.468	-0.304	-0.006	0.093	0.000000	0.000000
1580114867676	1580114867655	2.802	-1.739	11.434	-0.248	-0.034	0.118	0.000000	0.000000
1580114867697	1580114867675	2.816	-1.830	11.528	-0.124	-0.032	0.141	0.000000	0.000000
1580114867716	1580114867697	2.747	-1.724	11.655	0.017	0.032	0.143	0.000000	0.000000
1580114867737	1580114867716	2.457	-1.389	11.750	0.154	0.109	0.128	0.000000	0.000000
1580114867757	1580114867735	1.899	-0.955	11.602	0.279	0.192	0.103	0.000000	0.000000
1580114867776	1580114867755	1.611	-0.668	11.338	0.345	0.250	0.093	0.000000	0.000000
1580114867803	1580114867775	1.755	-0.814	11.573	0.263	0.231	0.092	0.000000	0.000000
1580114867817	1580114867803	1.930	-1.451	11.908	0.075	0.203	0.095	0.000000	0.000000
1580114867838	1580114867817	1.932	-1.820	12.196	-0.026	0.186	0.083	0.000000	0.000000
1580114867856	1580114867835	2.079	-1.664	12.447	0.074	0.168	0.066	0.000000	0.000000
1580114867876	1580114867855	2.239	-1.324	12.735	0.236	0.144	0.014	0.000000	0.000000
1580114867896	1580114867875	2.320	-0.697	13.185	0.339	0.120	-0.039	0.000000	0.000000
1580114867919	1580114867896	2.462	0.214	13.248	0.485	0.099	-0.059	0.000000	0.000000
1580114867938	1580114867915	2.503	0.585	13.104	0.560	0.070	-0.049	0.000000	0.000000
1580114867956	1580114867935	2.435	0.453	13.046	0.462	0.063	-0.027	0.000000	0.000000
1580114867975	1580114867954	2.474	0.242	13.188	0.302	0.064	-0.030	0.000000	0.000000
1580114867997	1580114867975	2.543	0.173	13.178	0.176	0.037	-0.041	0.000000	0.000000
1580114868018	1580114867997	2.625	0.424	13.092	0.165	-0.009	-0.039	0.000000	0.000000
1580114868036	1580114868014	2.790	0.103	13.535	0.137	-0.031	-0.011	0.000000	0.000000
1580114868055	1580114868035	3.030	-0.285	14.055	-0.043	-0.037	-0.003	0.000000	0.000000
1580114868075	1580114868053	3.147	-0.517	14.369	-0.170	-0.073	-0.014	0.000000	0.000000
1580114868096	1580114868073	3.530	-0.881	14.366	-0.242	-0.119	-0.025	0.000000	0.000000
1580114868115	1580114868095	3.858	-1.003	14.452	-0.327	-0.174	-0.068	0.000000	0.000000
1580114868135	1580114868115	3.798	-1.418	14.455	-0.347	-0.192	-0.096	0.000000	0.000000
1580114868155	1580114868133	3.870	-0.800	14.249	-0.194	-0.196	-0.139	0.000000	0.000000
1580114868174	1580114868153	3.758	0.123	13.415	0.081	-0.202	-0.201	0.000000	0.000000
1580114868195	1580114868173	3.607	0.233	12.301	0.252	-0.167	-0.220	0.000000	0.000000
1580114868215	1580114868193	3.164	-0.110	12.050	0.212	-0.099	-0.230	0.000000	0.000000
1580114868235	1580114868215	2.500	-0.761	12.215	0.088	0.045	-0.224	0.000000	0.000000
1580114868257	1580114868233	2.201	-1.097	11.547	0.026	0.105	-0.226	0.000000	0.000000
1580114868274	1580114868257	2.198	-0.967	10.404	0.152	0.051	-0.228	0.000000	0.000000
1580114868293	1580114868272	2.234	-0.756	9.678	0.277	0.065	-0.229	0.000000	0.000000
1580114868318	1580114868293	2.141	-0.416	10.452	0.336	0.221	-0.292	0.000000	0.000000
1580114868334	1580114868314	1.834	0.008	11.209	0.244	0.398	-0.391	0.000000	0.000000
1580114868353	1580114868332	1.758	0.434	10.471	0.257	0.394	-0.407	0.000000	0.000000
1580114868373	1580114868352	1.870	0.269	9.022	0.388	0.324	-0.315	0.000000	0.000000
1580114868393	1580114868372	1.599	-0.378	8.330	0.360	0.332	-0.283	0.000000	0.000000
1580114868413	1580114868392	1.187	-0.991	8.667	0.226	0.439	-0.320	0.000000	0.000000
1580114868434	1580114868413	1.024	-0.620	8.677	0.058	0.463	-0.386	0.000000	0.000000
1580114868453	1580114868432	0.687	0.305	8.033	0.066	0.319	-0.393	0.000000	0.000000
1580114868473	1580114868451	0.567	0.377	7.093	0.108	0.132	-0.299	0.000000	0.000000
1580114868493	1580114868471	0.421	0.324	7.031	0.002	0.014	-0.238	0.000000	0.000000
1580114868514	1580114868492	0.251	0.714	7.589	-0.045	0.029	-0.163	0.000000	0.000000
1580114868538	1580114868512	0.562	0.856	7.546	-0.074	-0.012	-0.044	0.000000	0.000000
1580114868553	1580114868537	0.965	0.360	6.964	-0.264	-0.221	0.055	0.000000	0.000000
1580114868573	1580114868553	1.171	-0.131	6.610	-0.426	-0.317	0.090	0.000000	0.000000
1580114868592	1580114868571	1.319	-0.311	6.820	-0.501	-0.197	0.082	0.000000	0.000000
1580114868613	1580114868591	0.979	-0.256	7.441	-0.533	-0.071	0.040	0.000000	0.000000
1580114868633	1580114868611	0.706	0.103	7.898	-0.387	-0.025	0.017	0.000000	0.000000
1580114868652	1580114868631	1.065	0.408	7.635	-0.184	-0.078	0.035	0.000000	0.000000
1580114868672	1580114868651	1.209	0.714	7.448	-0.038	-0.108	0.028	0.000000	0.000000
1580114868692	1580114868671	0.945	1.009	7.671	0.111	0.022	0.033	0.000000	0.000000
1580114868712	1580114868690	0.811	1.138	7.731	0.116	0.100	0.038	0.000000	0.000000
1580114868737	1580114868712	1.127	0.204	7.508	-0.032	0.027	0.065	0.000000	0.000000
1580114868753	1580114868733	1.254	-0.970	7.283	-0.314	-0.071	0.068	0.000000	0.000000
1580114868772	1580114868752	0.950	-0.977	7.187	-0.348	-0.017	0.003	0.000000	0.000000
1580114868792	1580114868770	0.924	-0.129	7.115	-0.048	0.121	-0.088	0.000000	0.000000
1580114868813	1580114868790	0.876	0.554	7.189	0.216	0.137	-0.178	0.000000	0.000000
1580114868833	1580114868812	1.063	0.631	7.297	0.308	0.088	-0.199	0.000000	0.000000
1580114868856	1580114868830	1.118	0.288	7.319	0.236	0.037	-0.178	0.000000	0.000000
1580114868871	1580114868856	0.953	0.561	7.616	0.266	0.073	-0.181	0.000000	0.000000
1580114868892	1580114868870	1.013	1.201	7.841	0.458	0.128	-0.151	0.000000	0.000000
1580114868911	1580114868890	1.048	1.433	7.999	0.504	0.088	-0.139	0.000000	0.000000
1580114868938	1580114868909	0.991	1.531	8.205	0.398	0.045	-0.130	0.000000	0.000000
1580114868954	1580114868933	0.859	1.766	8.413	0.352	0.031	-0.098	0.000000	0.000000
1580114868971	1580114868953	0.905	1.869	8.703	0.365	0.047	-0.059	0.000000	0.000000
1580114868991	1580114868970	1.094	1.486	8.873	0.346	0.070	-0.025	0.000000	0.000000
1580114869011	1580114868989	0.919	0.930	9.144	0.256	0.094	-0.017	0.000000	0.000000
1580114869032	1580114869009	0.723	1.055	9.158	0.243	0.146	-0.015	0.000000	0.000000
1580114869051	1580114869031	0.816	1.488	9.048	0.330	0.159	-0.024	0.000000	0.000000
1580114869071	1580114869050	0.754	1.555	9.134	0.337	0.141	-0.028	0.000000	0.000000
1580114869091	1580114869069	0.732	1.538	9.431	0.273	0.147	0.010	0.000000	0.000000
1580114869111	1580114869089	0.840	1.323	9.743	0.208	0.150	0.060	0.000000	0.000000
1580114869132	1580114869109	0.838	1.086	9.860	0.129	0.127	0.112	0.000000	0.000000
1580114869152	1580114869132	0.890	1.076	9.697	0.121	0.109	0.154	0.000000	0.000000
1580114869170	1580114869151	1.010	1.227	9.554	0.167	0.074	0.173	0.000000	0.000000
1580114869190	1580114869169	1.154	1.378	9.511	0.172	0.032	0.179	0.000000	0.000000
1580114869210	1580114869188	1.209	1.536	9.431	0.149	0.013	0.170	0.000000	0.000000
1580114869231	1580114869208	1.147	1.728	9.249	0.151	0.028	0.147	0.000000	0.000000
1580114869250	1580114869231	1.123	1.689	9.182	0.159	0.067	0.125	0.000000	0.000000
1580114869270	1580114869250	1.123	1.565	9.283	0.140	0.106	0.092	0.000000	0.000000
1580114869290	1580114869269	1.096	1.519	9.546	0.121	0.139	0.063	0.000000	0.000000
1580114869310	1580114869288	1.044	1.639	9.645	0.148	0.157	0.047	0.000000	0.000000
1580114869329	1580114869308	1.003	1.670	9.580	0.236	0.168	0.040	0.000000	0.000000
1580114869355	1580114869327	0.953	1.649	9.470	0.335	0.177	0.044	0.000000	0.000000
1580114869369	1580114869354	0.938	1.605	9.374	0.397	0.190	0.060	0.000000	0.000000
1580114869390	1580114869368	0.900	1.625	9.381	0.462	0.207	0.078	0.000000	0.000000
1580114869409	1580114869390	0.756	1.526	9.417	0.494	0.220	0.104	0.000000	0.000000
1580114869430	1580114869408	0.814	1.529	9.206	0.451	0.214	0.108	0.000000	0.000000
1580114869449	1580114869430	0.675	1.728	9.242	0.456	0.182	0.075	0.000000	0.000000
1580114869468	1580114869448	0.579	2.221	9.288	0.587	0.189	0.047	0.000000	0.000000
1580114869489	1580114869468	0.727	2.358	9.259	0.618	0.161	0.023	0.000000	0.000000
1580114869508	1580114869487	0.893	2.559	9.319	0.558	0.099	0.008	0.000000	0.000000
1580114869528	1580114869507	0.802	2.717	9.321	0.539	0.055	0.014	0.000000	0.000000
1580114869552	1580114869526	0.677	2.420	9.115	0.509	0.051	0.039	0.000000	0.000000
1580114869568	1580114869547	0.715	2.377	9.043	0.495	0.037	0.046	0.000000	0.000000
1580114869589	1580114869567	0.692	2.818	8.996	0.580	-0.002	0.051	0.000000	0.000000
1580114869624	1580114869586	0.706	3.165	8.869	0.586	-0.024	0.084	0.000000	0.000000
1580114869630	1580114869624	0.665	3.242	8.873	0.405	-0.054	0.103	0.000000	0.000000
1580114869648	1580114869626	0.454	3.189	8.893	0.204	-0.055	0.108	0.000000	0.000000
1580114869669	1580114869648	0.497	3.052	8.670	0.040	-0.036	0.114	0.000000	0.000000
1580114869687	1580114869668	0.634	2.868	8.536	-0.129	-0.041	0.108	0.000000	0.000000
1580114869709	1580114869686	0.668	2.954	8.801	-0.205	-0.027	0.104	0.000000	0.000000
1580114869727	1580114869708	0.703	3.213	8.998	-0.165	0.008	0.100	0.000000	0.000000
1580114869747	1580114869725	0.670	3.141	8.876	-0.148	0.029	0.098	0.000000	0.000000
1580114869767	1580114869745	0.680	2.921	8.768	-0.196	0.035	0.103	0.000000	0.000000
1580114869787	1580114869765	0.732	2.887	8.775	-0.221	0.028	0.101	0.000000	0.000000
1580114869807	1580114869785	0.761	2.971	8.715	-0.209	0.012	0.101	0.000000	0.000000
1580114869827	1580114869805	0.775	2.899	8.464	-0.198	-0.006	0.117	0.000000	0.000000
1580114869848	1580114869825	0.775	2.686	8.176	-0.200	-0.016	0.126	0.000000	0.000000
1580114869874	1580114869846	0.715	2.540	8.047	-0.220	-0.014	0.122	0.000000	0.000000
1580114869887	1580114869867	0.620	2.432	7.982	-0.234	-0.002	0.113	0.000000	0.000000
1580114869907	1580114869885	0.612	2.240	7.872	-0.228	0.000	0.122	0.000000	0.000000
1580114869926	1580114869906	0.727	2.097	7.582	-0.220	-0.024	0.133	0.000000	0.000000
1580114869946	1580114869925	0.555	1.991	7.256	-0.209	-0.028	0.138	0.000000	0.000000
1580114869966	1580114869944	0.565	1.946	7.117	-0.222	0.014	0.160	0.000000	0.000000
1580114869988	1580114869965	0.632	1.867	7.098	-0.298	0.014	0.172	0.000000	0.000000
1580114870006	1580114869984	0.517	1.510	7.307	-0.367	0.021	0.178	0.000000	0.000000
1580114870028	1580114870005	0.596	1.261	7.613	-0.398	0.039	0.190	0.000000	0.000000
1580114870049	1580114870025	0.720	1.035	7.999	-0.394	0.001	0.198	0.000000	0.000000
1580114870072	1580114870046	0.665	1.222	7.965	-0.359	-0.073	0.198	0.000000	0.000000
1580114870088	1580114870065	0.713	1.500	7.740	-0.297	-0.134	0.214	0.000000	0.000000
1580114870107	1580114870085	0.809	1.795	7.783	-0.298	-0.212	0.231	0.000000	0.000000
1580114870128	1580114870105	0.756	1.649	7.877	-0.314	-0.279	0.240	0.000000	0.000000
1580114870146	1580114870125	0.960	1.177	7.838	-0.379	-0.307	0.246	0.000000	0.000000
1580114870168	1580114870145	1.276	0.901	7.613	-0.467	-0.360	0.238	0.000000	0.000000
1580114870188	1580114870165	1.305	0.551	7.335	-0.457	-0.400	0.224	0.000000	0.000000
1580114870209	1580114870188	1.341	0.238	7.235	-0.412	-0.378	0.210	0.000000	0.000000
1580114870227	1580114870209	1.369	0.496	7.436	-0.365	-0.337	0.162	0.000000	0.000000
1580114870246	1580114870225	1.432	1.021	7.640	-0.309	-0.298	0.088	0.000000	0.000000
1580114870272	1580114870244	1.604	0.959	7.781	-0.337	-0.289	0.038	0.000000	0.000000
1580114870290	1580114870265	1.674	0.592	8.095	-0.419	-0.295	0.044	0.000000	0.000000
1580114870306	1580114870285	1.741	0.168	8.612	-0.443	-0.288	0.110	0.000000	0.000000
1580114870325	1580114870304	2.014	0.008	8.916	-0.456	-0.289	0.162	0.000000	0.000000
1580114870345	1580114870324	2.229	0.111	8.960	-0.438	-0.290	0.159	0.000000	0.000000
1580114870375	1580114870345	2.177	0.101	8.981	-0.401	-0.279	0.138	0.000000	0.000000
1580114870387	1580114870375	2.150	-0.364	9.276	-0.441	-0.252	0.143	0.000000	0.000000
1580114870407	1580114870387	2.325	-0.859	9.446	-0.546	-0.214	0.148	0.000000	0.000000
1580114870426	1580114870405	2.503	-1.157	9.343	-0.573	-0.151	0.138	0.000000	0.000000
1580114870445	1580114870424	2.574	-1.391	9.621	-0.516	-0.068	0.096	0.000000	0.000000
1580114870465	1580114870444	2.632	-1.039	9.970	-0.416	-0.014	0.044	0.000000	0.000000
1580114870490	1580114870465	2.531	-0.539	10.090	-0.260	0.032	0.030	0.000000	0.000000
1580114870507	1580114870487	2.285	-0.584	10.071	-0.244	0.117	0.023	0.000000	0.000000
1580114870525	1580114870503	1.995	-0.661	10.344	-0.324	0.180	-0.022	0.000000	0.000000
1580114870544	1580114870525	1.954	-0.555	10.531	-0.279	0.219	-0.043	0.000000	0.000000
1580114870565	1580114870544	1.966	-0.206	10.380	-0.143	0.210	-0.052	0.000000	0.000000
1580114870584	1580114870563	1.822	0.132	10.418	-0.065	0.188	-0.069	0.000000	0.000000
1580114870605	1580114870584	1.808	0.099	10.402	-0.107	0.174	-0.069	0.000000	0.000000
1580114870625	1580114870604	1.844	-0.241	10.452	-0.194	0.157	-0.058	0.000000	0.000000
1580114870644	1580114870623	1.846	-0.483	10.598	-0.246	0.171	-0.026	0.000000	0.000000
1580114870666	1580114870644	1.741	-0.625	10.804	-0.226	0.180	-0.007	0.000000	0.000000
1580114870688	1580114870666	1.547	-0.850	11.106	-0.180	0.194	-0.001	0.000000	0.000000
1580114870706	1580114870688	1.573	-1.039	11.463	-0.154	0.197	0.010	0.000000	0.000000
1580114870728	1580114870703	1.626	-1.221	11.743	-0.160	0.193	0.007	0.000000	0.000000
1580114870745	1580114870727	1.504	-1.257	12.172	-0.157	0.190	-0.019	0.000000	0.000000
1580114870763	1580114870742	1.573	-1.152	12.570	-0.120	0.180	-0.048	0.000000	0.000000
1580114870783	1580114870762	1.705	-1.099	12.919	-0.097	0.132	-0.077	0.000000	0.000000
1580114870807	1580114870782	1.590	-0.955	13.372	-0.083	0.102	-0.102	0.000000	0.000000
1580114870826	1580114870806	1.434	-0.716	13.511	-0.017	0.094	-0.101	0.000000	0.000000
1580114870843	1580114870823	1.628	-0.407	13.770	0.061	0.043	-0.085	0.000000	0.000000
1580114870865	1580114870842	1.884	-0.395	14.309	0.064	-0.042	-0.063	0.000000	0.000000
1580114870893	1580114870863	1.875	-0.675	14.493	0.014	-0.120	-0.020	0.000000	0.000000
1580114870903	1580114870887	2.105	-0.354	14.608	0.015	-0.176	0.011	0.000000	0.000000
1580114870925	1580114870902	2.435	-0.093	14.991	0.055	-0.252	0.003	0.000000	0.000000
1580114870942	1580114870924	2.488	-0.788	15.020	0.020	-0.304	0.027	0.000000	0.000000
1580114870963	1580114870942	2.725	-1.233	14.635	-0.083	-0.337	0.058	0.000000	0.000000
1580114870983	1580114870961	3.089	-1.008	14.567	-0.137	-0.358	0.057	0.000000	0.000000
1580114871010	1580114870981	3.037	-1.070	14.517	-0.163	-0.323	0.028	0.000000	0.000000
1580114871023	1580114871008	3.149	-0.989	14.232	-0.264	-0.265	-0.006	0.000000	0.000000
1580114871042	1580114871022	3.252	-1.295	14.266	-0.296	-0.192	-0.071	0.000000	0.000000
1580114871062	1580114871040	3.365	-1.298	14.076	-0.242	-0.170	-0.169	0.000000	0.000000
1580114871085	1580114871060	2.876	-0.675	13.707	0.074	-0.184	-0.232	0.000000	0.000000
1580114871102	1580114871081	2.721	-0.718	12.800	0.355	-0.171	-0.183	0.000000	0.000000
1580114871122	1580114871100	2.483	-1.128	12.323	0.311	-0.196	-0.180	0.000000	0.000000
1580114871141	1580114871121	2.229	-1.085	12.141	0.241	-0.209	-0.173	0.000000	0.000000
1580114871162	1580114871140	2.246	-0.349	11.144	0.375	-0.274	-0.122	0.000000	0.000000
1580114871182	1580114871160	2.256	-0.043	9.939	0.505	-0.313	-0.103	0.000000	0.000000
1580114871204	1580114871182	2.294	0.077	9.161	0.470	-0.250	-0.114	0.000000	0.000000
1580114871222	1580114871201	2.026	0.092	9.472	0.414	-0.130	-0.131	0.000000	0.000000
1580114871241	1580114871221	2.045	-0.126	9.542	0.321	-0.035	-0.101	0.000000	0.000000
1580114871261	1580114871240	2.313	-0.208	9.163	0.154	-0.070	-0.088	0.000000	0.000000
1580114871281	1580114871260	2.380	-0.553	8.979	0.077	-0.096	-0.076	0.000000	0.000000
1580114871302	1580114871279	2.529	-0.867	8.904	0.075	-0.091	-0.043	0.000000	0.000000
1580114871321	1580114871302	2.749	-1.025	8.919	0.074	-0.093	-0.017	0.000000	0.000000
1580114871345	1580114871321	2.795	-0.792	8.919	0.116	-0.096	-0.028	0.000000	0.000000
1580114871360	1580114871339	2.704	0.547	8.701	0.335	-0.104	-0.079	0.000000	0.000000
1580114871381	1580114871359	2.402	1.495	8.538	0.654	-0.096	-0.103	0.000000	0.000000
1580114871401	1580114871379	2.462	1.256	8.473	0.662	-0.077	-0.083	0.000000	0.000000
1580114871421	1580114871401	2.541	0.724	8.466	0.428	-0.104	-0.083	0.000000	0.000000
1580114871440	1580114871420	2.526	0.401	7.922	0.330	-0.109	-0.080	0.000000	0.000000
1580114871461	1580114871439	2.488	0.468	7.328	0.353	-0.109	-0.090	0.000000	0.000000
1580114871480	1580114871459	2.179	0.547	7.381	0.371	-0.055	-0.132	0.000000	0.000000
1580114871501	1580114871479	2.019	0.604	7.527	0.403	0.082	-0.175	0.000000	0.000000
1580114871521	1580114871500	2.088	0.760	7.132	0.391	0.155	-0.210	0.000000	0.000000
1580114871545	1580114871519	1.959	0.937	6.650	0.344	0.159	-0.243	0.000000	0.000000
1580114871560	1580114871539	1.983	0.774	6.387	0.281	0.182	-0.232	0.000000	0.000000
1580114871580	1580114871558	2.088	0.269	6.705	0.131	0.215	-0.244	0.000000	0.000000
1580114871601	1580114871578	2.009	0.206	6.938	0.063	0.289	-0.292	0.000000	0.000000
1580114871628	1580114871598	1.722	0.575	6.511	0.203	0.335	-0.335	0.000000	0.000000
1580114871643	1580114871628	1.393	0.793	6.111	0.362	0.321	-0.367	0.000000	0.000000
1580114871659	1580114871641	1.223	0.465	6.315	0.357	0.259	-0.365	0.000000	0.000000
1580114871679	1580114871658	1.357	-0.191	6.658	0.183	0.160	-0.336	0.000000	0.000000
1580114871699	1580114871678	1.597	0.022	6.864	0.131	0.054	-0.342	0.000000	0.000000
1580114871720	1580114871698	1.547	0.846	6.849	0.374	0.034	-0.379	0.000000	0.000000
1580114871744	1580114871718	1.276	1.373	6.921	0.636	0.034	-0.404	0.000000	0.000000
1580114871759	1580114871738	1.137	1.857	6.950	0.753	0.001	-0.432	0.000000	0.000000
1580114871779	1580114871757	1.056	2.427	7.086	0.779	-0.023	-0.481	0.000000	0.000000
1580114871800	1580114871777	1.192	3.258	7.151	0.826	0.013	-0.524	0.000000	0.000000
1580114871823	1580114871800	1.001	4.334	7.017	0.998	0.046	-0.541	0.000000	0.000000
1580114871841	1580114871823	0.653	4.770	6.923	1.089	0.091	-0.483	0.000000	0.000000
1580114871858	1580114871837	0.574	4.027	6.852	0.809	0.112	-0.382	0.000000	0.000000
1580114871878	1580114871857	0.874	3.443	7.084	0.370	0.092	-0.299	0.000000	0.000000
1580114871898	1580114871877	1.173	3.263	7.601	0.132	0.072	-0.208	0.000000	0.000000
1580114871919	1580114871897	1.345	2.808	7.925	0.018	0.093	-0.149	0.000000	0.000000
1580114871943	1580114871919	1.451	2.485	8.303	-0.061	0.124	-0.106	0.000000	0.000000
1580114871959	1580114871942	1.441	2.257	8.921	-0.069	0.143	-0.064	0.000000	0.000000
1580114871978	1580114871958	1.616	2.262	9.237	-0.066	0.149	-0.043	0.000000	0.000000
1580114871999	1580114871976	1.719	3.060	9.132	0.004	0.121	-0.084	0.000000	0.000000
1580114872020	1580114871996	1.559	4.001	8.984	0.179	0.117	-0.138	0.000000	0.000000
1580114872038	1580114872020	1.329	4.315	8.859	0.271	0.150	-0.178	0.000000	0.000000
1580114872058	1580114872036	1.192	4.106	8.727	0.192	0.165	-0.201	0.000000	0.000000
1580114872077	1580114872056	1.202	3.867	8.746	0.072	0.149	-0.210	0.000000	0.000000
1580114872097	1580114872076	1.197	3.737	8.713	0.013	0.131	-0.185	0.000000	0.000000
1580114872118	1580114872096	1.120	3.551	8.639	-0.002	0.123	-0.139	0.000000	0.000000
1580114872140	1580114872118	1.060	3.141	8.617	-0.058	0.123	-0.084	0.000000	0.000000
1580114872158	1580114872137	1.013	2.571	8.833	-0.138	0.131	-0.032	0.000000	0.000000
1580114872177	1580114872156	0.931	2.082	9.247	-0.169	0.153	0.013	0.000000	0.000000
1580114872197	1580114872176	0.991	1.972	9.443	-0.145	0.161	0.022	0.000000	0.000000
1580114872221	1580114872195	1.106	2.561	9.305	-0.057	0.137	-0.017	0.000000	0.000000
1580114872237	1580114872219	1.024	3.318	9.290	0.080	0.110	-0.071	0.000000	0.000000
1580114872258	1580114872236	0.960	3.632	9.391	0.140	0.106	-0.088	0.000000	0.000000
1580114872276	1580114872257	0.977	3.733	9.535	0.091	0.075	-0.100	0.000000	0.000000
1580114872296	1580114872275	1.154	3.826	9.374	0.055	0.032	-0.076	0.000000	0.000000
1580114872317	1580114872295	1.221	3.596	9.115	0.056	-0.006	-0.053	0.000000	0.000000
1580114872340	1580114872317	1.060	3.143	8.969	0.015	-0.006	-0.046	0.000000	0.000000
1580114872357	1580114872336	0.828	2.945	8.864	-0.012	0.022	-0.033	0.000000	0.000000
1580114872376	1580114872355	0.727	2.844	8.689	0.026	0.041	-0.024	0.000000	0.000000
1580114872397	1580114872375	0.842	2.947	8.490	0.017	0.031	-0.039	0.000000	0.000000
1580114872417	1580114872395	0.869	3.304	8.337	0.020	0.020	-0.066	0.000000	0.000000
1580114872437	1580114872414	0.866	3.682	8.332	0.053	0.038	-0.067	0.000000	0.000000
1580114872456	1580114872437	0.864	3.723	8.401	0.051	0.061	-0.058	0.000000	0.000000
1580114872479	1580114872455	1.159	3.646	8.246	-0.023	0.068	-0.033	0.000000	0.000000
