1580114683307	1580114683306	0.105	6.339	6.756	-0.055	-0.026	-0.007	0.000000	0.000000
1580114683332	1580114683332	0.253	6.301	6.832	-0.135	-0.032	0.001	0.000000	0.000000
1580114683346	1580114683345	0.433	6.200	6.868	-0.172	-0.027	0.011	0.000000	0.000000
1580114683366	1580114683365	0.545	5.968	6.756	-0.190	-0.024	0.013	0.000000	0.000000
1580114683386	1580114683385	0.509	5.752	6.595	-0.196	-0.025	0.031	0.000000	0.000000
1580114683406	1580114683405	0.450	5.424	6.425	-0.217	-0.041	0.051	0.000000	0.000000
1580114683427	1580114683426	0.416	5.110	6.178	-0.228	-0.073	0.073	0.000000	0.000000
1580114683447	1580114683445	0.332	4.906	5.877	-0.228	-0.092	0.093	0.000000	0.000000
1580114683466	1580114683466	0.179	4.736	5.589	-0.244	-0.100	0.129	0.000000	0.000000
1580114683486	1580114683484	0.181	4.763	5.316	-0.286	-0.122	0.156	0.000000	0.000000
1580114683505	1580114683505	0.320	4.605	4.983	-0.361	-0.134	0.163	0.000000	0.000000
1580114683526	1580114683524	0.459	4.533	4.971	-0.403	-0.126	0.150	0.000000	0.000000
1580114683546	1580114683544	0.426	4.645	5.117	-0.429	-0.126	0.142	0.000000	0.000000
1580114683565	1580114683564	0.466	4.518	5.088	-0.441	-0.150	0.127	0.000000	0.000000
1580114683589	1580114683589	0.591	4.250	5.041	-0.450	-0.167	0.110	0.000000	0.000000
1580114683605	1580114683605	0.557	3.929	5.275	-0.496	-0.143	0.097	0.000000	0.000000
1580114683625	1580114683624	0.531	3.817	5.733	-0.534	-0.118	0.105	0.000000	0.000000
1580114683646	1580114683644	0.531	3.881	6.119	-0.515	-0.098	0.146	0.000000	0.000000
1580114683665	1580114683664	0.636	3.805	6.320	-0.485	-0.092	0.197	0.000000	0.000000
1580114683686	1580114683684	0.636	3.507	6.466	-0.471	-0.097	0.244	0.000000	0.000000
1580114683705	1580114683703	0.730	3.457	6.691	-0.478	-0.104	0.292	0.000000	0.000000
1580114683725	1580114683723	0.814	3.407	6.933	-0.516	-0.103	0.329	0.000000	0.000000
1580114683744	1580114683743	0.859	3.515	7.517	-0.523	-0.141	0.382	0.000000	0.000000
1580114683764	1580114683764	1.063	3.519	7.994	-0.520	-0.223	0.434	0.000000	0.000000
1580114683784	1580114683783	1.563	3.189	7.841	-0.497	-0.290	0.444	0.000000	0.000000
1580114683804	1580114683803	1.966	3.146	7.700	-0.399	-0.264	0.424	0.000000	0.000000
1580114683824	1580114683823	1.944	3.455	7.788	-0.345	-0.153	0.390	0.000000	0.000000
1580114683844	1580114683843	1.652	3.115	8.231	-0.334	-0.061	0.280	0.000000	0.000000
1580114683868	1580114683863	1.403	2.873	8.916	-0.288	-0.020	0.147	0.000000	0.000000
1580114683886	1580114683883	1.257	3.098	9.216	-0.262	-0.008	0.096	0.000000	0.000000
1580114683904	1580114683903	0.929	3.488	9.206	-0.326	-0.004	0.030	0.000000	0.000000
1580114683924	1580114683923	0.756	3.888	9.041	-0.402	-0.038	-0.028	0.000000	0.000000
1580114683944	1580114683943	0.795	4.080	8.823	-0.478	-0.044	-0.030	0.000000	0.000000
1580114683963	1580114683963	0.931	3.699	9.146	-0.678	-0.058	-0.007	0.000000	0.000000
1580114683984	1580114683982	1.101	2.945	9.764	-0.735	-0.094	0.075	0.000000	0.000000
1580114684003	1580114684002	1.465	2.703	10.119	-0.551	-0.124	0.149	0.000000	0.000000
1580114684023	1580114684022	1.935	2.801	10.438	-0.464	-0.123	0.189	0.000000	0.000000
1580114684046	1580114684043	2.239	2.779	10.787	-0.540	-0.096	0.206	0.000000	0.000000
1580114684070	1580114684064	2.349	2.360	11.099	-0.507	-0.053	0.166	0.000000	0.000000
1580114684086	1580114684084	2.459	2.305	10.931	-0.286	0.000	0.121	0.000000	0.000000
1580114684103	1580114684102	2.534	2.521	10.442	-0.184	0.039	0.066	0.000000	0.000000
1580114684124	1580114684123	2.608	2.580	10.176	-0.206	0.091	-0.008	0.000000	0.000000
1580114684143	1580114684142	2.495	2.588	10.476	-0.196	0.196	-0.088	0.000000	0.000000
1580114684163	1580114684162	2.126	2.638	10.965	-0.190	0.295	-0.174	0.000000	0.000000
1580114684185	1580114684184	1.829	2.645	11.274	-0.187	0.338	-0.224	0.000000	0.000000
1580114684209	1580114684202	1.575	2.746	11.602	-0.171	0.349	-0.269	0.000000	0.000000
1580114684223	1580114684222	1.367	2.904	12.095	-0.185	0.326	-0.323	0.000000	0.000000
1580114684243	1580114684243	0.986	3.086	12.792	-0.136	0.297	-0.320	0.000000	0.000000
1580114684273	1580114684266	0.828	3.596	13.046	-0.019	0.238	-0.263	0.000000	0.000000
1580114684285	1580114684285	0.840	4.075	13.156	0.028	0.142	-0.206	0.000000	0.000000
1580114684304	1580114684304	0.821	4.408	13.401	0.009	0.038	-0.109	0.000000	0.000000
1580114684323	1580114684323	0.634	4.645	13.765	-0.049	-0.009	0.013	0.000000	0.000000
1580114684344	1580114684342	0.653	4.509	14.316	-0.155	-0.055	0.133	0.000000	0.000000
1580114684363	1580114684363	0.898	4.082	15.071	-0.229	-0.075	0.218	0.000000	0.000000
1580114684386	1580114684383	1.463	3.666	15.506	-0.304	-0.123	0.231	0.000000	0.000000
1580114684404	1580114684405	2.102	3.582	15.724	-0.375	-0.164	0.193	0.000000	0.000000
1580114684424	1580114684422	2.503	3.704	15.801	-0.338	-0.178	0.122	0.000000	0.000000
1580114684443	1580114684442	2.601	3.678	15.336	-0.143	-0.182	0.042	0.000000	0.000000
1580114684464	1580114684464	2.620	3.711	14.429	0.134	-0.164	-0.021	0.000000	0.000000
1580114684492	1580114684487	2.512	3.881	13.672	0.274	-0.113	-0.041	0.000000	0.000000
1580114684502	1580114684502	2.304	3.745	13.113	0.302	-0.060	-0.065	0.000000	0.000000
1580114684525	1580114684525	2.035	3.357	12.567	0.358	-0.007	-0.104	0.000000	0.000000
1580114684542	1580114684542	1.841	2.877	11.705	0.404	0.008	-0.152	0.000000	0.000000
1580114684562	1580114684561	1.772	2.427	10.869	0.384	0.002	-0.188	0.000000	0.000000
1580114684585	1580114684582	1.813	2.228	10.289	0.335	0.013	-0.223	0.000000	0.000000
1580114684603	1580114684603	1.937	2.001	9.700	0.277	0.068	-0.284	0.000000	0.000000
1580114684621	1580114684621	1.815	1.713	9.132	0.281	0.154	-0.353	0.000000	0.000000
1580114684643	1580114684642	1.532	1.718	9.043	0.275	0.218	-0.400	0.000000	0.000000
1580114684662	1580114684661	1.329	1.804	9.223	0.138	0.214	-0.376	0.000000	0.000000
1580114684687	1580114684687	1.568	1.914	9.079	-0.006	0.171	-0.360	0.000000	0.000000
1580114684702	1580114684702	1.619	2.097	8.801	0.033	0.189	-0.386	0.000000	0.000000
1580114684727	1580114684721	1.082	2.600	8.653	0.115	0.235	-0.392	0.000000	0.000000
1580114684741	1580114684741	0.447	2.901	8.773	0.009	0.171	-0.328	0.000000	0.000000
1580114684762	1580114684761	0.507	2.707	8.852	-0.080	-0.025	-0.200	0.000000	0.000000
1580114684782	1580114684780	1.494	2.901	8.619	0.041	-0.158	-0.157	0.000000	0.000000
1580114684806	1580114684804	1.334	2.844	8.025	0.215	-0.085	-0.221	0.000000	0.000000
1580114684825	1580114684821	0.814	3.345	7.582	0.308	-0.056	-0.267	0.000000	0.000000
1580114684842	1580114684841	0.418	3.412	7.247	0.184	-0.106	-0.224	0.000000	0.000000
1580114684862	1580114684860	0.471	2.741	6.830	0.060	-0.188	-0.172	0.000000	0.000000
1580114684883	1580114684883	0.799	2.590	6.519	0.097	-0.212	-0.153	0.000000	0.000000
1580114684901	1580114684902	0.629	2.619	6.394	0.133	-0.113	-0.171	0.000000	0.000000
1580114684921	1580114684921	0.371	2.832	6.437	0.092	-0.051	-0.147	0.000000	0.000000
1580114684942	1580114684942	0.418	2.964	6.430	-0.034	-0.082	-0.064	0.000000	0.000000
1580114684960	1580114684960	0.881	2.798	6.200	-0.107	-0.135	-0.013	0.000000	0.000000
1580114684981	1580114684979	1.118	2.837	6.327	-0.031	-0.068	-0.032	0.000000	0.000000
1580114685003	1580114684999	0.830	3.069	6.511	0.041	0.049	-0.079	0.000000	0.000000
1580114685021	1580114685021	0.531	3.457	6.614	0.072	0.059	-0.057	0.000000	0.000000
1580114685040	1580114685039	0.612	3.175	6.430	0.124	-0.018	-0.024	0.000000	0.000000
1580114685059	1580114685059	0.804	2.887	5.987	0.257	-0.044	0.019	0.000000	0.000000
1580114685079	1580114685078	0.749	2.839	5.687	0.301	0.004	0.042	0.000000	0.000000
1580114685101	1580114685102	0.816	2.880	5.913	0.209	0.045	0.030	0.000000	0.000000
1580114685120	1580114685118	0.737	3.083	6.550	0.144	0.106	0.039	0.000000	0.000000
1580114685144	1580114685138	0.600	3.136	6.899	0.191	0.128	0.073	0.000000	0.000000
1580114685159	1580114685158	0.737	3.184	7.031	0.239	0.102	0.092	0.000000	0.000000
1580114685179	1580114685178	0.898	3.227	7.218	0.173	0.066	0.078	0.000000	0.000000
1580114685199	1580114685198	0.998	3.275	7.326	0.074	0.056	0.050	0.000000	0.000000
1580114685222	1580114685222	0.902	3.496	7.429	0.065	0.084	0.038	0.000000	0.000000
1580114685243	1580114685242	0.950	3.819	7.527	0.064	0.086	0.017	0.000000	0.000000
1580114685259	1580114685258	0.967	4.003	7.724	0.064	0.108	0.003	0.000000	0.000000
1580114685279	1580114685278	0.814	4.269	8.119	0.117	0.155	0.010	0.000000	0.000000
1580114685300	1580114685300	0.687	4.401	8.416	0.159	0.161	0.019	0.000000	0.000000
1580114685318	1580114685317	0.634	4.542	8.605	0.200	0.153	0.034	0.000000	0.000000
1580114685339	1580114685337	0.526	4.650	8.686	0.207	0.145	0.048	0.000000	0.000000
1580114685358	1580114685357	0.474	4.686	8.502	0.173	0.129	0.068	0.000000	0.000000
1580114685378	1580114685377	0.589	4.772	8.155	0.062	0.116	0.084	0.000000	0.000000
1580114685397	1580114685397	0.720	4.550	8.085	-0.115	0.135	0.091	0.000000	0.000000
1580114685428	1580114685423	0.847	4.241	8.464	-0.213	0.172	0.084	0.000000	0.000000
1580114685441	1580114685437	0.886	4.008	9.084	-0.183	0.198	0.075	0.000000	0.000000
1580114685458	1580114685457	0.938	3.881	9.443	-0.100	0.179	0.052	0.000000	0.000000
1580114685477	1580114685477	0.984	3.809	9.499	-0.022	0.136	0.019	0.000000	0.000000
1580114685497	1580114685497	1.013	3.905	9.405	0.044	0.088	-0.032	0.000000	0.000000
1580114685519	1580114685519	1.029	4.080	9.099	0.089	0.058	-0.095	0.000000	0.000000
1580114685539	1580114685539	0.972	4.264	8.787	0.125	0.044	-0.149	0.000000	0.000000
1580114685557	1580114685557	0.905	4.463	8.540	0.152	0.039	-0.190	0.000000	0.000000
1580114685577	1580114685576	0.773	4.626	8.342	0.173	0.049	-0.213	0.000000	0.000000
1580114685597	1580114685597	0.596	4.748	8.236	0.170	0.058	-0.217	0.000000	0.000000
1580114685622	1580114685619	0.454	4.827	8.136	0.144	0.057	-0.194	0.000000	0.000000
1580114685639	1580114685636	0.366	4.899	8.090	0.116	0.040	-0.142	0.000000	0.000000
1580114685657	1580114685656	0.251	4.823	8.021	0.091	0.029	-0.072	0.000000	0.000000
1580114685677	1580114685676	0.141	4.715	7.939	0.075	0.021	0.003	0.000000	0.000000
1580114685696	1580114685696	0.093	4.588	7.846	0.042	0.009	0.075	0.000000	0.000000
1580114685718	1580114685716	0.050	4.423	7.733	-0.002	0.000	0.140	0.000000	0.000000
1580114685743	1580114685736	0.042	4.260	7.561	-0.039	-0.005	0.191	0.000000	0.000000
1580114685756	1580114685756	0.203	4.063	7.300	-0.061	-0.011	0.219	0.000000	0.000000
1580114685777	1580114685775	0.227	3.874	6.962	-0.021	0.021	0.235	0.000000	0.000000
1580114685796	1580114685795	0.224	3.721	6.526	0.024	0.044	0.228	0.000000	0.000000
1580114685819	1580114685819	0.141	3.385	6.109	0.026	0.063	0.207	0.000000	0.000000
1580114685842	1580114685842	0.042	3.143	5.726	0.014	0.096	0.180	0.000000	0.000000
1580114685856	1580114685855	0.042	2.933	5.429	-0.047	0.139	0.137	0.000000	0.000000
1580114685879	1580114685879	0.102	2.767	5.405	-0.156	0.172	0.081	0.000000	0.000000
1580114685895	1580114685895	0.275	2.746	5.623	-0.244	0.194	0.022	0.000000	0.000000
1580114685916	1580114685915	0.299	2.971	5.716	-0.248	0.214	-0.032	0.000000	0.000000
1580114685939	1580114685937	0.227	3.201	5.687	-0.258	0.201	-0.064	0.000000	0.000000
1580114685956	1580114685956	0.157	3.019	5.884	-0.340	0.171	-0.055	0.000000	0.000000
1580114685976	1580114685975	0.196	2.585	6.310	-0.435	0.133	-0.016	0.000000	0.000000
1580114685997	1580114685996	0.241	2.188	6.820	-0.442	0.102	0.022	0.000000	0.000000
1580114686015	1580114686014	0.311	1.938	7.125	-0.397	0.062	0.041	0.000000	0.000000
1580114686035	1580114686034	0.311	1.807	7.254	-0.370	0.024	0.032	0.000000	0.000000
1580114686054	1580114686054	0.486	2.034	7.314	-0.395	-0.017	0.041	0.000000	0.000000
1580114686080	1580114686078	0.663	2.418	7.529	-0.447	-0.037	0.051	0.000000	0.000000
1580114686094	1580114686094	0.806	2.487	7.709	-0.493	-0.055	0.029	0.000000	0.000000
1580114686115	1580114686114	0.972	2.549	7.850	-0.428	-0.057	0.016	0.000000	0.000000
1580114686136	1580114686136	0.957	2.609	8.088	-0.323	-0.031	-0.026	0.000000	0.000000
1580114686164	1580114686155	0.847	2.456	8.416	-0.277	0.005	-0.087	0.000000	0.000000
1580114686177	1580114686174	0.615	2.264	8.519	-0.259	0.048	-0.110	0.000000	0.000000
1580114686194	1580114686194	0.232	2.224	8.909	-0.315	0.086	-0.101	0.000000	0.000000
1580114686214	1580114686214	0.064	1.977	9.523	-0.425	0.068	-0.105	0.000000	0.000000
1580114686236	1580114686234	-0.049	1.843	9.846	-0.378	0.064	-0.091	0.000000	0.000000
1580114686254	1580114686253	-0.156	2.085	10.016	-0.304	0.060	-0.083	0.000000	0.000000
1580114686279	1580114686278	-0.130	1.998	10.287	-0.409	0.021	-0.069	0.000000	0.000000
1580114686294	1580114686293	0.172	1.716	10.675	-0.513	-0.005	-0.068	0.000000	0.000000
1580114686314	1580114686313	0.385	1.464	11.015	-0.457	0.011	-0.116	0.000000	0.000000
1580114686339	1580114686338	0.241	1.591	11.156	-0.308	0.031	-0.144	0.000000	0.000000
1580114686360	1580114686356	0.339	2.147	11.063	-0.259	-0.009	-0.173	0.000000	0.000000
1580114686376	1580114686374	0.677	2.456	10.639	-0.279	-0.050	-0.226	0.000000	0.000000
1580114686394	1580114686393	0.598	2.312	10.270	-0.203	-0.012	-0.261	0.000000	0.000000
1580114686414	1580114686413	0.303	2.216	10.215	-0.049	0.046	-0.238	0.000000	0.000000
1580114686433	1580114686433	0.014	2.190	10.459	0.040	0.065	-0.196	0.000000	0.000000
1580114686455	1580114686455	-0.164	2.315	10.591	0.027	0.058	-0.139	0.000000	0.000000
1580114686474	1580114686472	-0.372	2.492	10.687	-0.069	0.065	-0.085	0.000000	0.000000
1580114686494	1580114686493	-0.578	2.334	11.039	-0.247	0.059	-0.006	0.000000	0.000000
1580114686513	1580114686512	-0.552	2.017	11.556	-0.330	0.050	0.065	0.000000	0.000000
1580114686532	1580114686532	-0.523	1.960	11.997	-0.268	0.061	0.114	0.000000	0.000000
1580114686559	1580114686554	-0.348	2.063	12.217	-0.260	0.049	0.143	0.000000	0.000000
1580114686574	1580114686574	-0.003	2.171	12.402	-0.363	0.014	0.166	0.000000	0.000000
1580114686594	1580114686592	0.109	2.049	12.948	-0.427	0.008	0.167	0.000000	0.000000
1580114686613	1580114686612	0.148	2.061	13.473	-0.327	0.024	0.154	0.000000	0.000000
1580114686632	1580114686632	0.006	2.291	13.806	-0.158	0.047	0.159	0.000000	0.000000
1580114686654	1580114686653	-0.207	2.648	14.084	-0.047	0.028	0.169	0.000000	0.000000
1580114686674	1580114686672	-0.212	3.057	14.203	-0.012	-0.022	0.161	0.000000	0.000000
1580114686693	1580114686692	-0.121	3.105	14.261	-0.076	-0.091	0.164	0.000000	0.000000
1580114686712	1580114686712	-0.106	2.573	14.457	-0.180	-0.139	0.177	0.000000	0.000000
1580114686732	1580114686732	0.227	2.322	14.805	-0.252	-0.152	0.183	0.000000	0.000000
1580114686756	1580114686752	0.692	2.097	15.162	-0.317	-0.153	0.178	0.000000	0.000000
1580114686778	1580114686777	0.876	2.106	15.574	-0.247	-0.124	0.148	0.000000	0.000000
1580114686794	1580114686791	0.986	2.403	15.545	-0.151	-0.119	0.085	0.000000	0.000000
1580114686812	1580114686811	0.974	2.659	15.530	-0.097	-0.180	0.072	0.000000	0.000000
1580114686832	1580114686831	1.144	2.753	14.975	0.021	-0.258	0.077	0.000000	0.000000
1580114686852	1580114686850	1.298	2.880	13.844	0.204	-0.273	0.071	0.000000	0.000000
1580114686872	1580114686872	1.226	2.966	12.847	0.332	-0.230	0.046	0.000000	0.000000
1580114686893	1580114686893	1.001	2.880	12.419	0.368	-0.166	0.041	0.000000	0.000000
1580114686912	1580114686911	0.727	2.458	12.301	0.374	-0.123	0.034	0.000000	0.000000
1580114686932	1580114686931	0.706	2.015	11.971	0.457	-0.107	0.001	0.000000	0.000000
1580114686951	1580114686950	0.814	1.847	11.235	0.584	-0.085	-0.025	0.000000	0.000000
1580114686977	1580114686977	0.756	1.929	10.608	0.627	-0.036	-0.033	0.000000	0.000000
1580114686991	1580114686991	0.565	1.874	10.366	0.534	0.005	-0.010	0.000000	0.000000
1580114687012	1580114687010	0.620	1.711	10.308	0.392	0.000	0.011	0.000000	0.000000
1580114687030	1580114687030	0.926	1.529	10.272	0.316	-0.021	-0.014	0.000000	0.000000
1580114687052	1580114687051	1.204	1.658	10.081	0.362	-0.036	-0.015	0.000000	0.000000
1580114687073	1580114687073	1.195	1.955	10.105	0.369	-0.055	-0.013	0.000000	0.000000
1580114687095	1580114687092	1.199	1.917	10.143	0.292	-0.132	0.021	0.000000	0.000000
1580114687113	1580114687113	1.302	1.713	9.844	0.281	-0.213	0.032	0.000000	0.000000
1580114687132	1580114687131	1.657	1.639	9.242	0.339	-0.274	-0.008	0.000000	0.000000
1580114687151	1580114687150	1.793	1.641	8.641	0.484	-0.281	-0.099	0.000000	0.000000
1580114687174	1580114687174	1.468	1.859	8.186	0.587	-0.244	-0.128	0.000000	0.000000
1580114687198	1580114687198	1.231	2.094	7.894	0.594	-0.234	-0.135	0.000000	0.000000
1580114687212	1580114687211	0.924	1.876	7.549	0.597	-0.208	-0.135	0.000000	0.000000
1580114687232	1580114687231	0.675	1.675	7.103	0.664	-0.186	-0.142	0.000000	0.000000
1580114687251	1580114687250	0.842	1.926	7.000	0.712	-0.196	-0.142	0.000000	0.000000
1580114687271	1580114687270	1.005	2.006	6.940	0.708	-0.171	-0.183	0.000000	0.000000
1580114687297	1580114687297	0.783	2.106	6.612	0.800	-0.113	-0.247	0.000000	0.000000
1580114687312	1580114687312	0.452	2.262	6.174	0.893	-0.114	-0.280	0.000000	0.000000
1580114687330	1580114687330	0.318	2.161	5.512	0.872	-0.170	-0.286	0.000000	0.000000
1580114687350	1580114687350	0.519	2.240	5.163	0.830	-0.189	-0.277	0.000000	0.000000
1580114687370	1580114687370	0.591	2.559	5.074	0.850	-0.121	-0.274	0.000000	0.000000
1580114687391	1580114687389	0.414	2.942	4.789	0.854	-0.039	-0.255	0.000000	0.000000
1580114687413	1580114687411	0.327	3.179	4.657	0.772	-0.035	-0.212	0.000000	0.000000
1580114687430	1580114687430	0.440	3.220	4.732	0.604	-0.056	-0.165	0.000000	0.000000
1580114687449	1580114687450	0.617	3.428	5.156	0.462	-0.052	-0.120	0.000000	0.000000
1580114687470	1580114687469	0.696	3.771	5.271	0.361	-0.035	-0.092	0.000000	0.000000
1580114687491	1580114687491	0.725	3.934	5.304	0.217	-0.024	-0.068	0.000000	0.000000
1580114687511	1580114687510	0.881	4.197	5.766	0.095	0.006	-0.046	0.000000	0.000000
1580114687534	1580114687530	0.914	4.684	6.255	0.047	0.066	-0.027	0.000000	0.000000
1580114687550	1580114687548	0.941	5.175	6.578	0.053	0.089	-0.021	0.000000	0.000000
1580114687569	1580114687568	0.938	5.424	6.605	0.074	0.092	-0.025	0.000000	0.000000
1580114687589	1580114687588	0.804	5.589	6.770	0.100	0.102	-0.013	0.000000	0.000000
1580114687612	1580114687612	0.682	5.714	6.873	0.134	0.102	-0.011	0.000000	0.000000
1580114687632	1580114687629	0.629	5.716	6.715	0.182	0.097	-0.011	0.000000	0.000000
1580114687650	1580114687650	0.488	5.604	6.648	0.207	0.090	-0.008	0.000000	0.000000
1580114687669	1580114687669	0.421	5.448	6.756	0.170	0.080	0.013	0.000000	0.000000
1580114687689	1580114687688	0.548	5.338	6.921	0.109	0.075	0.018	0.000000	0.000000
1580114687711	1580114687710	0.627	5.275	7.228	0.081	0.077	0.025	0.000000	0.000000
1580114687734	1580114687730	0.627	5.362	7.549	0.078	0.076	0.019	0.000000	0.000000
1580114687750	1580114687749	0.771	5.501	7.632	0.057	0.050	-0.002	0.000000	0.000000
1580114687769	1580114687767	0.792	5.522	7.424	0.019	0.045	-0.026	0.000000	0.000000
1580114687789	1580114687787	0.852	5.647	7.144	-0.058	0.047	-0.048	0.000000	0.000000
1580114687808	1580114687808	0.960	5.529	7.029	-0.167	0.077	-0.073	0.000000	0.000000
1580114687832	1580114687829	0.835	5.290	7.323	-0.213	0.146	-0.097	0.000000	0.000000
1580114687849	1580114687849	0.497	5.218	8.148	-0.180	0.194	-0.093	0.000000	0.000000
1580114687867	1580114687867	0.268	5.103	8.713	-0.150	0.164	-0.071	0.000000	0.000000
1580114687889	1580114687888	0.239	4.993	8.933	-0.125	0.092	-0.053	0.000000	0.000000
1580114687910	1580114687910	0.332	4.921	8.979	-0.145	0.010	-0.034	0.000000	0.000000
1580114687933	1580114687933	0.584	4.911	8.794	-0.172	-0.063	-0.033	0.000000	0.000000
1580114687947	1580114687947	0.730	5.002	8.629	-0.157	-0.105	-0.041	0.000000	0.000000
1580114687976	1580114687973	0.838	5.134	8.349	-0.122	-0.129	-0.054	0.000000	0.000000
1580114687987	1580114687986	0.852	5.393	8.011	-0.059	-0.106	-0.079	0.000000	0.000000
1580114688006	1580114688006	0.708	5.810	7.963	-0.028	-0.064	-0.092	0.000000	0.000000
1580114688029	1580114688026	0.442	5.838	7.949	-0.033	-0.029	-0.086	0.000000	0.000000
1580114688047	1580114688046	0.215	5.707	7.767	-0.007	-0.016	-0.057	0.000000	0.000000
1580114688067	1580114688066	0.076	5.611	7.599	0.009	-0.008	-0.007	0.000000	0.000000
1580114688087	1580114688086	-0.089	5.474	7.465	-0.008	0.008	0.044	0.000000	0.000000
1580114688106	1580114688105	-0.233	5.386	7.340	-0.048	0.025	0.088	0.000000	0.000000
1580114688133	1580114688132	-0.324	5.129	7.256	-0.114	0.020	0.130	0.000000	0.000000
1580114688146	1580114688145	-0.233	4.844	7.170	-0.116	-0.020	0.165	0.000000	0.000000
1580114688167	1580114688167	-0.113	4.688	6.840	-0.082	-0.040	0.190	0.000000	0.000000
1580114688185	1580114688185	-0.099	4.485	6.368	-0.085	-0.071	0.209	0.000000	0.000000
1580114688206	1580114688205	0.006	4.324	5.869	-0.085	-0.125	0.224	0.000000	0.000000
1580114688227	1580114688227	0.136	4.104	5.335	-0.080	-0.155	0.237	0.000000	0.000000
1580114688251	1580114688246	0.284	3.788	4.866	-0.061	-0.165	0.222	0.000000	0.000000
1580114688266	1580114688265	0.385	3.378	4.609	-0.040	-0.137	0.202	0.000000	0.000000
1580114688285	1580114688285	0.284	3.119	4.619	-0.005	-0.067	0.247	0.000000	0.000000
1580114688305	1580114688305	0.294	2.971	4.537	-0.048	-0.028	0.295	0.000000	0.000000
1580114688328	1580114688327	0.435	2.779	4.559	-0.214	-0.003	0.345	0.000000	0.000000
1580114688346	1580114688346	0.577	2.389	4.633	-0.358	0.032	0.349	0.000000	0.000000
1580114688365	1580114688365	0.866	2.350	4.863	-0.393	0.087	0.282	0.000000	0.000000
1580114688386	1580114688384	1.125	2.856	5.484	-0.415	0.143	0.204	0.000000	0.000000
1580114688405	1580114688405	1.125	3.469	6.408	-0.467	0.158	0.191	0.000000	0.000000
1580114688424	1580114688424	1.199	3.555	7.144	-0.506	0.107	0.214	0.000000	0.000000
1580114688450	1580114688449	1.384	3.323	7.609	-0.408	0.055	0.219	0.000000	0.000000
1580114688466	1580114688465	1.345	3.335	7.889	-0.265	0.017	0.228	0.000000	0.000000
1580114688484	1580114688484	1.417	3.359	7.870	-0.263	-0.072	0.226	0.000000	0.000000
1580114688505	1580114688503	1.712	3.117	7.810	-0.326	-0.160	0.202	0.000000	0.000000
1580114688525	1580114688524	1.748	2.774	7.886	-0.296	-0.162	0.177	0.000000	0.000000
1580114688546	1580114688546	1.626	2.695	8.025	-0.198	-0.133	0.158	0.000000	0.000000
1580114688565	1580114688564	1.698	2.703	7.824	-0.152	-0.121	0.139	0.000000	0.000000
1580114688589	1580114688589	1.695	2.760	7.939	-0.165	-0.082	0.156	0.000000	0.000000
1580114688604	1580114688603	1.748	2.837	8.466	-0.220	-0.051	0.188	0.000000	0.000000
1580114688624	1580114688623	2.026	2.782	8.713	-0.270	-0.017	0.153	0.000000	0.000000
1580114688644	1580114688644	2.136	2.844	8.816	-0.281	0.073	0.047	0.000000	0.000000
1580114688667	1580114688667	1.947	3.079	9.252	-0.340	0.157	-0.024	0.000000	0.000000
1580114688687	1580114688686	1.726	3.079	9.839	-0.412	0.180	-0.064	0.000000	0.000000
1580114688704	1580114688703	1.647	3.019	10.191	-0.385	0.171	-0.118	0.000000	0.000000
1580114688724	1580114688723	1.448	3.321	10.514	-0.362	0.186	-0.147	0.000000	0.000000
1580114688743	1580114688742	1.403	3.486	10.526	-0.429	0.162	-0.184	0.000000	0.000000
1580114688763	1580114688762	1.465	3.347	10.809	-0.435	0.152	-0.184	0.000000	0.000000
1580114688784	1580114688783	1.365	3.254	11.477	-0.305	0.186	-0.101	0.000000	0.000000
1580114688803	1580114688803	1.247	3.287	11.760	-0.234	0.171	-0.048	0.000000	0.000000
1580114688822	1580114688822	1.151	3.306	11.724	-0.217	0.093	-0.028	0.000000	0.000000
1580114688846	1580114688846	1.096	3.258	11.767	-0.167	0.018	-0.049	0.000000	0.000000
1580114688867	1580114688867	0.917	3.364	11.961	-0.111	-0.014	-0.082	0.000000	0.000000
1580114688885	1580114688884	0.692	3.682	12.153	-0.116	-0.038	-0.082	0.000000	0.000000
1580114688902	1580114688902	0.622	3.776	12.100	-0.207	-0.068	-0.097	0.000000	0.000000
1580114688923	1580114688922	0.771	4.097	12.481	-0.287	-0.066	-0.105	0.000000	0.000000
1580114688942	1580114688941	0.933	4.308	13.219	-0.282	-0.048	-0.103	0.000000	0.000000
1580114688963	1580114688963	0.993	4.459	13.985	-0.181	-0.007	-0.109	0.000000	0.000000
1580114688984	1580114688983	0.835	4.423	14.388	-0.102	0.021	-0.076	0.000000	0.000000
1580114689002	1580114689002	1.001	4.734	14.599	-0.025	0.000	-0.047	0.000000	0.000000
1580114689022	1580114689022	1.211	4.969	14.553	0.083	-0.018	-0.003	0.000000	0.000000
1580114689042	1580114689041	1.369	5.002	14.292	0.166	-0.028	0.041	0.000000	0.000000
1580114689069	1580114689066	1.496	4.777	14.146	0.178	-0.044	0.068	0.000000	0.000000
1580114689084	1580114689081	1.707	4.334	13.885	0.176	-0.056	0.065	0.000000	0.000000
1580114689102	1580114689101	1.937	4.078	13.602	0.216	-0.040	0.043	0.000000	0.000000
1580114689122	1580114689121	1.925	4.025	13.418	0.223	-0.003	0.024	0.000000	0.000000
1580114689142	1580114689141	1.719	4.164	13.477	0.194	0.030	0.006	0.000000	0.000000
1580114689162	1580114689162	1.508	4.138	13.415	0.191	0.045	-0.006	0.000000	0.000000
1580114689184	1580114689183	1.456	4.090	13.283	0.246	0.061	-0.030	0.000000	0.000000
1580114689201	1580114689201	1.178	4.152	13.008	0.302	0.068	-0.049	0.000000	0.000000
1580114689222	1580114689221	0.672	4.257	12.649	0.362	0.039	-0.027	0.000000	0.000000
1580114689241	1580114689241	0.603	4.128	11.638	0.378	-0.042	-0.020	0.000000	0.000000
1580114689264	1580114689264	0.737	3.869	10.397	0.370	-0.084	-0.019	0.000000	0.000000
1580114689288	1580114689288	0.783	3.979	9.867	0.368	-0.028	-0.009	0.000000	0.000000
1580114689301	1580114689301	0.735	4.312	9.887	0.308	0.033	0.014	0.000000	0.000000
1580114689324	1580114689324	0.773	4.109	9.501	0.206	0.038	0.015	0.000000	0.000000
1580114689341	1580114689340	1.171	3.785	8.993	0.168	0.026	0.014	0.000000	0.000000
1580114689361	1580114689360	1.396	3.452	8.801	0.147	0.074	-0.005	0.000000	0.000000
1580114689381	1580114689380	1.283	3.390	9.364	0.131	0.159	-0.019	0.000000	0.000000
1580114689401	1580114689401	1.032	3.498	9.784	0.137	0.196	-0.028	0.000000	0.000000
1580114689420	1580114689420	0.984	3.433	9.796	0.142	0.133	-0.035	0.000000	0.000000
1580114689440	1580114689440	1.171	3.141	9.470	0.131	0.030	-0.041	0.000000	0.000000
1580114689461	1580114689460	1.393	3.385	9.372	0.152	-0.014	-0.056	0.000000	0.000000
1580114689486	1580114689487	1.278	3.900	9.300	0.172	-0.023	-0.055	0.000000	0.000000
1580114689502	1580114689500	1.063	3.965	8.842	0.264	-0.101	-0.033	0.000000	0.000000
1580114689524	1580114689524	1.036	3.690	8.016	0.413	-0.183	-0.009	0.000000	0.000000
1580114689541	1580114689539	1.116	3.424	7.414	0.442	-0.198	-0.006	0.000000	0.000000
1580114689560	1580114689559	1.173	3.285	7.117	0.422	-0.176	-0.025	0.000000	0.000000
1580114689581	1580114689579	1.065	3.057	6.801	0.459	-0.117	-0.079	0.000000	0.000000
1580114689609	1580114689608	0.852	2.904	6.404	0.458	-0.070	-0.119	0.000000	0.000000
1580114689621	1580114689621	0.641	3.014	6.399	0.338	-0.058	-0.113	0.000000	0.000000
1580114689639	1580114689639	0.725	3.081	6.437	0.163	-0.077	-0.069	0.000000	0.000000
1580114689659	1580114689659	1.106	3.206	6.329	0.146	-0.057	-0.058	0.000000	0.000000
1580114689680	1580114689680	1.029	3.342	6.174	0.259	0.021	-0.049	0.000000	0.000000
1580114689699	1580114689699	0.763	3.783	6.248	0.278	0.031	-0.016	0.000000	0.000000
1580114689724	1580114689718	0.641	3.912	6.423	0.119	-0.034	0.052	0.000000	0.000000
1580114689739	1580114689738	0.945	3.560	6.451	0.047	-0.098	0.076	0.000000	0.000000
1580114689760	1580114689759	1.075	3.493	6.490	0.208	-0.093	0.045	0.000000	0.000000
1580114689784	1580114689784	0.859	3.694	6.305	0.334	-0.083	0.035	0.000000	0.000000
1580114689805	1580114689799	0.708	3.584	6.037	0.294	-0.133	0.039	0.000000	0.000000
1580114689821	1580114689821	0.711	3.290	5.965	0.247	-0.162	0.043	0.000000	0.000000
1580114689840	1580114689839	1.029	3.242	5.702	0.268	-0.131	-0.021	0.000000	0.000000
1580114689859	1580114689858	1.075	3.639	5.625	0.355	-0.045	-0.090	0.000000	0.000000
1580114689879	1580114689878	0.878	4.070	5.800	0.402	0.005	-0.113	0.000000	0.000000
1580114689900	1580114689900	0.823	4.159	6.054	0.367	-0.007	-0.093	0.000000	0.000000
1580114689921	1580114689918	1.106	4.315	6.157	0.347	-0.023	-0.085	0.000000	0.000000
1580114689939	1580114689939	1.180	4.521	6.238	0.347	-0.016	-0.095	0.000000	0.000000
1580114689959	1580114689957	1.096	4.573	6.135	0.320	-0.018	-0.093	0.000000	0.000000
1580114689980	1580114689978	1.082	4.617	6.083	0.219	-0.015	-0.082	0.000000	0.000000
1580114690005	1580114690000	1.068	4.827	6.341	0.081	0.007	-0.065	0.000000	0.000000
1580114690021	1580114690020	1.156	5.225	6.705	0.016	0.032	-0.063	0.000000	0.000000
1580114690039	1580114690039	1.092	5.625	7.120	0.016	0.058	-0.055	0.000000	0.000000
1580114690059	1580114690058	0.907	5.728	7.441	0.001	0.056	-0.014	0.000000	0.000000
1580114690079	1580114690078	0.996	5.721	7.558	-0.014	0.033	0.019	0.000000	0.000000
1580114690098	1580114690098	1.123	5.778	7.769	-0.009	0.013	0.007	0.000000	0.000000
1580114690121	1580114690118	1.096	5.764	7.975	0.018	-0.017	-0.013	0.000000	0.000000
1580114690139	1580114690139	0.986	5.774	8.045	0.086	-0.037	-0.027	0.000000	0.000000
1580114690159	1580114690158	0.953	5.862	7.865	0.134	-0.071	-0.023	0.000000	0.000000
1580114690179	1580114690177	1.063	5.848	7.446	0.139	-0.106	-0.044	0.000000	0.000000
1580114690201	1580114690201	0.965	5.927	7.247	0.131	-0.090	-0.054	0.000000	0.000000
1580114690222	1580114690222	0.780	5.934	7.129	0.066	-0.070	-0.034	0.000000	0.000000
1580114690238	1580114690237	0.857	5.908	7.012	-0.020	-0.064	-0.005	0.000000	0.000000
1580114690260	1580114690257	0.972	5.802	7.079	-0.072	-0.028	0.012	0.000000	0.000000
1580114690277	1580114690277	0.818	5.723	7.379	-0.086	0.035	0.029	0.000000	0.000000
1580114690298	1580114690297	0.821	5.589	7.656	-0.115	0.054	0.036	0.000000	0.000000
1580114690319	1580114690319	0.962	5.299	7.779	-0.166	0.033	0.040	0.000000	0.000000
1580114690341	1580114690338	1.080	5.256	7.910	-0.172	0.017	0.049	0.000000	0.000000
1580114690359	1580114690358	1.228	5.426	8.004	-0.214	0.011	0.046	0.000000	0.000000
1580114690378	1580114690377	1.345	5.338	8.078	-0.292	-0.009	0.039	0.000000	0.000000
1580114690397	1580114690396	1.477	5.211	8.131	-0.199	-0.040	0.040	0.000000	0.000000
1580114690422	1580114690422	1.446	5.266	8.119	-0.068	-0.038	0.054	0.000000	0.000000
1580114690438	1580114690437	1.389	5.445	7.937	-0.046	-0.069	0.051	0.000000	0.000000
1580114690459	1580114690458	1.367	5.539	7.556	-0.056	-0.086	0.048	0.000000	0.000000
1580114690477	1580114690476	1.235	5.479	7.141	-0.039	-0.065	0.059	0.000000	0.000000
1580114690497	1580114690496	1.020	5.453	6.919	-0.029	-0.027	0.079	0.000000	0.000000
1580114690517	1580114690517	0.859	5.422	6.578	-0.050	0.008	0.110	0.000000	0.000000
1580114690540	1580114690537	0.792	5.378	6.193	-0.104	0.042	0.141	0.000000	0.000000
1580114690556	1580114690556	0.715	5.163	5.855	-0.206	0.082	0.162	0.000000	0.000000
1580114690576	1580114690576	0.617	4.856	5.489	-0.316	0.128	0.176	0.000000	0.000000
1580114690596	1580114690596	0.553	4.554	5.050	-0.354	0.189	0.181	0.000000	0.000000
1580114690620	1580114690620	0.572	4.320	4.904	-0.350	0.273	0.174	0.000000	0.000000
1580114690637	1580114690636	0.553	3.716	5.024	-0.432	0.352	0.176	0.000000	0.000000
1580114690656	1580114690656	0.553	3.261	5.093	-0.399	0.418	0.129	0.000000	0.000000
1580114690678	1580114690677	0.509	3.060	5.302	-0.291	0.486	0.079	0.000000	0.000000
1580114690695	1580114690695	0.335	2.765	5.601	-0.264	0.508	0.015	0.000000	0.000000
1580114690717	1580114690715	0.203	2.552	5.599	-0.304	0.488	-0.036	0.000000	0.000000
1580114690739	1580114690739	0.167	2.636	5.206	-0.357	0.455	-0.085	0.000000	0.000000
1580114690755	1580114690754	0.289	2.808	5.141	-0.448	0.435	-0.115	0.000000	0.000000
1580114690775	1580114690774	0.351	2.602	5.369	-0.548	0.443	-0.114	0.000000	0.000000
1580114690796	1580114690794	0.313	2.408	5.795	-0.513	0.490	-0.107	0.000000	0.000000
1580114690816	1580114690814	0.371	2.458	6.214	-0.413	0.519	-0.123	0.000000	0.000000
1580114690837	1580114690836	0.287	2.420	6.351	-0.431	0.539	-0.148	0.000000	0.000000
1580114690856	1580114690856	0.208	2.322	6.844	-0.509	0.518	-0.154	0.000000	0.000000
1580114690876	1580114690876	0.349	2.458	7.781	-0.526	0.458	-0.148	0.000000	0.000000
1580114690895	1580114690895	0.440	2.604	8.262	-0.501	0.422	-0.155	0.000000	0.000000
1580114690915	1580114690915	0.502	2.973	8.488	-0.465	0.398	-0.163	0.000000	0.000000
1580114690937	1580114690936	0.347	3.088	9.132	-0.489	0.376	-0.171	0.000000	0.000000
1580114690957	1580114690957	0.042	3.093	9.848	-0.483	0.351	-0.158	0.000000	0.000000
1580114690977	1580114690977	-0.168	2.973	10.272	-0.410	0.325	-0.191	0.000000	0.000000
1580114690994	1580114690994	-0.370	2.722	10.409	-0.347	0.292	-0.228	0.000000	0.000000
1580114691014	1580114691013	-0.540	2.657	10.241	-0.303	0.268	-0.266	0.000000	0.000000
1580114691034	1580114691033	-0.842	2.935	10.277	-0.294	0.242	-0.288	0.000000	0.000000
1580114691055	1580114691055	-0.753	3.009	10.126	-0.370	0.170	-0.315	0.000000	0.000000
1580114691076	1580114691076	-0.458	3.254	10.148	-0.325	0.142	-0.334	0.000000	0.000000
1580114691094	1580114691093	-0.655	3.749	9.788	-0.236	0.201	-0.319	0.000000	0.000000
1580114691114	1580114691113	-0.909	3.151	9.659	-0.279	0.125	-0.315	0.000000	0.000000
1580114691133	1580114691132	-0.648	2.619	9.860	-0.211	0.027	-0.252	0.000000	0.000000
1580114691157	1580114691157	-0.600	2.863	10.028	-0.158	0.059	-0.152	0.000000	0.000000
1580114691175	1580114691175	-0.717	2.940	9.915	-0.241	0.068	-0.118	0.000000	0.000000
1580114691195	1580114691193	-0.636	2.683	9.836	-0.315	0.010	-0.088	0.000000	0.000000
1580114691213	1580114691212	-0.523	2.051	9.951	-0.320	-0.039	-0.046	0.000000	0.000000
1580114691233	1580114691232	-0.482	1.776	10.303	-0.309	-0.034	-0.017	0.000000	0.000000
1580114691254	1580114691254	-0.446	1.831	10.799	-0.394	-0.005	-0.049	0.000000	0.000000
1580114691274	1580114691273	-0.547	1.735	11.077	-0.477	0.016	-0.115	0.000000	0.000000
1580114691293	1580114691292	-0.810	2.094	11.932	-0.430	0.007	-0.147	0.000000	0.000000
1580114691313	1580114691312	-0.815	2.003	12.217	-0.443	-0.042	-0.191	0.000000	0.000000
1580114691333	1580114691332	-0.803	2.377	12.371	-0.379	-0.055	-0.211	0.000000	0.000000
1580114691353	1580114691352	-1.163	2.751	12.344	-0.381	-0.082	-0.230	0.000000	0.000000
1580114691383	1580114691378	-1.237	2.420	12.318	-0.420	-0.198	-0.214	0.000000	0.000000
1580114691392	1580114691392	-1.165	2.257	12.311	-0.314	-0.294	-0.139	0.000000	0.000000
1580114691412	1580114691412	-1.215	2.255	12.275	-0.277	-0.354	-0.063	0.000000	0.000000
1580114691432	1580114691432	-1.108	2.250	12.515	-0.350	-0.395	-0.004	0.000000	0.000000
1580114691455	1580114691454	-1.050	2.458	12.881	-0.411	-0.392	0.056	0.000000	0.000000
1580114691472	1580114691471	-0.887	2.408	13.063	-0.393	-0.419	0.098	0.000000	0.000000
1580114691492	1580114691492	-0.449	2.355	13.238	-0.277	-0.460	0.115	0.000000	0.000000
1580114691512	1580114691511	0.088	2.580	13.624	-0.182	-0.420	0.124	0.000000	0.000000
1580114691531	1580114691531	-0.020	2.755	14.237	-0.102	-0.295	0.125	0.000000	0.000000
1580114691553	1580114691553	-0.348	2.976	14.690	-0.032	-0.222	0.104	0.000000	0.000000
1580114691577	1580114691577	0.093	2.940	14.785	0.021	-0.181	0.077	0.000000	0.000000
1580114691592	1580114691591	-0.077	3.146	15.377	0.103	-0.100	0.069	0.000000	0.000000
1580114691611	1580114691610	-0.161	2.777	15.473	0.105	-0.076	0.001	0.000000	0.000000
1580114691631	1580114691630	-0.133	2.511	15.085	0.198	-0.043	-0.034	0.000000	0.000000
1580114691651	1580114691650	-0.171	2.597	14.740	0.283	-0.028	-0.049	0.000000	0.000000
1580114691673	1580114691670	-0.013	2.607	14.433	0.325	-0.025	-0.088	0.000000	0.000000
1580114691694	1580114691694	0.073	2.904	13.868	0.462	-0.007	-0.107	0.000000	0.000000
1580114691711	1580114691711	0.112	3.263	13.121	0.549	-0.022	-0.104	0.000000	0.000000
1580114691730	1580114691730	0.186	3.270	12.352	0.518	-0.060	-0.092	0.000000	0.000000
1580114691751	1580114691750	0.045	2.985	11.815	0.486	-0.080	-0.044	0.000000	0.000000
1580114691775	1580114691770	0.023	2.777	11.381	0.583	-0.099	0.010	0.000000	0.000000
1580114691791	1580114691790	0.181	2.930	10.998	0.736	-0.093	0.031	0.000000	0.000000
1580114691813	1580114691809	0.093	2.916	10.399	0.748	-0.093	0.057	0.000000	0.000000
1580114691831	1580114691829	0.002	2.813	9.846	0.652	-0.129	0.097	0.000000	0.000000
1580114691850	1580114691850	-0.003	2.564	9.314	0.491	-0.160	0.145	0.000000	0.000000
1580114691874	1580114691874	0.114	2.089	9.091	0.380	-0.165	0.141	0.000000	0.000000
1580114691894	1580114691894	0.279	2.269	9.130	0.473	-0.115	0.096	0.000000	0.000000
1580114691910	1580114691910	0.073	2.770	9.261	0.460	-0.041	0.062	0.000000	0.000000
1580114691929	1580114691929	-0.142	2.755	9.405	0.241	-0.071	0.051	0.000000	0.000000
1580114691950	1580114691949	0.129	2.542	9.527	0.111	-0.148	0.067	0.000000	0.000000
1580114691969	1580114691969	0.299	2.415	9.755	0.174	-0.179	0.078	0.000000	0.000000
1580114691991	1580114691991	0.303	2.530	9.575	0.272	-0.203	0.082	0.000000	0.000000
1580114692009	1580114692009	0.330	2.693	8.964	0.263	-0.271	0.123	0.000000	0.000000
1580114692030	1580114692028	0.447	2.631	8.461	0.083	-0.376	0.205	0.000000	0.000000
1580114692051	1580114692049	0.754	2.089	8.138	-0.198	-0.450	0.185	0.000000	0.000000
1580114692069	1580114692069	1.010	1.713	8.485	-0.253	-0.460	0.096	0.000000	0.000000
1580114692090	1580114692089	0.888	1.936	8.667	-0.135	-0.401	0.067	0.000000	0.000000
1580114692111	1580114692111	0.557	2.413	8.718	-0.091	-0.415	0.124	0.000000	0.000000
1580114692132	1580114692129	0.902	2.652	8.138	-0.242	-0.571	0.152	0.000000	0.000000
1580114692150	1580114692148	1.801	2.906	7.671	-0.304	-0.622	0.099	0.000000	0.000000
1580114692169	1580114692168	1.882	2.940	7.479	-0.096	-0.429	0.029	0.000000	0.000000
1580114692189	1580114692188	1.334	3.285	7.333	0.222	-0.222	0.002	0.000000	0.000000
1580114692208	1580114692208	0.806	3.663	7.491	0.320	-0.166	0.047	0.000000	0.000000
1580114692230	1580114692228	0.945	3.210	7.206	0.181	-0.279	0.103	0.000000	0.000000
1580114692249	1580114692249	1.614	2.391	6.646	0.219	-0.347	0.084	0.000000	0.000000
1580114692268	1580114692268	1.729	2.202	6.703	0.507	-0.160	0.044	0.000000	0.000000
1580114692293	1580114692291	1.350	2.415	6.732	0.718	0.042	-0.031	0.000000	0.000000
1580114692315	1580114692315	1.022	2.765	6.401	0.815	0.125	-0.063	0.000000	0.000000
1580114692331	1580114692328	0.826	2.940	6.013	0.778	0.106	-0.030	0.000000	0.000000
1580114692348	1580114692347	1.044	2.753	5.814	0.587	0.023	-0.022	0.000000	0.000000
1580114692368	1580114692367	1.312	2.516	5.807	0.422	-0.014	-0.059	0.000000	0.000000
1580114692388	1580114692387	1.113	2.506	5.898	0.417	0.044	-0.080	0.000000	0.000000
1580114692408	1580114692408	0.720	2.866	5.877	0.463	0.070	-0.042	0.000000	0.000000
1580114692430	1580114692428	0.574	3.057	5.687	0.444	0.022	0.010	0.000000	0.000000
1580114692447	1580114692447	0.826	3.222	5.745	0.437	-0.015	0.017	0.000000	0.000000
1580114692468	1580114692467	0.919	3.572	5.936	0.407	0.029	0.002	0.000000	0.000000
1580114692488	1580114692486	0.795	3.939	6.123	0.341	0.059	-0.019	0.000000	0.000000
1580114692511	1580114692508	0.924	4.262	6.394	0.265	0.011	-0.043	0.000000	0.000000
1580114692531	1580114692526	1.108	4.406	6.715	0.198	-0.049	-0.063	0.000000	0.000000
1580114692547	1580114692546	1.341	4.624	6.852	0.183	-0.081	-0.091	0.000000	0.000000
1580114692567	1580114692566	1.501	4.823	6.758	0.171	-0.072	-0.126	0.000000	0.000000
1580114692587	1580114692586	1.420	4.928	6.804	0.124	-0.050	-0.141	0.000000	0.000000
1580114692607	1580114692607	1.283	4.916	7.290	0.040	-0.036	-0.163	0.000000	0.000000
1580114692628	1580114692628	1.235	4.911	7.779	-0.007	-0.011	-0.192	0.000000	0.000000
1580114692646	1580114692646	1.116	5.000	8.171	0.042	0.039	-0.221	0.000000	0.000000
1580114692667	1580114692666	0.876	5.211	8.457	0.114	0.057	-0.231	0.000000	0.000000
1580114692686	1580114692686	0.735	5.431	8.495	0.139	0.038	-0.221	0.000000	0.000000
1580114692708	1580114692708	0.605	5.491	8.231	0.138	0.018	-0.196	0.000000	0.000000
1580114692733	1580114692733	0.605	5.687	7.925	0.121	0.010	-0.164	0.000000	0.000000
1580114692746	1580114692745	0.538	5.735	7.860	0.072	0.026	-0.123	0.000000	0.000000
1580114692767	1580114692765	0.471	5.697	8.059	0.055	0.054	-0.074	0.000000	0.000000
1580114692786	1580114692786	0.524	5.568	8.265	0.085	0.065	-0.025	0.000000	0.000000
1580114692809	1580114692809	0.557	5.410	8.258	0.133	0.070	0.023	0.000000	0.000000
1580114692827	1580114692826	0.627	5.407	8.157	0.161	0.070	0.065	0.000000	0.000000
1580114692846	1580114692846	0.799	5.350	7.951	0.142	0.064	0.075	0.000000	0.000000
1580114692866	1580114692865	0.931	5.232	7.712	0.112	0.078	0.063	0.000000	0.000000
1580114692886	1580114692885	0.977	5.194	7.673	0.086	0.095	0.047	0.000000	0.000000
1580114692905	1580114692905	1.022	5.120	7.680	0.043	0.100	0.031	0.000000	0.000000
1580114692932	1580114692932	1.053	5.170	7.664	0.044	0.112	0.015	0.000000	0.000000
1580114692945	1580114692945	1.065	5.393	7.515	0.062	0.115	0.005	0.000000	0.000000
1580114692966	1580114692964	1.060	5.441	7.414	0.044	0.103	-0.001	0.000000	0.000000
1580114692986	1580114692985	0.950	5.194	7.563	0.009	0.079	0.012	0.000000	0.000000
1580114693006	1580114693004	0.816	4.777	7.666	0.004	0.042	0.027	0.000000	0.000000
1580114693027	1580114693027	0.699	4.518	7.776	0.042	-0.014	0.024	0.000000	0.000000
1580114693051	1580114693045	0.749	4.538	7.587	0.072	-0.082	0.012	0.000000	0.000000
1580114693067	1580114693067	0.919	4.801	7.254	0.052	-0.154	-0.008	0.000000	0.000000
1580114693087	1580114693085	0.924	4.969	6.890	-0.006	-0.188	-0.030	0.000000	0.000000
1580114693105	1580114693105	0.862	4.875	6.935	-0.090	-0.223	-0.038	0.000000	0.000000
1580114693132	1580114693125	0.842	4.609	6.727	-0.194	-0.270	-0.030	0.000000	0.000000
1580114693146	1580114693145	1.070	4.715	6.257	-0.235	-0.290	-0.025	0.000000	0.000000
1580114693169	1580114693169	1.123	4.705	6.006	-0.298	-0.302	-0.024	0.000000	0.000000
1580114693185	1580114693185	1.240	4.554	5.702	-0.371	-0.303	0.025	0.000000	0.000000
1580114693206	1580114693204	1.118	4.399	5.493	-0.432	-0.263	0.103	0.000000	0.000000
1580114693227	1580114693226	1.051	4.178	5.098	-0.533	-0.217	0.166	0.000000	0.000000
1580114693250	1580114693244	1.163	3.666	4.978	-0.597	-0.184	0.196	0.000000	0.000000
