1580114643458	1580114643485	1.489	4.403	8.157	-0.405	-0.083	0.346	0.000000	0.000000
1580114643458	1580114643495	1.647	4.224	8.449	-0.761	-0.496	0.685	0.000000	0.000000
1580114643458	1580114643546	1.631	4.324	8.766	-0.880	-0.903	0.690	0.000000	0.000000
1580114643485	1580114643547	1.310	4.439	9.072	-1.058	-1.426	0.129	0.000000	0.000000
1580114643497	1580114643558	1.192	3.836	9.003	-1.020	-1.533	-0.721	0.000000	0.000000
1580114643546	1580114643577	1.619	3.134	9.743	0.224	-0.297	0.034	0.000000	0.000000
1580114643547	1580114643601	-1.038	1.608	8.758	0.563	0.494	0.083	0.000000	0.000000
1580114643558	1580114643615	3.362	2.068	7.798	0.029	-0.467	-0.726	0.000000	0.000000
1580114643578	1580114643635	6.457	2.561	8.054	-0.042	-0.539	-0.867	0.000000	0.000000
1580114643602	1580114643655	1.353	2.173	8.998	0.442	-0.035	-0.698	0.000000	0.000000
1580114643621	1580114643677	3.226	2.312	8.492	0.725	-0.100	-0.797	0.000000	0.000000
1580114643636	1580114643695	5.229	2.135	7.347	0.815	-0.172	-0.806	0.000000	0.000000
1580114643656	1580114643732	3.966	2.080	7.494	0.795	-0.133	-0.788	0.000000	0.000000
1580114643680	1580114643746	3.262	2.652	7.755	0.485	-0.231	-0.840	0.000000	0.000000
1580114643697	1580114643758	2.819	3.175	7.965	0.089	-0.387	-0.822	0.000000	0.000000
1580114643732	1580114643775	2.263	3.864	8.337	-0.066	-0.512	-0.730	0.000000	0.000000
1580114643748	1580114643794	2.050	4.430	8.612	-0.120	-0.612	-0.734	0.000000	0.000000
1580114643763	1580114643819	1.573	4.382	8.636	-0.243	-0.748	-0.786	0.000000	0.000000
1580114643776	1580114643834	1.013	4.540	8.509	-0.351	-0.788	-0.739	0.000000	0.000000
1580114643797	1580114643855	0.854	4.573	8.849	-0.448	-0.803	-0.865	0.000000	0.000000
1580114643819	1580114643875	0.850	4.475	9.185	-0.468	-0.883	-1.011	0.000000	0.000000
1580114643835	1580114643914	0.941	4.926	8.943	-0.223	-0.818	-0.966	0.000000	0.000000
1580114643856	1580114643915	0.929	4.286	8.842	-0.454	-0.863	-0.814	0.000000	0.000000
1580114643876	1580114643935	0.857	3.268	8.526	-1.277	-1.328	-1.076	0.000000	0.000000
1580114643915	1580114643955	-0.236	3.294	8.131	-1.175	-1.197	-1.360	0.000000	0.000000
1580114643917	1580114643987	-1.558	3.242	7.252	-0.859	-0.724	-1.069	0.000000	0.000000
1580114643941	1580114644004	1.621	3.210	5.833	-1.133	-0.733	-1.065	0.000000	0.000000
1580114643958	1580114644018	4.347	3.464	6.006	-1.283	-0.798	-1.222	0.000000	0.000000
1580114643988	1580114644034	2.869	3.297	6.859	-1.427	-0.629	-1.298	0.000000	0.000000
1580114644008	1580114644053	1.187	2.695	6.284	-1.949	-0.440	-1.230	0.000000	0.000000
1580114644018	1580114644074	2.141	3.876	5.014	-1.946	-0.227	-1.214	0.000000	0.000000
1580114644035	1580114644094	3.094	4.942	5.431	-1.559	0.157	-1.193	0.000000	0.000000
1580114644054	1580114644114	2.356	4.147	6.006	-0.922	0.147	-1.057	0.000000	0.000000
1580114644074	1580114644133	1.712	2.849	6.945	0.378	0.172	-0.216	0.000000	0.000000
1580114644097	1580114644156	1.477	2.535	6.478	0.670	0.721	-0.115	0.000000	0.000000
1580114644115	1580114644175	1.460	2.197	5.805	-0.577	0.631	-0.186	0.000000	0.000000
1580114644134	1580114644193	3.667	6.099	5.364	-1.507	0.529	0.018	0.000000	0.000000
1580114644157	1580114644212	2.725	6.272	6.425	-1.527	0.714	0.048	0.000000	0.000000
1580114644176	1580114644233	1.472	4.243	6.710	-1.091	0.718	0.094	0.000000	0.000000
1580114644195	1580114644255	2.826	2.348	7.108	-0.969	0.538	0.182	0.000000	0.000000
1580114644213	1580114644272	3.214	0.707	7.426	-1.434	0.274	0.122	0.000000	0.000000
1580114644234	1580114644292	2.697	1.244	9.125	-1.552	0.025	-0.151	0.000000	0.000000
1580114644258	1580114644315	2.491	2.928	11.295	-0.842	0.092	-0.162	0.000000	0.000000
1580114644274	1580114644335	2.268	2.329	10.629	-0.605	0.238	-0.086	0.000000	0.000000
1580114644294	1580114644352	2.519	0.048	9.027	-0.968	0.161	-0.015	0.000000	0.000000
1580114644316	1580114644374	3.073	0.142	8.703	-0.824	0.177	-0.057	0.000000	0.000000
1580114644335	1580114644393	2.232	0.863	9.012	-0.337	0.190	-0.151	0.000000	0.000000
1580114644354	1580114644413	2.308	-0.067	8.945	-0.113	0.174	-0.211	0.000000	0.000000
1580114644374	1580114644432	2.507	-1.490	9.276	-0.220	0.181	-0.181	0.000000	0.000000
1580114644394	1580114644453	2.275	-1.959	9.549	-0.394	0.215	-0.066	0.000000	0.000000
1580114644413	1580114644472	2.287	-1.228	9.039	-0.497	0.263	-0.005	0.000000	0.000000
1580114644434	1580114644492	2.304	-0.385	8.301	-0.477	0.291	0.031	0.000000	0.000000
1580114644455	1580114644512	2.153	0.142	8.114	-0.443	0.266	0.072	0.000000	0.000000
1580114644474	1580114644537	1.901	0.156	8.945	-0.386	0.218	0.125	0.000000	0.000000
1580114644495	1580114644554	1.551	-0.227	9.791	-0.359	0.197	0.145	0.000000	0.000000
1580114644513	1580114644574	1.710	-0.227	9.973	-0.516	0.194	0.169	0.000000	0.000000
1580114644542	1580114644592	1.765	-0.294	9.930	-0.735	0.222	0.165	0.000000	0.000000
1580114644557	1580114644612	1.460	0.156	10.107	-0.900	0.209	0.153	0.000000	0.000000
1580114644574	1580114644632	1.640	0.578	10.220	-0.853	0.137	0.115	0.000000	0.000000
1580114644595	1580114644659	1.947	0.408	10.933	-0.652	0.081	0.064	0.000000	0.000000
1580114644613	1580114644672	1.916	-0.433	11.738	-0.479	0.063	0.072	0.000000	0.000000
1580114644635	1580114644691	1.870	-0.898	11.940	-0.566	0.072	0.089	0.000000	0.000000
1580114644659	1580114644713	1.875	-0.864	11.535	-1.029	0.049	0.142	0.000000	0.000000
1580114644673	1580114644737	1.784	-0.385	10.818	-1.569	-0.007	0.117	0.000000	0.000000
1580114644694	1580114644755	1.585	0.197	10.426	-1.673	-0.088	0.042	0.000000	0.000000
1580114644714	1580114644771	1.096	-0.062	10.229	-1.501	-0.114	0.015	0.000000	0.000000
1580114644742	1580114644791	0.799	-1.664	9.741	-1.676	-0.116	0.068	0.000000	0.000000
1580114644760	1580114644812	0.981	-2.946	9.017	-1.916	-0.142	0.009	0.000000	0.000000
1580114644773	1580114644835	1.410	-2.345	9.003	-1.496	-0.235	-0.044	0.000000	0.000000
1580114644795	1580114644854	1.549	-2.273	9.484	-0.809	-0.240	0.014	0.000000	0.000000
1580114644817	1580114644873	1.460	-4.069	9.954	-0.553	-0.290	0.047	0.000000	0.000000
1580114644835	1580114644891	1.729	-5.924	10.569	-0.539	-0.344	0.019	0.000000	0.000000
1580114644854	1580114644911	1.815	-5.128	11.175	-0.533	-0.370	0.051	0.000000	0.000000
1580114644879	1580114644932	1.719	-4.261	11.324	-0.533	-0.506	0.007	0.000000	0.000000
1580114644894	1580114644957	1.719	-4.467	11.379	-0.407	-0.532	-0.020	0.000000	0.000000
1580114644911	1580114644974	1.734	-4.611	12.016	-0.268	-0.396	-0.016	0.000000	0.000000
1580114644934	1580114644990	2.210	-4.977	11.851	-0.232	-0.262	-0.027	0.000000	0.000000
1580114644957	1580114645010	2.325	-5.047	10.818	-0.127	-0.088	0.003	0.000000	0.000000
1580114644974	1580114645033	2.098	-5.176	10.212	0.098	0.157	0.034	0.000000	0.000000
1580114644993	1580114645052	2.186	-5.758	9.915	0.226	0.346	0.069	0.000000	0.000000
1580114645012	1580114645071	2.876	-6.086	9.733	0.133	0.377	0.100	0.000000	0.000000
1580114645033	1580114645089	3.461	-5.792	10.385	-0.020	0.328	0.108	0.000000	0.000000
1580114645054	1580114645109	3.360	-4.937	11.650	-0.036	0.250	0.101	0.000000	0.000000
1580114645071	1580114645129	3.135	-4.484	12.761	0.144	0.173	0.111	0.000000	0.000000
1580114645092	1580114645158	2.907	-5.205	13.334	0.246	0.115	0.079	0.000000	0.000000
1580114645111	1580114645170	2.440	-6.295	13.442	0.095	0.007	0.044	0.000000	0.000000
1580114645131	1580114645190	2.371	-6.233	13.415	-0.040	-0.063	-0.023	0.000000	0.000000
1580114645158	1580114645209	2.150	-5.104	13.504	-0.005	-0.066	-0.057	0.000000	0.000000
1580114645172	1580114645230	1.947	-4.613	13.176	0.050	-0.071	-0.039	0.000000	0.000000
1580114645191	1580114645252	1.877	-5.030	12.488	-0.024	-0.080	0.044	0.000000	0.000000
1580114645211	1580114645269	1.736	-5.320	12.150	-0.173	-0.113	0.062	0.000000	0.000000
1580114645232	1580114645289	1.829	-4.343	12.191	-0.393	-0.260	0.060	0.000000	0.000000
1580114645253	1580114645308	2.193	-3.689	11.743	-0.475	-0.386	0.106	0.000000	0.000000
1580114645270	1580114645334	1.868	-4.129	10.996	-0.494	-0.295	0.150	0.000000	0.000000
1580114645292	1580114645355	1.813	-4.896	10.397	-0.515	-0.137	0.096	0.000000	0.000000
1580114645310	1580114645368	2.639	-5.059	9.935	-0.423	-0.141	0.014	0.000000	0.000000
1580114645336	1580114645388	3.324	-5.248	9.094	-0.115	-0.134	-0.021	0.000000	0.000000
1580114645356	1580114645408	2.804	-5.698	8.792	-0.040	-0.170	-0.053	0.000000	0.000000
1580114645370	1580114645428	2.756	-5.701	8.806	-0.069	-0.129	-0.048	0.000000	0.000000
1580114645391	1580114645448	2.603	-5.032	8.677	0.048	0.007	-0.031	0.000000	0.000000
1580114645410	1580114645470	2.574	-4.668	8.092	0.212	0.047	-0.044	0.000000	0.000000
1580114645430	1580114645489	2.907	-4.791	7.644	0.303	-0.007	-0.065	0.000000	0.000000
1580114645450	1580114645507	2.488	-4.553	7.817	0.178	-0.090	-0.084	0.000000	0.000000
1580114645476	1580114645527	1.973	-4.299	8.272	0.026	-0.093	-0.076	0.000000	0.000000
1580114645490	1580114645547	1.882	-3.775	8.224	-0.033	-0.070	-0.083	0.000000	0.000000
1580114645509	1580114645567	2.107	-3.581	7.506	0.011	-0.086	-0.059	0.000000	0.000000
1580114645530	1580114645591	1.932	-3.933	6.988	0.007	-0.152	-0.115	0.000000	0.000000
1580114645553	1580114645607	1.470	-4.091	6.919	-0.091	-0.214	-0.128	0.000000	0.000000
1580114645570	1580114645627	1.180	-3.799	7.103	-0.269	-0.205	-0.118	0.000000	0.000000
1580114645591	1580114645650	1.302	-3.437	7.122	-0.364	-0.100	-0.108	0.000000	0.000000
1580114645609	1580114645669	1.468	-3.090	7.019	-0.166	-0.016	-0.122	0.000000	0.000000
1580114645629	1580114645688	1.482	-3.152	6.559	0.113	0.045	-0.187	0.000000	0.000000
1580114645650	1580114645707	1.480	-3.550	6.025	0.276	0.093	-0.210	0.000000	0.000000
1580114645669	1580114645726	1.583	-3.732	5.975	0.417	0.135	-0.189	0.000000	0.000000
1580114645690	1580114645746	1.702	-3.605	6.032	0.463	0.170	-0.159	0.000000	0.000000
1580114645708	1580114645767	1.729	-3.202	5.992	0.355	0.171	-0.140	0.000000	0.000000
1580114645729	1580114645791	1.643	-2.627	6.303	0.281	0.133	-0.137	0.000000	0.000000
1580114645753	1580114645806	1.489	-2.117	6.940	0.405	0.108	-0.115	0.000000	0.000000
1580114645767	1580114645830	1.350	-2.081	7.208	0.570	0.127	-0.098	0.000000	0.000000
1580114645791	1580114645848	1.343	-2.263	7.084	0.587	0.136	-0.073	0.000000	0.000000
1580114645808	1580114645867	1.264	-2.282	7.283	0.522	0.122	-0.061	0.000000	0.000000
1580114645833	1580114645888	1.254	-2.009	7.597	0.489	0.088	-0.084	0.000000	0.000000
1580114645850	1580114645906	1.216	-1.777	7.721	0.583	0.113	-0.085	0.000000	0.000000
1580114645872	1580114645926	1.173	-1.822	7.702	0.674	0.135	-0.098	0.000000	0.000000
1580114645888	1580114645947	1.448	-1.971	7.676	0.651	0.091	-0.108	0.000000	0.000000
1580114645908	1580114645968	1.678	-2.100	7.987	0.556	0.041	-0.104	0.000000	0.000000
1580114645927	1580114645986	1.683	-2.012	8.198	0.443	0.029	-0.081	0.000000	0.000000
1580114645949	1580114646006	1.865	-1.794	8.114	0.340	0.026	-0.077	0.000000	0.000000
1580114645969	1580114646026	2.074	-1.767	7.786	0.265	0.038	-0.084	0.000000	0.000000
1580114645988	1580114646046	2.045	-1.875	7.510	0.220	0.060	-0.080	0.000000	0.000000
1580114646007	1580114646068	2.119	-1.969	7.321	0.228	0.096	-0.064	0.000000	0.000000
1580114646028	1580114646087	2.222	-2.132	7.446	0.244	0.131	-0.058	0.000000	0.000000
1580114646050	1580114646105	2.138	-2.273	7.958	0.250	0.155	-0.047	0.000000	0.000000
1580114646071	1580114646126	1.964	-2.182	8.476	0.279	0.182	-0.047	0.000000	0.000000
1580114646089	1580114646145	1.947	-2.067	8.785	0.332	0.206	-0.037	0.000000	0.000000
1580114646107	1580114646167	2.016	-2.079	9.058	0.342	0.211	-0.048	0.000000	0.000000
1580114646127	1580114646186	2.112	-1.985	9.355	0.316	0.192	-0.036	0.000000	0.000000
1580114646147	1580114646211	2.119	-1.734	9.623	0.302	0.182	0.001	0.000000	0.000000
1580114646169	1580114646225	2.059	-1.516	9.788	0.268	0.168	0.006	0.000000	0.000000
1580114646188	1580114646246	1.956	-1.487	9.882	0.093	0.100	-0.015	0.000000	0.000000
1580114646213	1580114646265	1.911	-1.444	9.784	-0.078	0.034	-0.046	0.000000	0.000000
1580114646227	1580114646288	1.894	-1.339	9.638	-0.183	-0.015	-0.067	0.000000	0.000000
1580114646247	1580114646307	1.925	-1.540	9.424	-0.163	-0.058	-0.103	0.000000	0.000000
1580114646269	1580114646325	2.016	-1.796	9.276	-0.066	-0.074	-0.128	0.000000	0.000000
1580114646292	1580114646345	1.999	-2.055	9.216	0.030	-0.067	-0.137	0.000000	0.000000
1580114646309	1580114646366	1.940	-2.167	9.185	0.023	-0.066	-0.133	0.000000	0.000000
1580114646326	1580114646386	1.942	-2.105	9.048	-0.031	-0.058	-0.110	0.000000	0.000000
1580114646348	1580114646412	1.901	-1.803	8.940	-0.079	-0.022	-0.075	0.000000	0.000000
1580114646366	1580114646426	1.928	-1.528	8.904	-0.204	0.002	-0.039	0.000000	0.000000
1580114646389	1580114646444	2.026	-1.482	8.801	-0.476	-0.038	-0.004	0.000000	0.000000
1580114646412	1580114646465	1.937	-1.358	8.794	-0.778	-0.082	0.002	0.000000	0.000000
1580114646426	1580114646489	1.753	-1.046	9.029	-1.051	-0.152	0.013	0.000000	0.000000
1580114646446	1580114646506	1.753	-1.037	9.429	-1.401	-0.221	-0.033	0.000000	0.000000
1580114646466	1580114646525	1.801	-1.487	9.970	-1.652	-0.312	-0.097	0.000000	0.000000
1580114646489	1580114646544	1.805	-1.873	10.414	-1.603	-0.382	-0.166	0.000000	0.000000
1580114646510	1580114646565	1.774	-2.361	10.220	-1.367	-0.351	-0.243	0.000000	0.000000
1580114646528	1580114646585	2.050	-3.186	9.681	-1.120	-0.319	-0.297	0.000000	0.000000
1580114646547	1580114646606	2.579	-3.861	9.082	-0.845	-0.364	-0.339	0.000000	0.000000
1580114646567	1580114646625	2.694	-4.038	8.595	-0.436	-0.373	-0.357	0.000000	0.000000
1580114646587	1580114646644	2.625	-4.029	8.354	-0.067	-0.335	-0.317	0.000000	0.000000
1580114646608	1580114646669	2.723	-4.069	8.023	0.048	-0.293	-0.268	0.000000	0.000000
1580114646627	1580114646689	2.723	-3.892	8.037	0.001	-0.253	-0.221	0.000000	0.000000
1580114646646	1580114646707	2.591	-3.109	8.054	-0.143	-0.216	-0.174	0.000000	0.000000
1580114646671	1580114646725	2.325	-2.244	7.937	-0.301	-0.167	-0.130	0.000000	0.000000
1580114646692	1580114646744	2.086	-1.856	7.927	-0.363	-0.084	-0.091	0.000000	0.000000
1580114646710	1580114646764	2.129	-1.906	7.668	-0.359	0.023	-0.092	0.000000	0.000000
1580114646727	1580114646789	2.376	-2.206	7.489	-0.253	0.071	-0.074	0.000000	0.000000
1580114646746	1580114646825	2.342	-2.745	7.216	-0.267	0.082	-0.088	0.000000	0.000000
1580114646766	1580114646825	2.217	-3.130	7.146	-0.285	0.091	-0.060	0.000000	0.000000
1580114646799	1580114646844	2.349	-2.462	6.935	-0.095	0.109	-0.003	0.000000	0.000000
1580114646825	1580114646863	2.177	-2.184	6.368	0.059	0.062	0.065	0.000000	0.000000
1580114646826	1580114646891	1.810	-2.829	6.042	0.109	-0.015	0.145	0.000000	0.000000
1580114646847	1580114646908	1.525	-3.094	6.126	0.097	-0.024	0.232	0.000000	0.000000
1580114646865	1580114646923	1.484	-2.800	6.210	0.045	-0.024	0.309	0.000000	0.000000
1580114646891	1580114646943	1.671	-2.338	6.085	-0.039	-0.023	0.362	0.000000	0.000000
1580114646908	1580114646963	1.607	-2.120	6.049	-0.154	-0.011	0.384	0.000000	0.000000
1580114646925	1580114646983	1.369	-2.146	6.044	-0.213	0.028	0.409	0.000000	0.000000
1580114646944	1580114647010	1.219	-2.381	6.097	-0.234	0.112	0.422	0.000000	0.000000
1580114646966	1580114647023	1.348	-2.843	6.104	-0.247	0.146	0.412	0.000000	0.000000
1580114646987	1580114647042	1.496	-3.334	6.107	-0.285	0.157	0.408	0.000000	0.000000
1580114647010	1580114647062	1.501	-3.602	6.313	-0.276	0.180	0.401	0.000000	0.000000
1580114647026	1580114647082	1.611	-3.813	6.325	-0.174	0.155	0.384	0.000000	0.000000
1580114647045	1580114647111	1.724	-4.151	6.245	-0.002	0.128	0.343	0.000000	0.000000
1580114647064	1580114647123	1.772	-4.695	6.698	0.112	0.165	0.313	0.000000	0.000000
1580114647085	1580114647146	1.985	-5.155	7.359	0.130	0.170	0.302	0.000000	0.000000
1580114647123	1580114647162	2.385	-5.234	7.623	0.075	0.157	0.295	0.000000	0.000000
1580114647124	1580114647185	2.320	-5.246	7.824	-0.071	0.170	0.329	0.000000	0.000000
1580114647147	1580114647203	2.059	-5.260	8.136	-0.185	0.255	0.378	0.000000	0.000000
1580114647163	1580114647222	2.026	-5.104	8.071	-0.072	0.383	0.412	0.000000	0.000000
1580114647185	1580114647241	2.019	-5.186	7.963	0.233	0.417	0.382	0.000000	0.000000
1580114647207	1580114647261	1.894	-6.024	8.258	0.519	0.405	0.382	0.000000	0.000000
1580114647224	1580114647281	1.494	-7.162	8.720	0.545	0.518	0.353	0.000000	0.000000
1580114647244	1580114647301	1.504	-7.423	8.447	0.291	0.491	0.311	0.000000	0.000000
1580114647263	1580114647321	1.769	-6.503	7.898	0.061	0.397	0.235	0.000000	0.000000
1580114647289	1580114647344	1.398	-5.758	7.934	-0.025	0.336	0.238	0.000000	0.000000
1580114647303	1580114647360	1.343	-5.500	8.722	-0.043	0.260	0.202	0.000000	0.000000
1580114647323	1580114647380	1.542	-5.497	9.178	-0.079	0.165	0.149	0.000000	0.000000
1580114647344	1580114647403	1.544	-5.744	9.161	0.017	0.112	0.132	0.000000	0.000000
1580114647363	1580114647420	1.362	-5.895	9.235	0.176	0.109	0.127	0.000000	0.000000
1580114647383	1580114647439	1.070	-6.192	9.300	0.249	0.112	0.131	0.000000	0.000000
1580114647406	1580114647465	1.034	-6.103	9.283	0.224	0.091	0.133	0.000000	0.000000
1580114647423	1580114647480	1.151	-5.615	9.427	0.055	0.086	0.154	0.000000	0.000000
1580114647443	1580114647509	1.259	-5.138	9.367	-0.111	0.065	0.169	0.000000	0.000000
1580114647466	1580114647522	1.439	-4.522	9.333	-0.123	0.030	0.173	0.000000	0.000000
1580114647483	1580114647546	1.437	-4.431	9.666	-0.063	0.007	0.157	0.000000	0.000000
1580114647512	1580114647560	1.417	-4.886	9.951	-0.079	-0.014	0.104	0.000000	0.000000
1580114647523	1580114647579	1.532	-5.430	9.764	-0.090	-0.051	0.040	0.000000	0.000000
1580114647547	1580114647606	1.556	-5.610	9.604	-0.065	-0.049	0.028	0.000000	0.000000
1580114647563	1580114647621	1.350	-5.873	9.520	-0.096	-0.026	0.028	0.000000	0.000000
1580114647583	1580114647640	1.293	-6.039	9.343	-0.160	-0.007	0.028	0.000000	0.000000
1580114647606	1580114647659	1.283	-5.789	9.357	-0.103	0.006	0.018	0.000000	0.000000
1580114647628	1580114647679	1.130	-5.773	9.606	0.080	0.026	-0.003	0.000000	0.000000
1580114647646	1580114647710	0.936	-6.211	10.011	0.239	0.048	-0.010	0.000000	0.000000
1580114647662	1580114647719	0.917	-6.755	10.311	0.286	0.039	0.000	0.000000	0.000000
1580114647683	1580114647740	1.046	-6.736	10.766	0.184	0.016	0.012	0.000000	0.000000
1580114647710	1580114647762	0.945	-6.379	11.444	0.036	-0.008	0.033	0.000000	0.000000
1580114647721	1580114647778	0.859	-5.933	11.889	0.016	-0.059	0.019	0.000000	0.000000
1580114647743	1580114647802	1.053	-5.586	12.297	0.124	-0.099	-0.015	0.000000	0.000000
1580114647764	1580114647826	1.048	-6.063	12.735	0.177	-0.094	-0.006	0.000000	0.000000
1580114647782	1580114647841	1.235	-6.762	12.675	0.127	-0.089	0.005	0.000000	0.000000
1580114647802	1580114647860	1.439	-6.712	12.383	0.107	-0.086	0.021	0.000000	0.000000
1580114647826	1580114647878	1.405	-6.522	12.102	0.154	-0.090	0.024	0.000000	0.000000
1580114647846	1580114647902	1.336	-6.705	11.947	0.181	-0.069	0.013	0.000000	0.000000
1580114647860	1580114647924	1.314	-6.999	12.002	0.131	-0.039	0.010	0.000000	0.000000
1580114647881	1580114647944	1.425	-6.870	11.829	0.008	-0.018	0.007	0.000000	0.000000
1580114647906	1580114647960	1.451	-6.422	11.623	-0.129	-0.003	-0.019	0.000000	0.000000
1580114647924	1580114647977	1.348	-5.943	11.393	-0.250	0.108	-0.003	0.000000	0.000000
1580114647944	1580114647999	1.264	-5.703	10.881	-0.454	0.225	0.059	0.000000	0.000000
1580114647962	1580114648021	1.468	-5.543	10.117	-0.633	0.275	0.127	0.000000	0.000000
1580114647979	1580114648037	1.353	-5.107	10.028	-0.624	0.291	0.178	0.000000	0.000000
1580114648001	1580114648057	1.247	-4.834	10.085	-0.462	0.289	0.198	0.000000	0.000000
1580114648021	1580114648076	1.240	-4.977	9.966	-0.244	0.304	0.197	0.000000	0.000000
1580114648041	1580114648098	1.137	-5.459	9.719	-0.165	0.239	0.192	0.000000	0.000000
1580114648058	1580114648119	1.092	-6.019	9.451	-0.296	0.110	0.182	0.000000	0.000000
1580114648079	1580114648140	0.991	-6.154	9.618	-0.458	0.015	0.152	0.000000	0.000000
1580114648100	1580114648157	0.838	-5.634	9.525	-0.526	0.028	0.167	0.000000	0.000000
1580114648118	1580114648176	0.773	-5.466	8.782	-0.457	0.004	0.136	0.000000	0.000000
1580114648140	1580114648197	1.053	-5.837	8.519	-0.371	-0.092	0.068	0.000000	0.000000
1580114648158	1580114648216	1.144	-6.506	8.902	-0.347	-0.164	-0.007	0.000000	0.000000
1580114648178	1580114648243	1.032	-6.475	8.878	-0.415	-0.181	-0.073	0.000000	0.000000
1580114648199	1580114648257	1.010	-5.900	8.028	-0.401	-0.203	-0.103	0.000000	0.000000
1580114648218	1580114648279	1.027	-5.686	7.223	-0.197	-0.280	-0.130	0.000000	0.000000
1580114648243	1580114648296	1.099	-5.960	7.314	0.051	-0.339	-0.173	0.000000	0.000000
1580114648261	1580114648319	0.948	-6.156	7.805	0.064	-0.319	-0.221	0.000000	0.000000
1580114648281	1580114648337	0.775	-5.828	7.776	-0.022	-0.287	-0.254	0.000000	0.000000
1580114648297	1580114648356	0.912	-5.159	6.967	0.096	-0.262	-0.266	0.000000	0.000000
1580114648322	1580114648375	1.142	-4.661	6.758	0.380	-0.192	-0.216	0.000000	0.000000
1580114648342	1580114648395	1.159	-4.666	7.177	0.523	-0.091	-0.203	0.000000	0.000000
1580114648356	1580114648415	1.034	-4.510	7.278	0.344	-0.105	-0.181	0.000000	0.000000
1580114648378	1580114648443	1.063	-4.079	6.813	0.140	-0.237	-0.142	0.000000	0.000000
1580114648398	1580114648456	0.857	-3.459	6.617	0.128	-0.241	-0.104	0.000000	0.000000
1580114648419	1580114648480	0.569	-3.066	6.744	0.277	-0.120	-0.075	0.000000	0.000000
1580114648447	1580114648495	0.756	-3.267	6.406	0.429	-0.029	-0.054	0.000000	0.000000
1580114648456	1580114648515	1.032	-3.751	6.063	0.494	-0.063	-0.044	0.000000	0.000000
1580114648481	1580114648540	0.957	-4.038	5.860	0.512	-0.127	-0.036	0.000000	0.000000
1580114648498	1580114648555	0.687	-3.782	5.898	0.512	-0.106	0.005	0.000000	0.000000
1580114648516	1580114648574	0.596	-3.255	5.994	0.462	-0.075	0.038	0.000000	0.000000
1580114648540	1580114648594	0.811	-3.020	5.814	0.388	-0.109	0.073	0.000000	0.000000
1580114648556	1580114648614	0.929	-2.951	5.829	0.372	-0.159	0.083	0.000000	0.000000
1580114648577	1580114648642	0.878	-2.929	5.953	0.428	-0.130	0.090	0.000000	0.000000
1580114648597	1580114648654	0.926	-2.951	6.166	0.457	-0.053	0.115	0.000000	0.000000
1580114648616	1580114648679	1.087	-3.020	6.348	0.436	-0.006	0.158	0.000000	0.000000
1580114648643	1580114648694	1.252	-3.044	6.447	0.422	0.020	0.186	0.000000	0.000000
1580114648656	1580114648714	1.295	-2.900	6.875	0.410	0.061	0.196	0.000000	0.000000
1580114648681	1580114648737	1.324	-2.855	7.482	0.383	0.123	0.192	0.000000	0.000000
1580114648697	1580114648759	1.405	-2.836	7.824	0.332	0.136	0.178	0.000000	0.000000
1580114648716	1580114648776	1.525	-2.994	8.006	0.311	0.105	0.167	0.000000	0.000000
1580114648738	1580114648794	1.434	-3.133	8.310	0.308	0.093	0.167	0.000000	0.000000
1580114648763	1580114648814	1.278	-3.257	8.679	0.279	0.092	0.177	0.000000	0.000000
1580114648777	1580114648833	1.247	-3.360	8.893	0.252	0.073	0.176	0.000000	0.000000
1580114648795	1580114648854	1.231	-3.418	8.996	0.250	0.032	0.158	0.000000	0.000000
1580114648817	1580114648879	1.166	-3.595	9.103	0.262	0.000	0.125	0.000000	0.000000
1580114648835	1580114648893	1.099	-3.770	9.321	0.234	-0.010	0.106	0.000000	0.000000
1580114648856	1580114648913	1.034	-3.832	9.355	0.182	-0.010	0.099	0.000000	0.000000
1580114648879	1580114648936	1.058	-3.528	9.269	0.135	-0.004	0.098	0.000000	0.000000
1580114648896	1580114648956	1.065	-3.260	9.134	0.101	-0.001	0.095	0.000000	0.000000
1580114648914	1580114648974	1.080	-3.200	9.027	0.097	-0.009	0.093	0.000000	0.000000
1580114648936	1580114648993	1.046	-3.181	9.024	0.066	-0.022	0.082	0.000000	0.000000
1580114648956	1580114649012	0.933	-3.346	8.991	0.028	-0.027	0.069	0.000000	0.000000
1580114648977	1580114649035	0.969	-3.382	8.962	0.018	-0.012	0.062	0.000000	0.000000
1580114648994	1580114649053	1.010	-3.435	8.919	0.089	0.034	0.055	0.000000	0.000000
1580114649014	1580114649073	1.056	-3.530	8.766	0.144	0.059	0.039	0.000000	0.000000
1580114649035	1580114649092	1.108	-3.689	8.660	0.145	0.066	0.019	0.000000	0.000000
1580114649055	1580114649112	1.139	-3.772	8.761	0.154	0.067	0.015	0.000000	0.000000
1580114649074	1580114649132	1.171	-3.636	8.825	0.107	0.044	0.013	0.000000	0.000000
1580114649099	1580114649154	1.175	-3.507	8.993	0.046	0.012	0.012	0.000000	0.000000
1580114649113	1580114649176	1.080	-3.265	9.115	0.003	-0.021	0.016	0.000000	0.000000
1580114649134	1580114649192	1.046	-3.126	9.166	-0.012	-0.028	0.015	0.000000	0.000000
1580114649161	1580114649211	1.036	-3.162	9.261	0.012	-0.020	0.021	0.000000	0.000000
1580114649176	1580114649232	1.044	-3.291	9.211	0.037	-0.009	0.029	0.000000	0.000000
1580114649194	1580114649255	1.039	-3.370	9.166	0.048	-0.005	0.025	0.000000	0.000000
1580114649213	1580114649274	0.986	-3.348	9.125	0.032	-0.002	0.025	0.000000	0.000000
1580114649234	1580114649291	0.926	-3.334	9.111	-0.010	-0.007	0.041	0.000000	0.000000
1580114649257	1580114649312	0.926	-3.241	9.120	-0.061	-0.011	0.063	0.000000	0.000000
1580114649275	1580114649332	0.888	-3.181	9.139	-0.072	0.007	0.097	0.000000	0.000000
1580114649294	1580114649354	0.845	-3.114	9.127	-0.069	-0.001	0.106	0.000000	0.000000
1580114649314	1580114649372	0.845	-3.071	9.144	-0.078	-0.069	0.042	0.000000	0.000000
1580114649333	1580114649391	0.759	-3.169	9.391	-0.200	-0.105	-0.036	0.000000	0.000000
1580114649363	1580114649411	0.701	-3.315	9.729	-0.352	-0.180	-0.049	0.000000	0.000000
1580114649376	1580114649431	0.833	-3.420	9.532	-0.282	-0.208	-0.051	0.000000	0.000000
1580114649393	1580114649452	0.900	-3.274	9.266	-0.177	-0.197	-0.049	0.000000	0.000000
1580114649413	1580114649475	1.130	-3.200	8.706	-0.289	-0.231	-0.105	0.000000	0.000000
1580114649433	1580114649491	1.135	-3.130	8.512	-0.213	-0.217	-0.092	0.000000	0.000000
1580114649454	1580114649510	0.881	-2.718	8.864	-0.141	-0.223	-0.068	0.000000	0.000000
1580114649475	1580114649530	1.036	-3.363	8.641	0.044	-0.260	-0.057	0.000000	0.000000
1580114649493	1580114649552	1.156	-3.411	8.636	0.209	-0.251	-0.005	0.000000	0.000000
1580114649511	1580114649577	0.991	-3.401	8.615	0.164	-0.245	0.055	0.000000	0.000000
1580114649533	1580114649590	1.175	-3.159	8.246	-0.046	-0.252	0.100	0.000000	0.000000
1580114649552	1580114649611	1.429	-2.520	7.906	-0.111	-0.280	0.123	0.000000	0.000000
1580114649584	1580114649630	1.468	-2.187	7.731	0.049	-0.335	0.117	0.000000	0.000000
1580114649593	1580114649651	1.372	-2.680	7.927	0.135	-0.404	0.105	0.000000	0.000000
1580114649612	1580114649671	1.305	-3.262	8.277	0.106	-0.432	0.092	0.000000	0.000000
1580114649632	1580114649690	1.324	-3.063	8.294	-0.084	-0.395	0.099	0.000000	0.000000
1580114649653	1580114649709	1.489	-2.589	7.817	-0.333	-0.346	0.121	0.000000	0.000000
1580114649671	1580114649730	1.616	-1.969	7.321	-0.504	-0.283	0.111	0.000000	0.000000
1580114649692	1580114649750	1.640	-1.858	7.180	-0.573	-0.225	0.069	0.000000	0.000000
1580114649712	1580114649777	1.631	-2.223	7.026	-0.607	-0.180	0.014	0.000000	0.000000
1580114649731	1580114649789	1.602	-2.623	6.641	-0.613	-0.154	-0.053	0.000000	0.000000
1580114649754	1580114649812	1.734	-2.934	6.291	-0.539	-0.102	-0.114	0.000000	0.000000
1580114649777	1580114649830	1.805	-3.039	6.047	-0.479	-0.038	-0.134	0.000000	0.000000
1580114649792	1580114649852	1.793	-3.233	5.826	-0.460	0.008	-0.134	0.000000	0.000000
1580114649812	1580114649869	1.834	-3.279	5.623	-0.373	0.034	-0.142	0.000000	0.000000
1580114649833	1580114649889	1.789	-3.171	5.745	-0.291	0.032	-0.168	0.000000	0.000000
1580114649853	1580114649908	1.781	-3.380	5.929	-0.308	0.007	-0.179	0.000000	0.000000
1580114649871	1580114649928	1.674	-3.648	6.085	-0.382	-0.027	-0.178	0.000000	0.000000
1580114649891	1580114649951	1.547	-3.691	6.281	-0.481	-0.053	-0.157	0.000000	0.000000
1580114649910	1580114649970	1.432	-3.847	6.310	-0.586	-0.049	-0.103	0.000000	0.000000
1580114649931	1580114649989	1.408	-4.086	6.260	-0.575	-0.044	-0.082	0.000000	0.000000
1580114649953	1580114650010	1.465	-4.290	6.329	-0.441	-0.021	-0.081	0.000000	0.000000
1580114649977	1580114650028	1.381	-5.004	6.646	-0.337	0.006	-0.083	0.000000	0.000000
1580114649990	1580114650048	1.492	-5.770	6.897	-0.298	0.024	-0.083	0.000000	0.000000
1580114650010	1580114650071	1.655	-5.854	7.276	-0.337	0.024	-0.070	0.000000	0.000000
1580114650030	1580114650091	1.748	-5.804	7.668	-0.479	0.027	-0.024	0.000000	0.000000
1580114650050	1580114650108	1.875	-5.694	8.107	-0.690	-0.017	0.043	0.000000	0.000000
1580114650072	1580114650127	2.062	-5.567	8.406	-0.751	-0.082	0.024	0.000000	0.000000
1580114650097	1580114650147	2.129	-5.624	8.670	-0.654	-0.084	0.005	0.000000	0.000000
1580114650111	1580114650168	2.342	-6.017	8.749	-0.622	-0.085	-0.007	0.000000	0.000000
1580114650130	1580114650191	2.730	-6.788	8.562	-0.638	-0.064	0.018	0.000000	0.000000
1580114650149	1580114650212	2.795	-6.808	8.308	-0.655	-0.063	-0.008	0.000000	0.000000
1580114650174	1580114650227	2.855	-6.800	8.049	-0.513	-0.061	-0.055	0.000000	0.000000
1580114650191	1580114650247	2.898	-6.899	7.956	-0.360	-0.050	-0.083	0.000000	0.000000
1580114650212	1580114650269	3.046	-7.368	7.958	-0.271	0.002	-0.076	0.000000	0.000000
1580114650230	1580114650293	3.042	-7.356	7.750	-0.166	0.051	-0.099	0.000000	0.000000
1580114650249	1580114650307	3.058	-7.217	7.462	-0.092	0.089	-0.091	0.000000	0.000000
1580114650272	1580114650330	3.034	-7.193	7.247	-0.140	0.096	-0.088	0.000000	0.000000
1580114650293	1580114650348	2.974	-7.014	7.314	-0.157	0.133	-0.098	0.000000	0.000000
1580114650310	1580114650367	2.668	-6.602	7.357	-0.103	0.163	-0.113	0.000000	0.000000
1580114650332	1580114650390	2.567	-6.812	7.079	-0.102	0.158	-0.108	0.000000	0.000000
1580114650349	1580114650407	2.462	-7.282	7.127	-0.200	0.174	-0.138	0.000000	0.000000
1580114650368	1580114650428	2.232	-7.392	7.484	-0.184	0.240	-0.123	0.000000	0.000000
1580114650391	1580114650447	2.316	-7.049	7.450	-0.087	0.270	-0.103	0.000000	0.000000
1580114650409	1580114650467	2.438	-7.488	7.558	0.091	0.266	-0.088	0.000000	0.000000
1580114650430	1580114650494	2.198	-7.790	8.049	0.204	0.253	-0.042	0.000000	0.000000
1580114650450	1580114650506	2.021	-7.948	8.490	0.225	0.261	0.019	0.000000	0.000000
1580114650469	1580114650525	1.966	-7.639	8.742	0.294	0.303	0.057	0.000000	0.000000
1580114650496	1580114650546	2.035	-7.291	8.790	0.340	0.269	0.043	0.000000	0.000000
1580114650509	1580114650566	2.095	-7.780	8.909	0.296	0.159	0.030	0.000000	0.000000
1580114650527	1580114650588	1.645	-8.151	9.293	0.176	0.047	0.041	0.000000	0.000000
1580114650547	1580114650609	1.295	-8.451	10.133	-0.024	-0.078	0.072	0.000000	0.000000
1580114650568	1580114650626	1.460	-8.254	10.857	-0.310	-0.191	0.104	0.000000	0.000000
1580114650588	1580114650645	1.678	-7.993	11.540	-0.534	-0.300	0.090	0.000000	0.000000
1580114650609	1580114650665	2.004	-8.036	12.213	-0.540	-0.335	0.049	0.000000	0.000000
1580114650633	1580114650687	2.411	-8.506	12.773	-0.471	-0.299	0.019	0.000000	0.000000
1580114650648	1580114650707	3.135	-9.627	12.634	-0.368	-0.228	-0.027	0.000000	0.000000
1580114650668	1580114650725	3.655	-10.070	12.203	-0.136	-0.119	-0.086	0.000000	0.000000
1580114650688	1580114650745	3.839	-9.989	11.805	0.110	-0.016	-0.129	0.000000	0.000000
1580114650710	1580114650765	4.050	-10.250	11.190	0.275	0.062	-0.162	0.000000	0.000000
1580114650728	1580114650789	3.954	-9.989	10.720	0.341	0.091	-0.182	0.000000	0.000000
1580114650747	1580114650809	3.672	-9.311	10.186	0.321	0.068	-0.175	0.000000	0.000000
1580114650767	1580114650826	3.336	-8.614	9.707	0.281	0.027	-0.162	0.000000	0.000000
1580114650792	1580114650847	2.927	-7.989	9.408	0.279	-0.011	-0.174	0.000000	0.000000
1580114650809	1580114650865	2.764	-7.648	8.960	0.305	-0.038	-0.166	0.000000	0.000000
1580114650827	1580114650885	2.771	-7.519	8.682	0.253	-0.036	-0.140	0.000000	0.000000
1580114650849	1580114650911	2.752	-7.344	8.406	0.125	0.015	-0.108	0.000000	0.000000
1580114650866	1580114650926	2.620	-6.788	8.018	0.000	0.090	-0.070	0.000000	0.000000
1580114650887	1580114650946	2.503	-6.309	7.333	0.023	0.120	-0.087	0.000000	0.000000
1580114650911	1580114650966	2.366	-6.146	6.799	0.154	0.160	-0.079	0.000000	0.000000
1580114650929	1580114650988	2.222	-6.451	6.566	0.178	0.165	-0.041	0.000000	0.000000
1580114650948	1580114651006	2.371	-6.724	6.353	0.161	0.129	-0.008	0.000000	0.000000
1580114650968	1580114651026	2.308	-6.266	6.485	0.205	0.156	0.012	0.000000	0.000000
1580114650988	1580114651045	2.222	-5.897	6.734	0.208	0.195	0.025	0.000000	0.000000
1580114651007	1580114651065	2.526	-5.864	6.696	0.075	0.193	0.031	0.000000	0.000000
1580114651033	1580114651087	2.510	-5.569	6.624	-0.086	0.148	0.033	0.000000	0.000000
1580114651047	1580114651111	2.285	-5.109	6.308	0.010	0.129	0.024	0.000000	0.000000
1580114651067	1580114651126	2.229	-4.946	6.071	0.244	0.225	0.031	0.000000	0.000000
1580114651091	1580114651145	2.225	-5.435	6.389	0.292	0.310	0.027	0.000000	0.000000
1580114651111	1580114651165	2.431	-5.662	6.329	0.097	0.212	0.000	0.000000	0.000000
1580114651130	1580114651185	2.294	-5.092	5.790	0.018	0.098	-0.030	0.000000	0.000000
1580114651147	1580114651207	1.755	-4.553	5.877	0.176	0.095	-0.066	0.000000	0.000000
1580114651167	1580114651230	1.551	-4.735	6.425	0.308	0.133	-0.090	0.000000	0.000000
1580114651187	1580114651245	1.841	-5.224	6.574	0.154	0.082	-0.079	0.000000	0.000000
1580114651208	1580114651265	1.904	-4.920	6.078	0.024	0.030	-0.077	0.000000	0.000000
1580114651231	1580114651287	1.585	-4.175	5.821	0.243	0.077	-0.052	0.000000	0.000000
1580114651247	1580114651313	1.463	-3.978	6.198	0.458	0.153	-0.063	0.000000	0.000000
1580114651266	1580114651325	1.719	-4.544	6.399	0.403	0.182	-0.065	0.000000	0.000000
1580114651292	1580114651346	1.671	-4.441	6.217	0.258	0.162	-0.046	0.000000	0.000000
1580114651313	1580114651364	1.408	-3.669	5.831	0.291	0.172	-0.031	0.000000	0.000000
1580114651326	1580114651388	1.278	-3.243	6.075	0.356	0.176	-0.040	0.000000	0.000000
1580114651348	1580114651408	1.305	-3.590	6.411	0.307	0.132	-0.047	0.000000	0.000000
1580114651365	1580114651428	1.302	-3.760	6.684	0.250	0.081	-0.048	0.000000	0.000000
1580114651390	1580114651444	1.144	-3.499	6.727	0.335	0.060	-0.040	0.000000	0.000000
1580114651408	1580114651464	1.096	-3.444	6.751	0.410	0.057	-0.041	0.000000	0.000000
1580114651428	1580114651484	1.269	-3.830	7.117	0.321	0.057	-0.027	0.000000	0.000000
1580114651447	1580114651506	1.365	-3.863	7.335	0.201	0.058	0.001	0.000000	0.000000
1580114651466	1580114651532	1.422	-3.372	7.237	0.215	0.074	0.016	0.000000	0.000000
1580114651485	1580114651543	1.451	-3.286	7.084	0.313	0.083	0.019	0.000000	0.000000
1580114651508	1580114651570	1.571	-3.593	7.256	0.295	0.077	0.064	0.000000	0.000000
1580114651541	1580114651584	1.563	-3.775	7.561	0.260	0.089	0.079	0.000000	0.000000
1580114651545	1580114651606	1.458	-3.624	7.494	0.358	0.139	0.087	0.000000	0.000000
1580114651570	1580114651625	1.429	-3.617	7.484	0.481	0.149	0.059	0.000000	0.000000
1580114651585	1580114651643	1.738	-3.959	7.647	0.520	0.129	0.054	0.000000	0.000000
1580114651607	1580114651663	1.643	-4.132	8.155	0.455	0.138	0.056	0.000000	0.000000
1580114651628	1580114651683	1.499	-4.091	8.346	0.363	0.144	0.040	0.000000	0.000000
1580114651644	1580114651708	1.590	-3.770	8.203	0.327	0.135	0.017	0.000000	0.000000
1580114651665	1580114651724	1.597	-3.557	8.437	0.258	0.140	0.000	0.000000	0.000000
1580114651684	1580114651742	1.516	-3.653	8.780	0.175	0.144	-0.004	0.000000	0.000000
1580114651708	1580114651762	1.530	-3.648	8.859	0.139	0.128	0.002	0.000000	0.000000
1580114651725	1580114651783	1.489	-3.713	8.811	0.131	0.113	-0.013	0.000000	0.000000
1580114651745	1580114651802	1.429	-3.904	8.878	0.133	0.104	-0.025	0.000000	0.000000
1580114651764	1580114651824	1.487	-3.974	9.015	0.117	0.077	-0.038	0.000000	0.000000
1580114651786	1580114651843	1.547	-4.053	9.087	0.139	0.048	-0.047	0.000000	0.000000
1580114651804	1580114651861	1.496	-3.983	9.118	0.149	0.046	-0.044	0.000000	0.000000
1580114651824	1580114651882	1.451	-3.983	9.118	0.131	0.061	-0.037	0.000000	0.000000
1580114651847	1580114651903	1.441	-3.799	8.948	0.156	0.072	-0.032	0.000000	0.000000
1580114651863	1580114651923	1.422	-3.681	8.823	0.250	0.111	-0.016	0.000000	0.000000
1580114651884	1580114651941	1.360	-3.780	8.773	0.372	0.157	-0.001	0.000000	0.000000
1580114651905	1580114651960	1.350	-3.871	8.720	0.455	0.185	0.010	0.000000	0.000000
1580114651924	1580114651980	1.338	-3.880	8.730	0.499	0.202	0.006	0.000000	0.000000
1580114651943	1580114652003	1.266	-3.775	8.732	0.521	0.221	-0.009	0.000000	0.000000
1580114651968	1580114652019	1.207	-3.657	8.778	0.504	0.234	-0.024	0.000000	0.000000
1580114651983	1580114652045	1.151	-3.667	8.813	0.389	0.242	-0.022	0.000000	0.000000
1580114652006	1580114652061	1.168	-3.552	8.972	0.198	0.222	-0.032	0.000000	0.000000
1580114652024	1580114652079	1.211	-3.044	8.969	0.106	0.198	-0.040	0.000000	0.000000
1580114652045	1580114652103	1.108	-2.596	8.895	0.091	0.179	-0.010	0.000000	0.000000
1580114652065	1580114652119	0.989	-2.603	8.904	0.062	0.164	0.041	0.000000	0.000000
1580114652083	1580114652140	0.802	-2.704	8.842	0.036	0.142	0.090	0.000000	0.000000
1580114652105	1580114652159	0.651	-2.587	8.768	0.014	0.117	0.109	0.000000	0.000000
1580114652123	1580114652179	0.553	-2.627	8.797	-0.058	0.094	0.109	0.000000	0.000000
1580114652142	1580114652203	0.533	-2.793	8.828	-0.124	0.082	0.108	0.000000	0.000000
1580114652162	1580114652218	0.574	-2.845	8.852	-0.196	0.066	0.108	0.000000	0.000000
1580114652182	1580114652249	0.653	-2.922	8.864	-0.227	0.046	0.098	0.000000	0.000000
1580114652205	1580114652262	0.701	-2.963	8.811	-0.202	0.048	0.080	0.000000	0.000000
1580114652224	1580114652278	0.723	-3.090	8.890	-0.185	0.060	0.072	0.000000	0.000000
1580114652249	1580114652299	0.874	-3.303	9.015	-0.201	0.068	0.066	0.000000	0.000000
1580114652265	1580114652321	1.044	-3.233	9.051	-0.203	0.084	0.060	0.000000	0.000000
1580114652283	1580114652340	1.096	-3.039	9.058	-0.219	0.078	0.054	0.000000	0.000000
1580114652301	1580114652358	1.068	-3.020	9.055	-0.235	0.071	0.050	0.000000	0.000000
1580114652324	1580114652378	0.950	-2.953	9.070	-0.243	0.063	0.055	0.000000	0.000000
1580114652342	1580114652402	0.917	-2.922	9.051	-0.272	0.046	0.055	0.000000	0.000000
1580114652361	1580114652418	0.852	-2.948	9.007	-0.307	0.038	0.060	0.000000	0.000000
1580114652382	1580114652444	0.684	-2.972	8.809	-0.314	0.032	0.069	0.000000	0.000000
1580114652405	1580114652458	0.608	-3.015	8.583	-0.314	0.029	0.076	0.000000	0.000000
1580114652423	1580114652481	0.553	-3.047	8.437	-0.335	0.012	0.092	0.000000	0.000000
1580114652447	1580114652502	0.512	-3.035	8.313	-0.358	-0.006	0.120	0.000000	0.000000
1580114652462	1580114652518	0.481	-2.862	8.124	-0.382	-0.017	0.137	0.000000	0.000000
1580114652481	1580114652540	0.466	-2.735	7.903	-0.424	-0.035	0.142	0.000000	0.000000
1580114652504	1580114652561	0.462	-2.644	7.762	-0.473	-0.052	0.137	0.000000	0.000000
1580114652518	1580114652577	0.440	-2.544	7.551	-0.530	-0.057	0.122	0.000000	0.000000
1580114652541	1580114652601	0.435	-2.500	7.278	-0.605	-0.089	0.092	0.000000	0.000000
1580114652561	1580114652617	0.497	-2.464	7.060	-0.687	-0.131	0.087	0.000000	0.000000
1580114652579	1580114652642	0.418	-2.496	6.916	-0.796	-0.182	0.125	0.000000	0.000000
1580114652604	1580114652657	0.282	-2.615	6.720	-0.893	-0.263	0.156	0.000000	0.000000
1580114652618	1580114652679	0.371	-2.754	6.526	-0.892	-0.382	0.149	0.000000	0.000000
1580114652643	1580114652699	0.512	-3.085	6.619	-0.799	-0.489	0.134	0.000000	0.000000
1580114652659	1580114652717	0.553	-3.756	6.947	-0.700	-0.541	0.125	0.000000	0.000000
1580114652680	1580114652738	0.677	-4.395	7.055	-0.659	-0.555	0.109	0.000000	0.000000
1580114652700	1580114652765	0.902	-4.762	6.816	-0.670	-0.539	0.088	0.000000	0.000000
1580114652719	1580114652777	1.113	-4.992	6.638	-0.704	-0.522	0.078	0.000000	0.000000
1580114652740	1580114652796	1.223	-5.193	6.607	-0.760	-0.480	0.065	0.000000	0.000000
1580114652765	1580114652820	1.163	-5.404	6.478	-0.803	-0.421	0.055	0.000000	0.000000
1580114652777	1580114652836	1.113	-5.627	6.188	-0.759	-0.361	0.042	0.000000	0.000000
1580114652798	1580114652856	1.106	-5.943	6.008	-0.657	-0.290	0.019	0.000000	0.000000
1580114652823	1580114652877	1.082	-6.384	5.953	-0.554	-0.224	-0.005	0.000000	0.000000
1580114652844	1580114652897	1.020	-6.767	5.865	-0.432	-0.151	-0.014	0.000000	0.000000
1580114652858	1580114652916	0.977	-6.836	5.848	-0.347	-0.110	0.000	0.000000	0.000000
1580114652878	1580114652942	1.068	-6.827	5.956	-0.358	-0.115	0.022	0.000000	0.000000
1580114652899	1580114652967	1.082	-6.630	6.130	-0.425	-0.122	0.041	0.000000	0.000000
1580114652917	1580114652977	1.003	-6.384	6.313	-0.417	-0.131	0.064	0.000000	0.000000
1580114652942	1580114652996	0.991	-6.340	6.471	-0.335	-0.146	0.093	0.000000	0.000000
1580114652967	1580114653020	1.068	-6.731	6.669	-0.328	-0.176	0.099	0.000000	0.000000
1580114652980	1580114653054	1.175	-7.155	6.990	-0.381	-0.203	0.094	0.000000	0.000000
1580114652999	1580114653064	1.266	-7.253	7.146	-0.398	-0.207	0.091	0.000000	0.000000
1580114653052	1580114653095	1.571	-7.529	7.074	-0.361	-0.182	0.091	0.000000	0.000000
1580114653065	1580114653097	1.619	-7.735	6.983	-0.344	-0.138	0.110	0.000000	0.000000
1580114653095	1580114653117	1.628	-7.687	6.787	-0.335	-0.081	0.124	0.000000	0.000000
1580114653158	1580114653167	1.614	-7.677	6.598	-0.332	-0.039	0.141	0.000000	0.000000
1580114653178	1580114653169	1.619	-7.735	6.852	-0.354	-0.008	0.174	0.000000	0.000000
1580114653187	1580114653186	1.631	-8.036	7.223	-0.332	0.026	0.203	0.000000	0.000000
1580114653196	1580114653195	1.647	-8.132	7.506	-0.235	0.053	0.218	0.000000	0.000000
1580114653217	1580114653215	1.547	-8.058	7.656	-0.135	0.062	0.211	0.000000	0.000000
1580114653235	1580114653233	1.559	-8.029	7.635	-0.080	0.039	0.182	0.000000	0.000000
1580114653266	1580114653256	1.671	-7.936	7.573	-0.054	0.024	0.152	0.000000	0.000000
1580114653274	1580114653273	1.520	-7.890	7.438	-0.071	0.017	0.121	0.000000	0.000000
1580114653295	1580114653293	1.489	-7.957	7.285	-0.110	-0.018	0.110	0.000000	0.000000
1580114653316	1580114653314	1.556	-8.192	7.182	-0.137	-0.051	0.104	0.000000	0.000000
1580114653334	1580114653333	1.678	-8.374	7.055	-0.092	-0.058	0.097	0.000000	0.000000
1580114653354	1580114653353	1.695	-8.343	6.971	-0.015	-0.033	0.100	0.000000	0.000000
1580114653385	1580114653377	1.647	-8.463	6.986	-0.017	-0.014	0.120	0.000000	0.000000
1580114653398	1580114653395	1.556	-8.738	7.216	-0.079	0.005	0.141	0.000000	0.000000
1580114653415	1580114653413	1.422	-9.186	7.522	-0.139	0.023	0.156	0.000000	0.000000
