1580114832670	1580114832670	1.024	3.519	8.801	-0.005	-0.007	0.018	0.000000	0.000000
1580114832686	1580114832684	1.075	3.443	8.651	0.019	-0.012	0.017	0.000000	0.000000
1580114832705	1580114832704	1.051	3.582	8.655	0.013	-0.010	0.013	0.000000	0.000000
1580114832725	1580114832724	0.996	3.821	8.722	0.000	-0.009	0.015	0.000000	0.000000
1580114832745	1580114832744	1.015	3.987	8.706	0.016	0.001	0.014	0.000000	0.000000
1580114832765	1580114832764	1.077	4.020	8.794	0.015	0.007	0.013	0.000000	0.000000
1580114832787	1580114832786	1.099	3.891	8.912	-0.006	0.023	0.001	0.000000	0.000000
1580114832805	1580114832804	1.108	3.884	8.909	0.001	0.023	-0.008	0.000000	0.000000
1580114832825	1580114832824	1.094	4.011	8.900	0.018	0.022	-0.010	0.000000	0.000000
1580114832845	1580114832843	1.058	3.972	8.878	0.033	0.032	-0.018	0.000000	0.000000
1580114832867	1580114832864	1.096	3.881	8.859	0.059	0.040	-0.023	0.000000	0.000000
1580114832886	1580114832884	1.058	3.828	8.873	0.062	0.039	-0.037	0.000000	0.000000
1580114832905	1580114832903	0.969	3.965	8.914	0.046	0.017	-0.037	0.000000	0.000000
1580114832924	1580114832923	1.015	4.106	8.734	0.046	-0.006	-0.038	0.000000	0.000000
1580114832945	1580114832943	1.001	4.027	8.540	0.049	0.001	-0.030	0.000000	0.000000
1580114832964	1580114832963	1.084	3.975	8.627	0.021	0.002	-0.031	0.000000	0.000000
1580114832984	1580114832983	1.183	3.836	8.600	0.025	0.000	-0.042	0.000000	0.000000
1580114833004	1580114833003	1.075	3.977	8.521	0.098	0.022	-0.043	0.000000	0.000000
1580114833024	1580114833023	0.926	4.027	8.342	0.091	0.029	-0.058	0.000000	0.000000
1580114833044	1580114833043	0.866	4.070	8.143	0.064	0.038	-0.092	0.000000	0.000000
1580114833070	1580114833064	0.905	4.511	8.169	0.085	0.047	-0.108	0.000000	0.000000
1580114833085	1580114833083	0.869	4.710	8.119	0.056	0.048	-0.112	0.000000	0.000000
1580114833104	1580114833102	0.902	4.602	8.042	0.028	0.049	-0.113	0.000000	0.000000
1580114833123	1580114833122	0.945	4.487	7.982	0.068	0.057	-0.124	0.000000	0.000000
1580114833143	1580114833142	0.900	4.550	7.946	0.114	0.058	-0.140	0.000000	0.000000
1580114833163	1580114833162	0.742	4.679	7.752	0.103	0.043	-0.139	0.000000	0.000000
1580114833183	1580114833182	0.586	4.605	7.482	0.057	0.027	-0.138	0.000000	0.000000
1580114833203	1580114833202	0.426	4.518	7.604	-0.014	0.031	-0.130	0.000000	0.000000
1580114833223	1580114833222	0.428	4.492	7.740	-0.076	-0.011	-0.112	0.000000	0.000000
1580114833245	1580114833243	0.371	4.190	7.517	-0.118	-0.048	-0.105	0.000000	0.000000
1580114833264	1580114833262	0.380	3.999	7.192	-0.196	-0.090	-0.098	0.000000	0.000000
1580114833284	1580114833282	0.603	3.594	6.955	-0.295	-0.100	-0.119	0.000000	0.000000
1580114833303	1580114833301	0.454	3.014	6.880	-0.279	-0.049	-0.152	0.000000	0.000000
1580114833323	1580114833322	0.014	3.069	7.060	-0.204	0.018	-0.140	0.000000	0.000000
1580114833343	1580114833341	-0.085	3.187	7.134	-0.291	0.022	-0.162	0.000000	0.000000
1580114833363	1580114833361	0.248	3.004	6.995	-0.431	0.008	-0.190	0.000000	0.000000
1580114833385	1580114833385	0.462	3.021	6.945	-0.476	0.029	-0.175	0.000000	0.000000
1580114833403	1580114833401	0.402	2.755	6.981	-0.414	0.071	-0.157	0.000000	0.000000
1580114833423	1580114833421	0.344	2.525	7.177	-0.302	0.122	-0.181	0.000000	0.000000
1580114833443	1580114833441	0.615	2.806	7.534	-0.302	0.122	-0.188	0.000000	0.000000
1580114833470	1580114833469	0.818	2.580	7.424	-0.377	0.077	-0.206	0.000000	0.000000
1580114833487	1580114833481	0.828	2.422	7.319	-0.274	0.043	-0.216	0.000000	0.000000
1580114833502	1580114833501	1.070	2.770	7.400	-0.173	0.004	-0.196	0.000000	0.000000
1580114833522	1580114833522	1.046	2.758	7.393	-0.141	-0.044	-0.162	0.000000	0.000000
1580114833543	1580114833541	0.809	2.818	7.544	-0.068	-0.091	-0.084	0.000000	0.000000
1580114833562	1580114833561	0.768	2.724	7.745	-0.025	-0.148	-0.027	0.000000	0.000000
1580114833582	1580114833582	0.878	2.348	7.831	0.018	-0.209	0.001	0.000000	0.000000
1580114833602	1580114833601	1.013	2.027	7.894	0.065	-0.242	0.032	0.000000	0.000000
1580114833627	1580114833622	0.912	1.713	7.987	0.097	-0.261	0.074	0.000000	0.000000
1580114833641	1580114833640	0.663	1.570	7.805	0.148	-0.267	0.092	0.000000	0.000000
1580114833668	1580114833668	0.600	1.922	7.556	0.181	-0.245	0.100	0.000000	0.000000
1580114833681	1580114833680	0.711	2.461	7.549	0.109	-0.217	0.090	0.000000	0.000000
1580114833765	1580114833765	0.826	2.391	7.635	-0.069	-0.214	0.071	0.000000	0.000000
1580114833765	1580114833765	0.955	2.089	7.896	-0.155	-0.171	0.061	0.000000	0.000000
1580114833765	1580114833765	1.051	1.811	8.222	-0.096	-0.084	0.061	0.000000	0.000000
1580114833765	1580114833765	1.139	1.867	8.418	0.007	0.004	0.055	0.000000	0.000000
1580114833784	1580114833782	1.197	2.070	8.375	0.001	0.066	0.023	0.000000	0.000000
1580114833818	1580114833818	1.075	2.511	8.497	-0.046	0.122	0.012	0.000000	0.000000
1580114833857	1580114833857	0.914	3.040	8.957	-0.074	0.173	0.043	0.000000	0.000000
1580114833897	1580114833901	0.718	3.060	9.527	-0.119	0.187	0.075	0.000000	0.000000
1580114833920	1580114833926	0.754	2.676	9.669	-0.217	0.112	0.105	0.000000	0.000000
1580114833922	1580114833927	0.977	2.338	9.712	-0.354	0.042	0.118	0.000000	0.000000
1580114833935	1580114833933	0.845	2.360	10.133	-0.406	0.022	0.143	0.000000	0.000000
1580114833944	1580114833941	0.512	2.774	10.222	-0.334	0.021	0.144	0.000000	0.000000
1580114833945	1580114833942	0.579	3.462	10.112	-0.241	0.016	0.138	0.000000	0.000000
1580114833961	1580114833959	0.634	3.781	10.162	-0.234	0.027	0.166	0.000000	0.000000
1580114833982	1580114833981	0.799	3.352	10.114	-0.325	0.022	0.193	0.000000	0.000000
1580114834001	1580114833999	0.910	2.624	10.054	-0.382	0.024	0.222	0.000000	0.000000
1580114834020	1580114834018	1.008	2.456	10.339	-0.346	0.044	0.243	0.000000	0.000000
1580114834042	1580114834041	1.058	2.727	10.519	-0.245	0.062	0.258	0.000000	0.000000
1580114834062	1580114834058	1.219	2.978	10.531	-0.212	0.077	0.256	0.000000	0.000000
1580114834081	1580114834079	1.523	2.980	10.859	-0.309	0.079	0.220	0.000000	0.000000
1580114834100	1580114834098	1.609	2.856	11.472	-0.382	0.072	0.199	0.000000	0.000000
1580114834120	1580114834118	1.683	2.626	11.899	-0.275	0.056	0.176	0.000000	0.000000
1580114834139	1580114834138	1.712	2.937	12.239	-0.082	0.099	0.192	0.000000	0.000000
1580114834161	1580114834159	1.506	2.997	12.852	-0.116	0.123	0.194	0.000000	0.000000
1580114834181	1580114834179	1.513	2.786	13.504	-0.241	0.080	0.147	0.000000	0.000000
1580114834200	1580114834199	1.556	3.215	14.050	-0.209	0.056	0.109	0.000000	0.000000
1580114834219	1580114834218	1.726	3.896	14.314	-0.085	0.023	0.084	0.000000	0.000000
1580114834239	1580114834238	1.887	4.157	14.167	0.043	0.013	0.060	0.000000	0.000000
1580114834259	1580114834257	1.535	4.288	14.028	0.106	0.047	0.072	0.000000	0.000000
1580114834279	1580114834277	1.820	4.339	15.085	0.142	0.071	0.063	0.000000	0.000000
1580114834299	1580114834297	1.956	4.684	15.432	0.237	0.039	0.081	0.000000	0.000000
1580114834321	1580114834320	2.004	4.528	15.401	0.177	-0.058	0.084	0.000000	0.000000
1580114834338	1580114834337	1.657	3.582	14.582	0.045	-0.140	0.067	0.000000	0.000000
1580114834358	1580114834357	1.511	3.366	14.426	0.073	-0.083	0.036	0.000000	0.000000
1580114834379	1580114834378	1.563	3.208	14.440	0.112	-0.057	-0.008	0.000000	0.000000
1580114834398	1580114834397	1.611	3.460	13.969	0.214	-0.056	-0.049	0.000000	0.000000
1580114834418	1580114834416	1.492	3.522	12.970	0.259	-0.064	-0.074	0.000000	0.000000
1580114834438	1580114834437	1.259	3.213	12.270	0.287	-0.043	-0.071	0.000000	0.000000
1580114834458	1580114834456	1.048	2.798	11.820	0.313	-0.035	-0.032	0.000000	0.000000
1580114834479	1580114834478	0.943	2.446	11.128	0.328	-0.035	-0.001	0.000000	0.000000
1580114834497	1580114834496	0.967	2.087	10.586	0.316	-0.008	0.026	0.000000	0.000000
1580114834518	1580114834516	0.977	1.998	10.208	0.228	0.030	0.041	0.000000	0.000000
1580114834537	1580114834536	1.101	2.104	10.066	0.072	0.061	0.032	0.000000	0.000000
1580114834558	1580114834556	1.221	2.219	10.021	-0.066	0.087	0.012	0.000000	0.000000
1580114834577	1580114834576	1.298	2.197	9.877	-0.184	0.097	0.006	0.000000	0.000000
1580114834601	1580114834597	1.357	2.101	9.896	-0.287	0.079	0.033	0.000000	0.000000
1580114834619	1580114834618	1.408	2.022	10.102	-0.333	0.053	0.057	0.000000	0.000000
1580114834637	1580114834636	1.554	2.166	10.222	-0.283	0.055	0.014	0.000000	0.000000
1580114834657	1580114834656	1.700	2.341	9.654	-0.202	0.082	-0.038	0.000000	0.000000
1580114834677	1580114834676	1.355	2.121	8.940	-0.254	0.096	-0.039	0.000000	0.000000
1580114834697	1580114834696	1.060	1.522	9.424	-0.469	0.024	-0.010	0.000000	0.000000
1580114834722	1580114834721	1.429	1.407	10.100	-0.480	-0.054	-0.069	0.000000	0.000000
1580114834736	1580114834735	1.542	2.415	10.181	-0.084	0.043	-0.124	0.000000	0.000000
1580114834757	1580114834756	1.652	3.812	9.535	0.282	0.089	-0.148	0.000000	0.000000
1580114834778	1580114834777	1.295	4.111	8.715	0.227	0.021	-0.098	0.000000	0.000000
1580114834800	1580114834796	0.945	2.518	7.843	-0.152	-0.082	-0.067	0.000000	0.000000
1580114834818	1580114834815	1.345	1.086	7.199	-0.263	-0.090	-0.136	0.000000	0.000000
1580114834836	1580114834835	1.381	1.337	7.989	0.081	0.037	-0.145	0.000000	0.000000
1580114834859	1580114834855	0.890	2.077	8.416	0.313	0.074	-0.128	0.000000	0.000000
1580114834881	1580114834879	0.502	2.247	7.577	0.286	-0.018	-0.098	0.000000	0.000000
1580114834905	1580114834901	0.486	2.006	6.761	0.148	-0.101	-0.058	0.000000	0.000000
1580114834917	1580114834915	0.581	1.776	6.722	0.072	-0.102	-0.083	0.000000	0.000000
1580114834936	1580114834934	0.279	2.068	7.395	0.265	-0.020	-0.118	0.000000	0.000000
1580114834956	1580114834954	0.145	2.707	7.601	0.457	-0.004	-0.161	0.000000	0.000000
1580114834976	1580114834974	0.002	3.086	7.058	0.459	-0.093	-0.106	0.000000	0.000000
1580114834998	1580114834996	-0.164	2.791	6.255	0.291	-0.196	-0.016	0.000000	0.000000
1580114835015	1580114835014	0.066	1.931	5.512	0.175	-0.247	0.002	0.000000	0.000000
1580114835035	1580114835034	0.107	1.296	5.309	0.211	-0.208	-0.002	0.000000	0.000000
1580114835056	1580114835054	0.193	1.261	5.627	0.162	-0.166	-0.008	0.000000	0.000000
1580114835075	1580114835074	0.323	1.407	5.778	0.006	-0.165	0.005	0.000000	0.000000
1580114835095	1580114835094	0.579	1.455	5.726	-0.155	-0.160	0.009	0.000000	0.000000
1580114835115	1580114835114	0.965	1.035	5.833	-0.211	-0.126	-0.079	0.000000	0.000000
1580114835135	1580114835134	0.953	1.158	6.569	-0.030	-0.048	-0.141	0.000000	0.000000
1580114835156	1580114835154	1.060	2.283	7.345	0.122	-0.021	-0.182	0.000000	0.000000
1580114835176	1580114835174	1.401	2.933	7.259	0.127	-0.057	-0.263	0.000000	0.000000
1580114835199	1580114835198	1.472	3.206	6.765	0.263	-0.034	-0.304	0.000000	0.000000
1580114835217	1580114835214	1.235	3.872	6.976	0.423	0.038	-0.281	0.000000	0.000000
1580114835236	1580114835234	1.072	4.353	7.673	0.322	0.068	-0.274	0.000000	0.000000
1580114835255	1580114835254	0.818	4.317	8.001	0.172	0.075	-0.259	0.000000	0.000000
1580114835275	1580114835274	0.730	4.339	8.188	0.127	0.061	-0.231	0.000000	0.000000
1580114835297	1580114835297	0.900	4.485	8.562	0.062	0.034	-0.226	0.000000	0.000000
1580114835316	1580114835314	0.778	4.430	8.943	-0.035	0.043	-0.198	0.000000	0.000000
1580114835336	1580114835333	0.694	4.181	9.168	-0.136	0.039	-0.192	0.000000	0.000000
1580114835355	1580114835353	0.589	3.788	9.443	-0.179	0.034	-0.190	0.000000	0.000000
1580114835375	1580114835373	0.538	3.527	9.566	-0.138	0.026	-0.201	0.000000	0.000000
1580114835395	1580114835393	0.651	3.467	9.470	-0.003	0.028	-0.198	0.000000	0.000000
1580114835421	1580114835421	0.553	3.531	9.285	0.160	0.056	-0.159	0.000000	0.000000
1580114835437	1580114835433	0.476	3.481	9.041	0.212	0.080	-0.135	0.000000	0.000000
1580114835457	1580114835453	0.462	3.306	8.907	0.188	0.100	-0.121	0.000000	0.000000
1580114835476	1580114835476	0.517	3.287	8.782	0.168	0.116	-0.131	0.000000	0.000000
1580114835495	1580114835493	0.668	3.579	8.722	0.172	0.142	-0.151	0.000000	0.000000
1580114835517	1580114835516	0.706	3.773	8.672	0.167	0.182	-0.164	0.000000	0.000000
1580114835536	1580114835534	0.600	3.778	8.694	0.155	0.217	-0.167	0.000000	0.000000
1580114835555	1580114835554	0.452	3.812	8.818	0.149	0.235	-0.171	0.000000	0.000000
1580114835574	1580114835573	0.373	3.965	8.813	0.168	0.248	-0.170	0.000000	0.000000
1580114835596	1580114835596	0.402	4.185	8.746	0.196	0.256	-0.153	0.000000	0.000000
1580114835621	1580114835614	0.339	4.197	8.708	0.173	0.251	-0.108	0.000000	0.000000
1580114835634	1580114835634	0.294	4.061	8.830	0.113	0.228	-0.074	0.000000	0.000000
1580114835659	1580114835659	0.294	3.749	9.067	0.091	0.199	-0.034	0.000000	0.000000
1580114835674	1580114835673	0.260	3.599	9.161	0.143	0.184	-0.005	0.000000	0.000000
1580114835695	1580114835693	0.284	3.685	9.122	0.174	0.156	0.003	0.000000	0.000000
1580114835720	1580114835713	0.217	3.773	8.924	0.140	0.117	0.027	0.000000	0.000000
1580114835736	1580114835733	0.181	3.977	8.849	0.064	0.078	0.055	0.000000	0.000000
1580114835753	1580114835753	0.251	4.020	8.890	-0.001	0.038	0.089	0.000000	0.000000
1580114835774	1580114835772	0.136	3.761	8.936	0.004	0.018	0.139	0.000000	0.000000
1580114835793	1580114835793	0.035	3.464	8.823	0.033	-0.005	0.180	0.000000	0.000000
1580114835814	1580114835812	0.071	3.309	8.718	0.043	-0.017	0.189	0.000000	0.000000
1580114835834	1580114835833	0.117	3.258	8.567	0.031	-0.005	0.199	0.000000	0.000000
1580114835858	1580114835858	0.033	3.318	8.459	0.013	0.013	0.219	0.000000	0.000000
1580114835883	1580114835881	-0.025	3.460	8.500	-0.013	0.027	0.234	0.000000	0.000000
1580114835893	1580114835893	-0.133	3.529	8.528	-0.023	0.038	0.246	0.000000	0.000000
1580114835914	1580114835912	-0.178	3.527	8.524	-0.059	0.049	0.253	0.000000	0.000000
1580114835937	1580114835937	-0.025	3.546	8.526	-0.139	0.055	0.243	0.000000	0.000000
1580114835953	1580114835953	0.205	3.584	8.641	-0.219	0.063	0.232	0.000000	0.000000
1580114835973	1580114835971	0.282	3.484	8.706	-0.217	0.074	0.221	0.000000	0.000000
1580114835992	1580114835992	0.351	3.467	8.806	-0.147	0.087	0.203	0.000000	0.000000
1580114836012	1580114836012	0.335	3.642	8.962	-0.114	0.088	0.196	0.000000	0.000000
1580114836032	1580114836032	0.354	3.793	8.950	-0.131	0.058	0.214	0.000000	0.000000
1580114836059	1580114836052	0.263	3.783	8.710	-0.123	0.005	0.244	0.000000	0.000000
1580114836073	1580114836071	0.198	3.702	8.332	-0.160	-0.043	0.274	0.000000	0.000000
1580114836091	1580114836091	0.248	3.584	7.781	-0.276	-0.081	0.279	0.000000	0.000000
1580114836115	1580114836113	0.450	3.450	7.443	-0.384	-0.093	0.247	0.000000	0.000000
1580114836136	1580114836136	0.668	3.455	7.632	-0.377	-0.054	0.216	0.000000	0.000000
1580114836157	1580114836157	0.608	3.404	7.997	-0.335	-0.015	0.214	0.000000	0.000000
1580114836173	1580114836170	0.337	2.990	7.721	-0.331	-0.025	0.187	0.000000	0.000000
1580114836191	1580114836191	0.311	2.822	7.292	-0.271	-0.035	0.093	0.000000	0.000000
1580114836212	1580114836211	0.629	3.146	7.376	-0.170	-0.014	-0.002	0.000000	0.000000
1580114836233	1580114836231	0.646	3.021	7.752	-0.091	0.031	-0.014	0.000000	0.000000
1580114836253	1580114836253	0.445	2.554	7.848	-0.046	0.071	0.044	0.000000	0.000000
1580114836279	1580114836272	0.188	2.209	7.992	-0.042	0.082	0.059	0.000000	0.000000
1580114836291	1580114836291	0.210	2.235	8.049	-0.067	0.041	-0.007	0.000000	0.000000
1580114836312	1580114836310	0.371	2.676	7.834	-0.085	0.017	-0.032	0.000000	0.000000
1580114836341	1580114836332	0.279	3.081	7.450	-0.238	0.006	0.021	0.000000	0.000000
1580114836355	1580114836351	0.085	3.048	6.871	-0.526	-0.041	0.097	0.000000	0.000000
1580114836371	1580114836370	0.028	2.468	6.075	-0.708	-0.082	0.158	0.000000	0.000000
1580114836392	1580114836389	0.265	1.304	4.997	-0.799	-0.068	0.122	0.000000	0.000000
1580114836411	1580114836410	0.567	1.026	4.461	-1.122	0.006	0.106	0.000000	0.000000
1580114836432	1580114836432	0.739	0.966	4.588	-1.597	0.012	0.046	0.000000	0.000000
1580114836451	1580114836451	0.766	0.499	5.362	-1.704	-0.006	-0.066	0.000000	0.000000
1580114836472	1580114836469	0.826	0.647	6.334	-1.310	-0.054	-0.112	0.000000	0.000000
1580114836492	1580114836489	1.084	1.385	6.761	-0.774	-0.159	-0.098	0.000000	0.000000
1580114836511	1580114836509	1.192	2.027	7.659	-0.516	-0.269	-0.005	0.000000	0.000000
1580114836531	1580114836528	0.977	2.094	9.058	-0.530	-0.329	0.145	0.000000	0.000000
1580114836554	1580114836554	1.080	1.586	9.865	-0.533	-0.334	0.178	0.000000	0.000000
1580114836571	1580114836569	1.554	1.083	9.865	-0.480	-0.352	0.185	0.000000	0.000000
1580114836590	1580114836588	1.741	0.551	9.817	-0.614	-0.387	0.237	0.000000	0.000000
1580114836610	1580114836608	1.602	-0.579	9.606	-1.032	-0.375	0.182	0.000000	0.000000
1580114836632	1580114836632	1.307	-1.894	9.142	-1.412	-0.306	0.126	0.000000	0.000000
1580114836650	1580114836648	1.254	-2.191	8.957	-1.331	-0.279	0.094	0.000000	0.000000
1580114836670	1580114836668	1.501	-2.081	8.921	-1.090	-0.267	0.038	0.000000	0.000000
1580114836689	1580114836688	1.671	-1.856	9.319	-0.938	-0.192	-0.059	0.000000	0.000000
1580114836710	1580114836708	1.767	-1.585	10.375	-0.783	-0.097	-0.114	0.000000	0.000000
1580114836731	1580114836728	1.935	-1.322	11.528	-0.479	-0.037	-0.103	0.000000	0.000000
1580114836754	1580114836754	1.992	-1.022	11.930	-0.153	0.017	-0.065	0.000000	0.000000
1580114836769	1580114836768	1.626	-1.125	12.043	-0.001	0.047	0.001	0.000000	0.000000
1580114836789	1580114836787	1.286	-1.111	11.966	0.039	0.049	0.025	0.000000	0.000000
1580114836809	1580114836807	1.173	-1.135	11.563	0.032	0.059	-0.006	0.000000	0.000000
1580114836843	1580114836843	1.139	-1.166	11.197	0.046	0.098	0.013	0.000000	0.000000
1580114836852	1580114836852	1.060	-1.387	11.226	-0.020	0.159	0.076	0.000000	0.000000
1580114836870	1580114836867	0.888	-2.031	11.655	-0.135	0.211	0.092	0.000000	0.000000
1580114836889	1580114836887	0.902	-2.443	12.203	-0.112	0.236	0.039	0.000000	0.000000
1580114836909	1580114836907	1.027	-1.959	12.543	-0.057	0.246	0.002	0.000000	0.000000
1580114836929	1580114836927	1.187	-1.334	13.032	-0.135	0.236	-0.047	0.000000	0.000000
1580114836953	1580114836953	1.298	-1.236	13.410	-0.130	0.214	-0.065	0.000000	0.000000
1580114836969	1580114836967	1.262	-0.670	13.722	0.138	0.201	-0.026	0.000000	0.000000
1580114836988	1580114836986	1.173	-0.210	13.945	0.313	0.132	0.043	0.000000	0.000000
1580114837008	1580114837006	1.350	-0.222	14.074	0.260	0.038	0.097	0.000000	0.000000
1580114837028	1580114837026	1.537	-0.431	14.436	0.133	-0.017	0.124	0.000000	0.000000
1580114837048	1580114837048	1.619	-0.685	14.783	0.079	-0.054	0.115	0.000000	0.000000
1580114837073	1580114837073	1.688	-0.843	14.857	0.066	-0.107	0.075	0.000000	0.000000
1580114837089	1580114837086	1.765	-1.166	14.666	0.007	-0.138	0.034	0.000000	0.000000
1580114837107	1580114837106	1.995	-1.358	14.647	-0.053	-0.145	-0.044	0.000000	0.000000
1580114837127	1580114837126	2.198	-1.188	14.838	0.065	-0.119	-0.107	0.000000	0.000000
1580114837147	1580114837146	1.887	-0.685	14.601	0.290	-0.085	-0.103	0.000000	0.000000
1580114837168	1580114837166	1.410	-0.373	14.227	0.335	-0.104	-0.076	0.000000	0.000000
1580114837190	1580114837185	1.233	-0.428	13.767	0.264	-0.151	-0.049	0.000000	0.000000
1580114837207	1580114837206	1.199	-0.467	13.092	0.254	-0.162	-0.009	0.000000	0.000000
1580114837227	1580114837225	1.084	-0.500	12.378	0.201	-0.134	0.035	0.000000	0.000000
1580114837248	1580114837248	0.816	-0.972	12.076	0.053	-0.089	0.087	0.000000	0.000000
1580114837276	1580114837266	0.598	-1.593	12.153	-0.036	-0.043	0.100	0.000000	0.000000
1580114837288	1580114837286	0.495	-1.437	12.311	0.043	0.020	0.104	0.000000	0.000000
1580114837307	1580114837305	0.584	-0.397	12.093	0.238	0.077	0.097	0.000000	0.000000
1580114837326	1580114837325	0.569	0.460	11.209	0.342	0.087	0.097	0.000000	0.000000
1580114837346	1580114837345	0.529	0.714	10.684	0.214	0.051	0.153	0.000000	0.000000
1580114837367	1580114837367	0.689	0.298	10.857	-0.012	0.012	0.186	0.000000	0.000000
1580114837387	1580114837385	1.190	-0.091	11.132	0.035	0.015	0.175	0.000000	0.000000
1580114837410	1580114837405	1.487	0.130	10.543	0.381	0.053	0.172	0.000000	0.000000
1580114837426	1580114837425	1.415	0.511	10.066	0.518	0.059	0.186	0.000000	0.000000
1580114837446	1580114837444	1.221	-0.014	9.681	0.254	0.013	0.183	0.000000	0.000000
1580114837473	1580114837465	1.281	-0.927	9.007	-0.015	0.001	0.126	0.000000	0.000000
1580114837488	1580114837488	1.619	-1.135	8.799	-0.015	0.051	0.051	0.000000	0.000000
1580114837506	1580114837504	1.796	-0.850	8.830	0.108	0.106	-0.009	0.000000	0.000000
1580114837526	1580114837524	1.817	-0.517	8.742	0.248	0.120	-0.057	0.000000	0.000000
1580114837545	1580114837544	1.595	-0.148	8.598	0.331	0.099	-0.073	0.000000	0.000000
1580114837567	1580114837566	1.477	-0.074	8.289	0.274	0.037	-0.065	0.000000	0.000000
1580114837587	1580114837584	1.623	-0.239	7.846	0.184	-0.014	-0.074	0.000000	0.000000
1580114837606	1580114837605	1.422	-0.335	7.958	0.203	-0.003	-0.075	0.000000	0.000000
1580114837625	1580114837624	1.159	-0.323	7.963	0.301	-0.033	-0.092	0.000000	0.000000
1580114837645	1580114837643	0.864	0.111	7.836	0.389	-0.090	-0.080	0.000000	0.000000
1580114837670	1580114837664	0.835	0.420	7.680	0.316	-0.179	-0.036	0.000000	0.000000
1580114837687	1580114837686	1.072	0.185	7.549	0.216	-0.203	-0.033	0.000000	0.000000
1580114837706	1580114837704	1.003	-0.107	7.623	0.279	-0.134	-0.043	0.000000	0.000000
1580114837725	1580114837723	0.974	-0.007	7.858	0.355	-0.100	-0.052	0.000000	0.000000
1580114837745	1580114837743	0.759	0.247	7.915	0.310	-0.122	-0.044	0.000000	0.000000
1580114837765	1580114837765	0.713	0.458	7.884	0.246	-0.099	-0.081	0.000000	0.000000
1580114837787	1580114837787	0.945	0.827	7.941	0.371	-0.017	-0.109	0.000000	0.000000
1580114837806	1580114837804	1.046	1.447	8.035	0.548	0.043	-0.116	0.000000	0.000000
1580114837825	1580114837823	1.013	1.617	7.915	0.522	0.031	-0.104	0.000000	0.000000
1580114837845	1580114837843	1.137	1.045	7.448	0.417	0.022	-0.112	0.000000	0.000000
1580114837866	1580114837864	1.108	0.520	7.319	0.484	0.077	-0.121	0.000000	0.000000
1580114837890	1580114837888	1.082	0.523	7.460	0.634	0.124	-0.138	0.000000	0.000000
1580114837906	1580114837903	1.020	0.887	7.553	0.714	0.122	-0.147	0.000000	0.000000
1580114837924	1580114837922	0.998	1.296	7.441	0.669	0.068	-0.135	0.000000	0.000000
1580114837944	1580114837942	1.125	1.591	7.110	0.537	0.038	-0.140	0.000000	0.000000
1580114837965	1580114837962	1.161	1.637	7.077	0.494	0.047	-0.140	0.000000	0.000000
1580114837984	1580114837982	1.295	1.857	7.228	0.566	0.037	-0.149	0.000000	0.000000
1580114838004	1580114838002	1.391	2.267	7.261	0.589	0.009	-0.135	0.000000	0.000000
1580114838024	1580114838022	1.353	2.616	7.261	0.504	-0.018	-0.107	0.000000	0.000000
1580114838043	1580114838042	1.341	2.707	7.386	0.392	-0.007	-0.102	0.000000	0.000000
1580114838064	1580114838062	1.372	2.624	7.671	0.324	0.029	-0.104	0.000000	0.000000
1580114838088	1580114838088	1.295	2.604	8.083	0.324	0.072	-0.092	0.000000	0.000000
1580114838104	1580114838102	1.015	2.499	8.394	0.320	0.110	-0.083	0.000000	0.000000
1580114838123	1580114838121	0.692	2.394	8.698	0.326	0.146	-0.092	0.000000	0.000000
1580114838142	1580114838141	0.411	2.518	8.936	0.386	0.177	-0.119	0.000000	0.000000
1580114838164	1580114838161	0.279	3.110	9.060	0.441	0.179	-0.153	0.000000	0.000000
1580114838184	1580114838184	0.184	3.764	8.988	0.437	0.163	-0.148	0.000000	0.000000
1580114838204	1580114838204	0.121	4.241	8.734	0.347	0.136	-0.117	0.000000	0.000000
1580114838223	1580114838221	0.141	4.133	8.504	0.149	0.116	-0.056	0.000000	0.000000
1580114838243	1580114838241	0.251	3.481	8.598	-0.075	0.115	-0.005	0.000000	0.000000
1580114838263	1580114838261	0.390	2.806	9.106	-0.162	0.122	0.021	0.000000	0.000000
1580114838287	1580114838281	0.543	2.525	9.326	-0.085	0.116	0.018	0.000000	0.000000
1580114838303	1580114838301	0.644	2.619	9.295	0.042	0.094	0.017	0.000000	0.000000
1580114838324	1580114838323	0.795	2.832	9.264	0.060	0.062	0.010	0.000000	0.000000
1580114838342	1580114838340	0.907	2.844	9.269	0.016	0.038	-0.008	0.000000	0.000000
1580114838362	1580114838360	0.957	2.933	9.233	0.042	0.021	-0.038	0.000000	0.000000
1580114838383	1580114838383	1.010	3.261	9.185	0.109	0.001	-0.064	0.000000	0.000000
1580114838404	1580114838404	0.943	3.498	9.072	0.118	-0.017	-0.079	0.000000	0.000000
1580114838422	1580114838421	0.833	3.539	8.878	0.089	-0.028	-0.085	0.000000	0.000000
1580114838441	1580114838440	0.737	3.464	8.770	0.079	-0.027	-0.079	0.000000	0.000000
1580114838462	1580114838460	0.565	3.369	8.806	0.081	-0.031	-0.048	0.000000	0.000000
1580114838485	1580114838480	0.387	3.230	8.792	0.070	-0.047	-0.003	0.000000	0.000000
1580114838501	1580114838501	0.378	3.100	8.823	0.021	-0.069	0.027	0.000000	0.000000
1580114838523	1580114838523	0.327	2.796	8.849	-0.034	-0.076	0.050	0.000000	0.000000
1580114838547	1580114838545	0.330	2.600	8.950	-0.048	-0.073	0.061	0.000000	0.000000
1580114838572	1580114838570	0.392	2.580	9.075	-0.061	-0.057	0.054	0.000000	0.000000
1580114838586	1580114838583	0.471	2.667	9.185	-0.069	-0.033	0.043	0.000000	0.000000
1580114838606	1580114838606	0.600	2.887	9.187	-0.055	-0.012	0.024	0.000000	0.000000
1580114838636	1580114838639	0.703	3.052	9.202	-0.069	0.011	0.002	0.000000	0.000000
1580114838645	1580114838645	0.768	3.079	9.230	-0.080	0.031	-0.008	0.000000	0.000000
1580114838662	1580114838660	0.804	3.189	9.338	-0.038	0.050	-0.016	0.000000	0.000000
1580114838682	1580114838680	0.835	3.373	9.252	0.004	0.055	-0.017	0.000000	0.000000
1580114838702	1580114838702	0.809	3.455	9.072	0.003	0.051	-0.015	0.000000	0.000000
1580114838722	1580114838720	0.744	3.393	8.955	-0.020	0.048	-0.005	0.000000	0.000000
1580114838746	1580114838743	0.680	3.153	8.895	-0.049	0.047	0.001	0.000000	0.000000
1580114838770	1580114838767	0.658	2.997	8.857	-0.048	0.044	0.006	0.000000	0.000000
1580114838781	1580114838779	0.677	3.043	8.909	-0.029	0.041	0.008	0.000000	0.000000
1580114838803	1580114838800	0.708	3.129	8.878	-0.035	0.038	0.007	0.000000	0.000000
1580114838827	1580114838827	0.684	3.119	8.900	-0.043	0.049	0.006	0.000000	0.000000
1580114838841	1580114838839	0.715	3.088	9.063	-0.041	0.084	-0.007	0.000000	0.000000
1580114838861	1580114838859	0.641	3.117	9.362	0.006	0.130	-0.015	0.000000	0.000000
1580114838880	1580114838879	0.562	3.155	9.396	0.068	0.164	-0.039	0.000000	0.000000
1580114838902	1580114838901	0.605	3.220	9.324	0.103	0.205	-0.075	0.000000	0.000000
1580114838921	1580114838919	0.526	3.280	9.295	0.100	0.240	-0.088	0.000000	0.000000
1580114838944	1580114838941	0.368	3.210	9.214	0.101	0.256	-0.097	0.000000	0.000000
1580114838960	1580114838958	0.294	3.249	9.091	0.110	0.271	-0.097	0.000000	0.000000
1580114838980	1580114838978	0.291	3.249	9.058	0.093	0.281	-0.114	0.000000	0.000000
1580114839000	1580114838999	0.196	3.105	8.921	0.082	0.276	-0.125	0.000000	0.000000
1580114839024	1580114839019	0.102	3.098	8.696	0.088	0.266	-0.131	0.000000	0.000000
1580114839040	1580114839037	0.081	3.213	8.437	0.047	0.259	-0.131	0.000000	0.000000
1580114839059	1580114839057	0.066	3.311	8.322	-0.022	0.257	-0.133	0.000000	0.000000
1580114839079	1580114839078	0.095	3.400	8.399	-0.071	0.243	-0.132	0.000000	0.000000
1580114839099	1580114839099	0.033	3.402	8.358	-0.119	0.222	-0.115	0.000000	0.000000
1580114839121	1580114839118	-0.099	3.340	8.239	-0.184	0.196	-0.100	0.000000	0.000000
1580114839146	1580114839139	-0.152	3.369	8.318	-0.237	0.179	-0.084	0.000000	0.000000
1580114839160	1580114839157	-0.161	3.381	8.418	-0.283	0.158	-0.073	0.000000	0.000000
1580114839179	1580114839177	-0.156	3.325	8.433	-0.323	0.140	-0.073	0.000000	0.000000
1580114839201	1580114839201	-0.145	3.294	8.401	-0.334	0.127	-0.087	0.000000	0.000000
1580114839222	1580114839222	-0.085	3.268	8.397	-0.346	0.121	-0.103	0.000000	0.000000
1580114839245	1580114839241	-0.094	3.139	8.373	-0.359	0.129	-0.130	0.000000	0.000000
1580114839259	1580114839257	-0.140	2.952	8.421	-0.336	0.147	-0.164	0.000000	0.000000
1580114839279	1580114839277	-0.180	2.858	8.617	-0.304	0.144	-0.187	0.000000	0.000000
1580114839298	1580114839298	-0.276	2.758	8.648	-0.292	0.111	-0.201	0.000000	0.000000
1580114839319	1580114839319	-0.355	2.643	8.428	-0.266	0.081	-0.212	0.000000	0.000000
1580114839342	1580114839338	-0.315	2.700	8.203	-0.202	0.060	-0.208	0.000000	0.000000
1580114839361	1580114839358	-0.216	2.595	8.059	-0.160	0.039	-0.198	0.000000	0.000000
1580114839378	1580114839377	-0.200	2.279	8.049	-0.079	0.022	-0.168	0.000000	0.000000
1580114839398	1580114839396	-0.377	2.049	8.009	0.064	-0.006	-0.121	0.000000	0.000000
1580114839421	1580114839421	-0.571	1.903	7.685	0.162	-0.056	-0.107	0.000000	0.000000
1580114839438	1580114839437	-0.561	1.797	7.237	0.127	-0.120	-0.139	0.000000	0.000000
1580114839458	1580114839458	-0.475	1.481	6.926	0.040	-0.185	-0.155	0.000000	0.000000
1580114839481	1580114839479	-0.403	1.239	6.808	-0.015	-0.234	-0.141	0.000000	0.000000
1580114839498	1580114839496	-0.358	1.148	6.780	-0.068	-0.274	-0.103	0.000000	0.000000
1580114839519	1580114839517	-0.324	0.999	6.789	-0.062	-0.291	-0.059	0.000000	0.000000
1580114839540	1580114839540	-0.276	1.031	6.832	0.028	-0.274	-0.058	0.000000	0.000000
1580114839558	1580114839556	-0.156	1.167	7.022	0.034	-0.260	-0.051	0.000000	0.000000
1580114839577	1580114839575	-0.080	1.167	7.352	-0.059	-0.273	-0.019	0.000000	0.000000
1580114839597	1580114839595	-0.053	1.014	7.417	-0.119	-0.271	0.002	0.000000	0.000000
1580114839620	1580114839619	-0.030	1.019	7.407	-0.063	-0.228	-0.010	0.000000	0.000000
1580114839638	1580114839635	-0.101	1.411	7.659	0.018	-0.172	-0.018	0.000000	0.000000
1580114839658	1580114839654	-0.080	1.783	7.843	-0.026	-0.167	0.010	0.000000	0.000000
1580114839676	1580114839675	-0.087	1.788	7.894	-0.146	-0.198	0.074	0.000000	0.000000
1580114839697	1580114839695	-0.121	1.567	7.872	-0.268	-0.216	0.137	0.000000	0.000000
1580114839732	1580114839732	0.052	1.385	7.879	-0.395	-0.191	0.164	0.000000	0.000000
1580114839740	1580114839740	0.464	1.356	8.356	-0.491	-0.140	0.170	0.000000	0.000000
1580114839757	1580114839755	0.663	1.246	9.010	-0.545	-0.109	0.195	0.000000	0.000000
1580114839776	1580114839776	0.632	1.050	9.420	-0.536	-0.087	0.214	0.000000	0.000000
1580114839795	1580114839794	0.634	0.908	9.664	-0.491	-0.073	0.204	0.000000	0.000000
1580114839815	1580114839814	0.648	1.026	9.994	-0.467	-0.069	0.170	0.000000	0.000000
1580114839835	1580114839833	0.706	1.167	10.253	-0.490	-0.078	0.145	0.000000	0.000000
1580114839864	1580114839861	0.737	1.181	10.153	-0.504	-0.097	0.130	0.000000	0.000000
1580114839875	1580114839873	0.627	1.076	10.162	-0.516	-0.085	0.121	0.000000	0.000000
1580114839895	1580114839893	0.632	0.832	10.428	-0.544	-0.063	0.108	0.000000	0.000000
1580114839916	1580114839914	0.512	0.760	10.960	-0.490	-0.039	0.132	0.000000	0.000000
1580114839940	1580114839938	0.382	0.911	11.223	-0.432	-0.055	0.154	0.000000	0.000000
1580114839956	1580114839953	0.397	0.899	11.120	-0.387	-0.060	0.162	0.000000	0.000000
1580114839975	1580114839973	0.500	0.923	11.104	-0.363	-0.033	0.160	0.000000	0.000000
1580114839995	1580114839993	0.514	0.626	11.604	-0.448	-0.002	0.171	0.000000	0.000000
1580114840015	1580114840013	0.433	0.008	11.987	-0.458	0.008	0.159	0.000000	0.000000
1580114840035	1580114840035	0.452	0.077	11.820	-0.236	0.033	0.127	0.000000	0.000000
1580114840055	1580114840054	0.351	0.844	11.810	-0.052	0.054	0.131	0.000000	0.000000
1580114840078	1580114840073	0.356	1.090	11.961	-0.107	0.016	0.163	0.000000	0.000000
1580114840094	1580114840093	0.433	0.635	11.980	-0.145	0.013	0.183	0.000000	0.000000
1580114840115	1580114840113	0.440	0.250	12.287	-0.102	0.030	0.186	0.000000	0.000000
1580114840135	1580114840135	0.450	-0.019	12.752	-0.135	0.002	0.170	0.000000	0.000000
1580114840161	1580114840154	0.529	-0.198	12.819	-0.140	-0.036	0.124	0.000000	0.000000
1580114840176	1580114840176	0.624	0.096	12.881	-0.053	-0.038	0.090	0.000000	0.000000
1580114840195	1580114840193	0.462	0.568	13.228	0.010	-0.023	0.074	0.000000	0.000000
1580114840214	1580114840213	0.265	0.913	13.880	0.040	-0.026	0.088	0.000000	0.000000
1580114840234	1580114840232	0.282	1.208	14.359	0.070	-0.069	0.111	0.000000	0.000000
1580114840255	1580114840253	0.579	1.373	14.472	0.077	-0.120	0.128	0.000000	0.000000
1580114840278	1580114840278	0.996	1.335	14.481	0.009	-0.160	0.148	0.000000	0.000000
1580114840294	1580114840292	1.245	0.892	14.467	-0.101	-0.187	0.182	0.000000	0.000000
1580114840314	1580114840312	1.463	0.333	14.474	-0.149	-0.186	0.191	0.000000	0.000000
1580114840334	1580114840334	1.671	0.008	14.654	-0.163	-0.148	0.165	0.000000	0.000000
1580114840359	1580114840359	1.758	-0.313	14.817	-0.199	-0.129	0.117	0.000000	0.000000
1580114840376	1580114840373	1.525	-0.469	14.623	-0.163	-0.125	0.067	0.000000	0.000000
1580114840394	1580114840392	1.154	-0.110	14.445	-0.087	-0.139	0.040	0.000000	0.000000
1580114840414	1580114840412	0.842	0.300	14.122	-0.028	-0.146	0.023	0.000000	0.000000
1580114840435	1580114840431	0.859	0.827	14.021	0.045	-0.108	0.005	0.000000	0.000000
1580114840454	1580114840454	0.651	1.014	14.016	0.101	-0.094	0.026	0.000000	0.000000
1580114840476	1580114840476	0.457	0.856	13.626	0.048	-0.133	0.060	0.000000	0.000000
1580114840493	1580114840492	0.715	0.480	13.056	-0.075	-0.193	0.079	0.000000	0.000000
1580114840513	1580114840511	1.250	0.125	12.431	-0.112	-0.213	0.052	0.000000	0.000000
1580114840533	1580114840531	1.798	-0.021	12.043	-0.089	-0.186	-0.002	0.000000	0.000000
1580114840563	1580114840554	2.102	-0.117	12.064	-0.062	-0.157	-0.021	0.000000	0.000000
1580114840577	1580114840573	2.150	-0.057	11.655	0.027	-0.125	-0.020	0.000000	0.000000
1580114840593	1580114840591	2.088	-0.172	10.878	0.190	-0.085	-0.033	0.000000	0.000000
1580114840613	1580114840611	2.153	-0.179	10.268	0.311	-0.008	-0.089	0.000000	0.000000
1580114840633	1580114840631	1.992	-0.064	10.442	0.250	0.077	-0.157	0.000000	0.000000
1580114840655	1580114840653	1.549	0.017	10.589	0.170	0.050	-0.168	0.000000	0.000000
1580114840673	1580114840673	1.422	0.422	9.750	0.137	-0.032	-0.168	0.000000	0.000000
1580114840693	1580114840691	1.307	0.187	8.212	-0.022	-0.118	-0.136	0.000000	0.000000
1580114840712	1580114840711	1.427	-0.828	7.261	-0.182	-0.072	-0.155	0.000000	0.000000
1580114840732	1580114840730	1.532	-1.298	7.750	-0.067	0.097	-0.228	0.000000	0.000000
1580114840754	1580114840754	1.175	-0.447	8.296	0.245	0.218	-0.319	0.000000	0.000000
1580114840774	1580114840770	0.495	0.839	8.205	0.343	0.174	-0.313	0.000000	0.000000
1580114840792	1580114840790	-0.030	1.419	7.561	0.214	0.066	-0.239	0.000000	0.000000
1580114840812	1580114840810	0.402	1.213	7.139	0.096	-0.007	-0.221	0.000000	0.000000
1580114840832	1580114840830	0.830	1.368	7.036	0.268	0.026	-0.238	0.000000	0.000000
1580114840852	1580114840851	0.629	1.790	6.806	0.614	0.109	-0.212	0.000000	0.000000
1580114840872	1580114840872	0.291	1.946	6.425	0.845	0.111	-0.142	0.000000	0.000000
1580114840892	1580114840890	-0.039	1.718	6.308	0.784	0.079	-0.055	0.000000	0.000000
1580114840912	1580114840910	0.021	0.892	6.234	0.490	0.050	-0.033	0.000000	0.000000
1580114840930	1580114840930	0.100	-0.170	5.788	0.432	0.039	-0.008	0.000000	0.000000
1580114840954	1580114840953	0.279	-0.227	5.275	0.592	0.034	0.010	0.000000	0.000000
1580114840976	1580114840976	0.560	0.396	5.299	0.538	0.027	0.017	0.000000	0.000000
1580114840991	1580114840989	0.608	0.880	5.623	0.439	0.064	0.002	0.000000	0.000000
1580114841012	1580114841009	0.282	1.591	6.320	0.610	0.171	0.025	0.000000	0.000000
1580114841030	1580114841029	0.308	2.556	6.993	0.783	0.172	0.049	0.000000	0.000000
1580114841053	1580114841049	0.490	3.021	7.254	0.675	0.086	0.075	0.000000	0.000000
1580114841072	1580114841070	0.658	2.693	6.974	0.443	-0.008	0.108	0.000000	0.000000
1580114841093	1580114841091	0.780	2.178	6.753	0.405	-0.035	0.100	0.000000	0.000000
1580114841111	1580114841109	0.886	2.322	6.957	0.458	-0.021	0.068	0.000000	0.000000
1580114841130	1580114841129	0.914	2.487	7.163	0.339	-0.021	0.058	0.000000	0.000000
1580114841151	1580114841148	0.842	2.386	7.276	0.161	-0.029	0.069	0.000000	0.000000
1580114841175	1580114841176	0.864	2.279	7.369	0.072	-0.024	0.061	0.000000	0.000000
1580114841190	1580114841189	1.029	2.408	7.700	0.052	0.006	0.042	0.000000	0.000000
1580114841210	1580114841208	1.020	2.626	8.210	0.066	0.033	0.043	0.000000	0.000000
1580114841230	1580114841228	0.783	2.779	8.617	0.110	0.029	0.064	0.000000	0.000000
1580114841249	1580114841248	0.500	2.889	8.873	0.117	0.008	0.096	0.000000	0.000000
1580114841274	1580114841270	0.598	2.933	9.007	-0.047	-0.006	0.082	0.000000	0.000000
1580114841290	1580114841289	0.799	2.657	9.089	-0.178	-0.007	0.044	0.000000	0.000000
1580114841310	1580114841308	0.620	2.846	9.431	-0.078	0.005	0.035	0.000000	0.000000
1580114841330	1580114841328	0.629	3.278	9.537	-0.019	-0.014	0.016	0.000000	0.000000
1580114841349	1580114841348	0.703	3.127	9.127	-0.076	-0.004	0.011	0.000000	0.000000
1580114841376	1580114841376	0.641	2.899	9.063	-0.085	0.051	-0.007	0.000000	0.000000
1580114841389	1580114841388	0.483	3.055	9.609	-0.035	0.082	-0.013	0.000000	0.000000
1580114841411	1580114841411	0.560	3.187	9.784	-0.042	0.051	-0.007	0.000000	0.000000
1580114841429	1580114841427	0.651	2.913	9.343	-0.116	0.020	0.001	0.000000	0.000000
1580114841449	1580114841447	0.596	2.518	9.125	-0.167	0.026	0.008	0.000000	0.000000
1580114841470	1580114841470	0.708	2.552	9.305	-0.128	0.044	-0.011	0.000000	0.000000
1580114841495	1580114841488	0.840	2.803	9.333	-0.071	0.044	-0.014	0.000000	0.000000
1580114841513	1580114841508	0.869	2.818	9.139	-0.068	0.031	-0.006	0.000000	0.000000
1580114841529	1580114841528	0.883	2.707	9.015	-0.075	0.029	-0.016	0.000000	0.000000
1580114841549	1580114841547	0.866	2.609	9.134	-0.082	0.040	-0.032	0.000000	0.000000
1580114841569	1580114841567	0.864	2.535	9.266	-0.100	0.039	-0.050	0.000000	0.000000
1580114841588	1580114841588	0.883	2.545	9.326	-0.075	0.037	-0.065	0.000000	0.000000
1580114841610	1580114841609	0.850	2.671	9.336	-0.034	0.038	-0.076	0.000000	0.000000
1580114841631	1580114841630	0.751	2.746	9.381	-0.020	0.038	-0.076	0.000000	0.000000
1580114841655	1580114841654	0.627	2.628	9.424	-0.023	0.029	-0.060	0.000000	0.000000
1580114841671	1580114841671	0.545	2.518	9.388	-0.015	0.017	-0.041	0.000000	0.000000
1580114841694	1580114841694	0.560	2.489	9.317	-0.006	0.005	-0.033	0.000000	0.000000
1580114841711	1580114841707	0.524	2.604	9.194	0.001	-0.002	-0.013	0.000000	0.000000
1580114841728	1580114841727	0.560	2.767	9.168	-0.046	-0.006	0.008	0.000000	0.000000
1580114841749	1580114841747	0.651	2.482	9.075	-0.104	-0.002	0.023	0.000000	0.000000
1580114841769	1580114841766	0.620	2.319	9.027	-0.061	0.028	0.034	0.000000	0.000000
1580114841792	1580114841792	0.545	2.458	9.084	-0.028	0.056	0.026	0.000000	0.000000
1580114841811	1580114841806	0.488	2.559	9.084	-0.031	0.073	0.016	0.000000	0.000000
1580114841829	1580114841828	0.428	2.640	9.024	-0.049	0.079	0.017	0.000000	0.000000
1580114841848	1580114841847	0.459	2.580	8.969	-0.115	0.082	0.016	0.000000	0.000000
1580114841869	1580114841866	0.512	2.425	9.048	-0.172	0.091	0.022	0.000000	0.000000
1580114841890	1580114841887	0.500	2.310	9.154	-0.177	0.102	0.029	0.000000	0.000000
1580114841912	1580114841908	0.509	2.310	9.242	-0.196	0.098	0.035	0.000000	0.000000
1580114841927	1580114841926	0.567	2.228	9.180	-0.255	0.088	0.034	0.000000	0.000000
1580114841948	1580114841946	0.608	2.118	9.180	-0.298	0.086	0.028	0.000000	0.000000
1580114841968	1580114841966	0.639	2.099	9.367	-0.305	0.088	0.022	0.000000	0.000000
1580114841987	1580114841986	0.694	2.085	9.666	-0.314	0.074	0.019	0.000000	0.000000
1580114842008	1580114842005	0.735	1.924	9.609	-0.294	0.059	0.015	0.000000	0.000000
1580114842027	1580114842027	0.692	1.811	9.367	-0.216	0.060	0.002	0.000000	0.000000
1580114842048	1580114842045	0.488	1.845	9.261	-0.124	0.063	0.012	0.000000	0.000000
1580114842066	1580114842065	0.246	2.037	9.230	-0.075	0.056	0.031	0.000000	0.000000
1580114842087	1580114842085	0.133	2.046	8.912	-0.072	0.035	0.049	0.000000	0.000000
1580114842110	1580114842110	0.078	1.991	8.502	-0.094	0.029	0.061	0.000000	0.000000
1580114842129	1580114842126	0.081	1.953	8.286	-0.154	0.035	0.072	0.000000	0.000000
1580114842147	1580114842144	0.042	1.862	8.251	-0.194	0.035	0.096	0.000000	0.000000
1580114842167	1580114842165	-0.034	1.766	8.054	-0.180	0.038	0.143	0.000000	0.000000
1580114842186	1580114842186	0.047	1.689	7.946	-0.188	0.046	0.194	0.000000	0.000000
1580114842207	1580114842206	0.131	1.349	7.989	-0.250	0.048	0.241	0.000000	0.000000
1580114842227	1580114842227	0.114	0.937	7.865	-0.280	0.053	0.271	0.000000	0.000000
1580114842249	1580114842246	0.124	0.829	7.724	-0.255	0.073	0.274	0.000000	0.000000
1580114842266	1580114842264	0.196	0.894	7.628	-0.223	0.103	0.260	0.000000	0.000000
1580114842287	1580114842284	0.220	1.117	7.513	-0.204	0.133	0.236	0.000000	0.000000
1580114842316	1580114842309	0.107	1.083	7.470	-0.275	0.165	0.211	0.000000	0.000000
1580114842326	1580114842324	0.112	0.647	7.592	-0.387	0.159	0.179	0.000000	0.000000
1580114842348	1580114842348	0.284	0.305	7.817	-0.384	0.129	0.150	0.000000	0.000000
1580114842366	1580114842364	0.282	0.168	7.688	-0.337	0.098	0.116	0.000000	0.000000
1580114842385	1580114842384	0.313	0.077	7.383	-0.382	0.043	0.062	0.000000	0.000000
1580114842406	1580114842406	0.313	0.171	7.496	-0.379	-0.014	0.025	0.000000	0.000000
1580114842434	1580114842432	0.291	0.640	7.709	-0.223	-0.064	0.017	0.000000	0.000000
1580114842445	1580114842446	0.359	1.074	7.609	-0.092	-0.120	0.021	0.000000	0.000000
1580114842464	1580114842464	0.464	0.944	7.604	-0.174	-0.179	0.029	0.000000	0.000000
1580114842485	1580114842483	0.557	0.254	7.570	-0.365	-0.249	0.023	0.000000	0.000000
1580114842508	1580114842503	0.823	-0.364	7.486	-0.433	-0.300	-0.007	0.000000	0.000000
1580114842524	1580114842523	0.943	-0.639	7.680	-0.431	-0.296	-0.006	0.000000	0.000000
1580114842545	1580114842545	0.938	-0.606	8.035	-0.329	-0.276	-0.003	0.000000	0.000000
1580114842564	1580114842563	0.924	0.024	8.361	-0.173	-0.244	-0.008	0.000000	0.000000
1580114842584	1580114842582	0.809	0.374	8.651	-0.193	-0.223	-0.008	0.000000	0.000000
1580114842621	1580114842621	0.845	0.281	8.861	-0.302	-0.206	-0.039	0.000000	0.000000
