1580114673367	1580114673357	0.761	2.243	7.216	0.420	0.020	-0.231	0.000000	0.000000
1580114673374	1580114673373	0.598	2.398	7.230	0.332	0.017	-0.180	0.000000	0.000000
1580114673389	1580114673388	0.675	2.214	7.108	0.294	0.000	-0.180	0.000000	0.000000
1580114673409	1580114673408	0.821	2.003	6.751	0.309	0.008	-0.250	0.000000	0.000000
1580114673430	1580114673428	0.600	2.420	6.569	0.305	0.039	-0.300	0.000000	0.000000
1580114673449	1580114673448	0.495	3.007	6.641	0.200	0.008	-0.289	0.000000	0.000000
1580114673470	1580114673468	0.629	2.961	6.725	0.096	-0.035	-0.308	0.000000	0.000000
1580114673489	1580114673488	0.653	2.887	6.763	0.152	-0.010	-0.323	0.000000	0.000000
1580114673508	1580114673507	0.488	3.275	6.878	0.230	0.020	-0.317	0.000000	0.000000
1580114673532	1580114673527	0.373	3.534	6.938	0.180	0.004	-0.266	0.000000	0.000000
1580114673551	1580114673547	0.447	3.342	7.026	0.127	-0.042	-0.198	0.000000	0.000000
1580114673568	1580114673567	0.517	3.062	7.218	0.206	-0.057	-0.168	0.000000	0.000000
1580114673587	1580114673587	0.442	3.213	7.290	0.312	-0.045	-0.170	0.000000	0.000000
1580114673608	1580114673607	0.380	3.337	7.156	0.321	-0.067	-0.151	0.000000	0.000000
1580114673628	1580114673627	0.433	3.215	7.048	0.292	-0.100	-0.112	0.000000	0.000000
1580114673648	1580114673647	0.418	3.117	7.007	0.303	-0.094	-0.084	0.000000	0.000000
1580114673668	1580114673667	0.426	3.345	6.959	0.316	-0.071	-0.074	0.000000	0.000000
1580114673688	1580114673686	0.521	3.658	6.931	0.283	-0.066	-0.056	0.000000	0.000000
1580114673707	1580114673707	0.612	3.812	7.000	0.221	-0.078	-0.015	0.000000	0.000000
1580114673728	1580114673727	0.876	3.733	7.065	0.123	-0.097	0.010	0.000000	0.000000
1580114673747	1580114673746	1.104	3.507	7.199	0.050	-0.091	0.008	0.000000	0.000000
1580114673767	1580114673766	1.068	3.555	7.546	0.072	-0.045	0.003	0.000000	0.000000
1580114673787	1580114673786	1.029	3.761	8.047	0.057	-0.020	0.022	0.000000	0.000000
1580114673807	1580114673806	1.118	3.711	8.349	-0.021	-0.041	0.045	0.000000	0.000000
1580114673827	1580114673826	1.036	3.828	8.478	-0.016	-0.045	0.049	0.000000	0.000000
1580114673847	1580114673846	0.912	4.102	8.576	0.029	-0.051	0.051	0.000000	0.000000
1580114673868	1580114673867	0.845	4.281	8.555	0.037	-0.064	0.072	0.000000	0.000000
1580114673887	1580114673886	0.763	4.312	8.552	0.027	-0.069	0.095	0.000000	0.000000
1580114673907	1580114673906	0.759	4.382	8.586	0.050	-0.067	0.097	0.000000	0.000000
1580114673927	1580114673926	0.792	4.538	8.598	0.103	-0.052	0.078	0.000000	0.000000
1580114673946	1580114673945	0.778	4.712	8.564	0.121	-0.056	0.057	0.000000	0.000000
1580114673966	1580114673965	0.874	4.715	8.416	0.067	-0.084	0.040	0.000000	0.000000
1580114673987	1580114673985	0.986	4.578	8.224	0.006	-0.098	0.024	0.000000	0.000000
1580114674007	1580114674005	1.096	4.444	8.131	-0.025	-0.088	0.007	0.000000	0.000000
1580114674027	1580114674025	1.166	4.389	8.222	-0.064	-0.063	0.011	0.000000	0.000000
1580114674047	1580114674046	1.202	4.312	8.528	-0.108	-0.048	0.034	0.000000	0.000000
1580114674068	1580114674065	1.223	4.202	8.773	-0.095	-0.044	0.068	0.000000	0.000000
1580114674086	1580114674086	1.245	4.154	8.797	-0.031	-0.053	0.098	0.000000	0.000000
1580114674106	1580114674104	1.278	4.181	8.607	0.003	-0.071	0.118	0.000000	0.000000
1580114674126	1580114674125	1.262	4.106	8.301	0.010	-0.085	0.132	0.000000	0.000000
1580114674146	1580114674145	1.187	4.126	7.939	0.026	-0.069	0.131	0.000000	0.000000
1580114674166	1580114674165	1.034	4.183	7.704	0.035	-0.029	0.123	0.000000	0.000000
1580114674185	1580114674184	0.907	4.303	7.465	0.009	0.028	0.140	0.000000	0.000000
1580114674206	1580114674204	0.802	4.011	7.477	-0.028	0.061	0.084	0.000000	0.000000
1580114674225	1580114674224	0.634	4.109	7.419	-0.003	0.096	0.098	0.000000	0.000000
1580114674245	1580114674244	0.639	3.948	7.115	0.002	0.089	0.100	0.000000	0.000000
1580114674271	1580114674270	0.514	3.563	6.794	0.041	0.107	0.110	0.000000	0.000000
1580114674286	1580114674285	0.466	3.294	6.360	0.098	0.129	0.107	0.000000	0.000000
1580114674305	1580114674304	0.311	2.906	6.004	0.172	0.168	0.090	0.000000	0.000000
1580114674325	1580114674324	0.153	2.650	5.733	0.286	0.238	0.046	0.000000	0.000000
1580114674345	1580114674345	0.105	2.655	5.481	0.342	0.290	-0.018	0.000000	0.000000
1580114674366	1580114674367	-0.015	2.774	5.280	0.299	0.329	-0.051	0.000000	0.000000
1580114674388	1580114674385	-0.104	2.885	5.168	0.193	0.362	-0.048	0.000000	0.000000
1580114674405	1580114674405	-0.101	3.057	5.110	0.118	0.393	-0.030	0.000000	0.000000
1580114674424	1580114674424	0.009	3.611	5.299	0.083	0.426	0.021	0.000000	0.000000
1580114674444	1580114674444	0.208	4.018	5.469	-0.009	0.424	0.099	0.000000	0.000000
1580114674465	1580114674464	0.342	4.188	5.857	-0.051	0.406	0.190	0.000000	0.000000
1580114674494	1580114674494	0.373	4.286	6.368	-0.078	0.374	0.286	0.000000	0.000000
1580114674507	1580114674506	0.555	4.128	6.686	-0.215	0.303	0.388	0.000000	0.000000
1580114674525	1580114674524	0.756	3.953	7.024	-0.350	0.223	0.486	0.000000	0.000000
1580114674544	1580114674543	0.981	3.658	7.398	-0.409	0.174	0.520	0.000000	0.000000
1580114674566	1580114674564	1.233	3.254	7.795	-0.434	0.171	0.470	0.000000	0.000000
1580114674585	1580114674585	1.259	3.100	8.286	-0.435	0.188	0.409	0.000000	0.000000
1580114674604	1580114674604	1.132	2.954	8.801	-0.458	0.194	0.345	0.000000	0.000000
1580114674624	1580114674623	1.118	2.614	9.130	-0.396	0.179	0.249	0.000000	0.000000
1580114674644	1580114674643	1.017	2.741	9.494	-0.194	0.186	0.165	0.000000	0.000000
1580114674669	1580114674664	0.790	3.124	9.666	-0.062	0.170	0.089	0.000000	0.000000
1580114674689	1580114674689	0.857	3.469	9.472	-0.058	0.117	0.038	0.000000	0.000000
1580114674707	1580114674703	0.773	3.579	9.604	-0.135	0.087	0.025	0.000000	0.000000
1580114674724	1580114674724	0.730	3.395	9.729	-0.178	0.048	0.050	0.000000	0.000000
1580114674744	1580114674743	0.739	3.266	9.700	-0.153	0.022	0.091	0.000000	0.000000
1580114674763	1580114674763	0.799	2.969	9.700	-0.238	-0.021	0.122	0.000000	0.000000
1580114674784	1580114674784	0.993	2.633	9.939	-0.344	-0.053	0.153	0.000000	0.000000
1580114674807	1580114674806	1.173	2.406	10.308	-0.375	-0.064	0.142	0.000000	0.000000
1580114674823	1580114674823	1.393	2.324	10.438	-0.351	-0.073	0.095	0.000000	0.000000
1580114674843	1580114674842	1.331	2.497	10.505	-0.321	-0.073	0.050	0.000000	0.000000
1580114674863	1580114674862	1.252	2.276	10.426	-0.330	-0.102	0.029	0.000000	0.000000
1580114674888	1580114674886	1.322	2.269	10.383	-0.293	-0.099	-0.006	0.000000	0.000000
1580114674903	1580114674902	1.202	2.537	10.725	-0.297	-0.054	-0.066	0.000000	0.000000
1580114674922	1580114674922	1.075	2.523	11.252	-0.369	-0.050	-0.110	0.000000	0.000000
1580114674942	1580114674942	1.125	2.386	11.616	-0.335	-0.045	-0.121	0.000000	0.000000
1580114674963	1580114674962	0.945	2.322	11.949	-0.241	-0.010	-0.141	0.000000	0.000000
1580114674985	1580114674985	0.651	2.418	12.558	-0.140	0.022	-0.171	0.000000	0.000000
1580114675012	1580114675011	0.615	2.885	13.077	-0.040	0.026	-0.216	0.000000	0.000000
1580114675022	1580114675021	0.579	3.534	13.233	0.002	-0.006	-0.248	0.000000	0.000000
1580114675042	1580114675041	0.505	3.977	13.159	0.002	-0.088	-0.241	0.000000	0.000000
1580114675062	1580114675061	0.617	4.221	13.061	0.043	-0.155	-0.218	0.000000	0.000000
1580114675081	1580114675081	0.591	4.252	12.917	0.123	-0.160	-0.191	0.000000	0.000000
1580114675102	1580114675102	0.584	4.370	12.876	0.225	-0.137	-0.179	0.000000	0.000000
1580114675122	1580114675121	0.550	4.408	12.948	0.312	-0.114	-0.168	0.000000	0.000000
1580114675142	1580114675141	0.474	4.358	13.133	0.296	-0.097	-0.142	0.000000	0.000000
1580114675161	1580114675161	0.476	4.099	13.133	0.157	-0.091	-0.130	0.000000	0.000000
1580114675182	1580114675181	0.596	3.924	13.255	0.074	-0.068	-0.114	0.000000	0.000000
1580114675203	1580114675202	0.818	3.951	13.446	0.084	-0.025	-0.109	0.000000	0.000000
1580114675222	1580114675221	0.888	4.030	13.686	0.089	0.001	-0.113	0.000000	0.000000
1580114675241	1580114675241	0.878	4.142	13.770	0.057	0.004	-0.106	0.000000	0.000000
1580114675261	1580114675260	1.044	4.334	13.621	0.070	-0.010	-0.119	0.000000	0.000000
1580114675282	1580114675281	1.075	4.485	13.451	0.122	-0.015	-0.141	0.000000	0.000000
1580114675309	1580114675302	1.077	4.312	13.125	0.162	-0.038	-0.151	0.000000	0.000000
1580114675321	1580114675321	1.166	4.030	12.474	0.198	-0.059	-0.164	0.000000	0.000000
1580114675341	1580114675341	1.312	3.821	11.894	0.240	-0.060	-0.214	0.000000	0.000000
1580114675361	1580114675360	1.132	3.773	11.465	0.308	-0.029	-0.263	0.000000	0.000000
1580114675382	1580114675380	0.852	3.867	11.183	0.318	-0.004	-0.269	0.000000	0.000000
1580114675402	1580114675400	0.969	3.603	10.651	0.217	-0.027	-0.262	0.000000	0.000000
1580114675428	1580114675421	1.202	3.158	10.229	0.156	-0.032	-0.288	0.000000	0.000000
1580114675443	1580114675441	1.216	3.100	10.016	0.185	0.010	-0.329	0.000000	0.000000
1580114675462	1580114675460	0.967	3.484	10.071	0.167	0.021	-0.316	0.000000	0.000000
1580114675483	1580114675483	0.826	3.397	9.882	0.050	-0.037	-0.247	0.000000	0.000000
1580114675503	1580114675500	0.742	2.782	9.381	0.027	-0.099	-0.194	0.000000	0.000000
1580114675521	1580114675520	0.852	2.204	8.799	0.059	-0.126	-0.202	0.000000	0.000000
1580114675545	1580114675539	0.957	2.283	8.595	0.043	-0.104	-0.223	0.000000	0.000000
1580114675561	1580114675560	0.670	2.942	8.703	0.023	-0.084	-0.222	0.000000	0.000000
1580114675581	1580114675581	0.433	3.198	8.413	-0.002	-0.138	-0.186	0.000000	0.000000
1580114675604	1580114675604	0.493	2.741	7.609	0.031	-0.219	-0.169	0.000000	0.000000
1580114675622	1580114675621	0.632	2.624	7.144	0.044	-0.225	-0.151	0.000000	0.000000
1580114675644	1580114675640	0.692	3.141	7.321	0.036	-0.179	-0.125	0.000000	0.000000
1580114675662	1580114675659	0.648	3.534	7.194	0.076	-0.125	-0.158	0.000000	0.000000
1580114675681	1580114675680	0.335	3.397	6.813	0.199	-0.082	-0.173	0.000000	0.000000
1580114675700	1580114675700	-0.025	3.230	6.643	0.221	-0.083	-0.159	0.000000	0.000000
1580114675725	1580114675723	-0.006	3.117	6.768	0.096	-0.114	-0.110	0.000000	0.000000
1580114675744	1580114675739	0.344	3.177	6.835	0.086	-0.122	-0.070	0.000000	0.000000
1580114675761	1580114675761	0.335	3.189	6.535	0.219	-0.092	-0.110	0.000000	0.000000
1580114675780	1580114675779	0.253	2.959	6.133	0.303	-0.099	-0.122	0.000000	0.000000
1580114675800	1580114675799	0.251	2.774	5.932	0.314	-0.123	-0.098	0.000000	0.000000
1580114675824	1580114675824	0.466	3.112	5.829	0.277	-0.102	-0.069	0.000000	0.000000
1580114675841	1580114675840	0.603	3.618	5.826	0.243	-0.039	-0.065	0.000000	0.000000
1580114675861	1580114675859	0.428	3.709	5.735	0.258	0.015	-0.108	0.000000	0.000000
1580114675880	1580114675879	0.241	3.690	5.898	0.298	0.037	-0.117	0.000000	0.000000
1580114675899	1580114675899	0.143	3.666	6.384	0.238	0.013	-0.077	0.000000	0.000000
1580114675921	1580114675921	0.186	3.531	6.380	0.176	-0.041	-0.027	0.000000	0.000000
1580114675942	1580114675940	0.366	3.608	6.169	0.286	-0.080	-0.024	0.000000	0.000000
1580114675958	1580114675958	0.301	3.943	6.116	0.355	-0.102	-0.021	0.000000	0.000000
1580114675978	1580114675977	0.474	4.147	5.968	0.273	-0.147	0.012	0.000000	0.000000
1580114675998	1580114675998	0.799	4.286	5.915	0.210	-0.153	0.023	0.000000	0.000000
1580114676019	1580114676018	0.924	4.329	6.152	0.199	-0.118	0.011	0.000000	0.000000
1580114676044	1580114676044	0.871	4.406	6.507	0.167	-0.077	0.003	0.000000	0.000000
1580114676059	1580114676057	0.854	4.588	6.964	0.094	-0.048	-0.004	0.000000	0.000000
1580114676079	1580114676077	0.850	4.820	7.539	0.032	-0.024	-0.011	0.000000	0.000000
1580114676098	1580114676097	0.792	4.933	8.009	0.001	-0.010	-0.032	0.000000	0.000000
1580114676117	1580114676117	0.696	4.983	8.399	0.012	-0.004	-0.054	0.000000	0.000000
1580114676139	1580114676139	0.598	5.151	8.574	0.063	0.004	-0.065	0.000000	0.000000
1580114676162	1580114676157	0.478	5.484	8.430	0.094	0.005	-0.048	0.000000	0.000000
1580114676178	1580114676177	0.409	5.580	8.167	0.049	-0.021	-0.020	0.000000	0.000000
1580114676197	1580114676197	0.402	5.484	8.076	0.008	-0.016	0.001	0.000000	0.000000
1580114676217	1580114676216	0.380	5.369	8.133	-0.032	0.002	0.018	0.000000	0.000000
1580114676242	1580114676236	0.361	5.206	8.217	-0.066	0.011	0.056	0.000000	0.000000
1580114676257	1580114676256	0.462	4.983	8.162	-0.086	0.000	0.089	0.000000	0.000000
1580114676279	1580114676279	0.581	4.712	8.045	-0.081	0.004	0.107	0.000000	0.000000
1580114676297	1580114676296	0.627	4.653	7.906	-0.051	0.031	0.107	0.000000	0.000000
1580114676316	1580114676316	0.706	4.645	7.683	-0.053	0.048	0.092	0.000000	0.000000
1580114676338	1580114676338	0.699	4.566	7.551	-0.096	0.059	0.073	0.000000	0.000000
1580114676360	1580114676360	0.612	4.470	7.345	-0.131	0.068	0.048	0.000000	0.000000
1580114676378	1580114676376	0.495	4.411	7.074	-0.091	0.084	0.035	0.000000	0.000000
1580114676397	1580114676396	0.282	4.415	6.770	-0.010	0.092	0.048	0.000000	0.000000
1580114676417	1580114676416	0.279	4.415	6.272	-0.017	0.065	0.079	0.000000	0.000000
1580114676439	1580114676439	0.270	4.058	5.805	-0.059	0.055	0.114	0.000000	0.000000
1580114676457	1580114676457	0.210	3.572	5.560	-0.037	0.087	0.134	0.000000	0.000000
1580114676476	1580114676476	0.186	3.282	5.568	0.000	0.129	0.140	0.000000	0.000000
1580114676500	1580114676500	0.085	3.196	5.524	0.037	0.159	0.139	0.000000	0.000000
1580114676516	1580114676515	0.054	3.397	5.294	0.067	0.162	0.124	0.000000	0.000000
1580114676536	1580114676535	0.198	3.572	4.959	0.016	0.139	0.087	0.000000	0.000000
1580114676561	1580114676559	0.409	3.668	4.799	-0.080	0.132	0.047	0.000000	0.000000
1580114676576	1580114676576	0.440	3.862	5.227	-0.199	0.149	0.040	0.000000	0.000000
1580114676596	1580114676595	0.450	3.836	5.814	-0.328	0.124	0.075	0.000000	0.000000
1580114676616	1580114676614	0.591	3.634	6.267	-0.352	0.045	0.140	0.000000	0.000000
1580114676636	1580114676634	0.775	3.287	6.310	-0.311	-0.042	0.208	0.000000	0.000000
1580114676657	1580114676657	0.917	3.208	6.363	-0.309	-0.091	0.280	0.000000	0.000000
1580114676675	1580114676675	0.936	3.201	6.665	-0.458	-0.120	0.333	0.000000	0.000000
1580114676695	1580114676695	0.986	3.139	7.103	-0.731	-0.183	0.417	0.000000	0.000000
1580114676716	1580114676715	0.996	2.863	7.647	-0.971	-0.258	0.542	0.000000	0.000000
1580114676735	1580114676735	0.981	2.255	7.779	-1.082	-0.349	0.639	0.000000	0.000000
1580114676756	1580114676755	1.369	1.924	7.975	-1.022	-0.397	0.743	0.000000	0.000000
1580114676777	1580114676776	1.952	1.687	8.507	-0.983	-0.412	0.653	0.000000	0.000000
1580114676798	1580114676795	2.239	1.476	8.845	-0.956	-0.339	0.609	0.000000	0.000000
1580114676815	1580114676814	2.237	1.416	9.271	-0.850	-0.247	0.523	0.000000	0.000000
1580114676835	1580114676834	2.337	1.340	9.779	-0.673	-0.167	0.410	0.000000	0.000000
1580114676858	1580114676854	2.431	1.603	10.016	-0.440	-0.053	0.259	0.000000	0.000000
1580114676874	1580114676874	2.155	1.979	9.947	-0.272	0.077	0.120	0.000000	0.000000
1580114676900	1580114676894	1.896	2.279	9.923	-0.242	0.150	0.018	0.000000	0.000000
1580114676913	1580114676913	1.731	2.219	9.956	-0.342	0.175	-0.034	0.000000	0.000000
1580114676934	1580114676933	1.571	2.068	10.028	-0.474	0.184	-0.038	0.000000	0.000000
1580114676955	1580114676954	1.556	2.130	9.939	-0.592	0.186	-0.040	0.000000	0.000000
1580114676978	1580114676978	1.472	1.898	10.035	-0.673	0.172	-0.024	0.000000	0.000000
1580114676996	1580114676995	1.482	1.505	10.474	-0.621	0.128	0.024	0.000000	0.000000
1580114677016	1580114677015	1.734	1.399	10.739	-0.612	0.092	0.087	0.000000	0.000000
1580114677033	1580114677033	2.011	1.347	10.945	-0.687	0.106	0.144	0.000000	0.000000
1580114677055	1580114677053	1.884	0.765	11.621	-0.729	0.154	0.099	0.000000	0.000000
1580114677075	1580114677073	1.779	-0.251	12.395	-0.586	0.146	0.071	0.000000	0.000000
1580114677094	1580114677094	2.007	-0.560	12.833	-0.217	0.130	0.036	0.000000	0.000000
1580114677114	1580114677113	2.090	0.544	12.939	0.055	0.145	-0.044	0.000000	0.000000
1580114677133	1580114677133	1.827	1.352	12.809	-0.036	0.113	-0.130	0.000000	0.000000
1580114677153	1580114677153	1.635	1.433	12.476	-0.207	0.082	-0.179	0.000000	0.000000
1580114677176	1580114677176	1.487	1.589	12.100	-0.247	0.106	-0.202	0.000000	0.000000
1580114677193	1580114677193	1.413	1.584	11.911	-0.143	0.125	-0.222	0.000000	0.000000
1580114677213	1580114677212	1.235	1.833	11.940	0.077	0.133	-0.224	0.000000	0.000000
1580114677233	1580114677232	0.823	2.238	12.035	0.133	0.104	-0.179	0.000000	0.000000
1580114677253	1580114677252	0.742	2.010	11.834	-0.025	0.007	-0.114	0.000000	0.000000
1580114677276	1580114677275	0.663	1.423	11.743	-0.033	-0.015	-0.054	0.000000	0.000000
1580114677295	1580114677294	0.430	1.440	12.076	0.102	-0.001	-0.009	0.000000	0.000000
1580114677312	1580114677312	0.371	1.752	12.368	0.029	-0.018	0.074	0.000000	0.000000
1580114677333	1580114677332	0.462	1.754	12.498	-0.234	-0.057	0.176	0.000000	0.000000
1580114677353	1580114677352	0.850	1.258	13.001	-0.418	-0.076	0.251	0.000000	0.000000
1580114677372	1580114677372	1.166	0.700	13.844	-0.402	-0.026	0.292	0.000000	0.000000
1580114677399	1580114677399	1.300	0.700	14.491	-0.310	0.016	0.292	0.000000	0.000000
1580114677412	1580114677411	1.573	1.201	14.678	-0.284	0.006	0.263	0.000000	0.000000
1580114677435	1580114677431	1.865	1.447	14.632	-0.328	-0.024	0.213	0.000000	0.000000
1580114677452	1580114677451	2.213	1.443	14.587	-0.298	-0.018	0.150	0.000000	0.000000
1580114677472	1580114677471	2.428	1.476	14.630	-0.152	0.012	0.083	0.000000	0.000000
1580114677492	1580114677492	2.366	1.749	14.429	0.091	0.043	0.048	0.000000	0.000000
1580114677517	1580114677513	2.074	2.051	13.993	0.266	0.055	0.025	0.000000	0.000000
1580114677532	1580114677532	1.904	1.835	13.329	0.273	0.026	0.002	0.000000	0.000000
1580114677552	1580114677551	1.784	1.373	12.974	0.263	0.046	0.001	0.000000	0.000000
1580114677571	1580114677571	1.556	1.011	13.075	0.362	0.083	-0.015	0.000000	0.000000
1580114677592	1580114677591	1.659	1.136	12.982	0.463	0.068	-0.040	0.000000	0.000000
1580114677612	1580114677610	1.690	1.203	12.574	0.505	0.034	-0.065	0.000000	0.000000
1580114677634	1580114677634	1.633	1.186	11.882	0.539	0.017	-0.098	0.000000	0.000000
1580114677651	1580114677650	1.712	1.268	11.439	0.583	0.029	-0.138	0.000000	0.000000
1580114677671	1580114677671	1.650	1.193	11.135	0.642	0.046	-0.177	0.000000	0.000000
1580114677692	1580114677691	1.518	1.222	10.931	0.714	0.049	-0.213	0.000000	0.000000
1580114677715	1580114677712	1.326	1.217	10.708	0.749	0.013	-0.235	0.000000	0.000000
1580114677732	1580114677732	1.381	1.409	10.232	0.770	-0.044	-0.253	0.000000	0.000000
1580114677751	1580114677750	1.374	1.493	9.755	0.778	-0.065	-0.268	0.000000	0.000000
1580114677770	1580114677770	1.159	1.299	9.408	0.836	-0.082	-0.274	0.000000	0.000000
1580114677794	1580114677793	0.912	1.169	8.854	0.952	-0.103	-0.285	0.000000	0.000000
1580114677812	1580114677812	0.713	1.268	8.100	0.980	-0.135	-0.294	0.000000	0.000000
1580114677831	1580114677830	0.612	1.536	7.529	0.905	-0.170	-0.287	0.000000	0.000000
1580114677856	1580114677850	0.572	1.723	7.173	0.779	-0.180	-0.265	0.000000	0.000000
1580114677870	1580114677870	0.565	1.574	6.698	0.658	-0.167	-0.247	0.000000	0.000000
1580114677890	1580114677889	0.476	1.694	6.519	0.572	-0.137	-0.220	0.000000	0.000000
1580114677914	1580114677911	0.380	2.245	6.935	0.393	-0.138	-0.161	0.000000	0.000000
1580114677933	1580114677930	0.586	2.413	7.072	0.219	-0.176	-0.100	0.000000	0.000000
1580114677950	1580114677950	0.842	2.391	6.780	0.278	-0.187	-0.086	0.000000	0.000000
1580114677970	1580114677969	0.768	2.609	6.451	0.351	-0.173	-0.085	0.000000	0.000000
1580114677990	1580114677989	0.632	2.796	6.193	0.257	-0.186	-0.071	0.000000	0.000000
1580114678011	1580114678011	0.775	2.597	5.929	0.171	-0.176	-0.097	0.000000	0.000000
1580114678030	1580114678030	0.835	2.212	5.618	0.225	-0.092	-0.138	0.000000	0.000000
1580114678049	1580114678049	0.768	2.061	5.366	0.318	0.001	-0.188	0.000000	0.000000
1580114678070	1580114678069	0.670	1.802	5.088	0.314	0.067	-0.233	0.000000	0.000000
1580114678089	1580114678088	0.617	1.752	5.031	0.285	0.133	-0.274	0.000000	0.000000
1580114678109	1580114678108	0.483	2.377	5.433	0.272	0.179	-0.294	0.000000	0.000000
1580114678133	1580114678133	0.519	2.877	5.421	0.217	0.176	-0.267	0.000000	0.000000
1580114678152	1580114678148	0.826	2.549	5.086	0.216	0.195	-0.248	0.000000	0.000000
1580114678172	1580114678170	0.701	2.463	5.673	0.287	0.273	-0.245	0.000000	0.000000
1580114678189	1580114678188	0.646	2.870	6.495	0.206	0.238	-0.230	0.000000	0.000000
1580114678210	1580114678209	0.847	3.095	6.408	0.124	0.132	-0.229	0.000000	0.000000
1580114678230	1580114678228	0.967	3.472	6.133	0.191	0.071	-0.220	0.000000	0.000000
1580114678248	1580114678248	0.917	4.078	6.234	0.158	0.040	-0.228	0.000000	0.000000
1580114678268	1580114678268	1.039	4.511	6.274	0.008	-0.007	-0.211	0.000000	0.000000
1580114678289	1580114678287	1.298	4.705	6.399	-0.074	0.009	-0.217	0.000000	0.000000
1580114678312	1580114678307	1.204	4.854	6.892	-0.083	0.083	-0.252	0.000000	0.000000
1580114678333	1580114678333	0.842	5.457	7.644	-0.084	0.139	-0.252	0.000000	0.000000
1580114678350	1580114678347	0.526	6.008	8.389	-0.131	0.137	-0.190	0.000000	0.000000
1580114678369	1580114678367	0.246	5.932	8.852	-0.146	0.143	-0.113	0.000000	0.000000
1580114678388	1580114678387	0.188	5.956	9.209	-0.088	0.159	-0.090	0.000000	0.000000
1580114678408	1580114678407	0.102	6.265	9.798	-0.076	0.163	-0.068	0.000000	0.000000
1580114678429	1580114678429	-0.080	6.322	10.028	-0.108	0.104	-0.030	0.000000	0.000000
1580114678455	1580114678449	0.093	6.068	9.899	-0.082	-0.006	0.009	0.000000	0.000000
1580114678469	1580114678469	0.320	5.647	9.443	-0.012	-0.084	0.033	0.000000	0.000000
1580114678489	1580114678488	0.577	5.424	8.969	0.083	-0.117	0.039	0.000000	0.000000
1580114678509	1580114678507	0.593	5.146	8.679	0.137	-0.114	0.042	0.000000	0.000000
1580114678539	1580114678532	0.648	4.748	8.540	0.149	-0.116	0.047	0.000000	0.000000
1580114678548	1580114678547	0.708	4.437	8.385	0.198	-0.105	0.038	0.000000	0.000000
1580114678572	1580114678572	0.574	4.365	8.155	0.260	-0.072	0.028	0.000000	0.000000
1580114678587	1580114678586	0.550	4.473	7.937	0.266	-0.067	0.022	0.000000	0.000000
1580114678609	1580114678607	0.533	4.492	7.793	0.227	-0.061	0.032	0.000000	0.000000
1580114678627	1580114678627	0.363	4.518	7.541	0.195	-0.042	0.078	0.000000	0.000000
1580114678647	1580114678647	0.253	4.538	7.379	0.138	-0.039	0.137	0.000000	0.000000
1580114678669	1580114678668	0.397	4.377	7.352	0.044	-0.048	0.198	0.000000	0.000000
1580114678687	1580114678687	0.548	4.207	7.321	-0.015	-0.028	0.254	0.000000	0.000000
1580114678707	1580114678707	0.708	4.063	7.256	-0.040	-0.005	0.287	0.000000	0.000000
1580114678732	1580114678730	0.785	3.694	7.187	-0.041	0.026	0.293	0.000000	0.000000
1580114678754	1580114678754	0.739	3.421	6.935	0.002	0.053	0.280	0.000000	0.000000
1580114678768	1580114678766	0.624	3.390	6.559	0.047	0.093	0.257	0.000000	0.000000
1580114678788	1580114678786	0.562	3.479	6.207	0.030	0.115	0.223	0.000000	0.000000
1580114678806	1580114678806	0.524	3.464	5.982	-0.040	0.144	0.189	0.000000	0.000000
1580114678827	1580114678826	0.471	3.167	5.929	-0.130	0.185	0.155	0.000000	0.000000
1580114678850	1580114678846	0.445	2.942	6.133	-0.182	0.218	0.126	0.000000	0.000000
1580114678869	1580114678869	0.409	2.928	6.262	-0.193	0.246	0.082	0.000000	0.000000
1580114678886	1580114678886	0.426	3.067	6.044	-0.171	0.268	0.038	0.000000	0.000000
1580114678906	1580114678906	0.418	3.452	6.001	-0.193	0.281	0.027	0.000000	0.000000
1580114678926	1580114678926	0.399	3.611	6.277	-0.292	0.281	0.042	0.000000	0.000000
1580114678953	1580114678953	0.318	3.467	6.610	-0.297	0.288	0.068	0.000000	0.000000
1580114678966	1580114678966	0.126	3.421	6.928	-0.161	0.287	0.095	0.000000	0.000000
1580114678986	1580114678985	0.085	3.500	7.084	-0.078	0.219	0.122	0.000000	0.000000
1580114679006	1580114679004	0.248	3.603	7.043	-0.094	0.120	0.123	0.000000	0.000000
1580114679026	1580114679025	0.260	3.584	6.852	-0.117	0.046	0.124	0.000000	0.000000
1580114679046	1580114679045	0.236	3.431	6.650	-0.118	-0.019	0.127	0.000000	0.000000
1580114679071	1580114679066	0.356	3.383	6.681	-0.161	-0.059	0.167	0.000000	0.000000
1580114679087	1580114679087	0.354	3.275	6.892	-0.282	-0.078	0.234	0.000000	0.000000
1580114679105	1580114679104	0.507	2.980	6.964	-0.376	-0.109	0.286	0.000000	0.000000
1580114679125	1580114679124	0.713	2.578	7.079	-0.418	-0.132	0.292	0.000000	0.000000
1580114679146	1580114679146	0.895	2.382	7.589	-0.492	-0.137	0.302	0.000000	0.000000
1580114679164	1580114679164	1.127	2.360	8.227	-0.533	-0.123	0.318	0.000000	0.000000
1580114679190	1580114679184	1.281	2.353	8.857	-0.492	-0.088	0.294	0.000000	0.000000
1580114679204	1580114679203	1.482	2.401	9.810	-0.449	-0.063	0.224	0.000000	0.000000
1580114679224	1580114679223	1.369	2.525	10.339	-0.440	-0.015	0.134	0.000000	0.000000
1580114679245	1580114679245	1.029	2.719	10.754	-0.471	-0.010	0.120	0.000000	0.000000
1580114679276	1580114679268	0.933	2.528	11.130	-0.495	-0.071	0.126	0.000000	0.000000
1580114679287	1580114679284	1.027	2.470	11.104	-0.403	-0.107	0.094	0.000000	0.000000
1580114679307	1580114679303	1.001	2.988	11.044	-0.294	-0.092	0.057	0.000000	0.000000
1580114679325	1580114679325	0.972	3.117	11.137	-0.279	-0.105	0.043	0.000000	0.000000
1580114679344	1580114679343	0.859	2.717	11.432	-0.151	-0.099	0.027	0.000000	0.000000
1580114679365	1580114679365	0.802	2.305	11.916	0.127	-0.101	-0.017	0.000000	0.000000
1580114679384	1580114679384	0.811	2.406	11.959	0.414	-0.172	-0.070	0.000000	0.000000
1580114679405	1580114679404	0.902	3.206	11.286	0.528	-0.231	-0.103	0.000000	0.000000
1580114679423	1580114679423	0.941	3.493	10.533	0.388	-0.241	-0.134	0.000000	0.000000
1580114679444	1580114679442	1.060	3.627	10.136	0.313	-0.178	-0.191	0.000000	0.000000
1580114679463	1580114679463	0.941	3.912	10.059	0.379	-0.076	-0.219	0.000000	0.000000
1580114679488	1580114679488	0.950	4.183	9.982	0.389	-0.025	-0.184	0.000000	0.000000
1580114679503	1580114679502	1.072	4.212	10.042	0.306	0.010	-0.108	0.000000	0.000000
1580114679523	1580114679522	1.187	4.011	10.416	0.151	0.068	-0.033	0.000000	0.000000
1580114679543	1580114679542	1.329	3.874	11.221	-0.006	0.149	0.046	0.000000	0.000000
1580114679564	1580114679564	1.353	3.817	12.112	-0.069	0.209	0.085	0.000000	0.000000
1580114679582	1580114679582	1.494	4.073	12.821	-0.131	0.208	0.088	0.000000	0.000000
1580114679604	1580114679603	1.532	4.138	13.485	-0.276	0.180	0.096	0.000000	0.000000
1580114679623	1580114679622	1.643	4.207	14.405	-0.335	0.132	0.094	0.000000	0.000000
1580114679642	1580114679642	1.935	4.375	14.850	-0.300	0.081	0.074	0.000000	0.000000
1580114679662	1580114679662	2.016	4.691	14.939	-0.247	0.071	0.026	0.000000	0.000000
1580114679688	1580114679688	1.973	5.160	15.018	-0.223	0.075	-0.032	0.000000	0.000000
1580114679703	1580114679702	1.882	5.596	15.171	-0.188	0.067	-0.085	0.000000	0.000000
1580114679724	1580114679724	1.568	5.795	15.231	-0.057	0.047	-0.118	0.000000	0.000000
1580114679743	1580114679742	1.290	5.834	14.860	0.105	-0.003	-0.107	0.000000	0.000000
1580114679762	1580114679761	1.199	5.311	13.897	0.195	-0.053	-0.071	0.000000	0.000000
1580114679785	1580114679782	1.211	4.672	13.130	0.188	-0.053	-0.053	0.000000	0.000000
1580114679810	1580114679805	1.240	4.149	12.807	0.080	-0.018	-0.061	0.000000	0.000000
1580114679822	1580114679821	1.298	3.620	12.476	0.046	0.004	-0.097	0.000000	0.000000
1580114679842	1580114679840	1.432	3.189	11.789	0.172	0.012	-0.135	0.000000	0.000000
1580114679861	1580114679861	1.441	3.105	10.936	0.303	0.040	-0.157	0.000000	0.000000
1580114679885	1580114679881	1.175	3.213	10.313	0.288	0.077	-0.173	0.000000	0.000000
1580114679902	1580114679901	0.945	3.122	9.786	0.209	0.093	-0.172	0.000000	0.000000
1580114679923	1580114679920	0.924	2.621	9.144	0.184	0.120	-0.181	0.000000	0.000000
1580114679942	1580114679940	1.099	2.384	8.830	0.276	0.182	-0.216	0.000000	0.000000
1580114679962	1580114679960	0.917	2.736	8.955	0.385	0.263	-0.302	0.000000	0.000000
1580114679985	1580114679982	0.476	3.472	9.264	0.374	0.243	-0.342	0.000000	0.000000
1580114680005	1580114680001	0.344	3.884	9.051	0.346	0.120	-0.261	0.000000	0.000000
1580114680021	1580114680021	0.411	3.534	8.421	0.396	-0.005	-0.174	0.000000	0.000000
1580114680041	1580114680040	0.593	3.076	7.786	0.491	-0.066	-0.147	0.000000	0.000000
1580114680060	1580114680060	0.526	2.810	7.613	0.544	-0.034	-0.173	0.000000	0.000000
1580114680082	1580114680080	0.181	3.103	7.827	0.502	-0.031	-0.157	0.000000	0.000000
1580114680102	1580114680102	0.083	3.311	7.460	0.396	-0.115	-0.115	0.000000	0.000000
1580114680122	1580114680120	0.323	3.115	6.928	0.365	-0.185	-0.084	0.000000	0.000000
1580114680145	1580114680145	0.521	3.160	6.710	0.444	-0.157	-0.097	0.000000	0.000000
1580114680161	1580114680160	0.354	3.524	6.772	0.477	-0.089	-0.133	0.000000	0.000000
1580114680180	1580114680179	0.114	3.879	6.772	0.423	-0.094	-0.122	0.000000	0.000000
1580114680201	1580114680201	0.200	3.692	6.420	0.342	-0.149	-0.104	0.000000	0.000000
1580114680221	1580114680220	0.399	3.412	6.210	0.320	-0.156	-0.112	0.000000	0.000000
1580114680240	1580114680239	0.404	3.718	6.298	0.332	-0.089	-0.153	0.000000	0.000000
1580114680260	1580114680259	0.284	4.353	6.569	0.293	-0.040	-0.166	0.000000	0.000000
1580114680280	1580114680279	0.160	4.648	6.677	0.211	-0.053	-0.138	0.000000	0.000000
1580114680301	1580114680301	0.229	4.171	6.519	0.187	-0.114	-0.114	0.000000	0.000000
1580114680320	1580114680319	0.306	4.130	6.449	0.308	-0.136	-0.085	0.000000	0.000000
1580114680340	1580114680339	0.291	4.504	6.430	0.352	-0.158	-0.028	0.000000	0.000000
1580114680360	1580114680359	0.284	4.444	6.042	0.318	-0.211	0.017	0.000000	0.000000
1580114680380	1580114680378	0.325	4.049	5.697	0.331	-0.241	0.054	0.000000	0.000000
1580114680400	1580114680399	0.426	3.644	5.668	0.331	-0.227	0.061	0.000000	0.000000
1580114680421	1580114680421	0.548	3.587	5.783	0.305	-0.185	0.028	0.000000	0.000000
1580114680444	1580114680439	0.512	3.893	5.893	0.290	-0.151	-0.005	0.000000	0.000000
1580114680460	1580114680459	0.495	4.106	5.874	0.287	-0.163	-0.025	0.000000	0.000000
1580114680480	1580114680478	0.569	4.197	5.752	0.274	-0.158	-0.037	0.000000	0.000000
1580114680507	1580114680502	0.620	4.461	5.774	0.219	-0.135	-0.035	0.000000	0.000000
1580114680519	1580114680518	0.665	4.746	5.807	0.117	-0.098	-0.021	0.000000	0.000000
1580114680544	1580114680543	0.821	4.986	5.963	0.031	-0.067	0.001	0.000000	0.000000
1580114680559	1580114680558	0.854	5.184	6.406	0.006	-0.016	0.008	0.000000	0.000000
1580114680579	1580114680578	0.840	5.445	6.911	0.024	0.024	0.030	0.000000	0.000000
1580114680598	1580114680598	0.756	5.812	7.285	0.067	0.040	0.046	0.000000	0.000000
1580114680622	1580114680622	0.725	5.984	7.513	0.041	0.028	0.067	0.000000	0.000000
1580114680641	1580114680638	0.732	6.056	7.731	0.014	0.018	0.092	0.000000	0.000000
1580114680658	1580114680658	0.840	6.178	7.855	0.019	0.027	0.100	0.000000	0.000000
1580114680679	1580114680677	0.890	6.143	7.901	0.016	0.022	0.099	0.000000	0.000000
1580114680697	1580114680697	0.854	5.898	7.855	-0.035	-0.003	0.096	0.000000	0.000000
1580114680720	1580114680720	0.914	5.628	7.886	-0.084	-0.021	0.092	0.000000	0.000000
1580114680742	1580114680742	0.967	5.457	7.999	-0.076	-0.018	0.085	0.000000	0.000000
1580114680758	1580114680758	0.960	5.436	8.186	-0.043	-0.003	0.078	0.000000	0.000000
1580114680778	1580114680777	0.960	5.412	8.294	-0.036	-0.006	0.078	0.000000	0.000000
1580114680798	1580114680797	0.914	5.275	8.282	-0.006	-0.016	0.079	0.000000	0.000000
1580114680822	1580114680819	0.878	5.280	8.121	0.060	-0.022	0.078	0.000000	0.000000
1580114680838	1580114680837	0.871	5.457	7.865	0.098	-0.023	0.076	0.000000	0.000000
1580114680857	1580114680857	0.850	5.608	7.618	0.096	-0.020	0.069	0.000000	0.000000
1580114680878	1580114680876	0.804	5.704	7.470	0.088	-0.011	0.062	0.000000	0.000000
1580114680897	1580114680896	0.768	5.719	7.398	0.053	0.001	0.060	0.000000	0.000000
1580114680921	1580114680921	0.797	5.716	7.314	0.003	-0.007	0.062	0.000000	0.000000
1580114680939	1580114680938	0.864	5.735	7.208	-0.024	-0.018	0.064	0.000000	0.000000
1580114680957	1580114680957	0.917	5.783	7.050	-0.032	-0.021	0.068	0.000000	0.000000
1580114680977	1580114680976	0.898	5.721	6.895	-0.047	-0.018	0.081	0.000000	0.000000
1580114680998	1580114680996	0.902	5.594	6.693	-0.085	-0.016	0.093	0.000000	0.000000
1580114681017	1580114681017	0.864	5.472	6.643	-0.125	-0.002	0.106	0.000000	0.000000
1580114681043	1580114681043	0.742	5.362	6.523	-0.154	0.015	0.125	0.000000	0.000000
1580114681057	1580114681057	0.699	5.249	6.392	-0.188	0.034	0.144	0.000000	0.000000
1580114681082	1580114681082	0.718	4.993	6.360	-0.205	0.063	0.152	0.000000	0.000000
1580114681098	1580114681096	0.644	4.782	6.332	-0.180	0.109	0.144	0.000000	0.000000
1580114681117	1580114681116	0.471	4.540	6.375	-0.161	0.140	0.136	0.000000	0.000000
1580114681141	1580114681141	0.476	4.382	6.339	-0.152	0.158	0.122	0.000000	0.000000
1580114681160	1580114681160	0.476	4.303	6.243	-0.156	0.194	0.072	0.000000	0.000000
1580114681178	1580114681177	0.404	4.267	6.142	-0.160	0.234	0.017	0.000000	0.000000
1580114681196	1580114681196	0.426	4.128	6.224	-0.170	0.256	-0.031	0.000000	0.000000
1580114681217	1580114681216	0.394	4.061	6.497	-0.153	0.281	-0.050	0.000000	0.000000
1580114681237	1580114681237	0.241	4.183	6.578	-0.088	0.295	-0.052	0.000000	0.000000
1580114681256	1580114681256	0.186	4.317	6.372	-0.080	0.270	-0.083	0.000000	0.000000
1580114681282	1580114681281	0.339	4.264	6.051	-0.158	0.218	-0.098	0.000000	0.000000
1580114681297	1580114681296	0.469	4.111	6.066	-0.221	0.197	-0.070	0.000000	0.000000
1580114681315	1580114681315	0.349	3.982	6.238	-0.222	0.203	-0.027	0.000000	0.000000
1580114681341	1580114681341	0.325	3.888	6.267	-0.211	0.181	0.010	0.000000	0.000000
1580114681362	1580114681356	0.486	3.896	6.255	-0.198	0.155	0.050	0.000000	0.000000
1580114681377	1580114681377	0.603	3.766	6.332	-0.230	0.142	0.103	0.000000	0.000000
1580114681396	1580114681395	0.620	3.455	6.557	-0.279	0.130	0.161	0.000000	0.000000
1580114681415	1580114681415	0.692	3.095	6.619	-0.318	0.115	0.207	0.000000	0.000000
1580114681436	1580114681436	0.780	2.746	6.689	-0.338	0.120	0.214	0.000000	0.000000
1580114681457	1580114681457	0.842	2.671	6.885	-0.333	0.142	0.216	0.000000	0.000000
1580114681477	1580114681477	0.955	2.928	6.993	-0.335	0.181	0.192	0.000000	0.000000
1580114681496	1580114681496	0.989	3.093	7.137	-0.358	0.236	0.131	0.000000	0.000000
1580114681515	1580114681515	0.871	3.127	7.311	-0.370	0.288	0.065	0.000000	0.000000
1580114681535	1580114681534	0.852	3.131	7.479	-0.428	0.315	-0.001	0.000000	0.000000
1580114681558	1580114681558	0.804	2.789	7.762	-0.500	0.348	-0.079	0.000000	0.000000
1580114681585	1580114681579	0.500	2.691	8.401	-0.521	0.399	-0.133	0.000000	0.000000
1580114681598	1580114681598	0.294	3.040	9.000	-0.575	0.408	-0.138	0.000000	0.000000
1580114681617	1580114681617	0.354	3.093	9.362	-0.646	0.366	-0.131	0.000000	0.000000
1580114681635	1580114681634	0.318	3.107	9.887	-0.637	0.325	-0.095	0.000000	0.000000
1580114681655	1580114681655	0.227	3.105	10.454	-0.628	0.268	-0.039	0.000000	0.000000
1580114681675	1580114681675	0.265	3.189	10.754	-0.621	0.184	0.008	0.000000	0.000000
1580114681695	1580114681695	0.318	3.486	10.876	-0.575	0.115	0.043	0.000000	0.000000
1580114681714	1580114681714	0.509	3.658	10.790	-0.550	0.039	0.046	0.000000	0.000000
1580114681734	1580114681733	0.821	3.455	10.531	-0.518	0.000	0.058	0.000000	0.000000
1580114681759	1580114681760	0.677	3.479	10.730	-0.460	0.018	0.076	0.000000	0.000000
1580114681778	1580114681778	0.586	3.335	10.948	-0.463	0.007	0.052	0.000000	0.000000
1580114681795	1580114681795	0.644	3.242	11.161	-0.440	0.010	0.012	0.000000	0.000000
1580114681816	1580114681813	0.682	3.110	11.444	-0.444	0.017	-0.046	0.000000	0.000000
1580114681834	1580114681833	0.701	2.643	11.765	-0.468	0.021	-0.128	0.000000	0.000000
1580114681854	1580114681854	0.656	2.442	12.009	-0.347	0.057	-0.206	0.000000	0.000000
1580114681873	1580114681873	0.294	2.707	12.148	-0.215	0.124	-0.295	0.000000	0.000000
1580114681898	1580114681896	-0.075	2.906	12.512	-0.186	0.148	-0.377	0.000000	0.000000
1580114681917	1580114681917	-0.300	3.055	13.001	-0.136	0.131	-0.416	0.000000	0.000000
1580114681934	1580114681934	-0.794	3.527	13.082	-0.012	0.108	-0.448	0.000000	0.000000
1580114681953	1580114681952	-1.117	4.049	13.037	0.094	0.044	-0.416	0.000000	0.000000
1580114681975	1580114681975	-1.211	4.547	13.166	0.187	-0.059	-0.325	0.000000	0.000000
1580114681999	1580114681991	-1.369	4.559	13.212	0.193	-0.167	-0.201	0.000000	0.000000
1580114682018	1580114682017	-1.325	4.300	13.013	0.205	-0.264	-0.087	0.000000	0.000000
1580114682032	1580114682032	-1.127	4.207	12.831	0.288	-0.319	0.011	0.000000	0.000000
1580114682053	1580114682052	-0.722	4.090	12.670	0.301	-0.359	0.085	0.000000	0.000000
1580114682076	1580114682076	-0.195	3.678	12.656	0.205	-0.356	0.141	0.000000	0.000000
1580114682098	1580114682094	0.145	3.357	12.994	0.082	-0.291	0.204	0.000000	0.000000
1580114682112	1580114682111	0.567	3.093	13.367	-0.092	-0.232	0.170	0.000000	0.000000
1580114682132	1580114682131	1.044	2.748	13.832	-0.169	-0.173	0.079	0.000000	0.000000
1580114682151	1580114682151	1.046	2.767	14.038	-0.063	-0.080	0.003	0.000000	0.000000
1580114682171	1580114682171	1.132	3.218	13.921	-0.008	-0.048	-0.093	0.000000	0.000000
1580114682198	1580114682198	1.135	3.795	13.863	0.034	-0.016	-0.168	0.000000	0.000000
1580114682212	1580114682211	0.478	4.518	13.803	0.194	0.041	-0.227	0.000000	0.000000
1580114682234	1580114682230	0.517	4.552	12.862	0.347	0.038	-0.276	0.000000	0.000000
1580114682251	1580114682251	0.193	4.938	12.560	0.496	0.067	-0.211	0.000000	0.000000
1580114682272	1580114682272	-0.458	4.823	12.491	0.450	0.038	-0.129	0.000000	0.000000
1580114682294	1580114682291	-0.707	4.118	12.356	0.377	-0.049	-0.082	0.000000	0.000000
1580114682315	1580114682315	-0.672	3.658	11.635	0.371	-0.142	-0.052	0.000000	0.000000
1580114682332	1580114682332	-0.228	3.282	10.632	0.342	-0.220	-0.064	0.000000	0.000000
1580114682350	1580114682350	0.325	3.100	9.772	0.347	-0.207	-0.073	0.000000	0.000000
1580114682371	1580114682370	0.414	3.299	9.429	0.342	-0.122	-0.060	0.000000	0.000000
1580114682391	1580114682390	0.323	3.529	9.551	0.238	-0.078	-0.050	0.000000	0.000000
1580114682411	1580114682410	0.447	3.337	9.834	0.124	-0.076	-0.037	0.000000	0.000000
1580114682435	1580114682430	0.593	2.832	9.848	0.125	-0.073	-0.024	0.000000	0.000000
1580114682450	1580114682450	0.713	2.650	9.436	0.166	-0.065	-0.028	0.000000	0.000000
1580114682471	1580114682470	0.890	2.794	9.261	0.108	-0.061	-0.041	0.000000	0.000000
1580114682493	1580114682493	0.876	3.134	9.499	0.035	-0.043	-0.036	0.000000	0.000000
1580114682515	1580114682515	0.682	3.349	9.523	0.083	-0.034	-0.033	0.000000	0.000000
1580114682532	1580114682530	0.668	3.352	9.091	0.240	-0.075	-0.042	0.000000	0.000000
1580114682550	1580114682549	0.677	3.548	8.540	0.334	-0.114	-0.039	0.000000	0.000000
1580114682571	1580114682570	0.586	3.790	7.882	0.309	-0.152	-0.035	0.000000	0.000000
1580114682590	1580114682589	0.471	3.989	7.276	0.337	-0.151	-0.040	0.000000	0.000000
1580114682611	1580114682610	0.399	4.104	6.669	0.393	-0.125	-0.042	0.000000	0.000000
1580114682633	1580114682632	0.315	3.989	6.468	0.346	-0.106	-0.010	0.000000	0.000000
1580114682655	1580114682649	0.133	3.534	6.598	0.246	-0.113	0.073	0.000000	0.000000
1580114682669	1580114682668	0.268	2.969	6.578	0.219	-0.111	0.098	0.000000	0.000000
1580114682689	1580114682689	0.593	2.729	6.511	0.361	-0.083	0.060	0.000000	0.000000
1580114682715	1580114682711	0.521	2.854	6.413	0.585	-0.015	0.031	0.000000	0.000000
1580114682731	1580114682729	0.397	2.992	5.960	0.694	-0.017	0.040	0.000000	0.000000
1580114682749	1580114682749	0.382	2.897	5.239	0.689	-0.053	0.040	0.000000	0.000000
1580114682769	1580114682768	0.325	2.832	4.806	0.688	-0.032	0.033	0.000000	0.000000
1580114682789	1580114682788	0.210	2.978	4.741	0.713	0.041	0.024	0.000000	0.000000
1580114682811	1580114682812	0.102	3.273	4.933	0.734	0.090	0.049	0.000000	0.000000
1580114682830	1580114682828	0.047	3.438	4.849	0.711	0.109	0.075	0.000000	0.000000
1580114682849	1580114682849	0.093	3.668	4.988	0.681	0.102	0.120	0.000000	0.000000
1580114682869	1580114682868	0.198	3.955	5.235	0.643	0.095	0.146	0.000000	0.000000
1580114682888	1580114682888	0.277	4.006	5.438	0.570	0.089	0.169	0.000000	0.000000
1580114682910	1580114682908	0.349	4.037	5.730	0.485	0.080	0.179	0.000000	0.000000
1580114682932	1580114682932	0.505	4.387	5.865	0.401	0.067	0.169	0.000000	0.000000
1580114682950	1580114682948	0.668	4.995	6.140	0.334	0.067	0.134	0.000000	0.000000
1580114682968	1580114682967	0.744	5.587	6.437	0.326	0.077	0.124	0.000000	0.000000
1580114682988	1580114682987	0.778	5.992	6.612	0.336	0.079	0.136	0.000000	0.000000
1580114683011	1580114683007	0.859	6.135	6.641	0.293	0.071	0.131	0.000000	0.000000
1580114683029	1580114683028	0.768	6.183	6.840	0.221	0.076	0.114	0.000000	0.000000
1580114683049	1580114683047	0.727	6.224	7.017	0.143	0.061	0.089	0.000000	0.000000
1580114683067	1580114683067	0.814	6.195	7.161	0.080	0.024	0.046	0.000000	0.000000
1580114683088	1580114683087	0.960	6.097	7.232	0.026	-0.002	-0.010	0.000000	0.000000
1580114683108	1580114683107	0.989	5.939	7.237	0.009	-0.009	-0.066	0.000000	0.000000
1580114683132	1580114683132	0.945	5.939	7.256	0.029	-0.019	-0.098	0.000000	0.000000
1580114683148	1580114683147	0.828	5.963	7.268	0.019	-0.019	-0.108	0.000000	0.000000
1580114683169	1580114683166	0.579	5.958	7.364	0.024	0.000	-0.095	0.000000	0.000000
1580114683187	1580114683186	0.397	6.092	7.484	0.057	0.007	-0.080	0.000000	0.000000
1580114683207	1580114683207	0.268	6.080	7.405	0.084	-0.003	-0.072	0.000000	0.000000
1580114683229	1580114683229	0.052	5.987	7.307	0.094	0.007	-0.057	0.000000	0.000000
1580114683251	1580114683250	-0.063	5.989	7.237	0.082	-0.002	-0.041	0.000000	0.000000
1580114683267	1580114683266	-0.075	6.052	7.101	0.058	-0.015	-0.022	0.000000	0.000000
1580114683287	1580114683286	0.006	6.202	6.844	0.017	-0.020	-0.010	0.000000	0.000000
