1580114762977	1580114762966	2.594	1.548	14.532	0.089	0.039	0.039	0.000000	0.000000
1580114762984	1580114762984	2.455	1.608	14.745	0.103	0.078	0.036	0.000000	0.000000
1580114763005	1580114763004	2.119	1.035	14.932	0.148	0.116	0.039	0.000000	0.000000
1580114763024	1580114763024	1.781	1.102	15.023	0.329	0.125	0.034	0.000000	0.000000
1580114763044	1580114763044	1.671	1.730	14.620	0.421	0.087	0.000	0.000000	0.000000
1580114763067	1580114763064	1.647	2.070	14.028	0.311	0.029	-0.003	0.000000	0.000000
1580114763086	1580114763085	1.815	1.859	13.396	0.132	-0.029	0.012	0.000000	0.000000
1580114763105	1580114763103	2.023	1.253	12.565	0.073	-0.024	0.010	0.000000	0.000000
1580114763124	1580114763123	1.906	0.817	11.971	0.134	0.044	0.002	0.000000	0.000000
1580114763145	1580114763144	1.563	0.808	12.146	0.148	0.053	0.010	0.000000	0.000000
1580114763164	1580114763163	1.690	1.088	12.400	0.150	-0.048	0.026	0.000000	0.000000
1580114763187	1580114763187	2.081	1.560	12.019	0.238	-0.104	0.032	0.000000	0.000000
1580114763204	1580114763203	2.083	1.725	11.178	0.299	-0.070	0.040	0.000000	0.000000
1580114763224	1580114763222	2.069	1.550	10.519	0.247	-0.014	0.038	0.000000	0.000000
1580114763243	1580114763243	1.861	1.308	10.124	0.207	0.063	0.059	0.000000	0.000000
1580114763265	1580114763263	1.619	1.141	9.858	0.135	0.114	0.084	0.000000	0.000000
1580114763285	1580114763283	1.911	0.561	9.436	-0.012	0.119	0.042	0.000000	0.000000
1580114763303	1580114763302	2.011	-0.095	9.396	-0.009	0.226	-0.018	0.000000	0.000000
1580114763323	1580114763322	1.475	0.230	10.311	0.223	0.337	-0.028	0.000000	0.000000
1580114763343	1580114763342	1.262	1.627	10.442	0.432	0.297	-0.073	0.000000	0.000000
1580114763363	1580114763362	1.274	2.628	9.621	0.474	0.223	-0.103	0.000000	0.000000
1580114763383	1580114763382	1.393	2.497	8.454	0.321	0.195	-0.063	0.000000	0.000000
1580114763409	1580114763402	1.322	1.423	8.576	0.028	0.248	-0.044	0.000000	0.000000
1580114763430	1580114763429	0.981	0.537	9.779	-0.098	0.196	0.002	0.000000	0.000000
1580114763443	1580114763442	1.238	1.083	9.441	0.088	-0.016	-0.002	0.000000	0.000000
1580114763467	1580114763464	1.549	2.109	7.953	0.255	-0.096	0.009	0.000000	0.000000
1580114763484	1580114763482	1.547	1.816	6.988	0.146	-0.041	0.028	0.000000	0.000000
1580114763503	1580114763501	1.116	1.318	6.904	0.000	0.033	0.056	0.000000	0.000000
1580114763522	1580114763521	0.610	1.172	7.070	-0.163	0.000	0.071	0.000000	0.000000
1580114763542	1580114763542	0.850	0.916	6.387	-0.411	-0.116	0.028	0.000000	0.000000
1580114763563	1580114763561	0.886	0.654	6.210	-0.508	-0.055	0.015	0.000000	0.000000
1580114763582	1580114763581	0.557	0.769	7.002	-0.333	0.053	0.058	0.000000	0.000000
1580114763607	1580114763602	0.586	1.395	7.206	-0.112	0.022	0.066	0.000000	0.000000
1580114763622	1580114763621	0.543	1.972	6.531	-0.102	-0.063	0.114	0.000000	0.000000
1580114763642	1580114763641	0.529	1.811	5.697	-0.350	-0.154	0.180	0.000000	0.000000
1580114763662	1580114763661	0.795	0.817	5.754	-0.531	-0.164	0.176	0.000000	0.000000
1580114763685	1580114763685	0.680	-0.198	6.655	-0.358	-0.060	0.146	0.000000	0.000000
1580114763702	1580114763701	0.684	-0.112	6.782	-0.006	-0.040	0.079	0.000000	0.000000
1580114763721	1580114763721	0.941	1.057	6.269	0.231	-0.070	0.035	0.000000	0.000000
1580114763742	1580114763742	1.008	1.450	6.267	0.088	-0.072	0.023	0.000000	0.000000
1580114763763	1580114763762	1.250	0.846	6.880	-0.151	-0.043	-0.020	0.000000	0.000000
1580114763786	1580114763786	1.403	0.578	7.314	-0.039	0.013	-0.052	0.000000	0.000000
1580114763802	1580114763801	1.511	1.431	7.410	0.212	0.031	-0.098	0.000000	0.000000
1580114763823	1580114763821	1.607	2.355	7.733	0.213	0.015	-0.102	0.000000	0.000000
1580114763842	1580114763841	1.767	2.420	8.083	0.105	0.023	-0.109	0.000000	0.000000
1580114763866	1580114763861	1.554	2.298	8.538	0.164	0.115	-0.106	0.000000	0.000000
1580114763887	1580114763887	1.266	2.547	9.036	0.287	0.169	-0.108	0.000000	0.000000
1580114763901	1580114763901	0.926	2.480	9.420	0.256	0.149	-0.102	0.000000	0.000000
1580114763923	1580114763923	0.751	2.262	9.544	0.174	0.062	-0.087	0.000000	0.000000
1580114763941	1580114763941	0.977	2.645	9.611	0.175	-0.028	-0.076	0.000000	0.000000
1580114763960	1580114763960	1.175	3.208	9.731	0.123	-0.055	-0.037	0.000000	0.000000
1580114763982	1580114763981	1.185	3.002	9.987	-0.035	-0.056	0.016	0.000000	0.000000
1580114764001	1580114764001	1.178	2.173	10.129	-0.161	-0.052	0.051	0.000000	0.000000
1580114764021	1580114764020	1.135	1.431	10.212	-0.114	-0.045	0.061	0.000000	0.000000
1580114764041	1580114764040	1.084	1.210	10.143	0.061	-0.042	0.045	0.000000	0.000000
1580114764061	1580114764061	1.113	1.541	9.836	0.221	-0.044	0.025	0.000000	0.000000
1580114764086	1580114764086	1.151	2.063	9.484	0.289	-0.036	0.003	0.000000	0.000000
1580114764100	1580114764100	1.156	2.401	9.218	0.291	-0.012	-0.013	0.000000	0.000000
1580114764122	1580114764122	1.199	2.578	8.926	0.268	0.018	-0.022	0.000000	0.000000
1580114764141	1580114764140	1.142	2.650	8.775	0.238	0.058	-0.020	0.000000	0.000000
1580114764160	1580114764160	1.077	2.616	8.746	0.190	0.081	-0.013	0.000000	0.000000
1580114764182	1580114764180	1.082	2.547	8.845	0.124	0.088	-0.001	0.000000	0.000000
1580114764208	1580114764208	1.127	2.286	9.022	0.075	0.092	0.002	0.000000	0.000000
1580114764221	1580114764221	1.233	2.109	9.170	0.059	0.097	-0.008	0.000000	0.000000
1580114764240	1580114764240	1.274	2.111	9.290	0.069	0.111	-0.026	0.000000	0.000000
1580114764260	1580114764259	1.345	2.317	9.465	0.097	0.114	-0.048	0.000000	0.000000
1580114764280	1580114764280	1.353	2.420	9.489	0.118	0.110	-0.066	0.000000	0.000000
1580114764301	1580114764301	1.437	2.616	9.338	0.142	0.108	-0.082	0.000000	0.000000
1580114764320	1580114764319	1.377	2.595	9.309	0.127	0.116	-0.087	0.000000	0.000000
1580114764344	1580114764344	1.159	2.461	9.285	0.139	0.115	-0.084	0.000000	0.000000
1580114764359	1580114764359	1.127	2.655	9.139	0.195	0.095	-0.096	0.000000	0.000000
1580114764380	1580114764378	1.044	2.906	8.921	0.228	0.079	-0.091	0.000000	0.000000
1580114764404	1580114764402	0.864	3.002	8.756	0.206	0.065	-0.072	0.000000	0.000000
1580114764421	1580114764421	0.680	2.870	8.600	0.127	0.041	-0.048	0.000000	0.000000
1580114764439	1580114764438	0.517	2.676	8.502	0.052	0.013	-0.030	0.000000	0.000000
1580114764459	1580114764459	0.495	2.638	8.286	0.024	-0.010	-0.027	0.000000	0.000000
1580114764478	1580114764478	0.476	2.806	8.001	0.029	-0.007	-0.021	0.000000	0.000000
1580114764500	1580114764500	0.332	2.937	7.879	-0.005	0.009	0.006	0.000000	0.000000
1580114764519	1580114764518	0.344	2.887	7.894	-0.098	-0.002	0.027	0.000000	0.000000
1580114764540	1580114764540	0.462	2.628	7.819	-0.177	-0.007	0.056	0.000000	0.000000
1580114764559	1580114764559	0.490	2.365	7.620	-0.192	0.010	0.080	0.000000	0.000000
1580114764579	1580114764579	0.529	2.221	7.314	-0.197	0.021	0.087	0.000000	0.000000
1580114764599	1580114764599	0.579	1.982	7.019	-0.254	0.025	0.077	0.000000	0.000000
1580114764622	1580114764622	0.680	1.615	6.909	-0.333	0.027	0.047	0.000000	0.000000
1580114764642	1580114764638	0.830	1.452	6.830	-0.337	0.014	0.023	0.000000	0.000000
1580114764660	1580114764660	0.921	1.605	6.578	-0.289	0.005	0.009	0.000000	0.000000
1580114764680	1580114764678	0.957	1.723	6.442	-0.332	-0.001	0.015	0.000000	0.000000
1580114764702	1580114764702	0.902	1.311	6.492	-0.502	-0.028	0.023	0.000000	0.000000
1580114764720	1580114764719	1.024	0.844	6.583	-0.577	-0.083	0.016	0.000000	0.000000
1580114764740	1580114764740	1.068	0.779	6.792	-0.467	-0.130	0.005	0.000000	0.000000
1580114764759	1580114764758	1.058	1.083	6.945	-0.299	-0.189	0.006	0.000000	0.000000
1580114764778	1580114764778	1.087	1.572	6.967	-0.210	-0.229	0.045	0.000000	0.000000
1580114764798	1580114764798	1.001	1.330	6.964	-0.277	-0.240	0.095	0.000000	0.000000
1580114764822	1580114764822	0.876	0.686	7.036	-0.324	-0.245	0.132	0.000000	0.000000
1580114764838	1580114764838	1.003	0.590	7.024	-0.277	-0.253	0.117	0.000000	0.000000
1580114764860	1580114764860	1.096	1.146	7.120	-0.209	-0.225	0.087	0.000000	0.000000
1580114764878	1580114764877	1.087	1.500	7.582	-0.205	-0.182	0.093	0.000000	0.000000
1580114764898	1580114764897	0.967	1.287	7.922	-0.223	-0.165	0.100	0.000000	0.000000
1580114764921	1580114764921	1.240	1.313	8.080	-0.183	-0.150	0.084	0.000000	0.000000
1580114764943	1580114764938	1.746	1.455	8.526	-0.135	-0.068	0.063	0.000000	0.000000
1580114764958	1580114764958	1.681	1.304	9.194	-0.112	0.029	0.080	0.000000	0.000000
1580114764979	1580114764977	1.499	0.892	9.642	-0.136	0.024	0.088	0.000000	0.000000
1580114764997	1580114764996	1.604	0.516	9.959	-0.168	0.014	0.089	0.000000	0.000000
1580114765017	1580114765017	1.542	0.137	10.097	-0.154	0.065	0.097	0.000000	0.000000
1580114765045	1580114765045	1.324	0.144	9.714	-0.152	0.089	0.098	0.000000	0.000000
1580114765058	1580114765058	1.326	0.496	9.630	-0.262	0.116	0.100	0.000000	0.000000
1580114765080	1580114765080	1.513	0.032	9.930	-0.345	0.194	0.062	0.000000	0.000000
1580114765097	1580114765097	1.530	-0.249	9.599	-0.247	0.303	0.022	0.000000	0.000000
1580114765121	1580114765121	1.183	0.015	9.558	-0.187	0.389	0.011	0.000000	0.000000
1580114765141	1580114765139	1.101	0.357	9.982	-0.281	0.387	-0.019	0.000000	0.000000
1580114765157	1580114765157	1.075	0.525	10.102	-0.375	0.373	-0.039	0.000000	0.000000
1580114765177	1580114765176	0.981	0.688	10.596	-0.370	0.346	0.021	0.000000	0.000000
1580114765196	1580114765196	1.008	0.288	11.142	-0.426	0.288	0.072	0.000000	0.000000
1580114765217	1580114765216	1.046	-0.570	11.048	-0.541	0.196	0.127	0.000000	0.000000
1580114765245	1580114765245	1.060	-0.864	11.111	-0.573	0.123	0.155	0.000000	0.000000
1580114765259	1580114765255	1.070	-1.171	11.628	-0.635	0.049	0.154	0.000000	0.000000
1580114765282	1580114765276	1.020	-1.547	12.222	-0.592	-0.023	0.113	0.000000	0.000000
1580114765296	1580114765296	1.080	-0.927	12.522	-0.405	-0.114	0.104	0.000000	0.000000
1580114765316	1580114765316	1.242	-0.383	12.601	-0.281	-0.162	0.097	0.000000	0.000000
1580114765340	1580114765340	1.429	-0.321	13.018	-0.246	-0.119	0.064	0.000000	0.000000
1580114765361	1580114765360	1.336	-0.792	13.825	-0.182	-0.051	0.022	0.000000	0.000000
1580114765377	1580114765377	1.262	-0.898	14.302	0.030	-0.064	-0.042	0.000000	0.000000
1580114765395	1580114765396	1.192	-0.062	14.290	0.272	-0.086	-0.057	0.000000	0.000000
1580114765417	1580114765415	0.965	0.338	14.323	0.247	-0.085	-0.021	0.000000	0.000000
1580114765435	1580114765435	0.857	0.103	14.788	0.066	-0.089	0.015	0.000000	0.000000
1580114765455	1580114765454	0.969	-0.383	15.061	0.006	-0.117	0.032	0.000000	0.000000
1580114765480	1580114765480	1.175	-0.570	14.910	0.082	-0.167	0.050	0.000000	0.000000
1580114765495	1580114765495	1.384	-0.469	14.745	0.130	-0.213	0.082	0.000000	0.000000
1580114765516	1580114765515	1.669	-0.457	14.687	0.075	-0.233	0.099	0.000000	0.000000
1580114765539	1580114765539	1.980	-0.574	14.759	0.055	-0.206	0.073	0.000000	0.000000
1580114765559	1580114765555	2.122	-0.251	14.486	0.165	-0.150	0.038	0.000000	0.000000
1580114765579	1580114765575	2.071	0.127	14.052	0.234	-0.107	0.018	0.000000	0.000000
1580114765595	1580114765595	1.908	-0.033	13.722	0.187	-0.092	0.030	0.000000	0.000000
1580114765614	1580114765614	1.868	-0.237	13.384	0.201	-0.072	0.048	0.000000	0.000000
1580114765634	1580114765634	1.746	-0.222	12.970	0.312	-0.005	0.063	0.000000	0.000000
1580114765665	1580114765665	1.532	-0.091	12.297	0.402	0.070	0.076	0.000000	0.000000
1580114765677	1580114765677	1.274	0.123	11.880	0.404	0.105	0.112	0.000000	0.000000
1580114765695	1580114765695	1.077	0.082	11.621	0.354	0.120	0.157	0.000000	0.000000
1580114765715	1580114765714	1.219	0.003	11.219	0.314	0.157	0.166	0.000000	0.000000
1580114765734	1580114765734	1.410	-0.076	10.910	0.285	0.225	0.140	0.000000	0.000000
1580114765754	1580114765754	1.446	-0.050	10.960	0.256	0.251	0.121	0.000000	0.000000
1580114765776	1580114765776	1.652	0.036	11.087	0.223	0.219	0.076	0.000000	0.000000
1580114765795	1580114765795	2.062	0.401	10.874	0.261	0.226	0.017	0.000000	0.000000
1580114765813	1580114765813	2.196	0.863	10.560	0.302	0.247	-0.019	0.000000	0.000000
1580114765833	1580114765833	2.009	0.949	10.414	0.278	0.235	-0.016	0.000000	0.000000
1580114765856	1580114765853	1.714	0.496	10.402	0.198	0.174	-0.017	0.000000	0.000000
1580114765877	1580114765877	1.765	0.070	10.198	0.177	0.110	-0.109	0.000000	0.000000
1580114765895	1580114765895	1.643	0.492	10.203	0.298	0.063	-0.155	0.000000	0.000000
1580114765914	1580114765913	1.369	1.287	9.899	0.387	-0.025	-0.173	0.000000	0.000000
1580114765935	1580114765934	1.228	2.109	9.939	0.411	-0.116	-0.151	0.000000	0.000000
1580114765957	1580114765952	1.228	2.176	9.499	0.458	-0.166	-0.137	0.000000	0.000000
1580114765986	1580114765986	1.089	1.402	8.334	0.478	-0.142	-0.156	0.000000	0.000000
1580114765994	1580114765992	0.871	0.973	7.889	0.471	-0.136	-0.103	0.000000	0.000000
1580114766013	1580114766012	0.826	0.920	7.791	0.435	-0.160	-0.093	0.000000	0.000000
1580114766032	1580114766031	0.732	0.714	7.527	0.432	-0.107	-0.121	0.000000	0.000000
1580114766052	1580114766052	0.727	0.599	7.213	0.515	-0.020	-0.149	0.000000	0.000000
1580114766073	1580114766074	0.553	0.714	7.244	0.596	0.067	-0.163	0.000000	0.000000
1580114766096	1580114766096	0.404	1.078	7.431	0.607	0.091	-0.164	0.000000	0.000000
1580114766112	1580114766112	0.521	1.507	7.369	0.564	0.056	-0.162	0.000000	0.000000
1580114766132	1580114766131	0.651	1.790	6.938	0.521	0.043	-0.149	0.000000	0.000000
1580114766152	1580114766151	0.612	1.641	6.497	0.421	0.039	-0.124	0.000000	0.000000
1580114766175	1580114766175	0.500	1.088	6.190	0.232	0.018	-0.109	0.000000	0.000000
1580114766192	1580114766191	0.603	0.808	5.802	0.031	-0.008	-0.110	0.000000	0.000000
1580114766211	1580114766211	0.814	0.678	5.496	-0.153	-0.003	-0.146	0.000000	0.000000
1580114766231	1580114766230	0.864	0.547	5.354	-0.262	0.070	-0.178	0.000000	0.000000
1580114766251	1580114766250	0.845	0.530	5.580	-0.309	0.105	-0.205	0.000000	0.000000
1580114766274	1580114766272	0.593	0.463	6.269	-0.204	0.048	-0.174	0.000000	0.000000
1580114766295	1580114766293	0.596	0.892	6.969	0.090	-0.044	-0.184	0.000000	0.000000
1580114766312	1580114766311	0.651	1.886	7.139	0.276	-0.073	-0.210	0.000000	0.000000
1580114766331	1580114766330	0.462	2.384	7.048	0.310	-0.105	-0.198	0.000000	0.000000
1580114766352	1580114766350	0.572	2.885	7.177	0.377	-0.215	-0.157	0.000000	0.000000
1580114766371	1580114766371	0.557	3.227	7.280	0.377	-0.294	-0.126	0.000000	0.000000
1580114766392	1580114766392	0.335	3.287	7.304	0.338	-0.287	-0.123	0.000000	0.000000
1580114766411	1580114766410	0.440	3.639	7.434	0.370	-0.295	-0.112	0.000000	0.000000
1580114766434	1580114766434	0.577	4.092	7.721	0.339	-0.307	-0.061	0.000000	0.000000
1580114766450	1580114766450	0.598	4.001	8.068	0.137	-0.271	-0.007	0.000000	0.000000
1580114766471	1580114766469	0.713	3.450	8.423	-0.092	-0.208	0.003	0.000000	0.000000
1580114766491	1580114766491	0.967	3.127	8.818	-0.129	-0.140	-0.011	0.000000	0.000000
1580114766511	1580114766510	1.283	3.261	9.185	-0.082	-0.066	-0.047	0.000000	0.000000
1580114766530	1580114766529	1.446	3.383	9.496	-0.088	0.011	-0.098	0.000000	0.000000
1580114766551	1580114766550	1.472	3.472	9.820	-0.026	0.061	-0.139	0.000000	0.000000
1580114766571	1580114766569	1.281	3.752	9.908	0.079	0.082	-0.129	0.000000	0.000000
1580114766591	1580114766591	1.027	3.591	9.752	0.049	0.084	-0.116	0.000000	0.000000
1580114766611	1580114766611	0.924	2.789	9.673	-0.050	0.083	-0.109	0.000000	0.000000
1580114766631	1580114766631	0.840	2.140	9.621	0.010	0.091	-0.103	0.000000	0.000000
1580114766650	1580114766649	0.730	2.243	9.494	0.176	0.094	-0.102	0.000000	0.000000
1580114766670	1580114766669	0.763	2.698	9.202	0.244	0.077	-0.116	0.000000	0.000000
1580114766690	1580114766690	0.864	3.002	8.976	0.225	0.059	-0.114	0.000000	0.000000
1580114766710	1580114766710	0.790	3.222	8.969	0.231	0.055	-0.082	0.000000	0.000000
1580114766731	1580114766731	0.730	3.349	9.000	0.198	0.037	-0.058	0.000000	0.000000
1580114766750	1580114766748	0.744	3.357	8.916	0.151	-0.004	-0.035	0.000000	0.000000
1580114766768	1580114766768	0.802	3.484	8.821	0.140	-0.024	-0.016	0.000000	0.000000
1580114766789	1580114766788	0.886	3.460	8.763	0.075	-0.033	-0.007	0.000000	0.000000
1580114766810	1580114766811	1.017	3.206	8.787	-0.001	-0.041	-0.005	0.000000	0.000000
1580114766829	1580114766828	1.063	3.045	8.825	-0.009	-0.022	-0.013	0.000000	0.000000
1580114766849	1580114766848	1.029	2.957	8.837	0.023	0.006	-0.019	0.000000	0.000000
1580114766869	1580114766868	0.921	2.916	8.936	0.058	0.032	-0.015	0.000000	0.000000
1580114766888	1580114766888	0.936	3.045	8.998	0.099	0.051	-0.013	0.000000	0.000000
1580114766918	1580114766917	0.953	3.244	9.053	0.125	0.090	-0.014	0.000000	0.000000
1580114766932	1580114766928	0.840	3.388	9.125	0.150	0.120	-0.007	0.000000	0.000000
1580114766948	1580114766948	0.703	3.587	9.079	0.167	0.129	0.007	0.000000	0.000000
1580114766968	1580114766968	0.692	3.814	8.893	0.163	0.114	0.018	0.000000	0.000000
1580114766987	1580114766987	0.720	3.936	8.612	0.127	0.103	0.033	0.000000	0.000000
1580114767009	1580114767009	0.682	3.903	8.406	0.081	0.095	0.059	0.000000	0.000000
1580114767032	1580114767032	0.680	3.776	8.354	0.040	0.083	0.081	0.000000	0.000000
1580114767054	1580114767047	0.727	3.591	8.246	0.001	0.075	0.089	0.000000	0.000000
1580114767067	1580114767067	0.768	3.469	8.028	-0.024	0.091	0.085	0.000000	0.000000
1580114767088	1580114767087	0.826	3.510	8.004	-0.031	0.127	0.079	0.000000	0.000000
1580114767107	1580114767107	0.723	3.479	8.188	-0.045	0.174	0.078	0.000000	0.000000
1580114767133	1580114767133	0.502	3.337	8.385	-0.050	0.202	0.084	0.000000	0.000000
1580114767147	1580114767147	0.483	3.385	8.536	-0.025	0.205	0.079	0.000000	0.000000
1580114767167	1580114767167	0.462	3.412	8.651	0.008	0.188	0.091	0.000000	0.000000
1580114767188	1580114767186	0.390	3.414	8.576	0.047	0.156	0.109	0.000000	0.000000
1580114767210	1580114767209	0.454	3.529	8.310	0.065	0.114	0.109	0.000000	0.000000
1580114767230	1580114767226	0.622	3.606	8.073	0.052	0.106	0.104	0.000000	0.000000
1580114767247	1580114767246	0.629	3.637	8.021	0.027	0.111	0.083	0.000000	0.000000
1580114767267	1580114767266	0.514	3.457	8.045	-0.013	0.123	0.058	0.000000	0.000000
1580114767286	1580114767286	0.416	3.067	7.985	-0.086	0.113	0.023	0.000000	0.000000
1580114767306	1580114767306	0.404	2.657	7.877	-0.183	0.109	0.000	0.000000	0.000000
1580114767335	1580114767332	0.452	2.295	7.793	-0.229	0.102	-0.004	0.000000	0.000000
1580114767347	1580114767346	0.500	2.001	7.553	-0.244	0.084	0.005	0.000000	0.000000
1580114767367	1580114767365	0.488	1.788	7.371	-0.281	0.066	0.028	0.000000	0.000000
1580114767386	1580114767386	0.363	1.565	7.225	-0.296	0.044	0.051	0.000000	0.000000
1580114767407	1580114767406	0.296	1.720	6.899	-0.225	0.021	0.061	0.000000	0.000000
1580114767428	1580114767428	0.268	2.250	6.741	-0.187	-0.016	0.084	0.000000	0.000000
1580114767451	1580114767450	0.332	2.235	6.631	-0.313	-0.072	0.105	0.000000	0.000000
1580114767467	1580114767465	0.596	1.740	6.502	-0.493	-0.137	0.121	0.000000	0.000000
1580114767486	1580114767485	0.651	1.268	6.531	-0.576	-0.160	0.158	0.000000	0.000000
1580114767506	1580114767505	0.562	0.820	6.581	-0.572	-0.184	0.167	0.000000	0.000000
1580114767531	1580114767525	0.565	0.683	6.598	-0.493	-0.178	0.132	0.000000	0.000000
1580114767546	1580114767545	0.692	0.839	6.715	-0.422	-0.145	0.117	0.000000	0.000000
1580114767568	1580114767568	0.773	0.865	7.153	-0.431	-0.131	0.120	0.000000	0.000000
1580114767586	1580114767585	0.775	0.638	7.515	-0.472	-0.154	0.125	0.000000	0.000000
1580114767606	1580114767604	0.943	0.384	7.594	-0.454	-0.178	0.111	0.000000	0.000000
1580114767626	1580114767626	1.056	0.547	7.824	-0.385	-0.164	0.104	0.000000	0.000000
1580114767647	1580114767647	1.001	0.935	8.342	-0.373	-0.155	0.138	0.000000	0.000000
1580114767666	1580114767665	1.022	1.146	8.624	-0.440	-0.216	0.160	0.000000	0.000000
1580114767685	1580114767684	1.254	1.275	8.718	-0.527	-0.265	0.148	0.000000	0.000000
1580114767707	1580114767706	1.355	1.098	9.158	-0.540	-0.241	0.146	0.000000	0.000000
1580114767725	1580114767724	1.305	1.007	9.477	-0.450	-0.215	0.131	0.000000	0.000000
1580114767747	1580114767747	1.353	1.268	9.628	-0.394	-0.217	0.103	0.000000	0.000000
1580114767765	1580114767764	1.528	1.193	9.764	-0.469	-0.216	0.075	0.000000	0.000000
1580114767790	1580114767790	1.523	0.781	9.918	-0.561	-0.190	0.077	0.000000	0.000000
1580114767805	1580114767804	1.391	0.331	10.371	-0.592	-0.167	0.087	0.000000	0.000000
1580114767824	1580114767824	1.451	0.096	10.761	-0.573	-0.172	0.073	0.000000	0.000000
1580114767850	1580114767845	1.700	0.154	10.874	-0.538	-0.183	0.045	0.000000	0.000000
1580114767866	1580114767865	1.808	0.314	10.945	-0.471	-0.157	0.042	0.000000	0.000000
1580114767884	1580114767884	1.760	0.396	10.950	-0.420	-0.124	0.051	0.000000	0.000000
1580114767904	1580114767903	1.729	0.305	10.967	-0.403	-0.103	0.058	0.000000	0.000000
1580114767924	1580114767923	1.714	0.350	10.905	-0.340	-0.071	0.072	0.000000	0.000000
1580114767946	1580114767946	1.726	0.422	10.677	-0.286	-0.026	0.064	0.000000	0.000000
1580114767966	1580114767963	1.556	0.305	10.699	-0.267	0.035	0.071	0.000000	0.000000
1580114767984	1580114767984	1.391	0.144	10.816	-0.268	0.059	0.077	0.000000	0.000000
1580114768004	1580114768003	1.355	0.092	10.931	-0.331	0.053	0.080	0.000000	0.000000
1580114768025	1580114768023	1.501	-0.026	10.749	-0.353	0.032	0.095	0.000000	0.000000
1580114768045	1580114768044	1.609	-0.023	10.644	-0.333	0.043	0.122	0.000000	0.000000
1580114768066	1580114768066	1.523	-0.352	11.010	-0.342	0.080	0.142	0.000000	0.000000
1580114768089	1580114768084	1.655	-0.833	11.494	-0.364	0.081	0.133	0.000000	0.000000
1580114768103	1580114768103	1.762	-1.063	11.913	-0.330	0.072	0.114	0.000000	0.000000
1580114768124	1580114768124	1.693	-0.946	12.359	-0.243	0.070	0.093	0.000000	0.000000
1580114768148	1580114768148	1.676	-0.778	12.771	-0.202	0.054	0.079	0.000000	0.000000
1580114768163	1580114768162	1.750	-0.627	13.252	-0.185	0.046	0.078	0.000000	0.000000
1580114768183	1580114768183	1.920	-0.620	13.695	-0.132	0.044	0.048	0.000000	0.000000
1580114768202	1580114768202	1.913	-0.479	14.031	0.016	0.044	0.024	0.000000	0.000000
1580114768222	1580114768221	1.959	0.077	14.131	0.197	0.013	0.013	0.000000	0.000000
1580114768242	1580114768242	2.028	0.451	14.084	0.285	-0.014	0.023	0.000000	0.000000
1580114768267	1580114768266	2.150	0.611	13.949	0.157	-0.001	0.063	0.000000	0.000000
1580114768290	1580114768282	2.213	-0.435	13.901	-0.102	0.010	0.094	0.000000	0.000000
1580114768303	1580114768302	2.445	-1.478	13.846	-0.120	0.037	0.083	0.000000	0.000000
1580114768323	1580114768322	2.373	-1.525	13.976	-0.009	0.086	0.074	0.000000	0.000000
1580114768343	1580114768342	2.335	-1.214	14.040	0.024	0.093	0.021	0.000000	0.000000
1580114768364	1580114768364	2.359	-0.670	14.081	0.100	0.093	-0.031	0.000000	0.000000
1580114768386	1580114768386	2.088	-0.150	14.062	0.224	0.114	-0.063	0.000000	0.000000
1580114768403	1580114768404	1.908	0.331	13.873	0.312	0.120	-0.082	0.000000	0.000000
1580114768422	1580114768422	1.765	0.607	13.626	0.301	0.106	-0.067	0.000000	0.000000
1580114768443	1580114768443	1.511	0.137	13.166	0.179	0.087	-0.044	0.000000	0.000000
1580114768464	1580114768463	1.506	-0.443	12.773	0.132	0.074	-0.037	0.000000	0.000000
1580114768487	1580114768487	1.602	-0.505	12.280	0.229	0.088	-0.047	0.000000	0.000000
1580114768501	1580114768501	1.777	0.022	11.758	0.337	0.113	-0.064	0.000000	0.000000
1580114768522	1580114768522	1.719	0.173	11.360	0.330	0.116	-0.061	0.000000	0.000000
1580114768542	1580114768541	1.683	-0.098	11.139	0.269	0.113	-0.043	0.000000	0.000000
1580114768561	1580114768561	1.803	-0.632	11.180	0.247	0.100	-0.042	0.000000	0.000000
1580114768583	1580114768582	1.614	-1.082	11.116	0.368	0.104	-0.049	0.000000	0.000000
1580114768602	1580114768601	1.408	-0.584	10.715	0.539	0.104	-0.056	0.000000	0.000000
1580114768621	1580114768620	1.276	0.017	10.105	0.567	0.075	-0.065	0.000000	0.000000
1580114768641	1580114768640	1.125	0.113	9.511	0.473	0.060	-0.052	0.000000	0.000000
1580114768662	1580114768660	1.116	0.010	9.429	0.336	0.068	-0.040	0.000000	0.000000
1580114768687	1580114768687	0.945	-0.107	10.035	0.151	0.008	-0.003	0.000000	0.000000
1580114768701	1580114768700	1.084	0.072	9.994	0.151	-0.169	0.025	0.000000	0.000000
1580114768723	1580114768720	1.437	0.992	9.249	0.292	-0.311	0.060	0.000000	0.000000
1580114768741	1580114768740	1.717	1.205	8.188	0.220	-0.402	0.116	0.000000	0.000000
1580114768761	1580114768760	2.122	0.159	7.101	0.010	-0.359	0.068	0.000000	0.000000
1580114768782	1580114768782	1.896	-0.718	7.038	0.032	-0.148	0.002	0.000000	0.000000
1580114768807	1580114768805	1.274	-0.340	7.541	0.232	-0.059	-0.049	0.000000	0.000000
1580114768821	1580114768820	0.986	0.906	7.321	0.417	-0.098	-0.106	0.000000	0.000000
1580114768840	1580114768839	1.084	1.462	6.444	0.360	-0.056	-0.139	0.000000	0.000000
1580114768860	1580114768859	0.888	1.062	6.109	0.111	0.056	-0.133	0.000000	0.000000
1580114768885	1580114768880	0.435	0.587	6.885	-0.083	0.102	-0.072	0.000000	0.000000
1580114768900	1580114768900	0.339	0.554	7.906	-0.116	0.028	-0.021	0.000000	0.000000
1580114768922	1580114768922	0.512	0.971	7.874	0.001	-0.022	-0.014	0.000000	0.000000
1580114768940	1580114768939	0.663	1.392	7.252	0.113	-0.010	0.000	0.000000	0.000000
1580114768962	1580114768959	0.440	1.577	7.352	0.050	-0.010	0.041	0.000000	0.000000
1580114768984	1580114768984	0.339	1.517	8.001	-0.115	-0.089	0.098	0.000000	0.000000
1580114769006	1580114769006	0.653	1.186	8.210	-0.144	-0.155	0.074	0.000000	0.000000
1580114769021	1580114769020	0.941	0.952	7.616	0.032	-0.117	0.030	0.000000	0.000000
1580114769039	1580114769038	1.036	1.023	7.204	0.165	-0.037	0.000	0.000000	0.000000
1580114769060	1580114769059	0.876	0.947	7.424	0.108	-0.045	-0.010	0.000000	0.000000
1580114769079	1580114769079	0.854	0.501	7.719	0.086	-0.069	-0.035	0.000000	0.000000
1580114769100	1580114769100	1.104	0.563	7.628	0.280	-0.029	-0.087	0.000000	0.000000
1580114769118	1580114769118	0.998	1.392	7.484	0.536	0.067	-0.122	0.000000	0.000000
1580114769143	1580114769143	0.739	2.132	7.541	0.620	0.102	-0.136	0.000000	0.000000
1580114769158	1580114769158	0.783	2.243	7.632	0.547	0.074	-0.139	0.000000	0.000000
1580114769179	1580114769178	0.792	2.017	7.673	0.503	0.082	-0.149	0.000000	0.000000
1580114769204	1580114769199	0.756	2.164	7.700	0.553	0.120	-0.177	0.000000	0.000000
1580114769222	1580114769219	0.902	2.691	7.791	0.588	0.135	-0.205	0.000000	0.000000
1580114769239	1580114769237	0.883	3.024	7.973	0.536	0.133	-0.203	0.000000	0.000000
1580114769258	1580114769257	0.771	3.112	8.150	0.450	0.121	-0.191	0.000000	0.000000
1580114769278	1580114769278	0.778	3.210	8.241	0.381	0.109	-0.183	0.000000	0.000000
1580114769299	1580114769299	0.732	3.206	8.442	0.322	0.108	-0.161	0.000000	0.000000
1580114769319	1580114769318	0.665	2.988	8.756	0.252	0.084	-0.117	0.000000	0.000000
1580114769344	1580114769337	0.663	2.753	8.871	0.206	0.030	-0.055	0.000000	0.000000
1580114769358	1580114769357	0.862	2.734	8.825	0.157	-0.037	-0.016	0.000000	0.000000
1580114769378	1580114769377	1.211	2.897	8.859	0.084	-0.078	0.001	0.000000	0.000000
1580114769401	1580114769401	1.506	2.892	8.890	0.013	-0.101	0.002	0.000000	0.000000
1580114769426	1580114769426	1.746	2.813	8.816	-0.039	-0.102	-0.014	0.000000	0.000000
1580114769445	1580114769443	1.884	2.530	8.883	-0.082	-0.076	-0.042	0.000000	0.000000
1580114769458	1580114769456	1.774	2.092	8.976	-0.052	-0.035	-0.074	0.000000	0.000000
1580114769478	1580114769477	1.489	2.092	8.979	0.065	0.010	-0.104	0.000000	0.000000
1580114769501	1580114769501	1.314	2.528	8.993	0.138	0.041	-0.136	0.000000	0.000000
1580114769517	1580114769517	1.247	2.868	8.981	0.137	0.066	-0.165	0.000000	0.000000
1580114769538	1580114769538	1.024	3.072	8.974	0.155	0.113	-0.159	0.000000	0.000000
1580114769556	1580114769556	0.814	3.266	8.996	0.159	0.137	-0.142	0.000000	0.000000
1580114769577	1580114769576	0.682	3.198	9.039	0.091	0.129	-0.107	0.000000	0.000000
1580114769597	1580114769596	0.627	2.995	9.113	0.012	0.104	-0.066	0.000000	0.000000
1580114769619	1580114769619	0.706	2.849	9.276	-0.029	0.072	-0.028	0.000000	0.000000
1580114769637	1580114769636	0.814	2.767	9.321	-0.051	0.038	-0.008	0.000000	0.000000
1580114769658	1580114769656	0.962	2.743	9.307	-0.071	0.010	0.000	0.000000	0.000000
1580114769676	1580114769676	1.163	2.751	9.297	-0.070	-0.006	-0.006	0.000000	0.000000
1580114769698	1580114769697	1.231	2.700	9.245	-0.053	-0.001	-0.018	0.000000	0.000000
1580114769718	1580114769716	1.295	2.650	9.214	-0.033	0.005	-0.037	0.000000	0.000000
1580114769739	1580114769738	1.357	2.655	9.204	0.007	0.021	-0.061	0.000000	0.000000
1580114769757	1580114769756	1.259	2.688	9.185	0.058	0.057	-0.082	0.000000	0.000000
1580114769776	1580114769775	1.068	2.731	9.187	0.081	0.075	-0.095	0.000000	0.000000
1580114769796	1580114769796	0.986	2.715	9.154	0.069	0.066	-0.100	0.000000	0.000000
1580114769820	1580114769820	0.972	2.669	9.163	0.041	0.055	-0.090	0.000000	0.000000
1580114769843	1580114769836	0.890	2.619	9.209	0.025	0.046	-0.072	0.000000	0.000000
1580114769855	1580114769854	0.828	2.657	9.180	0.040	0.039	-0.063	0.000000	0.000000
1580114769876	1580114769874	0.816	2.784	9.027	0.059	0.031	-0.055	0.000000	0.000000
1580114769895	1580114769895	0.732	2.877	8.837	0.055	0.024	-0.047	0.000000	0.000000
1580114769916	1580114769915	0.696	2.945	8.504	0.034	0.020	-0.040	0.000000	0.000000
1580114769938	1580114769938	0.699	3.004	8.217	0.001	0.025	-0.041	0.000000	0.000000
1580114769956	1580114769955	0.603	2.980	8.035	-0.048	0.031	-0.024	0.000000	0.000000
1580114769975	1580114769975	0.629	2.889	7.838	-0.136	0.021	-0.019	0.000000	0.000000
1580114769995	1580114769994	0.620	2.568	7.704	-0.241	0.002	-0.021	0.000000	0.000000
1580114770015	1580114770014	0.543	2.262	7.585	-0.271	-0.018	-0.020	0.000000	0.000000
1580114770037	1580114770037	0.497	2.281	7.613	-0.265	-0.050	-0.025	0.000000	0.000000
1580114770055	1580114770055	0.519	2.216	7.640	-0.282	-0.092	-0.033	0.000000	0.000000
1580114770075	1580114770074	0.557	2.204	7.577	-0.283	-0.126	-0.035	0.000000	0.000000
1580114770095	1580114770094	0.577	2.418	7.587	-0.253	-0.148	-0.024	0.000000	0.000000
1580114770115	1580114770114	0.632	2.592	7.697	-0.267	-0.154	0.008	0.000000	0.000000
1580114770135	1580114770135	0.610	2.401	7.853	-0.345	-0.135	0.089	0.000000	0.000000
1580114770161	1580114770155	0.402	1.795	7.980	-0.407	-0.119	0.171	0.000000	0.000000
1580114770177	1580114770175	0.349	1.277	7.934	-0.402	-0.131	0.227	0.000000	0.000000
1580114770194	1580114770194	0.418	1.040	7.762	-0.365	-0.129	0.243	0.000000	0.000000
1580114770214	1580114770214	0.490	1.014	7.585	-0.334	-0.091	0.220	0.000000	0.000000
1580114770237	1580114770233	0.581	1.078	7.338	-0.327	-0.056	0.164	0.000000	0.000000
1580114770256	1580114770256	0.706	1.323	7.189	-0.347	-0.031	0.114	0.000000	0.000000
1580114770276	1580114770273	0.967	1.419	7.146	-0.412	-0.014	0.080	0.000000	0.000000
1580114770300	1580114770294	1.082	1.167	7.204	-0.529	0.001	0.077	0.000000	0.000000
1580114770314	1580114770313	1.161	0.851	7.371	-0.607	-0.022	0.082	0.000000	0.000000
1580114770333	1580114770333	1.391	0.453	7.632	-0.575	-0.074	0.062	0.000000	0.000000
1580114770359	1580114770358	1.597	-0.162	7.618	-0.407	-0.120	0.022	0.000000	0.000000
1580114770376	1580114770374	1.633	-0.198	7.661	-0.235	-0.109	-0.004	0.000000	0.000000
1580114770394	1580114770393	1.587	-0.229	7.771	-0.183	-0.091	-0.039	0.000000	0.000000
1580114770413	1580114770412	1.556	-0.172	7.860	-0.063	-0.076	-0.105	0.000000	0.000000
1580114770433	1580114770432	1.396	0.602	7.817	0.148	-0.014	-0.142	0.000000	0.000000
1580114770454	1580114770454	1.187	1.258	8.035	0.167	0.051	-0.156	0.000000	0.000000
1580114770475	1580114770473	1.029	1.299	8.447	0.063	0.072	-0.161	0.000000	0.000000
1580114770494	1580114770493	1.032	1.411	8.888	0.033	0.054	-0.146	0.000000	0.000000
1580114770514	1580114770512	1.116	1.397	9.015	0.009	0.029	-0.146	0.000000	0.000000
1580114770533	1580114770533	1.096	1.246	9.305	-0.026	0.041	-0.130	0.000000	0.000000
1580114770553	1580114770553	0.972	1.272	9.812	-0.083	0.026	-0.110	0.000000	0.000000
1580114770579	1580114770576	0.919	1.055	9.956	-0.225	-0.060	-0.076	0.000000	0.000000
1580114770594	1580114770594	1.190	0.527	9.982	-0.435	-0.176	-0.033	0.000000	0.000000
1580114770613	1580114770612	1.362	-0.069	10.387	-0.593	-0.245	0.002	0.000000	0.000000
1580114770633	1580114770633	1.511	-0.182	10.538	-0.592	-0.293	0.022	0.000000	0.000000
1580114770656	1580114770656	1.731	0.269	10.517	-0.527	-0.303	0.039	0.000000	0.000000
1580114770676	1580114770676	1.822	0.549	10.933	-0.549	-0.265	0.090	0.000000	0.000000
1580114770693	1580114770694	1.781	0.197	11.460	-0.594	-0.231	0.144	0.000000	0.000000
1580114770713	1580114770713	1.827	-0.287	11.307	-0.570	-0.217	0.161	0.000000	0.000000
1580114770732	1580114770733	1.961	-0.450	11.185	-0.538	-0.168	0.170	0.000000	0.000000
1580114770754	1580114770752	1.973	-0.596	11.377	-0.521	-0.074	0.158	0.000000	0.000000
1580114770778	1580114770776	1.908	-0.457	11.532	-0.407	0.013	0.138	0.000000	0.000000
1580114770795	1580114770792	1.952	-0.019	11.393	-0.271	0.054	0.103	0.000000	0.000000
1580114770812	1580114770812	2.035	0.020	11.106	-0.221	0.083	0.067	0.000000	0.000000
1580114770832	1580114770831	2.098	0.020	10.977	-0.154	0.121	0.049	0.000000	0.000000
1580114770852	1580114770851	2.040	0.139	11.101	-0.062	0.156	0.046	0.000000	0.000000
1580114770873	1580114770873	1.769	0.118	11.216	-0.015	0.166	0.063	0.000000	0.000000
1580114770895	1580114770893	1.633	-0.129	11.113	-0.036	0.132	0.079	0.000000	0.000000
1580114770913	1580114770913	1.734	-0.258	11.216	-0.085	0.093	0.063	0.000000	0.000000
1580114770931	1580114770931	1.714	-0.316	11.741	-0.141	0.072	0.063	0.000000	0.000000
1580114770952	1580114770952	1.674	-0.368	12.239	-0.181	0.025	0.079	0.000000	0.000000
1580114770978	1580114770978	1.853	-0.553	12.606	-0.229	-0.033	0.079	0.000000	0.000000
1580114770998	1580114770998	2.040	-0.819	12.982	-0.221	-0.051	0.062	0.000000	0.000000
1580114771015	1580114771015	2.258	-0.598	13.576	-0.173	-0.051	0.033	0.000000	0.000000
1580114771030	1580114771029	2.162	-0.550	14.170	-0.111	-0.052	0.016	0.000000	0.000000
1580114771051	1580114771049	2.114	-0.052	14.402	0.039	-0.067	0.048	0.000000	0.000000
1580114771075	1580114771069	2.462	0.530	14.534	0.057	-0.076	0.088	0.000000	0.000000
1580114771096	1580114771096	2.526	0.099	14.670	-0.083	-0.040	0.136	0.000000	0.000000
1580114771113	1580114771113	2.423	-0.682	14.769	-0.106	0.005	0.160	0.000000	0.000000
1580114771131	1580114771131	2.400	-0.871	14.613	0.037	0.048	0.125	0.000000	0.000000
1580114771151	1580114771150	2.443	-0.371	14.426	0.187	0.095	0.068	0.000000	0.000000
1580114771172	1580114771170	2.222	-0.083	14.127	0.293	0.152	0.025	0.000000	0.000000
1580114771198	1580114771198	1.932	-0.045	13.755	0.361	0.182	0.001	0.000000	0.000000
1580114771211	1580114771211	1.863	0.051	13.293	0.371	0.166	-0.008	0.000000	0.000000
1580114771237	1580114771237	1.846	-0.234	12.807	0.345	0.144	-0.026	0.000000	0.000000
1580114771251	1580114771251	1.872	-0.479	12.275	0.363	0.141	-0.043	0.000000	0.000000
1580114771270	1580114771270	1.889	-0.541	11.784	0.393	0.137	-0.060	0.000000	0.000000
1580114771291	1580114771290	1.705	-0.519	11.312	0.421	0.139	-0.080	0.000000	0.000000
1580114771312	1580114771312	1.508	-0.277	10.715	0.427	0.103	-0.091	0.000000	0.000000
1580114771335	1580114771330	1.456	-0.069	10.220	0.374	0.060	-0.096	0.000000	0.000000
1580114771350	1580114771350	1.556	-0.150	9.851	0.261	0.032	-0.100	0.000000	0.000000
1580114771371	1580114771370	1.760	-0.359	9.436	0.196	0.056	-0.136	0.000000	0.000000
1580114771390	1580114771390	1.707	-0.356	8.948	0.197	0.121	-0.181	0.000000	0.000000
1580114771413	1580114771413	1.422	-0.376	8.708	0.203	0.173	-0.214	0.000000	0.000000
1580114771430	1580114771430	0.945	-0.481	8.871	0.217	0.179	-0.216	0.000000	0.000000
1580114771451	1580114771451	0.560	-0.361	8.703	0.273	0.135	-0.208	0.000000	0.000000
1580114771470	1580114771469	0.557	0.180	7.958	0.280	0.059	-0.189	0.000000	0.000000
1580114771489	1580114771488	0.658	0.398	7.467	0.103	-0.019	-0.157	0.000000	0.000000
1580114771512	1580114771508	0.610	0.012	7.750	-0.168	-0.074	-0.114	0.000000	0.000000
1580114771532	1580114771531	0.541	-0.117	8.322	-0.270	-0.094	-0.088	0.000000	0.000000
1580114771549	1580114771548	0.680	0.063	8.100	-0.146	-0.151	-0.082	0.000000	0.000000
1580114771568	1580114771568	0.936	0.631	7.683	-0.017	-0.211	-0.058	0.000000	0.000000
1580114771589	1580114771587	1.214	0.446	7.779	-0.130	-0.229	-0.018	0.000000	0.000000
1580114771610	1580114771610	1.269	-0.189	8.028	-0.190	-0.124	-0.052	0.000000	0.000000
1580114771630	1580114771630	1.101	-0.004	7.997	0.013	0.016	-0.107	0.000000	0.000000
1580114771648	1580114771647	0.838	0.688	7.853	0.097	0.051	-0.139	0.000000	0.000000
1580114771668	1580114771667	0.514	0.825	7.841	-0.114	-0.033	-0.095	0.000000	0.000000
1580114771688	1580114771688	0.792	0.614	7.810	-0.271	-0.086	-0.096	0.000000	0.000000
1580114771709	1580114771708	1.089	0.595	8.011	-0.174	0.020	-0.091	0.000000	0.000000
1580114771731	1580114771727	0.833	0.829	8.469	-0.082	0.102	-0.051	0.000000	0.000000
1580114771748	1580114771747	0.912	1.141	8.488	-0.124	-0.001	-0.027	0.000000	0.000000
1580114771768	1580114771767	1.135	1.320	8.253	-0.195	-0.084	0.009	0.000000	0.000000
1580114771787	1580114771787	1.029	0.932	8.229	-0.201	-0.035	0.007	0.000000	0.000000
1580114771809	1580114771807	0.900	0.726	8.401	-0.113	0.065	-0.014	0.000000	0.000000
1580114771830	1580114771827	0.699	1.114	8.720	-0.049	0.068	0.009	0.000000	0.000000
1580114771847	1580114771847	0.761	1.601	8.818	-0.114	-0.055	0.080	0.000000	0.000000
1580114771868	1580114771866	1.235	1.280	8.722	-0.300	-0.178	0.122	0.000000	0.000000
1580114771886	1580114771886	1.374	0.633	8.866	-0.247	-0.132	0.116	0.000000	0.000000
1580114771910	1580114771910	1.254	0.858	8.936	-0.034	-0.045	0.118	0.000000	0.000000
1580114771938	1580114771932	1.259	1.304	8.907	0.034	-0.044	0.104	0.000000	0.000000
1580114771947	1580114771946	1.111	0.995	8.658	-0.050	-0.047	0.100	0.000000	0.000000
1580114771966	1580114771966	1.075	0.415	8.624	-0.078	-0.018	0.075	0.000000	0.000000
1580114771987	1580114771986	1.111	0.472	8.912	0.129	0.040	0.047	0.000000	0.000000
1580114772006	1580114772006	1.144	0.973	8.821	0.331	0.071	0.033	0.000000	0.000000
1580114772028	1580114772028	0.960	0.942	8.480	0.339	0.070	0.030	0.000000	0.000000
1580114772050	1580114772046	0.895	0.477	8.389	0.279	0.044	0.036	0.000000	0.000000
1580114772067	1580114772066	0.842	0.149	8.452	0.360	0.043	0.032	0.000000	0.000000
1580114772086	1580114772085	0.792	0.676	8.373	0.517	0.038	0.035	0.000000	0.000000
1580114772106	1580114772106	0.965	1.337	8.234	0.517	0.005	0.034	0.000000	0.000000
1580114772130	1580114772126	0.972	1.299	8.270	0.391	-0.005	0.058	0.000000	0.000000
1580114772146	1580114772146	0.957	0.932	8.411	0.314	-0.001	0.071	0.000000	0.000000
1580114772168	1580114772168	1.147	0.990	8.696	0.347	0.022	0.059	0.000000	0.000000
1580114772186	1580114772185	1.257	1.390	9.034	0.374	0.048	0.045	0.000000	0.000000
1580114772205	1580114772205	1.211	1.639	9.142	0.335	0.043	0.035	0.000000	0.000000
1580114772227	1580114772227	1.216	1.924	9.079	0.274	0.021	0.034	0.000000	0.000000
1580114772249	1580114772249	1.238	1.895	9.022	0.166	0.016	0.047	0.000000	0.000000
1580114772267	1580114772265	1.209	1.479	9.151	0.044	0.025	0.075	0.000000	0.000000
1580114772285	1580114772285	1.178	1.148	9.376	-0.012	0.017	0.098	0.000000	0.000000
1580114772306	1580114772305	1.161	0.985	9.578	-0.013	-0.009	0.112	0.000000	0.000000
1580114772326	1580114772326	1.288	0.973	9.649	0.002	-0.037	0.105	0.000000	0.000000
1580114772347	1580114772347	1.446	0.901	9.678	0.021	-0.037	0.084	0.000000	0.000000
1580114772366	1580114772365	1.494	0.872	9.582	0.082	-0.001	0.058	0.000000	0.000000
1580114772386	1580114772385	1.544	1.088	9.525	0.131	0.025	0.017	0.000000	0.000000
1580114772405	1580114772404	1.580	1.229	9.479	0.150	0.037	-0.015	0.000000	0.000000
1580114772425	1580114772424	1.506	1.445	9.403	0.208	0.068	-0.036	0.000000	0.000000
1580114772451	1580114772451	1.317	1.747	9.412	0.243	0.096	-0.051	0.000000	0.000000
1580114772465	1580114772465	1.185	1.919	9.470	0.227	0.093	-0.052	0.000000	0.000000
1580114772485	1580114772484	1.127	1.910	9.463	0.195	0.080	-0.046	0.000000	0.000000
1580114772504	1580114772504	1.135	1.797	9.393	0.171	0.077	-0.028	0.000000	0.000000
1580114772524	1580114772523	1.046	1.629	9.297	0.165	0.081	-0.010	0.000000	0.000000
1580114772545	1580114772544	0.996	1.591	9.264	0.158	0.078	0.005	0.000000	0.000000
1580114772565	1580114772565	0.981	1.577	9.362	0.137	0.071	0.019	0.000000	0.000000
1580114772584	1580114772585	0.981	1.596	9.379	0.119	0.063	0.024	0.000000	0.000000
1580114772604	1580114772603	1.111	1.800	9.417	0.130	0.065	0.017	0.000000	0.000000
1580114772624	1580114772623	1.190	1.924	9.379	0.131	0.072	0.010	0.000000	0.000000
1580114772648	1580114772644	1.257	1.903	9.242	0.111	0.074	-0.005	0.000000	0.000000
1580114772666	1580114772663	1.281	1.850	9.180	0.106	0.087	-0.018	0.000000	0.000000
1580114772683	1580114772683	1.238	1.814	9.151	0.103	0.105	-0.026	0.000000	0.000000
1580114772705	1580114772703	1.192	1.804	9.027	0.103	0.111	-0.037	0.000000	0.000000
1580114772724	1580114772723	1.130	1.792	8.972	0.103	0.122	-0.051	0.000000	0.000000
1580114772744	1580114772743	1.039	1.823	8.979	0.094	0.146	-0.063	0.000000	0.000000
1580114772764	1580114772765	0.917	1.833	9.022	0.080	0.152	-0.067	0.000000	0.000000
1580114772784	1580114772783	0.811	1.917	8.986	0.079	0.147	-0.063	0.000000	0.000000
1580114772803	1580114772803	0.811	2.039	9.003	0.041	0.145	-0.061	0.000000	0.000000
1580114772823	1580114772823	0.850	1.903	9.055	-0.032	0.143	-0.064	0.000000	0.000000
1580114772846	1580114772846	0.689	1.665	9.012	-0.013	0.158	-0.067	0.000000	0.000000
1580114772866	1580114772866	0.426	1.800	8.885	0.068	0.178	-0.079	0.000000	0.000000
1580114772883	1580114772883	0.387	2.137	8.586	0.069	0.195	-0.095	0.000000	0.000000
1580114772902	1580114772902	0.737	2.099	8.579	0.006	0.208	-0.095	0.000000	0.000000
