1580127956148	1580127956148	-6.241	4.276	-10.540	-0.137	-0.411	-0.739	0.000000	0.000000
1580127956179	1580127956167	-5.994	3.860	-9.495	-0.713	-0.217	-0.882	0.000000	0.000000
1580127956187	1580127956187	-5.460	3.819	-8.343	-0.754	-0.180	-1.096	0.000000	0.000000
1580127956207	1580127956206	-5.762	4.276	-7.589	-1.016	-0.071	-1.351	0.000000	0.000000
1580127956227	1580127956226	-6.735	3.278	-6.209	-1.329	-0.087	-1.607	0.000000	0.000000
1580127956247	1580127956245	-6.581	1.766	-5.706	-1.457	-0.655	-1.887	0.000000	0.000000
1580127956267	1580127956266	-5.726	0.997	-5.902	-1.440	-1.441	-2.108	0.000000	0.000000
1580127956286	1580127956286	-5.189	1.124	-5.696	-1.238	-1.998	-2.191	0.000000	0.000000
1580127956306	1580127956305	-5.415	1.069	-5.255	-1.022	-2.166	-1.897	0.000000	0.000000
1580127956326	1580127956325	-6.385	0.913	-5.356	-0.520	-1.849	-1.253	0.000000	0.000000
1580127956346	1580127956345	-8.807	0.762	-5.679	0.004	-1.833	-0.381	0.000000	0.000000
1580127956370	1580127956366	-10.723	1.227	-5.162	0.386	-2.719	0.015	0.000000	0.000000
1580127956386	1580127956385	-10.991	1.699	-4.240	0.669	-3.679	-0.309	0.000000	0.000000
1580127956406	1580127956405	-9.281	-0.424	-4.695	1.453	-3.644	-1.066	0.000000	0.000000
1580127956426	1580127956425	-11.200	-1.087	-5.078	2.305	-2.519	-1.325	0.000000	0.000000
1580127956446	1580127956445	-12.651	0.293	-4.659	2.651	-2.162	-1.298	0.000000	0.000000
1580127956466	1580127956465	-11.334	0.465	-4.831	2.836	-1.659	-1.705	0.000000	0.000000
1580127956488	1580127956487	-11.631	-0.232	-4.259	2.575	-0.991	-1.404	0.000000	0.000000
1580127956506	1580127956505	-10.246	2.161	-2.431	1.482	-0.806	-0.425	0.000000	0.000000
1580127956526	1580127956526	-8.280	2.937	-1.334	0.888	-0.866	0.023	0.000000	0.000000
1580127956545	1580127956544	-8.919	-0.431	-2.443	1.076	-0.850	0.053	0.000000	0.000000
1580127956565	1580127956564	-9.631	-1.885	-4.129	1.090	-1.031	-0.108	0.000000	0.000000
1580127956589	1580127956584	-9.152	-1.006	-2.915	1.162	-0.965	-0.293	0.000000	0.000000
1580127956605	1580127956604	-8.435	2.039	-0.728	0.859	-0.744	0.063	0.000000	0.000000
1580127956625	1580127956624	-9.638	4.667	-2.340	0.062	-0.508	0.607	0.000000	0.000000
1580127956645	1580127956644	-11.178	1.833	-3.916	0.062	-0.194	0.167	0.000000	0.000000
1580127956667	1580127956667	-10.833	-1.439	-2.481	0.323	-0.205	-0.236	0.000000	0.000000
1580127956687	1580127956687	-10.419	-0.385	-1.085	0.207	-0.182	0.198	0.000000	0.000000
1580127956705	1580127956704	-11.549	1.711	-1.748	0.026	0.116	0.439	0.000000	0.000000
1580127956725	1580127956724	-12.948	0.762	-2.915	-0.470	0.208	0.272	0.000000	0.000000
1580127956745	1580127956743	-13.183	-1.549	-3.399	-1.023	0.200	0.244	0.000000	0.000000
1580127956764	1580127956763	-13.808	-0.570	-3.241	-1.824	0.595	0.558	0.000000	0.000000
1580127956788	1580127956788	-12.489	-0.469	-2.235	-2.232	1.375	0.755	0.000000	0.000000
1580127956804	1580127956803	-13.200	-0.316	-3.756	-1.852	2.570	0.522	0.000000	0.000000
1580127956825	1580127956823	-12.455	1.531	-4.625	-1.894	3.064	0.744	0.000000	0.000000
1580127956844	1580127956844	-8.687	3.122	-3.502	-2.135	3.009	1.073	0.000000	0.000000
1580127956864	1580127956863	-6.016	4.214	-2.647	-2.248	3.340	1.341	0.000000	0.000000
1580127956884	1580127956883	-5.539	4.511	-1.612	-2.410	3.089	1.658	0.000000	0.000000
1580127956904	1580127956903	-4.044	4.348	0.695	-1.753	1.562	1.406	0.000000	0.000000
1580127956924	1580127956923	-2.528	2.626	0.829	-2.000	0.759	1.041	0.000000	0.000000
1580127956944	1580127956943	-2.971	1.431	0.276	-2.265	0.825	0.837	0.000000	0.000000
1580127956964	1580127956964	-5.060	2.144	-2.891	-1.671	0.458	1.142	0.000000	0.000000
1580127956999	1580127956989	-10.076	0.190	-3.715	-1.535	-0.847	0.991	0.000000	0.000000
1580127957004	1580127957004	-7.391	-2.867	-2.342	1.093	-2.836	0.384	0.000000	0.000000
1580127957024	1580127957024	-9.063	-0.052	-3.092	2.083	-3.950	1.604	0.000000	0.000000
1580127957044	1580127957043	-6.782	3.304	-5.272	2.559	-4.913	2.184	0.000000	0.000000
1580127957064	1580127957063	-1.939	7.199	-6.046	2.399	-3.481	2.151	0.000000	0.000000
1580127957086	1580127957083	-5.910	9.956	-5.418	0.246	-0.831	2.447	0.000000	0.000000
1580127957106	1580127957105	-9.966	7.788	-6.808	0.496	-0.358	1.390	0.000000	0.000000
1580127957123	1580127957123	-8.948	3.316	-5.550	0.796	-0.457	0.323	0.000000	0.000000
1580127957143	1580127957142	-11.451	5.050	-2.453	0.091	-0.645	0.502	0.000000	0.000000
1580127957163	1580127957163	-11.818	7.774	2.329	0.585	-1.408	0.925	0.000000	0.000000
1580127957183	1580127957182	-9.183	8.260	4.274	0.190	-1.639	0.546	0.000000	0.000000
1580127957208	1580127957208	-6.567	6.020	2.008	-0.488	-0.877	0.249	0.000000	0.000000
1580127957222	1580127957222	-6.109	3.457	-2.079	-0.745	-0.209	-0.159	0.000000	0.000000
1580127957243	1580127957244	-5.906	3.151	-4.484	-1.571	0.015	-0.860	0.000000	0.000000
1580127957263	1580127957262	-6.035	2.762	-6.333	-2.031	-0.294	-1.308	0.000000	0.000000
1580127957282	1580127957282	-5.374	2.109	-5.322	-1.594	-0.899	-1.129	0.000000	0.000000
1580127957304	1580127957302	-4.483	3.551	-3.267	-1.429	-1.127	-0.910	0.000000	0.000000
1580127957329	1580127957324	-6.895	4.468	0.662	-1.319	-0.697	-0.648	0.000000	0.000000
1580127957343	1580127957342	-10.701	2.604	2.535	-0.549	-1.041	-0.117	0.000000	0.000000
1580127957363	1580127957361	-7.585	2.480	1.038	-0.015	-1.342	0.047	0.000000	0.000000
1580127957382	1580127957381	-7.369	3.309	-0.122	0.025	-0.939	0.221	0.000000	0.000000
1580127957405	1580127957404	-8.890	5.031	-1.832	-0.048	-0.679	0.076	0.000000	0.000000
1580127957422	1580127957421	-9.099	5.079	-1.911	0.008	-0.857	-0.095	0.000000	0.000000
1580127957442	1580127957441	-8.910	5.031	-0.493	0.014	-0.909	-0.050	0.000000	0.000000
1580127957462	1580127957461	-8.785	5.992	0.784	-0.039	-0.785	0.083	0.000000	0.000000
1580127957482	1580127957481	-8.823	5.891	0.892	-0.062	-0.580	0.066	0.000000	0.000000
1580127957504	1580127957504	-8.965	4.559	0.628	-0.064	-0.476	-0.048	0.000000	0.000000
1580127957524	1580127957522	-8.955	4.396	0.295	-0.130	-0.523	-0.050	0.000000	0.000000
1580127957541	1580127957541	-9.135	4.978	0.233	-0.149	-0.579	0.022	0.000000	0.000000
1580127957561	1580127957561	-9.506	5.448	0.530	-0.102	-0.586	-0.007	0.000000	0.000000
1580127957582	1580127957580	-9.542	5.754	1.198	-0.073	-0.548	-0.025	0.000000	0.000000
1580127957604	1580127957602	-9.566	5.896	1.225	-0.099	-0.426	-0.068	0.000000	0.000000
1580127957626	1580127957626	-9.700	5.472	0.915	-0.113	-0.350	-0.117	0.000000	0.000000
1580127957641	1580127957640	-9.980	5.017	0.997	-0.124	-0.340	-0.105	0.000000	0.000000
1580127957661	1580127957661	-9.949	5.232	1.392	-0.103	-0.318	-0.081	0.000000	0.000000
1580127957681	1580127957680	-9.863	5.158	1.447	0.048	-0.178	-0.057	0.000000	0.000000
1580127957702	1580127957700	-10.321	4.997	1.213	0.179	-0.088	0.003	0.000000	0.000000
1580127957720	1580127957720	-10.404	5.227	1.189	0.280	-0.154	0.109	0.000000	0.000000
1580127957740	1580127957740	-10.522	5.527	1.316	0.396	-0.154	0.167	0.000000	0.000000
1580127957760	1580127957760	-10.701	5.333	1.620	0.477	-0.127	0.172	0.000000	0.000000
1580127957780	1580127957780	-10.745	5.098	1.859	0.508	-0.101	0.227	0.000000	0.000000
1580127957802	1580127957802	-10.733	5.194	1.591	0.507	-0.099	0.270	0.000000	0.000000
1580127957824	1580127957824	-10.527	5.431	1.167	0.463	-0.172	0.266	0.000000	0.000000
1580127957842	1580127957839	-10.119	5.841	1.296	0.429	-0.254	0.287	0.000000	0.000000
1580127957860	1580127957859	-10.064	6.200	1.799	0.447	-0.248	0.339	0.000000	0.000000
1580127957880	1580127957879	-10.124	6.629	1.852	0.400	-0.189	0.318	0.000000	0.000000
1580127957900	1580127957899	-10.254	6.739	1.445	0.265	-0.164	0.223	0.000000	0.000000
1580127957921	1580127957922	-10.033	6.753	1.356	0.126	-0.172	0.142	0.000000	0.000000
1580127957942	1580127957941	-9.655	6.370	1.397	0.062	-0.122	0.091	0.000000	0.000000
1580127957960	1580127957959	-9.271	5.405	1.720	0.053	-0.124	0.032	0.000000	0.000000
1580127957982	1580127957981	-9.231	5.613	2.013	-0.061	-0.128	0.057	0.000000	0.000000
1580127958000	1580127957999	-9.911	6.835	1.838	-0.245	-0.032	0.036	0.000000	0.000000
1580127958032	1580127958030	-10.189	7.113	1.723	-0.270	0.024	-0.053	0.000000	0.000000
1580127958051	1580127958045	-9.968	6.406	1.260	-0.133	0.094	-0.123	0.000000	0.000000
1580127958060	1580127958059	-9.909	6.102	1.069	-0.015	0.109	-0.111	0.000000	0.000000
1580127958080	1580127958078	-9.770	6.205	1.213	0.045	0.111	-0.084	0.000000	0.000000
1580127958100	1580127958098	-9.688	6.217	1.311	0.050	0.164	-0.101	0.000000	0.000000
1580127958119	1580127958119	-9.600	6.133	1.260	0.038	0.228	-0.134	0.000000	0.000000
1580127958139	1580127958138	-9.679	6.018	1.074	0.033	0.288	-0.147	0.000000	0.000000
1580127958159	1580127958158	-9.657	5.817	0.671	0.078	0.292	-0.125	0.000000	0.000000
1580127958179	1580127958179	-9.717	5.618	0.664	0.166	0.310	-0.101	0.000000	0.000000
1580127958198	1580127958198	-9.877	5.793	0.762	0.237	0.349	-0.070	0.000000	0.000000
1580127958219	1580127958218	-9.750	5.901	0.518	0.320	0.406	-0.069	0.000000	0.000000
1580127958242	1580127958242	-9.609	5.699	0.427	0.395	0.423	-0.037	0.000000	0.000000
1580127958261	1580127958260	-9.444	5.786	0.554	0.430	0.393	0.003	0.000000	0.000000
1580127958278	1580127958277	-9.128	5.757	0.470	0.433	0.388	0.004	0.000000	0.000000
1580127958298	1580127958297	-9.061	5.417	0.168	0.392	0.426	-0.037	0.000000	0.000000
1580127958318	1580127958317	-8.879	5.273	-0.059	0.339	0.431	-0.092	0.000000	0.000000
1580127958340	1580127958339	-8.783	5.182	0.106	0.323	0.430	-0.133	0.000000	0.000000
1580127958362	1580127958362	-8.864	5.204	0.130	0.296	0.476	-0.208	0.000000	0.000000
1580127958378	1580127958378	-8.816	5.192	-0.529	0.232	0.542	-0.355	0.000000	0.000000
1580127958397	1580127958397	-8.905	4.770	-0.824	0.174	0.590	-0.461	0.000000	0.000000
1580127958418	1580127958417	-8.828	4.154	-0.414	0.179	0.574	-0.415	0.000000	0.000000
1580127958438	1580127958437	-8.440	3.929	-0.443	0.228	0.535	-0.325	0.000000	0.000000
1580127958464	1580127958462	-8.150	4.332	-0.721	0.239	0.557	-0.330	0.000000	0.000000
1580127958479	1580127958477	-7.892	4.454	-1.264	0.218	0.621	-0.429	0.000000	0.000000
1580127958497	1580127958496	-7.997	3.927	-1.171	0.174	0.674	-0.463	0.000000	0.000000
1580127958517	1580127958516	-7.767	3.349	-1.054	0.175	0.666	-0.431	0.000000	0.000000
1580127958539	1580127958539	-7.523	3.402	-1.123	0.171	0.653	-0.414	0.000000	0.000000
1580127958557	1580127958556	-7.434	3.776	-1.442	0.155	0.658	-0.465	0.000000	0.000000
1580127958579	1580127958578	-7.341	3.965	-1.482	0.108	0.648	-0.499	0.000000	0.000000
1580127958597	1580127958596	-7.159	3.507	-1.212	0.090	0.643	-0.500	0.000000	0.000000
1580127958617	1580127958616	-7.039	3.158	-1.015	0.067	0.655	-0.493	0.000000	0.000000
1580127958638	1580127958638	-7.051	3.275	-1.020	0.008	0.676	-0.482	0.000000	0.000000
1580127958660	1580127958660	-7.123	3.646	-1.389	-0.078	0.700	-0.491	0.000000	0.000000
1580127958677	1580127958677	-7.271	3.620	-1.387	-0.122	0.684	-0.505	0.000000	0.000000
1580127958696	1580127958696	-7.108	3.357	-1.102	-0.116	0.635	-0.500	0.000000	0.000000
1580127958717	1580127958715	-7.089	2.889	-1.080	-0.007	0.669	-0.469	0.000000	0.000000
1580127958736	1580127958735	-7.448	2.770	-1.217	0.070	0.750	-0.402	0.000000	0.000000
1580127958757	1580127958757	-7.971	3.256	-1.576	0.115	0.737	-0.300	0.000000	0.000000
1580127958777	1580127958776	-8.351	3.627	-1.870	0.201	0.644	-0.245	0.000000	0.000000
1580127958796	1580127958795	-8.517	3.575	-1.830	0.245	0.583	-0.200	0.000000	0.000000
1580127958816	1580127958816	-8.814	3.637	-2.086	0.222	0.604	-0.184	0.000000	0.000000
1580127958836	1580127958835	-9.096	3.862	-2.608	0.142	0.594	-0.192	0.000000	0.000000
1580127958856	1580127958856	-9.044	3.766	-2.845	0.069	0.546	-0.202	0.000000	0.000000
1580127958880	1580127958877	-9.032	3.393	-3.119	0.013	0.532	-0.223	0.000000	0.000000
1580127958896	1580127958895	-9.085	3.175	-3.341	-0.050	0.470	-0.237	0.000000	0.000000
1580127958915	1580127958915	-9.180	3.246	-3.463	-0.094	0.394	-0.236	0.000000	0.000000
1580127958936	1580127958935	-9.231	3.407	-3.447	-0.119	0.331	-0.239	0.000000	0.000000
1580127958957	1580127958956	-9.295	3.206	-3.092	-0.104	0.249	-0.229	0.000000	0.000000
1580127958978	1580127958979	-9.324	2.897	-2.294	-0.052	0.153	-0.214	0.000000	0.000000
1580127959001	1580127958995	-9.353	3.194	-1.863	0.027	0.137	-0.172	0.000000	0.000000
1580127959017	1580127959015	-9.667	3.805	-2.314	0.142	0.190	-0.106	0.000000	0.000000
1580127959035	1580127959034	-9.727	4.147	-3.068	0.216	0.168	-0.051	0.000000	0.000000
1580127959060	1580127959055	-9.607	3.929	-3.614	0.224	0.122	-0.013	0.000000	0.000000
1580127959088	1580127959084	-9.336	3.407	-3.758	0.178	0.100	-0.023	0.000000	0.000000
1580127959102	1580127959101	-9.020	3.045	-3.696	0.086	0.109	-0.054	0.000000	0.000000
1580127959115	1580127959115	-8.696	2.770	-3.301	0.030	0.120	-0.079	0.000000	0.000000
1580127959136	1580127959135	-8.524	2.633	-3.080	0.043	0.146	-0.091	0.000000	0.000000
1580127959156	1580127959154	-8.677	2.928	-3.231	0.062	0.151	-0.087	0.000000	0.000000
1580127959177	1580127959177	-8.831	3.438	-3.310	0.032	0.107	-0.050	0.000000	0.000000
1580127959199	1580127959194	-9.041	3.596	-3.281	-0.005	0.077	-0.019	0.000000	0.000000
1580127959215	1580127959216	-9.312	3.251	-3.262	-0.005	0.078	-0.010	0.000000	0.000000
1580127959235	1580127959235	-9.468	3.105	-3.320	-0.013	0.083	0.003	0.000000	0.000000
1580127959254	1580127959254	-9.602	3.220	-3.531	-0.012	0.083	0.007	0.000000	0.000000
1580127959282	1580127959274	-9.561	3.266	-3.744	-0.007	0.066	-0.026	0.000000	0.000000
1580127959299	1580127959296	-9.417	3.040	-3.897	0.018	0.049	-0.053	0.000000	0.000000
1580127959315	1580127959313	-9.255	2.918	-3.823	0.041	0.021	-0.041	0.000000	0.000000
1580127959335	1580127959334	-9.104	3.136	-3.626	0.036	-0.019	-0.005	0.000000	0.000000
1580127959355	1580127959353	-9.080	3.469	-3.480	0.004	-0.040	0.028	0.000000	0.000000
1580127959377	1580127959374	-9.207	3.515	-3.363	-0.021	-0.037	0.052	0.000000	0.000000
1580127959397	1580127959397	-9.211	3.400	-3.308	-0.039	-0.016	0.078	0.000000	0.000000
1580127959417	1580127959417	-9.499	3.266	-3.502	-0.048	0.015	0.113	0.000000	0.000000
1580127959434	1580127959434	-9.705	3.333	-3.729	-0.082	-0.040	0.128	0.000000	0.000000
1580127959455	1580127959453	-9.786	3.440	-3.646	-0.124	-0.109	0.139	0.000000	0.000000
1580127959474	1580127959473	-9.865	3.347	-3.571	-0.137	-0.117	0.135	0.000000	0.000000
1580127959495	1580127959495	-9.849	3.115	-3.459	-0.121	-0.104	0.121	0.000000	0.000000
1580127959518	1580127959516	-9.595	3.103	-3.236	-0.089	-0.077	0.132	0.000000	0.000000
1580127959536	1580127959535	-9.554	3.335	-3.269	-0.110	-0.031	0.177	0.000000	0.000000
1580127959554	1580127959553	-9.432	3.582	-3.408	-0.118	-0.035	0.130	0.000000	0.000000
1580127959574	1580127959573	-9.331	3.313	-3.279	-0.073	-0.057	0.081	0.000000	0.000000
1580127959594	1580127959594	-9.142	3.297	-3.016	-0.080	-0.139	0.110	0.000000	0.000000
1580127959616	1580127959616	-9.073	3.661	-3.109	-0.170	-0.198	0.166	0.000000	0.000000
1580127959635	1580127959634	-9.082	3.788	-3.159	-0.223	-0.210	0.166	0.000000	0.000000
1580127959652	1580127959653	-9.063	3.594	-2.874	-0.235	-0.368	0.220	0.000000	0.000000
1580127959673	1580127959673	-8.716	3.649	-2.347	-0.272	-0.539	0.274	0.000000	0.000000
1580127959693	1580127959692	-8.534	3.800	-2.065	-0.288	-0.570	0.265	0.000000	0.000000
1580127959717	1580127959715	-8.395	3.761	-1.789	-0.260	-0.628	0.256	0.000000	0.000000
1580127959734	1580127959734	-8.069	3.737	-1.547	-0.217	-0.740	0.280	0.000000	0.000000
1580127959753	1580127959753	-7.932	3.807	-1.573	-0.212	-0.778	0.299	0.000000	0.000000
1580127959774	1580127959773	-8.086	3.783	-1.662	-0.226	-0.773	0.324	0.000000	0.000000
1580127959804	1580127959794	-8.174	3.527	-1.528	-0.192	-0.867	0.369	0.000000	0.000000
1580127959816	1580127959813	-7.820	3.381	-1.490	-0.128	-0.998	0.414	0.000000	0.000000
1580127959838	1580127959836	-7.580	3.481	-1.782	-0.134	-1.031	0.461	0.000000	0.000000
1580127959853	1580127959851	-7.309	3.311	-1.760	-0.150	-1.074	0.497	0.000000	0.000000
1580127959871	1580127959871	-6.766	3.151	-1.542	-0.112	-1.112	0.509	0.000000	0.000000
1580127959892	1580127959892	-6.524	3.232	-1.111	-0.044	-1.090	0.571	0.000000	0.000000
1580127959914	1580127959914	-6.584	3.148	-0.558	0.047	-1.060	0.628	0.000000	0.000000
1580127959937	1580127959934	-6.380	3.222	-0.539	0.081	-1.011	0.657	0.000000	0.000000
1580127959952	1580127959952	-6.744	3.484	-0.848	0.063	-0.907	0.692	0.000000	0.000000
1580127959971	1580127959971	-6.747	3.555	-0.591	0.056	-0.889	0.713	0.000000	0.000000
1580127959991	1580127959991	-6.186	3.448	-0.251	0.103	-0.843	0.673	0.000000	0.000000
1580127960011	1580127960011	-6.497	3.086	-0.598	0.211	-0.722	0.592	0.000000	0.000000
1580127960034	1580127960032	-7.274	3.153	-1.145	0.179	-0.689	0.534	0.000000	0.000000
1580127960051	1580127960049	-7.657	3.735	-1.629	0.109	-0.685	0.471	0.000000	0.000000
1580127960089	1580127960089	-8.169	4.310	-1.267	0.061	-0.623	0.385	0.000000	0.000000
1580127960091	1580127960089	-8.203	4.583	-0.637	0.051	-0.590	0.308	0.000000	0.000000
1580127960112	1580127960111	-8.299	4.602	-0.639	0.059	-0.514	0.228	0.000000	0.000000
1580127960135	1580127960133	-8.531	4.679	-1.133	-0.007	-0.508	0.182	0.000000	0.000000
1580127960151	1580127960149	-9.116	5.153	-1.724	-0.197	-0.535	0.119	0.000000	0.000000
1580127960169	1580127960169	-9.808	5.850	-0.539	-0.423	-0.602	0.056	0.000000	0.000000
1580127960190	1580127960189	-9.274	5.953	0.633	-0.431	-0.608	0.011	0.000000	0.000000
1580127960213	1580127960211	-8.946	5.589	0.508	-0.192	-0.477	-0.001	0.000000	0.000000
1580127960230	1580127960228	-9.029	5.960	0.427	-0.049	-0.459	0.041	0.000000	0.000000
1580127960250	1580127960248	-8.950	6.356	0.671	-0.042	-0.524	0.123	0.000000	0.000000
1580127960269	1580127960269	-8.874	5.793	0.997	-0.089	-0.503	0.128	0.000000	0.000000
1580127960290	1580127960288	-8.905	5.199	1.145	-0.112	-0.399	0.085	0.000000	0.000000
1580127960310	1580127960310	-9.137	4.904	1.299	-0.116	-0.325	0.054	0.000000	0.000000
1580127960335	1580127960329	-9.271	5.287	1.332	-0.161	-0.360	0.112	0.000000	0.000000
1580127960352	1580127960349	-9.144	5.965	1.306	-0.163	-0.360	0.104	0.000000	0.000000
1580127960370	1580127960368	-9.101	6.581	1.313	-0.075	-0.296	0.099	0.000000	0.000000
1580127960388	1580127960388	-9.164	6.904	1.313	0.059	-0.179	0.103	0.000000	0.000000
1580127960408	1580127960408	-9.451	6.550	1.330	0.131	-0.087	0.077	0.000000	0.000000
1580127960430	1580127960430	-9.568	5.917	1.435	0.096	-0.074	0.047	0.000000	0.000000
1580127960449	1580127960448	-9.616	5.972	1.361	0.064	-0.055	0.057	0.000000	0.000000
1580127960468	1580127960468	-9.839	6.356	1.280	0.064	-0.006	0.066	0.000000	0.000000
1580127960488	1580127960487	-10.119	6.528	1.419	0.091	0.033	0.078	0.000000	0.000000
1580127960508	1580127960508	-10.431	6.859	1.526	0.115	0.084	0.076	0.000000	0.000000
1580127960528	1580127960527	-10.694	7.213	1.275	0.117	0.128	0.076	0.000000	0.000000
1580127960553	1580127960553	-11.042	7.266	1.301	0.131	0.146	0.088	0.000000	0.000000
1580127960572	1580127960570	-11.159	7.237	1.572	0.173	0.171	0.071	0.000000	0.000000
1580127960588	1580127960588	-10.931	7.137	1.567	0.212	0.206	0.032	0.000000	0.000000
1580127960607	1580127960607	-10.872	7.319	1.440	0.198	0.225	0.004	0.000000	0.000000
1580127960628	1580127960627	-10.812	7.580	1.342	0.141	0.207	-0.052	0.000000	0.000000
1580127960648	1580127960647	-10.517	7.326	1.263	0.091	0.204	-0.088	0.000000	0.000000
1580127960669	1580127960667	-10.409	6.871	0.937	0.049	0.209	-0.112	0.000000	0.000000
1580127960688	1580127960687	-10.131	6.653	0.954	0.011	0.182	-0.156	0.000000	0.000000
1580127960708	1580127960707	-9.650	6.459	0.997	0.007	0.204	-0.172	0.000000	0.000000
1580127960733	1580127960730	-9.621	6.310	0.721	-0.017	0.277	-0.193	0.000000	0.000000
1580127960754	1580127960754	-9.595	6.030	0.729	-0.036	0.272	-0.204	0.000000	0.000000
1580127960771	1580127960767	-9.434	5.843	0.796	0.019	0.265	-0.191	0.000000	0.000000
1580127960787	1580127960786	-9.279	5.766	0.563	0.126	0.308	-0.178	0.000000	0.000000
1580127960807	1580127960807	-9.013	5.529	0.264	0.258	0.363	-0.147	0.000000	0.000000
1580127960827	1580127960826	-8.902	5.388	0.197	0.413	0.406	-0.117	0.000000	0.000000
1580127960848	1580127960848	-8.663	5.371	0.226	0.528	0.413	-0.107	0.000000	0.000000
1580127960867	1580127960867	-8.471	5.009	0.022	0.643	0.447	-0.123	0.000000	0.000000
1580127960890	1580127960887	-8.665	4.906	-0.421	0.666	0.459	-0.165	0.000000	0.000000
1580127960907	1580127960906	-8.522	4.708	-0.570	0.653	0.423	-0.194	0.000000	0.000000
1580127960927	1580127960926	-8.486	4.636	-0.685	0.626	0.409	-0.227	0.000000	0.000000
1580127960947	1580127960947	-8.718	4.777	-0.589	0.610	0.372	-0.286	0.000000	0.000000
1580127960967	1580127960967	-8.747	4.720	-1.006	0.539	0.264	-0.348	0.000000	0.000000
1580127960987	1580127960986	-8.934	4.006	-1.727	0.716	0.295	-0.533	0.000000	0.000000
1580127961006	1580127961006	-9.116	4.123	-1.540	0.931	0.363	-0.651	0.000000	0.000000
1580127961026	1580127961025	-8.864	4.854	-1.542	0.847	0.317	-0.673	0.000000	0.000000
1580127961048	1580127961048	-9.003	4.569	-1.823	0.805	0.487	-0.773	0.000000	0.000000
1580127961066	1580127961065	-9.005	4.264	-1.930	0.816	0.556	-0.684	0.000000	0.000000
1580127961086	1580127961086	-8.541	4.600	-1.880	0.804	0.560	-0.564	0.000000	0.000000
1580127961106	1580127961105	-8.361	4.365	-1.866	0.836	0.643	-0.556	0.000000	0.000000
1580127961126	1580127961125	-7.954	4.078	-1.863	0.767	0.664	-0.605	0.000000	0.000000
1580127961149	1580127961146	-7.539	3.718	-1.832	0.691	0.693	-0.604	0.000000	0.000000
1580127961172	1580127961172	-7.312	3.445	-1.954	0.664	0.742	-0.640	0.000000	0.000000
1580127961188	1580127961186	-7.233	3.383	-2.112	0.580	0.736	-0.669	0.000000	0.000000
1580127961205	1580127961205	-7.139	3.100	-2.153	0.492	0.722	-0.680	0.000000	0.000000
1580127961225	1580127961224	-7.118	2.739	-2.067	0.444	0.725	-0.686	0.000000	0.000000
1580127961246	1580127961244	-7.077	2.741	-2.062	0.412	0.702	-0.667	0.000000	0.000000
1580127961266	1580127961266	-7.142	2.743	-2.294	0.356	0.683	-0.642	0.000000	0.000000
1580127961285	1580127961285	-7.396	2.418	-2.500	0.276	0.670	-0.581	0.000000	0.000000
1580127961305	1580127961305	-7.566	2.070	-2.728	0.277	0.622	-0.471	0.000000	0.000000
1580127961325	1580127961324	-7.707	2.271	-2.953	0.400	0.575	-0.414	0.000000	0.000000
1580127961345	1580127961344	-7.654	2.762	-2.948	0.525	0.537	-0.422	0.000000	0.000000
1580127961366	1580127961366	-7.863	2.592	-2.910	0.595	0.536	-0.428	0.000000	0.000000
1580127961387	1580127961386	-8.184	2.370	-2.893	0.607	0.497	-0.407	0.000000	0.000000
1580127961405	1580127961404	-8.366	2.386	-2.956	0.623	0.405	-0.379	0.000000	0.000000
1580127961424	1580127961423	-8.189	2.669	-3.083	0.665	0.346	-0.406	0.000000	0.000000
1580127961444	1580127961443	-8.268	2.580	-3.528	0.638	0.329	-0.436	0.000000	0.000000
1580127961463	1580127961463	-8.670	2.334	-4.046	0.542	0.272	-0.442	0.000000	0.000000
1580127961484	1580127961483	-8.890	2.092	-4.194	0.470	0.212	-0.397	0.000000	0.000000
1580127961504	1580127961503	-8.907	2.029	-3.854	0.379	0.110	-0.332	0.000000	0.000000
1580127961523	1580127961522	-9.152	2.221	-3.962	0.223	0.097	-0.309	0.000000	0.000000
1580127961544	1580127961542	-9.619	2.192	-4.022	0.232	0.165	-0.364	0.000000	0.000000
1580127961565	1580127961563	-9.473	2.135	-3.907	0.267	0.131	-0.421	0.000000	0.000000
1580127961591	1580127961584	-9.506	2.147	-3.911	0.271	0.156	-0.406	0.000000	0.000000
1580127961604	1580127961604	-9.834	2.173	-4.002	0.260	0.183	-0.375	0.000000	0.000000
1580127961623	1580127961622	-9.664	2.056	-4.211	0.266	0.159	-0.378	0.000000	0.000000
1580127961643	1580127961642	-9.410	1.816	-4.486	0.249	0.148	-0.391	0.000000	0.000000
1580127961670	1580127961664	-9.444	1.689	-4.779	0.192	0.166	-0.425	0.000000	0.000000
1580127961683	1580127961682	-9.243	1.550	-4.810	0.047	0.145	-0.506	0.000000	0.000000
1580127961703	1580127961702	-9.022	1.256	-4.621	-0.025	0.185	-0.583	0.000000	0.000000
1580127961723	1580127961722	-9.017	0.940	-4.450	0.010	0.264	-0.617	0.000000	0.000000
1580127961742	1580127961742	-9.293	0.748	-4.625	-0.151	0.265	-0.522	0.000000	0.000000
1580127961768	1580127961768	-9.566	0.686	-4.843	-0.275	0.219	-0.474	0.000000	0.000000
1580127961788	1580127961784	-9.669	0.669	-4.934	-0.329	0.146	-0.453	0.000000	0.000000
1580127961804	1580127961802	-9.446	0.587	-4.877	-0.298	0.058	-0.400	0.000000	0.000000
1580127961823	1580127961823	-9.183	0.609	-4.637	-0.132	0.036	-0.296	0.000000	0.000000
1580127961843	1580127961842	-9.013	0.872	-4.515	0.054	0.054	-0.176	0.000000	0.000000
1580127961863	1580127961862	-8.986	1.100	-4.520	0.162	0.067	-0.108	0.000000	0.000000
1580127961884	1580127961884	-8.910	1.117	-4.561	0.168	0.083	-0.112	0.000000	0.000000
1580127961903	1580127961902	-8.886	1.038	-4.630	0.100	0.129	-0.155	0.000000	0.000000
1580127961927	1580127961927	-9.049	0.805	-4.721	-0.082	0.153	-0.123	0.000000	0.000000
1580127961943	1580127961942	-9.164	0.681	-4.827	-0.192	0.141	-0.129	0.000000	0.000000
1580127961962	1580127961961	-9.164	0.777	-4.865	-0.285	0.111	-0.130	0.000000	0.000000
1580127961982	1580127961982	-9.202	0.578	-4.738	-0.285	0.069	-0.104	0.000000	0.000000
1580127962006	1580127962006	-9.305	0.254	-4.561	-0.228	0.067	-0.100	0.000000	0.000000
1580127962025	1580127962023	-9.429	0.307	-4.692	-0.194	0.057	-0.090	0.000000	0.000000
1580127962042	1580127962042	-9.358	0.599	-4.913	-0.210	0.008	-0.076	0.000000	0.000000
1580127962062	1580127962062	-9.288	0.573	-5.100	-0.255	-0.012	-0.084	0.000000	0.000000
1580127962088	1580127962082	-9.305	0.561	-5.222	-0.360	-0.011	-0.106	0.000000	0.000000
1580127962104	1580127962102	-9.358	0.805	-5.224	-0.488	-0.025	-0.067	0.000000	0.000000
1580127962123	1580127962121	-9.712	1.294	-5.308	-0.622	-0.034	0.040	0.000000	0.000000
1580127962142	1580127962141	-10.383	2.039	-5.938	-0.946	-0.070	0.121	0.000000	0.000000
1580127962162	1580127962162	-11.073	2.925	-6.863	-1.399	-0.200	0.282	0.000000	0.000000
1580127962185	1580127962185	-12.168	3.081	-6.949	-1.691	-0.259	0.586	0.000000	0.000000
1580127962207	1580127962207	-11.882	2.633	-5.291	-1.695	-0.083	0.744	0.000000	0.000000
1580127962224	1580127962222	-10.534	3.155	-4.103	-1.987	0.444	0.916	0.000000	0.000000
1580127962241	1580127962241	-11.121	4.094	-4.144	-2.275	0.877	0.883	0.000000	0.000000
1580127962261	1580127962260	-9.942	3.630	-4.915	-2.375	0.765	0.493	0.000000	0.000000
1580127962282	1580127962280	-8.694	2.109	-5.504	-2.112	0.669	0.339	0.000000	0.000000
1580127962302	1580127962303	-8.296	2.240	-5.593	-1.732	0.626	0.348	0.000000	0.000000
1580127962321	1580127962321	-7.920	3.119	-6.273	-1.309	0.403	0.530	0.000000	0.000000
1580127962341	1580127962341	-8.330	3.903	-5.318	-1.229	0.407	0.689	0.000000	0.000000
1580127962361	1580127962361	-8.186	3.761	-4.755	-1.642	0.231	0.644	0.000000	0.000000
1580127962383	1580127962380	-8.021	1.447	-3.907	-1.499	-0.033	0.432	0.000000	0.000000
1580127962402	1580127962402	-7.168	0.135	-2.615	-1.259	-0.285	0.392	0.000000	0.000000
1580127962426	1580127962425	-6.469	0.353	-2.045	-1.098	-0.351	0.380	0.000000	0.000000
1580127962443	1580127962443	-7.470	1.924	-3.289	-0.745	-0.224	0.178	0.000000	0.000000
1580127962460	1580127962460	-8.153	3.814	-4.321	-0.692	-0.343	0.095	0.000000	0.000000
1580127962481	1580127962481	-7.894	4.578	-3.483	-0.801	-0.570	0.078	0.000000	0.000000
1580127962506	1580127962506	-7.654	4.058	-2.335	-0.782	-0.707	0.028	0.000000	0.000000
1580127962520	1580127962520	-7.614	3.282	-1.755	-0.703	-0.809	-0.065	0.000000	0.000000
1580127962546	1580127962546	-7.305	2.540	-0.967	-0.526	-0.994	-0.093	0.000000	0.000000
1580127962561	1580127962560	-6.835	2.259	-0.924	-0.399	-1.167	-0.132	0.000000	0.000000
1580127962580	1580127962580	-7.041	2.827	-1.880	-0.366	-1.184	-0.119	0.000000	0.000000
1580127962604	1580127962604	-7.422	4.116	-2.287	-0.341	-1.314	0.040	0.000000	0.000000
1580127962627	1580127962624	-6.754	4.478	-1.236	-0.171	-1.528	0.186	0.000000	0.000000
1580127962642	1580127962639	-5.700	3.963	0.209	0.015	-1.475	0.259	0.000000	0.000000
1580127962659	1580127962659	-5.537	3.936	0.381	-0.120	-1.232	0.357	0.000000	0.000000
1580127962681	1580127962679	-5.975	4.145	-0.924	-0.414	-1.061	0.367	0.000000	0.000000
1580127962699	1580127962699	-6.497	3.939	-2.168	-0.530	-1.024	0.300	0.000000	0.000000
1580127962726	1580127962726	-7.204	3.984	-2.627	-0.508	-1.040	0.285	0.000000	0.000000
1580127962739	1580127962739	-7.851	3.951	-2.132	-0.504	-1.076	0.266	0.000000	0.000000
1580127962764	1580127962764	-7.745	3.064	-1.205	-0.428	-1.006	0.120	0.000000	0.000000
1580127962779	1580127962779	-7.779	2.073	-1.200	-0.300	-0.756	-0.006	0.000000	0.000000
1580127962799	1580127962798	-7.786	2.219	-1.406	-0.117	-0.620	0.004	0.000000	0.000000
1580127962819	1580127962819	-7.480	3.788	-1.202	0.078	-0.672	0.121	0.000000	0.000000
1580127962844	1580127962838	-7.520	5.513	-0.869	0.057	-0.685	0.200	0.000000	0.000000
1580127962862	1580127962862	-7.724	6.116	-0.663	-0.100	-0.646	0.102	0.000000	0.000000
1580127962879	1580127962878	-8.155	5.323	-0.486	-0.259	-0.638	-0.052	0.000000	0.000000
1580127962898	1580127962898	-8.656	4.387	-0.311	-0.398	-0.637	-0.149	0.000000	0.000000
1580127962920	1580127962920	-8.890	3.661	0.008	-0.409	-0.653	-0.139	0.000000	0.000000
1580127962939	1580127962939	-8.912	3.541	0.139	-0.351	-0.631	-0.074	0.000000	0.000000
1580127962959	1580127962959	-8.819	4.126	0.024	-0.290	-0.636	0.022	0.000000	0.000000
1580127962986	1580127962979	-8.644	4.540	-0.067	-0.219	-0.652	0.102	0.000000	0.000000
1580127962998	1580127962998	-8.541	4.363	0.147	-0.154	-0.666	0.136	0.000000	0.000000
1580127963024	1580127963024	-8.443	4.178	0.659	-0.120	-0.696	0.183	0.000000	0.000000
1580127963041	1580127963039	-8.608	4.521	0.906	-0.112	-0.727	0.225	0.000000	0.000000
1580127963058	1580127963056	-8.756	5.259	0.868	-0.116	-0.733	0.222	0.000000	0.000000
1580127963078	1580127963076	-8.675	5.661	0.851	-0.106	-0.654	0.188	0.000000	0.000000
1580127963097	1580127963097	-8.898	5.405	1.069	-0.093	-0.526	0.172	0.000000	0.000000
1580127963117	1580127963116	-9.180	5.057	1.505	-0.103	-0.471	0.197	0.000000	0.000000
1580127963144	1580127963143	-9.480	5.328	1.986	-0.102	-0.495	0.237	0.000000	0.000000
1580127963157	1580127963157	-9.547	5.829	2.142	-0.080	-0.487	0.253	0.000000	0.000000
1580127963177	1580127963177	-9.743	6.080	1.783	-0.136	-0.411	0.176	0.000000	0.000000
1580127963196	1580127963196	-10.105	5.707	2.034	-0.188	-0.429	0.118	0.000000	0.000000
1580127963217	1580127963216	-9.992	5.613	2.669	-0.169	-0.459	0.130	0.000000	0.000000
1580127963238	1580127963237	-9.925	6.061	2.748	-0.113	-0.364	0.137	0.000000	0.000000
1580127963263	1580127963258	-10.148	6.370	2.853	-0.066	-0.306	0.122	0.000000	0.000000
1580127963277	1580127963276	-10.225	6.677	3.110	-0.013	-0.303	0.165	0.000000	0.000000
1580127963296	1580127963295	-10.400	7.273	3.057	0.034	-0.246	0.230	0.000000	0.000000
1580127963316	1580127963315	-10.670	7.649	2.873	0.089	-0.150	0.217	0.000000	0.000000
1580127963336	1580127963336	-10.627	7.474	2.856	0.107	-0.079	0.142	0.000000	0.000000
1580127963357	1580127963358	-10.510	7.077	2.801	0.078	-0.017	0.090	0.000000	0.000000
1580127963375	1580127963375	-10.282	6.780	2.784	0.045	0.003	0.044	0.000000	0.000000
1580127963399	1580127963399	-10.086	6.713	2.822	-0.006	0.002	0.018	0.000000	0.000000
1580127963417	1580127963415	-10.122	6.648	2.822	-0.059	-0.007	0.011	0.000000	0.000000
1580127963436	1580127963435	-9.997	6.519	2.784	-0.078	-0.035	0.005	0.000000	0.000000
1580127963460	1580127963455	-9.798	6.387	2.782	-0.067	-0.035	-0.004	0.000000	0.000000
1580127963476	1580127963475	-9.633	6.301	2.822	-0.036	-0.012	0.005	0.000000	0.000000
1580127963495	1580127963495	-9.518	6.313	2.904	0.028	0.019	0.043	0.000000	0.000000
1580127963516	1580127963514	-9.449	6.384	2.851	0.095	0.068	0.069	0.000000	0.000000
1580127963535	1580127963534	-9.286	6.339	2.688	0.119	0.117	0.053	0.000000	0.000000
1580127963562	1580127963562	-9.262	6.210	2.626	0.122	0.135	0.057	0.000000	0.000000
1580127963575	1580127963575	-9.161	6.030	2.597	0.156	0.147	0.077	0.000000	0.000000
1580127963598	1580127963594	-9.130	5.999	2.499	0.224	0.192	0.076	0.000000	0.000000
1580127963615	1580127963614	-9.125	6.181	2.506	0.320	0.230	0.097	0.000000	0.000000
1580127963635	1580127963634	-9.046	6.408	2.518	0.416	0.273	0.120	0.000000	0.000000
1580127963656	1580127963656	-8.843	6.068	2.389	0.584	0.342	0.102	0.000000	0.000000
1580127963679	1580127963675	-8.565	5.424	2.152	0.852	0.386	0.107	0.000000	0.000000
1580127963694	1580127963694	-8.419	5.496	2.005	1.082	0.377	0.128	0.000000	0.000000
1580127963714	1580127963714	-8.340	5.719	1.637	1.242	0.375	0.106	0.000000	0.000000
1580127963734	1580127963733	-8.536	5.843	0.688	1.255	0.462	0.002	0.000000	0.000000
1580127963758	1580127963758	-9.116	5.680	-0.196	1.334	0.525	-0.106	0.000000	0.000000
1580127963774	1580127963774	-9.300	5.723	-0.340	1.461	0.476	-0.157	0.000000	0.000000
1580127963796	1580127963793	-9.073	6.095	-0.292	1.494	0.468	-0.206	0.000000	0.000000
1580127963814	1580127963813	-8.948	5.953	-0.644	1.544	0.574	-0.313	0.000000	0.000000
1580127963834	1580127963833	-9.111	5.477	-1.118	1.662	0.640	-0.413	0.000000	0.000000
1580127963858	1580127963856	-9.001	5.204	-1.130	1.863	0.604	-0.511	0.000000	0.000000
1580127963877	1580127963874	-8.672	4.885	-0.953	2.061	0.528	-0.711	0.000000	0.000000
1580127963894	1580127963893	-8.390	4.344	-1.147	2.137	0.495	-1.002	0.000000	0.000000
1580127963914	1580127963913	-8.268	4.056	-1.485	2.022	0.520	-1.206	0.000000	0.000000
1580127963934	1580127963933	-8.150	3.833	-1.823	1.991	0.634	-1.224	0.000000	0.000000
1580127963953	1580127963953	-8.625	3.570	-2.357	2.200	0.791	-1.271	0.000000	0.000000
1580127963979	1580127963979	-8.440	2.300	-2.033	2.617	0.716	-1.464	0.000000	0.000000
1580127963994	1580127963993	-7.750	1.435	-1.475	2.915	0.761	-1.638	0.000000	0.000000
1580127964019	1580127964017	-7.520	1.249	-1.633	2.980	0.896	-1.640	0.000000	0.000000
1580127964034	1580127964034	-7.360	1.392	-2.076	2.916	0.960	-1.584	0.000000	0.000000
1580127964053	1580127964052	-7.139	1.479	-2.613	2.856	0.931	-1.507	0.000000	0.000000
1580127964072	1580127964071	-6.912	1.033	-3.044	2.826	0.871	-1.424	0.000000	0.000000
1580127964094	1580127964093	-6.749	0.916	-3.123	2.647	0.838	-1.418	0.000000	0.000000
1580127964112	1580127964112	-6.519	0.324	-3.454	2.479	0.835	-1.410	0.000000	0.000000
1580127964132	1580127964132	-6.658	0.127	-3.471	2.356	0.920	-1.271	0.000000	0.000000
1580127964152	1580127964152	-6.926	0.813	-4.058	1.409	0.761	-0.964	0.000000	0.000000
1580127964182	1580127964176	-6.696	0.513	-4.338	1.222	0.610	-0.940	0.000000	0.000000
1580127964193	1580127964192	-7.125	-0.440	-4.644	0.964	0.669	-0.894	0.000000	0.000000
1580127964212	1580127964212	-7.458	-0.306	-4.951	0.646	0.566	-0.727	0.000000	0.000000
1580127964233	1580127964231	-7.537	0.053	-4.841	0.839	0.521	-0.594	0.000000	0.000000
1580127964253	1580127964251	-7.848	-0.265	-5.171	0.909	0.491	-0.495	0.000000	0.000000
1580127964272	1580127964272	-8.299	-0.335	-5.219	0.928	0.426	-0.435	0.000000	0.000000
1580127964298	1580127964292	-8.294	-0.088	-5.413	0.771	0.321	-0.267	0.000000	0.000000
1580127964312	1580127964312	-8.421	-0.213	-5.514	0.753	0.347	-0.176	0.000000	0.000000
1580127964332	1580127964330	-8.627	-0.098	-5.682	0.480	0.369	-0.183	0.000000	0.000000
1580127964352	1580127964351	-8.536	-0.385	-5.837	0.139	0.264	-0.236	0.000000	0.000000
1580127964374	1580127964374	-8.131	-1.034	-5.948	0.017	0.175	-0.304	0.000000	0.000000
1580127964402	1580127964401	-7.906	-1.652	-5.979	0.111	0.119	-0.223	0.000000	0.000000
1580127964411	1580127964410	-8.016	-2.235	-5.919	0.442	0.123	-0.024	0.000000	0.000000
1580127964431	1580127964430	-8.529	-1.928	-5.375	0.581	0.068	0.086	0.000000	0.000000
1580127964452	1580127964451	-8.569	-0.658	-5.040	0.504	-0.035	0.099	0.000000	0.000000
1580127964472	1580127964470	-8.574	-0.364	-4.985	0.286	-0.078	0.015	0.000000	0.000000
1580127964492	1580127964491	-8.478	-1.077	-5.318	-0.073	-0.122	-0.057	0.000000	0.000000
1580127964516	1580127964514	-8.617	-1.873	-5.612	-0.161	-0.110	0.021	0.000000	0.000000
1580127964531	1580127964529	-8.847	-1.894	-5.406	0.029	-0.134	0.107	0.000000	0.000000
1580127964551	1580127964549	-8.689	-1.166	-5.279	0.171	-0.154	0.155	0.000000	0.000000
1580127964570	1580127964569	-8.785	-0.675	-5.598	0.136	-0.093	0.209	0.000000	0.000000
1580127964595	1580127964593	-9.063	-0.711	-5.691	0.062	-0.045	0.116	0.000000	0.000000
1580127964611	1580127964610	-8.622	-1.166	-5.749	0.044	-0.151	-0.023	0.000000	0.000000
1580127964630	1580127964630	-8.490	-1.504	-6.082	-0.105	-0.225	0.061	0.000000	0.000000
1580127964650	1580127964649	-9.192	-1.214	-5.881	-0.235	-0.095	-0.008	0.000000	0.000000
1580127964670	1580127964670	-9.106	-0.907	-5.806	-0.408	-0.215	-0.090	0.000000	0.000000
1580127964692	1580127964692	-9.211	-1.152	-5.437	-0.396	-0.203	-0.162	0.000000	0.000000
1580127964713	1580127964711	-9.152	-1.185	-5.092	-0.416	-0.231	-0.124	0.000000	0.000000
1580127964730	1580127964730	-8.869	-0.881	-5.095	-0.323	-0.234	-0.052	0.000000	0.000000
1580127964749	1580127964749	-8.965	-0.503	-5.274	-0.242	-0.149	-0.047	0.000000	0.000000
1580127964770	1580127964769	-9.003	-0.412	-5.607	-0.342	-0.120	-0.101	0.000000	0.000000
1580127964792	1580127964792	-9.025	-1.063	-5.912	-0.487	-0.105	-0.141	0.000000	0.000000
1580127964816	1580127964815	-9.233	-1.961	-5.869	-0.472	-0.051	-0.185	0.000000	0.000000
1580127964830	1580127964829	-9.288	-2.266	-5.318	-0.334	-0.062	-0.204	0.000000	0.000000
1580127964852	1580127964852	-9.039	-1.681	-5.009	-0.278	-0.110	-0.159	0.000000	0.000000
1580127964869	1580127964869	-8.874	-1.032	-5.325	-0.228	-0.100	-0.081	0.000000	0.000000
1580127964889	1580127964888	-8.924	-1.142	-5.409	-0.105	-0.065	-0.019	0.000000	0.000000
1580127964911	1580127964909	-8.876	-1.604	-5.174	0.052	-0.012	0.052	0.000000	0.000000
1580127964930	1580127964929	-9.041	-1.621	-5.382	0.256	0.132	0.119	0.000000	0.000000
1580127964948	1580127964948	-9.444	-1.506	-5.948	0.554	0.290	0.215	0.000000	0.000000
1580127964969	1580127964969	-9.796	-1.820	-6.003	1.065	0.414	0.325	0.000000	0.000000
1580127964990	1580127964989	-9.542	-1.655	-5.437	1.590	0.565	0.472	0.000000	0.000000
1580127965024	1580127965020	-9.535	-1.260	-4.661	2.346	1.003	0.549	0.000000	0.000000
1580127965030	1580127965028	-10.273	-1.418	-4.364	3.294	1.516	0.693	0.000000	0.000000
1580127965048	1580127965048	-11.202	-1.827	-5.389	3.934	1.617	0.960	0.000000	0.000000
1580127965069	1580127965069	-10.376	-1.966	-6.154	4.246	1.224	1.145	0.000000	0.000000
1580127965089	1580127965089	-9.264	-2.230	-7.342	4.507	1.036	1.222	0.000000	0.000000
1580127965109	1580127965109	-9.650	-3.415	-7.172	4.909	0.893	1.304	0.000000	0.000000
1580127965134	1580127965130	-9.281	-3.114	-6.513	5.073	0.689	1.390	0.000000	0.000000
1580127965150	1580127965150	-8.730	-2.639	-6.348	5.253	0.544	1.550	0.000000	0.000000
1580127965168	1580127965168	-8.847	-3.006	-5.916	5.632	0.274	1.502	0.000000	0.000000
1580127965189	1580127965188	-8.304	-4.062	-4.901	6.385	0.002	1.244	0.000000	0.000000
1580127965213	1580127965211	-7.537	-4.319	-3.677	6.668	0.061	0.759	0.000000	0.000000
1580127965234	1580127965234	-6.929	-3.602	-2.225	6.230	0.488	0.248	0.000000	0.000000
1580127965248	1580127965248	-6.390	-4.719	-2.259	5.525	1.187	0.138	0.000000	0.000000
1580127965269	1580127965268	-7.484	-6.455	-1.638	5.501	1.228	0.150	0.000000	0.000000
1580127965288	1580127965287	-6.090	-6.767	0.262	6.158	0.845	-0.319	0.000000	0.000000
1580127965308	1580127965308	-4.895	-6.197	1.953	5.890	1.128	-0.306	0.000000	0.000000
1580127965334	1580127965334	-4.555	-4.716	2.168	4.887	1.504	-0.568	0.000000	0.000000
1580127965356	1580127965348	-5.910	-0.335	2.346	2.792	1.201	-0.447	0.000000	0.000000
1580127965370	1580127965369	-5.371	-1.224	1.174	1.195	-0.083	-0.052	0.000000	0.000000
1580127965389	1580127965387	-5.113	-5.119	-0.249	1.626	-0.533	0.294	0.000000	0.000000
1580127965408	1580127965407	-5.963	-4.122	-0.440	2.030	-0.441	0.520	0.000000	0.000000
1580127965439	1580127965432	-5.992	-3.432	-0.352	1.616	-0.023	0.236	0.000000	0.000000
1580127965447	1580127965447	-7.247	-4.132	0.041	0.928	0.185	0.091	0.000000	0.000000
1580127965468	1580127965467	-6.488	-4.429	0.808	0.524	-0.250	0.254	0.000000	0.000000
1580127965488	1580127965487	-6.040	-4.419	2.168	0.500	-0.388	0.361	0.000000	0.000000
1580127965507	1580127965506	-5.793	-4.872	2.485	0.384	-0.359	0.310	0.000000	0.000000
1580127965531	1580127965527	-5.779	-5.720	1.136	0.503	0.017	0.003	0.000000	0.000000
1580127965550	1580127965547	-6.440	-5.356	-0.412	0.680	0.407	-0.352	0.000000	0.000000
1580127965570	1580127965568	-7.187	-4.745	-1.248	0.745	0.698	-0.650	0.000000	0.000000
1580127965587	1580127965586	-7.487	-3.871	-1.657	0.717	0.822	-0.720	0.000000	0.000000
1580127965607	1580127965606	-7.789	-3.816	-1.276	0.606	0.886	-0.673	0.000000	0.000000
1580127965631	1580127965631	-7.551	-3.983	-0.141	0.494	0.922	-0.538	0.000000	0.000000
1580127965652	1580127965652	-7.204	-4.472	0.892	0.422	0.964	-0.299	0.000000	0.000000
1580127965670	1580127965666	-6.919	-5.557	1.253	0.437	0.986	-0.126	0.000000	0.000000
1580127965686	1580127965686	-6.883	-6.106	1.174	0.619	0.986	-0.116	0.000000	0.000000
1580127965707	1580127965706	-7.353	-6.122	1.107	0.654	0.955	-0.149	0.000000	0.000000
1580127965727	1580127965726	-7.451	-6.348	1.066	0.560	0.857	-0.143	0.000000	0.000000
1580127965747	1580127965747	-7.901	-6.582	0.484	0.586	0.823	-0.168	0.000000	0.000000
1580127965768	1580127965767	-8.711	-6.767	-0.507	0.691	0.783	-0.327	0.000000	0.000000
1580127965787	1580127965787	-9.307	-6.913	-0.855	0.652	0.710	-0.440	0.000000	0.000000
1580127965807	1580127965805	-9.396	-6.906	-0.579	0.457	0.602	-0.431	0.000000	0.000000
1580127965825	1580127965825	-9.113	-7.253	-0.165	0.180	0.496	-0.343	0.000000	0.000000
1580127965849	1580127965849	-8.617	-7.581	0.223	-0.066	0.429	-0.254	0.000000	0.000000
1580127965869	1580127965867	-8.237	-7.785	0.499	-0.128	0.370	-0.241	0.000000	0.000000
1580127965886	1580127965885	-7.916	-7.574	0.626	-0.040	0.278	-0.324	0.000000	0.000000
1580127965905	1580127965905	-7.743	-7.390	0.547	-0.053	0.227	-0.387	0.000000	0.000000
1580127965925	1580127965925	-7.729	-7.215	0.168	-0.080	0.201	-0.404	0.000000	0.000000
1580127965945	1580127965945	-8.126	-6.884	-0.330	-0.160	0.180	-0.371	0.000000	0.000000
1580127965971	1580127965966	-8.560	-6.764	-0.596	-0.143	0.180	-0.330	0.000000	0.000000
1580127965986	1580127965986	-8.591	-6.834	-0.292	-0.049	0.244	-0.335	0.000000	0.000000
1580127966005	1580127966004	-8.732	-7.339	0.242	-0.012	0.385	-0.374	0.000000	0.000000
1580127966025	1580127966023	-8.797	-7.708	0.429	0.075	0.466	-0.388	0.000000	0.000000
1580127966046	1580127966046	-8.735	-7.701	0.166	0.133	0.438	-0.376	0.000000	0.000000
1580127966069	1580127966069	-8.605	-7.782	-0.213	0.178	0.390	-0.375	0.000000	0.000000
1580127966084	1580127966083	-8.445	-7.969	-0.445	0.258	0.362	-0.385	0.000000	0.000000
