1580128045767	1580128045757	-1.388	7.712	7.685	-0.281	-0.021	0.095	0.000000	0.000000
1580128045776	1580128045775	-1.328	7.697	7.676	-0.274	-0.016	0.086	0.000000	0.000000
1580128045797	1580128045795	-1.105	7.791	7.786	-0.233	-0.027	0.057	0.000000	0.000000
1580128045815	1580128045814	-0.906	8.018	7.896	-0.200	-0.038	0.055	0.000000	0.000000
1580128045835	1580128045834	-0.868	8.251	8.045	-0.204	-0.013	0.068	0.000000	0.000000
1580128045855	1580128045854	-0.882	8.339	8.274	-0.193	0.001	0.083	0.000000	0.000000
1580128045877	1580128045876	-0.851	8.425	8.540	-0.180	0.029	0.069	0.000000	0.000000
1580128045896	1580128045894	-0.952	8.435	8.792	-0.197	0.061	0.067	0.000000	0.000000
1580128045915	1580128045914	-1.139	8.344	9.101	-0.218	0.073	0.062	0.000000	0.000000
1580128045934	1580128045934	-1.131	8.387	9.343	-0.243	0.091	0.020	0.000000	0.000000
1580128045955	1580128045954	-1.045	8.392	9.494	-0.244	0.095	0.007	0.000000	0.000000
1580128045975	1580128045973	-1.021	8.358	9.573	-0.175	0.067	0.020	0.000000	0.000000
1580128045995	1580128045994	-0.904	8.516	9.508	-0.064	0.067	0.010	0.000000	0.000000
1580128046015	1580128046013	-0.751	8.790	9.410	0.032	0.065	0.012	0.000000	0.000000
1580128046035	1580128046034	-0.813	8.790	9.278	0.060	0.052	0.041	0.000000	0.000000
1580128046054	1580128046053	-0.746	8.569	9.161	0.026	0.011	0.025	0.000000	0.000000
1580128046074	1580128046072	-0.595	8.349	9.027	-0.007	-0.033	0.010	0.000000	0.000000
1580128046096	1580128046095	-0.590	8.152	8.945	-0.008	-0.052	0.010	0.000000	0.000000
1580128046117	1580128046114	-0.655	7.908	8.883	0.009	-0.038	0.008	0.000000	0.000000
1580128046135	1580128046133	-0.693	7.695	8.849	0.031	-0.019	-0.005	0.000000	0.000000
1580128046155	1580128046154	-0.765	7.618	8.919	0.050	0.008	-0.030	0.000000	0.000000
1580128046174	1580128046173	-0.743	7.565	8.969	0.044	0.016	-0.060	0.000000	0.000000
1580128046194	1580128046193	-0.789	7.695	9.039	0.045	0.033	-0.095	0.000000	0.000000
1580128046215	1580128046214	-0.897	7.992	8.976	0.064	0.084	-0.138	0.000000	0.000000
1580128046234	1580128046232	-0.775	8.112	8.763	0.075	0.090	-0.151	0.000000	0.000000
1580128046254	1580128046252	-0.842	7.886	8.516	0.040	0.083	-0.096	0.000000	0.000000
1580128046274	1580128046272	-1.072	7.606	8.313	-0.015	0.097	-0.051	0.000000	0.000000
1580128046296	1580128046295	-1.246	7.439	8.054	-0.067	0.080	-0.037	0.000000	0.000000
1580128046313	1580128046313	-1.383	7.254	7.908	-0.103	0.066	-0.025	0.000000	0.000000
1580128046333	1580128046332	-1.436	6.883	7.819	-0.102	0.049	-0.020	0.000000	0.000000
1580128046353	1580128046352	-1.369	6.662	7.740	-0.073	0.025	-0.038	0.000000	0.000000
1580128046378	1580128046377	-1.443	6.619	7.788	-0.050	0.000	-0.047	0.000000	0.000000
1580128046394	1580128046393	-1.599	6.466	7.791	-0.078	-0.028	-0.068	0.000000	0.000000
1580128046413	1580128046413	-1.474	6.392	7.731	-0.101	-0.055	-0.118	0.000000	0.000000
1580128046433	1580128046432	-1.299	6.559	7.721	-0.087	-0.077	-0.120	0.000000	0.000000
1580128046453	1580128046451	-1.237	6.418	7.688	-0.088	-0.086	-0.068	0.000000	0.000000
1580128046473	1580128046471	-1.084	5.994	7.541	-0.111	-0.110	-0.025	0.000000	0.000000
1580128046493	1580128046491	-1.122	5.881	7.561	-0.114	-0.106	0.007	0.000000	0.000000
1580128046515	1580128046515	-1.330	6.030	7.575	-0.074	-0.091	0.038	0.000000	0.000000
1580128046532	1580128046531	-1.302	6.001	7.482	-0.048	-0.110	0.040	0.000000	0.000000
1580128046552	1580128046552	-1.131	5.728	7.319	-0.066	-0.111	0.028	0.000000	0.000000
1580128046574	1580128046570	-1.026	5.448	7.103	-0.086	-0.089	0.014	0.000000	0.000000
1580128046594	1580128046593	-0.930	5.307	6.969	-0.067	-0.105	0.011	0.000000	0.000000
1580128046617	1580128046614	-0.904	5.285	6.921	-0.001	-0.113	0.013	0.000000	0.000000
1580128046636	1580128046635	-0.945	5.323	6.782	0.057	-0.098	-0.015	0.000000	0.000000
1580128046653	1580128046652	-0.880	5.285	6.571	0.061	-0.099	-0.050	0.000000	0.000000
1580128046672	1580128046671	-0.882	5.220	6.413	0.030	-0.133	-0.051	0.000000	0.000000
1580128046692	1580128046692	-0.866	5.110	6.262	0.002	-0.168	-0.047	0.000000	0.000000
1580128046717	1580128046714	-0.770	4.995	6.130	-0.024	-0.209	-0.067	0.000000	0.000000
1580128046732	1580128046731	-0.672	4.854	5.944	-0.047	-0.205	-0.081	0.000000	0.000000
1580128046753	1580128046751	-0.655	4.681	5.860	-0.026	-0.209	-0.068	0.000000	0.000000
1580128046772	1580128046770	-0.592	4.597	5.807	0.041	-0.238	-0.077	0.000000	0.000000
1580128046793	1580128046793	-0.576	4.835	5.733	0.128	-0.214	-0.104	0.000000	0.000000
1580128046813	1580128046813	-0.695	5.139	5.781	0.229	-0.176	-0.116	0.000000	0.000000
1580128046831	1580128046831	-0.734	5.204	5.774	0.292	-0.163	-0.110	0.000000	0.000000
1580128046856	1580128046850	-0.691	5.225	5.836	0.332	-0.146	-0.112	0.000000	0.000000
1580128046871	1580128046871	-0.700	5.465	5.810	0.360	-0.113	-0.100	0.000000	0.000000
1580128046891	1580128046890	-0.712	5.788	5.764	0.372	-0.081	-0.095	0.000000	0.000000
1580128046911	1580128046911	-0.729	5.951	5.745	0.359	-0.056	-0.073	0.000000	0.000000
1580128046932	1580128046930	-0.827	6.111	5.675	0.340	-0.028	-0.035	0.000000	0.000000
1580128046951	1580128046950	-0.868	6.329	5.615	0.322	-0.008	-0.012	0.000000	0.000000
1580128046971	1580128046970	-0.798	6.361	5.553	0.304	-0.017	0.014	0.000000	0.000000
1580128046992	1580128046990	-0.753	6.384	5.575	0.296	-0.003	0.036	0.000000	0.000000
1580128047018	1580128047018	-0.861	6.579	5.613	0.306	0.054	0.030	0.000000	0.000000
1580128047032	1580128047031	-0.959	6.734	5.639	0.304	0.091	0.020	0.000000	0.000000
1580128047051	1580128047050	-0.911	6.868	5.625	0.281	0.095	0.012	0.000000	0.000000
1580128047072	1580128047071	-0.866	7.010	5.620	0.243	0.104	0.011	0.000000	0.000000
1580128047090	1580128047088	-0.866	7.031	5.611	0.206	0.114	0.029	0.000000	0.000000
1580128047111	1580128047109	-0.789	7.003	5.714	0.196	0.094	0.071	0.000000	0.000000
1580128047135	1580128047130	-0.741	6.971	5.896	0.209	0.085	0.104	0.000000	0.000000
1580128047151	1580128047150	-0.808	7.048	5.965	0.196	0.097	0.105	0.000000	0.000000
1580128047170	1580128047170	-0.794	7.137	5.924	0.147	0.079	0.080	0.000000	0.000000
1580128047190	1580128047188	-0.674	7.201	5.905	0.090	0.026	0.056	0.000000	0.000000
1580128047209	1580128047209	-0.578	7.216	5.877	0.056	-0.005	0.035	0.000000	0.000000
1580128047230	1580128047229	-0.573	7.312	5.838	0.030	-0.015	0.010	0.000000	0.000000
1580128047250	1580128047248	-0.566	7.474	5.841	-0.010	-0.022	-0.020	0.000000	0.000000
1580128047269	1580128047269	-0.621	7.534	5.932	-0.037	-0.032	-0.029	0.000000	0.000000
1580128047290	1580128047288	-0.765	7.640	5.982	-0.032	-0.020	-0.038	0.000000	0.000000
1580128047313	1580128047312	-0.846	7.757	6.059	-0.017	0.006	-0.058	0.000000	0.000000
1580128047333	1580128047330	-0.901	7.795	6.145	-0.030	0.020	-0.050	0.000000	0.000000
1580128047350	1580128047349	-1.019	7.827	6.250	-0.024	0.044	-0.015	0.000000	0.000000
1580128047369	1580128047369	-1.158	7.886	6.380	0.007	0.064	0.035	0.000000	0.000000
1580128047390	1580128047388	-1.249	7.779	6.447	0.017	0.069	0.088	0.000000	0.000000
1580128047410	1580128047409	-1.290	7.506	6.475	-0.007	0.082	0.127	0.000000	0.000000
1580128047437	1580128047435	-1.318	7.309	6.365	-0.008	0.074	0.178	0.000000	0.000000
1580128047449	1580128047449	-1.242	7.213	6.147	0.026	0.053	0.219	0.000000	0.000000
1580128047472	1580128047472	-1.096	7.343	5.920	0.045	0.087	0.211	0.000000	0.000000
1580128047489	1580128047489	-1.016	7.474	5.800	0.051	0.163	0.161	0.000000	0.000000
1580128047509	1580128047509	-1.009	7.462	5.644	-0.007	0.185	0.133	0.000000	0.000000
1580128047531	1580128047531	-1.069	7.295	5.443	-0.120	0.209	0.116	0.000000	0.000000
1580128047555	1580128047551	-1.184	7.153	5.304	-0.262	0.216	0.078	0.000000	0.000000
1580128047571	1580128047568	-1.337	7.096	5.247	-0.417	0.206	-0.007	0.000000	0.000000
1580128047590	1580128047588	-1.591	6.919	5.254	-0.576	0.216	-0.058	0.000000	0.000000
1580128047612	1580128047609	-1.944	6.444	5.266	-0.744	0.212	0.008	0.000000	0.000000
1580128047640	1580128047632	-2.320	6.080	5.316	-0.962	0.175	0.032	0.000000	0.000000
1580128047654	1580128047650	-2.722	5.757	5.524	-1.165	0.201	-0.014	0.000000	0.000000
1580128047671	1580128047670	-3.261	5.433	5.390	-1.578	0.234	-0.416	0.000000	0.000000
1580128047689	1580128047689	-3.496	5.824	5.215	-2.678	0.224	-1.561	0.000000	0.000000
1580128047709	1580128047708	-4.188	3.963	4.775	-3.665	0.166	-2.615	0.000000	0.000000
1580128047731	1580128047731	-4.706	3.603	4.085	-4.570	-0.298	-4.456	0.000000	0.000000
1580128047750	1580128047750	-0.466	-0.718	4.387	-3.590	-1.510	-3.373	0.000000	0.000000
1580128047769	1580128047768	-0.923	-0.512	6.174	-1.643	-2.319	1.566	0.000000	0.000000
1580128047788	1580128047788	-2.437	5.453	5.630	-2.652	-1.596	3.995	0.000000	0.000000
1580128047809	1580128047808	-0.904	3.884	3.852	-4.721	-0.312	2.865	0.000000	0.000000
1580128047829	1580128047828	-0.511	2.803	0.317	-4.455	1.644	5.488	0.000000	0.000000
1580128047854	1580128047854	-10.143	-7.977	8.981	0.942	4.445	7.740	0.000000	0.000000
1580128047870	1580128047868	-6.394	4.217	3.663	-2.098	3.071	2.263	0.000000	0.000000
1580128047888	1580128047887	-6.011	3.201	3.987	-2.778	1.491	2.194	0.000000	0.000000
1580128047908	1580128047907	-5.812	-3.753	5.675	-2.283	2.229	2.778	0.000000	0.000000
1580128047928	1580128047928	-6.416	-4.865	5.481	-5.370	3.875	2.985	0.000000	0.000000
1580128047949	1580128047950	-9.549	-8.192	6.801	-4.507	4.222	2.449	0.000000	0.000000
1580128047973	1580128047972	-9.010	-13.572	9.386	-3.035	4.606	1.631	0.000000	0.000000
1580128047988	1580128047988	-7.343	-13.776	9.994	-2.018	5.654	1.541	0.000000	0.000000
1580128048008	1580128048007	-10.730	-10.964	9.896	-0.144	7.415	2.399	0.000000	0.000000
1580128048027	1580128048027	-13.061	-7.897	10.026	0.319	7.705	1.337	0.000000	0.000000
1580128048049	1580128048049	-14.867	-7.794	11.039	-0.626	6.623	-0.343	0.000000	0.000000
1580128048069	1580128048066	-14.757	-8.959	11.834	-1.697	5.193	-1.541	0.000000	0.000000
1580128048090	1580128048089	-13.871	-8.235	12.002	-2.007	3.784	-1.922	0.000000	0.000000
1580128048109	1580128048107	-13.080	-5.991	12.407	-1.560	2.133	-2.035	0.000000	0.000000
1580128048129	1580128048127	-10.934	-3.530	13.137	-1.739	0.661	-2.205	0.000000	0.000000
1580128048151	1580128048151	-9.923	-0.035	13.123	-3.242	-0.461	-1.882	0.000000	0.000000
1580128048168	1580128048167	-8.117	3.031	11.084	-5.070	-1.275	-1.281	0.000000	0.000000
1580128048187	1580128048186	-6.809	2.976	7.036	-5.562	-1.666	-0.575	0.000000	0.000000
1580128048207	1580128048206	-7.307	0.695	3.136	-3.454	-1.311	0.106	0.000000	0.000000
1580128048227	1580128048226	-8.308	1.349	1.306	-1.215	-0.794	0.061	0.000000	0.000000
1580128048249	1580128048248	-9.087	-0.047	0.662	-0.402	-0.545	-0.219	0.000000	0.000000
1580128048280	1580128048270	-7.911	-3.708	1.318	0.020	-0.357	-0.642	0.000000	0.000000
1580128048289	1580128048285	-6.612	-5.569	2.130	0.232	0.153	-0.683	0.000000	0.000000
1580128048307	1580128048306	-5.544	-6.086	1.967	0.307	0.733	-0.698	0.000000	0.000000
1580128048327	1580128048325	-5.379	-6.149	1.445	0.244	0.984	-0.750	0.000000	0.000000
1580128048346	1580128048345	-6.385	-5.490	0.657	0.247	0.998	-0.844	0.000000	0.000000
1580128048367	1580128048367	-7.542	-5.006	0.000	0.311	0.835	-0.879	0.000000	0.000000
1580128048388	1580128048386	-8.361	-4.026	0.125	0.300	0.650	-0.776	0.000000	0.000000
1580128048405	1580128048405	-8.634	-3.449	0.724	0.066	0.575	-0.695	0.000000	0.000000
1580128048426	1580128048424	-8.237	-4.393	1.488	-0.135	0.566	-0.633	0.000000	0.000000
1580128048447	1580128048443	-7.674	-5.100	1.917	-0.096	0.591	-0.527	0.000000	0.000000
1580128048470	1580128048467	-7.317	-5.356	2.082	-0.022	0.648	-0.481	0.000000	0.000000
1580128048486	1580128048484	-7.154	-5.260	2.046	-0.036	0.668	-0.487	0.000000	0.000000
1580128048507	1580128048503	-7.159	-5.229	1.732	-0.016	0.637	-0.509	0.000000	0.000000
1580128048526	1580128048523	-7.571	-5.167	1.172	0.012	0.551	-0.589	0.000000	0.000000
1580128048546	1580128048543	-7.995	-5.318	0.597	0.047	0.398	-0.670	0.000000	0.000000
1580128048568	1580128048568	-8.208	-5.674	0.403	0.042	0.195	-0.678	0.000000	0.000000
1580128048588	1580128048585	-7.774	-6.019	0.650	-0.049	0.019	-0.685	0.000000	0.000000
1580128048605	1580128048603	-7.702	-6.338	1.201	-0.099	-0.018	-0.747	0.000000	0.000000
1580128048625	1580128048622	-8.263	-6.817	1.675	0.031	0.087	-0.772	0.000000	0.000000
1580128048647	1580128048645	-8.797	-7.049	1.416	0.141	0.135	-0.677	0.000000	0.000000
1580128048666	1580128048665	-8.871	-7.069	0.947	0.118	0.085	-0.580	0.000000	0.000000
1580128048689	1580128048689	-8.610	-7.052	0.973	0.023	0.015	-0.481	0.000000	0.000000
1580128048703	1580128048703	-7.990	-6.946	1.136	0.020	-0.018	-0.384	0.000000	0.000000
1580128048723	1580128048722	-7.585	-6.815	1.162	0.081	-0.028	-0.346	0.000000	0.000000
1580128048743	1580128048742	-7.386	-6.870	1.081	0.089	-0.044	-0.339	0.000000	0.000000
1580128048763	1580128048762	-7.223	-6.927	1.078	0.100	-0.042	-0.354	0.000000	0.000000
1580128048783	1580128048782	-7.051	-7.054	1.145	0.151	0.005	-0.392	0.000000	0.000000
1580128048803	1580128048802	-7.168	-7.366	1.129	0.179	0.084	-0.439	0.000000	0.000000
1580128048823	1580128048822	-7.568	-7.440	0.925	0.213	0.141	-0.497	0.000000	0.000000
1580128048843	1580128048842	-7.813	-7.608	0.856	0.282	0.185	-0.560	0.000000	0.000000
1580128048863	1580128048862	-7.698	-7.907	1.215	0.339	0.246	-0.604	0.000000	0.000000
1580128048888	1580128048887	-7.573	-8.288	1.696	0.314	0.308	-0.597	0.000000	0.000000
1580128048904	1580128048902	-7.614	-8.638	1.632	0.262	0.306	-0.634	0.000000	0.000000
1580128048923	1580128048922	-7.628	-8.841	1.311	0.281	0.281	-0.684	0.000000	0.000000
1580128048942	1580128048941	-7.561	-8.884	1.203	0.290	0.268	-0.700	0.000000	0.000000
1580128048963	1580128048961	-7.429	-9.019	1.155	0.238	0.240	-0.668	0.000000	0.000000
1580128048983	1580128048982	-7.460	-9.220	1.126	0.157	0.209	-0.609	0.000000	0.000000
1580128049005	1580128049003	-7.585	-9.172	1.110	0.105	0.155	-0.555	0.000000	0.000000
1580128049024	1580128049024	-7.503	-9.093	1.189	0.089	0.123	-0.505	0.000000	0.000000
1580128049042	1580128049042	-7.329	-9.181	1.339	0.080	0.131	-0.451	0.000000	0.000000
1580128049062	1580128049062	-7.168	-9.364	1.569	0.081	0.164	-0.414	0.000000	0.000000
1580128049088	1580128049083	-7.168	-9.411	1.311	0.073	0.172	-0.386	0.000000	0.000000
1580128049106	1580128049106	-7.137	-9.349	0.932	0.063	0.168	-0.340	0.000000	0.000000
1580128049123	1580128049121	-6.984	-9.263	1.157	0.042	0.193	-0.259	0.000000	0.000000
1580128049147	1580128049140	-6.869	-9.392	1.356	0.026	0.214	-0.181	0.000000	0.000000
1580128049163	1580128049162	-6.965	-9.426	1.347	0.028	0.213	-0.128	0.000000	0.000000
1580128049182	1580128049182	-6.998	-9.373	1.248	0.048	0.229	-0.064	0.000000	0.000000
1580128049204	1580128049202	-6.943	-9.371	1.213	0.058	0.234	0.015	0.000000	0.000000
1580128049226	1580128049226	-6.895	-9.306	1.201	0.044	0.217	0.107	0.000000	0.000000
1580128049242	1580128049241	-6.859	-9.244	1.179	0.048	0.216	0.192	0.000000	0.000000
1580128049261	1580128049261	-6.854	-9.141	1.157	0.057	0.221	0.266	0.000000	0.000000
1580128049282	1580128049281	-6.991	-8.923	1.122	0.101	0.201	0.335	0.000000	0.000000
1580128049310	1580128049304	-7.127	-8.935	1.122	0.135	0.169	0.404	0.000000	0.000000
1580128049325	1580128049320	-7.271	-8.995	1.153	0.147	0.161	0.473	0.000000	0.000000
1580128049341	1580128049341	-7.353	-9.158	1.342	0.163	0.172	0.523	0.000000	0.000000
1580128049361	1580128049360	-7.547	-9.158	1.232	0.214	0.161	0.567	0.000000	0.000000
1580128049381	1580128049381	-7.690	-8.844	0.947	0.206	0.115	0.621	0.000000	0.000000
1580128049401	1580128049402	-7.544	-8.755	0.942	0.091	0.079	0.684	0.000000	0.000000
1580128049423	1580128049421	-7.350	-8.489	1.047	0.010	0.080	0.766	0.000000	0.000000
1580128049442	1580128049441	-7.139	-8.496	1.136	-0.118	0.160	0.794	0.000000	0.000000
1580128049461	1580128049460	-7.259	-8.554	0.997	-0.320	0.274	0.823	0.000000	0.000000
1580128049480	1580128049480	-7.623	-8.319	0.702	-0.496	0.309	0.869	0.000000	0.000000
1580128049504	1580128049504	-7.824	-7.780	0.590	-0.595	0.263	0.936	0.000000	0.000000
1580128049529	1580128049528	-7.772	-7.270	0.623	-0.624	0.217	0.989	0.000000	0.000000
1580128049544	1580128049542	-7.602	-6.999	0.642	-0.582	0.207	0.990	0.000000	0.000000
1580128049561	1580128049559	-7.657	-6.673	0.436	-0.451	0.207	0.929	0.000000	0.000000
1580128049582	1580128049579	-7.674	-6.350	0.192	-0.336	0.172	0.939	0.000000	0.000000
1580128049601	1580128049598	-7.535	-6.130	0.264	-0.205	0.147	0.926	0.000000	0.000000
1580128049621	1580128049621	-7.762	-5.787	0.269	-0.021	0.163	0.854	0.000000	0.000000
1580128049642	1580128049640	-8.098	-5.363	0.039	0.100	0.153	0.862	0.000000	0.000000
1580128049661	1580128049661	-8.198	-5.023	-0.091	0.107	0.064	0.888	0.000000	0.000000
1580128049681	1580128049679	-8.011	-4.810	0.051	0.133	-0.033	0.924	0.000000	0.000000
1580128049701	1580128049699	-7.602	-4.894	0.307	0.183	-0.066	0.964	0.000000	0.000000
1580128049729	1580128049724	-7.492	-4.944	0.333	0.221	-0.036	0.987	0.000000	0.000000
1580128049741	1580128049738	-7.750	-4.592	0.027	0.277	-0.001	0.972	0.000000	0.000000
1580128049759	1580128049758	-8.002	-4.292	-0.541	0.293	-0.019	0.946	0.000000	0.000000
1580128049780	1580128049779	-8.026	-4.544	-0.745	0.322	-0.207	0.822	0.000000	0.000000
1580128049799	1580128049799	-7.511	-4.307	-0.249	0.294	-0.449	0.802	0.000000	0.000000
1580128049819	1580128049818	-7.305	-3.971	0.039	0.216	-0.445	0.843	0.000000	0.000000
1580128049843	1580128049843	-7.424	-3.736	0.137	0.109	-0.350	0.857	0.000000	0.000000
1580128049860	1580128049859	-7.520	-3.799	0.091	0.048	-0.334	0.821	0.000000	0.000000
1580128049879	1580128049878	-7.408	-3.792	0.048	0.064	-0.445	0.796	0.000000	0.000000
1580128049899	1580128049898	-7.024	-3.633	0.012	0.062	-0.539	0.773	0.000000	0.000000
1580128049922	1580128049921	-7.060	-3.863	-0.057	0.085	-0.497	0.709	0.000000	0.000000
1580128049942	1580128049941	-7.393	-3.586	-0.141	0.135	-0.489	0.657	0.000000	0.000000
1580128049960	1580128049960	-7.458	-3.221	-0.158	0.145	-0.559	0.614	0.000000	0.000000
1580128049980	1580128049978	-7.499	-3.241	-0.043	0.108	-0.555	0.605	0.000000	0.000000
1580128049999	1580128049998	-7.829	-3.284	0.020	0.053	-0.445	0.607	0.000000	0.000000
1580128050018	1580128050017	-8.462	-3.648	0.051	-0.007	-0.357	0.585	0.000000	0.000000
1580128050039	1580128050039	-8.946	-3.789	0.367	-0.081	-0.383	0.537	0.000000	0.000000
1580128050059	1580128050057	-9.156	-3.394	0.621	-0.148	-0.446	0.506	0.000000	0.000000
1580128050078	1580128050076	-9.348	-3.174	0.772	-0.189	-0.500	0.496	0.000000	0.000000
1580128050097	1580128050096	-9.417	-3.164	1.090	-0.203	-0.562	0.480	0.000000	0.000000
1580128050120	1580128050118	-9.382	-3.162	1.411	-0.167	-0.587	0.452	0.000000	0.000000
1580128050141	1580128050141	-9.317	-3.011	1.598	-0.138	-0.563	0.414	0.000000	0.000000
1580128050158	1580128050158	-9.245	-2.826	1.622	-0.100	-0.514	0.380	0.000000	0.000000
1580128050177	1580128050176	-9.159	-2.680	1.682	-0.086	-0.468	0.358	0.000000	0.000000
1580128050197	1580128050196	-9.101	-2.716	1.773	-0.075	-0.432	0.331	0.000000	0.000000
1580128050217	1580128050216	-9.104	-2.711	1.859	-0.028	-0.379	0.303	0.000000	0.000000
1580128050238	1580128050238	-9.214	-2.591	1.852	0.045	-0.326	0.276	0.000000	0.000000
1580128050258	1580128050256	-9.336	-2.520	1.799	0.125	-0.268	0.238	0.000000	0.000000
1580128050277	1580128050277	-9.652	-2.546	1.684	0.169	-0.201	0.182	0.000000	0.000000
1580128050296	1580128050296	-9.956	-2.915	1.874	0.159	-0.210	0.106	0.000000	0.000000
1580128050316	1580128050315	-9.885	-3.150	2.226	0.095	-0.282	0.090	0.000000	0.000000
1580128050337	1580128050336	-9.583	-3.171	2.410	0.027	-0.302	0.110	0.000000	0.000000
1580128050363	1580128050363	-9.425	-3.037	2.427	-0.017	-0.279	0.134	0.000000	0.000000
1580128050381	1580128050378	-9.406	-2.742	2.396	-0.013	-0.298	0.122	0.000000	0.000000
1580128050395	1580128050394	-9.240	-2.529	2.219	0.019	-0.313	0.105	0.000000	0.000000
1580128050416	1580128050415	-9.135	-2.500	2.017	0.028	-0.237	0.088	0.000000	0.000000
1580128050436	1580128050435	-9.202	-2.584	1.938	-0.006	-0.150	0.055	0.000000	0.000000
1580128050457	1580128050457	-9.298	-2.635	2.044	-0.069	-0.132	0.017	0.000000	0.000000
1580128050476	1580128050475	-9.437	-2.687	2.243	-0.104	-0.154	-0.001	0.000000	0.000000
1580128050501	1580128050495	-9.588	-2.714	2.499	-0.122	-0.171	-0.004	0.000000	0.000000
1580128050515	1580128050514	-9.638	-2.812	2.705	-0.148	-0.163	0.002	0.000000	0.000000
1580128050535	1580128050534	-9.674	-2.843	2.782	-0.144	-0.132	0.010	0.000000	0.000000
1580128050558	1580128050558	-9.645	-2.785	2.738	-0.101	-0.110	-0.001	0.000000	0.000000
1580128050576	1580128050576	-9.568	-2.742	2.669	-0.081	-0.119	-0.009	0.000000	0.000000
1580128050595	1580128050594	-9.312	-2.570	2.650	-0.079	-0.123	-0.008	0.000000	0.000000
1580128050620	1580128050616	-9.195	-2.486	2.662	-0.085	-0.090	-0.015	0.000000	0.000000
1580128050635	1580128050634	-9.108	-2.424	2.683	-0.058	-0.074	-0.034	0.000000	0.000000
1580128050657	1580128050657	-9.190	-2.505	2.645	-0.023	-0.069	-0.052	0.000000	0.000000
1580128050676	1580128050676	-9.207	-2.587	2.710	-0.025	-0.101	-0.058	0.000000	0.000000
1580128050701	1580128050694	-9.185	-2.613	2.755	-0.029	-0.084	-0.050	0.000000	0.000000
1580128050715	1580128050714	-9.319	-2.608	2.731	-0.026	-0.034	-0.032	0.000000	0.000000
1580128050735	1580128050734	-9.398	-2.642	2.667	-0.032	-0.015	-0.023	0.000000	0.000000
1580128050757	1580128050754	-9.468	-2.635	2.647	-0.040	0.021	-0.016	0.000000	0.000000
1580128050780	1580128050777	-9.427	-2.687	2.621	-0.050	0.054	-0.013	0.000000	0.000000
1580128050797	1580128050797	-9.437	-2.759	2.626	-0.065	0.095	-0.015	0.000000	0.000000
1580128050815	1580128050813	-9.343	-2.841	2.578	-0.077	0.133	-0.019	0.000000	0.000000
1580128050834	1580128050833	-9.382	-2.829	2.446	-0.108	0.215	-0.003	0.000000	0.000000
1580128050858	1580128050853	-9.518	-2.915	2.223	-0.154	0.281	-0.011	0.000000	0.000000
1580128050875	1580128050875	-9.540	-3.094	2.022	-0.160	0.291	-0.026	0.000000	0.000000
1580128050894	1580128050894	-9.585	-3.044	2.061	-0.160	0.291	-0.036	0.000000	0.000000
1580128050914	1580128050913	-9.477	-3.128	1.938	-0.196	0.289	-0.038	0.000000	0.000000
1580128050933	1580128050933	-9.633	-3.459	1.605	-0.220	0.307	-0.020	0.000000	0.000000
1580128050953	1580128050953	-10.019	-3.521	1.354	-0.232	0.284	-0.060	0.000000	0.000000
1580128050977	1580128050977	-10.033	-3.643	1.316	-0.237	0.182	-0.142	0.000000	0.000000
1580128050996	1580128050993	-9.786	-3.782	1.287	-0.204	0.089	-0.188	0.000000	0.000000
1580128051013	1580128051012	-9.703	-3.320	1.112	-0.199	0.027	-0.195	0.000000	0.000000
1580128051033	1580128051033	-9.698	-3.001	1.011	-0.175	-0.094	-0.222	0.000000	0.000000
1580128051053	1580128051052	-9.707	-3.202	1.105	-0.033	-0.276	-0.281	0.000000	0.000000
1580128051074	1580128051074	-9.329	-3.181	1.433	0.007	-0.464	-0.373	0.000000	0.000000
1580128051093	1580128051092	-8.684	-3.267	1.943	-0.106	-0.440	-0.449	0.000000	0.000000
1580128051118	1580128051118	-8.529	-3.475	2.185	-0.211	-0.136	-0.451	0.000000	0.000000
1580128051135	1580128051132	-8.495	-3.485	1.881	-0.254	0.176	-0.488	0.000000	0.000000
1580128051153	1580128051152	-8.241	-3.950	1.452	-0.213	0.342	-0.547	0.000000	0.000000
1580128051174	1580128051173	-7.829	-4.034	1.122	-0.185	0.462	-0.571	0.000000	0.000000
1580128051200	1580128051194	-6.979	-3.542	1.122	-0.269	0.540	-0.649	0.000000	0.000000
1580128051215	1580128051214	-6.095	-3.291	1.105	-0.312	0.713	-0.785	0.000000	0.000000
1580128051232	1580128051231	-6.009	-3.169	0.765	-0.294	0.894	-0.821	0.000000	0.000000
1580128051253	1580128051251	-6.152	-2.963	0.611	-0.281	0.932	-0.726	0.000000	0.000000
1580128051272	1580128051271	-6.363	-2.836	0.635	-0.336	0.917	-0.584	0.000000	0.000000
1580128051294	1580128051294	-6.876	-2.742	0.654	-0.396	0.952	-0.464	0.000000	0.000000
1580128051312	1580128051312	-7.302	-2.682	1.186	-0.542	1.036	-0.433	0.000000	0.000000
1580128051332	1580128051331	-7.618	-3.353	1.838	-0.555	1.208	-0.556	0.000000	0.000000
1580128051352	1580128051352	-8.237	-3.667	1.811	-0.298	1.202	-0.676	0.000000	0.000000
1580128051372	1580128051371	-8.474	-3.693	1.464	0.008	0.969	-0.805	0.000000	0.000000
1580128051395	1580128051395	-8.320	-3.595	0.944	0.127	0.790	-0.843	0.000000	0.000000
1580128051414	1580128051411	-8.160	-3.281	0.458	0.081	0.785	-0.828	0.000000	0.000000
1580128051432	1580128051431	-8.675	-3.633	0.087	-0.035	0.796	-0.790	0.000000	0.000000
1580128051451	1580128051451	-9.039	-4.386	-0.201	0.025	0.649	-0.745	0.000000	0.000000
1580128051472	1580128051471	-9.312	-4.537	-0.227	0.136	0.439	-0.704	0.000000	0.000000
1580128051493	1580128051492	-9.274	-4.759	-0.045	0.232	0.255	-0.707	0.000000	0.000000
1580128051512	1580128051511	-9.080	-5.121	0.005	0.300	0.179	-0.704	0.000000	0.000000
1580128051532	1580128051531	-8.917	-5.521	0.017	0.250	0.213	-0.595	0.000000	0.000000
1580128051551	1580128051550	-8.696	-6.156	0.384	0.144	0.322	-0.454	0.000000	0.000000
1580128051571	1580128051570	-8.989	-6.489	0.317	0.164	0.370	-0.413	0.000000	0.000000
1580128051591	1580128051589	-8.989	-6.304	0.063	0.200	0.224	-0.450	0.000000	0.000000
1580128051613	1580128051611	-8.893	-6.185	0.075	0.198	0.060	-0.452	0.000000	0.000000
1580128051634	1580128051633	-8.605	-6.302	0.484	0.169	0.047	-0.391	0.000000	0.000000
1580128051651	1580128051650	-8.371	-6.635	0.745	0.146	0.112	-0.341	0.000000	0.000000
1580128051671	1580128051669	-8.344	-6.566	0.652	0.176	0.076	-0.341	0.000000	0.000000
1580128051693	1580128051692	-8.306	-6.273	0.374	0.187	-0.020	-0.335	0.000000	0.000000
1580128051711	1580128051711	-8.234	-6.340	0.182	0.223	-0.037	-0.338	0.000000	0.000000
1580128051731	1580128051729	-8.129	-6.525	0.072	0.304	0.028	-0.366	0.000000	0.000000
1580128051750	1580128051750	-8.189	-7.016	-0.170	0.282	0.159	-0.294	0.000000	0.000000
1580128051770	1580128051769	-8.548	-7.461	-0.330	0.228	0.196	-0.190	0.000000	0.000000
1580128051790	1580128051789	-8.637	-7.392	-0.270	0.158	0.112	-0.165	0.000000	0.000000
1580128051812	1580128051809	-8.632	-7.538	-0.340	0.092	0.048	-0.168	0.000000	0.000000
1580128051832	1580128051830	-8.605	-7.584	-0.282	0.068	0.055	-0.160	0.000000	0.000000
1580128051850	1580128051849	-8.680	-7.490	-0.131	0.012	0.070	-0.174	0.000000	0.000000
1580128051870	1580128051869	-8.859	-7.155	-0.258	-0.041	0.021	-0.198	0.000000	0.000000
1580128051890	1580128051889	-8.938	-7.124	-0.460	-0.018	-0.044	-0.190	0.000000	0.000000
1580128051912	1580128051912	-8.634	-7.378	0.008	0.020	-0.031	-0.149	0.000000	0.000000
1580128051931	1580128051931	-8.519	-7.557	0.456	-0.028	0.017	-0.160	0.000000	0.000000
1580128051951	1580128051949	-8.531	-7.440	0.353	-0.067	0.004	-0.157	0.000000	0.000000
1580128051970	1580128051969	-8.550	-7.155	0.099	-0.102	-0.007	-0.117	0.000000	0.000000
1580128051991	1580128051989	-8.589	-6.961	-0.206	-0.103	0.016	-0.079	0.000000	0.000000
1580128052010	1580128052009	-8.414	-7.054	-0.165	-0.081	0.063	-0.047	0.000000	0.000000
1580128052037	1580128052037	-8.287	-7.299	0.170	-0.096	0.113	-0.029	0.000000	0.000000
1580128052053	1580128052050	-8.404	-7.414	0.149	-0.089	0.123	-0.029	0.000000	0.000000
1580128052070	1580128052069	-8.558	-7.509	-0.172	-0.035	0.118	-0.018	0.000000	0.000000
1580128052091	1580128052089	-8.589	-7.313	-0.306	-0.003	0.126	-0.006	0.000000	0.000000
1580128052116	1580128052116	-8.541	-7.325	-0.325	-0.004	0.144	-0.012	0.000000	0.000000
1580128052132	1580128052129	-8.649	-7.574	-0.371	-0.021	0.165	-0.003	0.000000	0.000000
1580128052154	1580128052154	-8.701	-7.696	-0.472	-0.015	0.181	-0.008	0.000000	0.000000
1580128052171	1580128052171	-8.558	-7.677	-0.371	-0.001	0.179	-0.011	0.000000	0.000000
1580128052189	1580128052189	-8.402	-7.732	-0.143	-0.007	0.192	0.024	0.000000	0.000000
1580128052214	1580128052214	-8.656	-7.687	-0.488	-0.014	0.215	0.087	0.000000	0.000000
1580128052235	1580128052234	-8.855	-7.660	-0.436	-0.021	0.254	0.153	0.000000	0.000000
1580128052251	1580128052251	-8.962	-7.869	-0.213	-0.024	0.295	0.234	0.000000	0.000000
1580128052270	1580128052270	-9.099	-8.036	-0.644	-0.037	0.288	0.329	0.000000	0.000000
1580128052292	1580128052289	-9.161	-8.005	-0.960	-0.074	0.254	0.471	0.000000	0.000000
1580128052310	1580128052309	-9.058	-8.060	-1.097	-0.097	0.232	0.645	0.000000	0.000000
1580128052336	1580128052335	-9.267	-7.747	-0.958	-0.162	0.167	0.799	0.000000	0.000000
1580128052351	1580128052351	-9.688	-7.385	-1.054	-0.261	0.042	0.946	0.000000	0.000000
1580128052375	1580128052375	-9.547	-7.562	-1.679	-0.394	-0.154	1.019	0.000000	0.000000
1580128052390	1580128052389	-9.707	-7.885	-2.247	-0.705	-0.297	1.015	0.000000	0.000000
1580128052409	1580128052409	-10.134	-7.421	-2.592	-0.880	-0.537	1.131	0.000000	0.000000
1580128052429	1580128052429	-9.921	-6.645	-2.666	-0.939	-0.785	1.208	0.000000	0.000000
1580128052454	1580128052452	-9.784	-6.264	-2.412	-1.191	-0.741	1.151	0.000000	0.000000
1580128052471	1580128052469	-10.230	-5.734	-2.776	-1.606	-0.679	1.091	0.000000	0.000000
1580128052488	1580128052488	-9.822	-4.695	-2.673	-1.945	-0.697	1.104	0.000000	0.000000
1580128052509	1580128052508	-9.461	-3.612	-2.577	-2.381	-0.479	1.102	0.000000	0.000000
1580128052533	1580128052533	-9.492	-3.883	-2.886	-2.900	-0.231	1.075	0.000000	0.000000
1580128052550	1580128052547	-8.979	-4.103	-2.405	-3.560	-0.103	1.119	0.000000	0.000000
1580128052569	1580128052569	-8.335	-3.883	-1.818	-4.619	-0.102	1.284	0.000000	0.000000
1580128052591	1580128052588	-7.238	-3.583	-1.782	-5.726	-0.042	1.503	0.000000	0.000000
1580128052609	1580128052607	-6.500	-3.542	-1.375	-7.050	0.490	1.523	0.000000	0.000000
1580128052633	1580128052633	-6.655	-4.295	-0.443	-9.286	0.969	1.251	0.000000	0.000000
1580128052651	1580128052651	-7.748	-3.772	-2.915	-13.628	0.161	0.670	0.000000	0.000000
1580128052668	1580128052667	-6.758	-3.142	-7.368	-17.314	-0.858	-0.027	0.000000	0.000000
1580128052688	1580128052687	-3.728	-2.541	-8.072	-16.251	-0.011	-1.553	0.000000	0.000000
1580128052707	1580128052706	-3.208	-2.088	-6.834	-12.477	2.060	-2.602	0.000000	0.000000
1580128052727	1580128052726	-8.531	-3.344	-0.167	-8.848	3.427	-2.578	0.000000	0.000000
1580128052754	1580128052754	-14.503	3.361	4.195	-7.836	2.496	-2.421	0.000000	0.000000
1580128052767	1580128052766	-12.776	4.643	3.237	-6.552	0.152	-2.205	0.000000	0.000000
1580128052790	1580128052786	-4.320	-2.270	1.936	-2.546	-0.438	-2.511	0.000000	0.000000
1580128052807	1580128052806	-4.833	-4.882	-2.333	0.031	1.280	-1.174	0.000000	0.000000
1580128052826	1580128052826	-10.632	-3.799	-4.834	0.169	2.000	-0.386	0.000000	0.000000
1580128052848	1580128052846	-8.972	0.949	-5.112	0.030	1.011	-0.086	0.000000	0.000000
1580128052873	1580128052866	-6.311	2.803	-4.010	0.212	0.716	-0.052	0.000000	0.000000
1580128052886	1580128052886	-7.331	2.602	-3.039	0.151	1.051	-0.189	0.000000	0.000000
1580128052906	1580128052905	-8.136	1.055	-3.104	0.032	1.106	-0.206	0.000000	0.000000
1580128052927	1580128052925	-7.803	0.367	-3.660	0.009	0.865	-0.141	0.000000	0.000000
1580128052948	1580128052944	-7.733	1.114	-4.383	0.136	0.716	-0.012	0.000000	0.000000
1580128052967	1580128052967	-8.160	2.065	-4.635	0.236	0.663	0.089	0.000000	0.000000
1580128052986	1580128052984	-8.335	2.346	-5.054	0.198	0.606	0.078	0.000000	0.000000
1580128053009	1580128053003	-8.668	2.355	-5.469	0.015	0.573	0.020	0.000000	0.000000
1580128053027	1580128053024	-8.948	1.979	-5.516	-0.088	0.515	-0.044	0.000000	0.000000
1580128053046	1580128053044	-8.979	1.783	-5.655	-0.192	0.427	-0.059	0.000000	0.000000
1580128053068	1580128053068	-8.792	1.680	-5.610	-0.209	0.389	-0.016	0.000000	0.000000
1580128053087	1580128053085	-8.876	1.989	-5.619	-0.327	0.413	-0.072	0.000000	0.000000
1580128053105	1580128053102	-9.125	1.785	-5.437	-0.341	0.388	-0.084	0.000000	0.000000
1580128053126	1580128053123	-8.907	1.440	-5.413	-0.323	0.282	-0.022	0.000000	0.000000
1580128053151	1580128053149	-8.617	1.926	-5.425	-0.300	0.324	0.048	0.000000	0.000000
1580128053172	1580128053172	-8.416	2.238	-5.732	-0.235	0.468	0.094	0.000000	0.000000
1580128053186	1580128053183	-8.380	2.370	-5.981	-0.339	0.530	0.135	0.000000	0.000000
1580128053206	1580128053202	-8.342	2.928	-6.106	-0.519	0.528	0.150	0.000000	0.000000
1580128053225	1580128053223	-8.174	2.844	-6.458	-0.521	0.533	0.154	0.000000	0.000000
1580128053245	1580128053243	-8.009	2.408	-6.808	-0.725	0.673	0.100	0.000000	0.000000
1580128053265	1580128053264	-8.138	2.219	-6.774	-1.060	0.811	-0.045	0.000000	0.000000
1580128053288	1580128053284	-8.138	1.644	-6.767	-1.005	0.751	-0.117	0.000000	0.000000
1580128053304	1580128053304	-7.961	1.316	-6.190	-0.899	0.683	-0.150	0.000000	0.000000
1580128053325	1580128053322	-7.781	1.656	-6.568	-0.983	0.815	-0.128	0.000000	0.000000
1580128053344	1580128053342	-7.896	1.828	-6.139	-0.946	0.880	-0.186	0.000000	0.000000
1580128053364	1580128053364	-7.851	1.510	-5.902	-0.652	0.698	-0.139	0.000000	0.000000
1580128053384	1580128053384	-7.690	2.338	-6.412	-0.817	0.709	-0.181	0.000000	0.000000
1580128053404	1580128053403	-8.016	2.228	-6.623	-0.908	0.685	-0.179	0.000000	0.000000
1580128053428	1580128053422	-7.858	1.965	-7.107	-0.756	0.483	-0.109	0.000000	0.000000
1580128053443	1580128053442	-7.563	2.173	-7.332	-0.494	0.374	-0.040	0.000000	0.000000
1580128053462	1580128053462	-7.530	2.686	-7.440	-0.293	0.372	0.134	0.000000	0.000000
1580128053484	1580128053483	-7.053	4.051	-8.240	-0.417	0.415	0.179	0.000000	0.000000
1580128053502	1580128053502	-6.873	3.376	-7.006	-0.436	0.497	0.063	0.000000	0.000000
1580128053529	1580128053527	-7.341	2.789	-6.470	-0.428	0.683	-0.025	0.000000	0.000000
1580128053542	1580128053542	-7.566	4.200	-7.490	-1.052	0.885	-0.330	0.000000	0.000000
1580128053561	1580128053561	-8.047	1.747	-6.570	-1.413	0.913	-0.766	0.000000	0.000000
1580128053588	1580128053586	-7.338	1.261	-6.666	-0.791	0.445	-0.632	0.000000	0.000000
1580128053603	1580128053601	-7.300	2.942	-6.676	-0.475	0.489	-0.510	0.000000	0.000000
1580128053622	1580128053620	-8.153	2.281	-6.635	-0.499	0.653	-0.528	0.000000	0.000000
1580128053645	1580128053641	-7.262	2.748	-7.807	-0.481	0.453	-0.505	0.000000	0.000000
1580128053663	1580128053661	-6.588	2.094	-8.163	-0.414	0.345	-0.577	0.000000	0.000000
1580128053684	1580128053683	-6.768	2.494	-7.826	-0.014	0.283	-0.612	0.000000	0.000000
1580128053705	1580128053705	-7.707	3.639	-7.565	0.230	0.266	-0.821	0.000000	0.000000
1580128053722	1580128053722	-8.117	3.246	-7.272	0.489	0.110	-0.818	0.000000	0.000000
1580128053742	1580128053741	-6.955	3.464	-7.699	0.528	-0.214	-0.621	0.000000	0.000000
1580128053761	1580128053760	-5.980	2.746	-8.084	0.395	-0.345	-0.681	0.000000	0.000000
1580128053785	1580128053781	-5.791	1.476	-7.059	0.946	-0.230	-0.546	0.000000	0.000000
1580128053801	1580128053800	-6.097	0.894	-5.878	1.550	-0.241	-0.186	0.000000	0.000000
1580128053821	1580128053821	-5.357	1.392	-6.228	1.396	-0.479	-0.191	0.000000	0.000000
1580128053841	1580128053840	-4.040	1.174	-7.392	1.125	-0.669	-0.406	0.000000	0.000000
1580128053862	1580128053860	-3.812	-0.886	-7.411	2.004	-0.744	0.130	0.000000	0.000000
1580128053884	1580128053884	-5.395	-1.085	-5.588	3.074	-0.972	0.997	0.000000	0.000000
1580128053903	1580128053903	-7.003	2.298	-6.393	2.553	-1.076	1.026	0.000000	0.000000
1580128053920	1580128053920	-9.652	4.185	-5.909	1.318	-1.247	-0.187	0.000000	0.000000
1580128053941	1580128053940	-9.552	1.802	-3.109	-0.259	-1.286	-1.218	0.000000	0.000000
1580128053960	1580128053960	-9.885	-1.925	-5.215	-0.421	0.040	-0.411	0.000000	0.000000
1580128053980	1580128053979	-12.060	-1.719	-9.859	0.507	0.363	-0.192	0.000000	0.000000
1580128054006	1580128054006	-10.488	-1.772	-9.452	0.557	-0.159	-0.594	0.000000	0.000000
1580128054020	1580128054020	-9.743	-1.418	-9.560	-0.263	1.196	-0.782	0.000000	0.000000
1580128054043	1580128054043	-11.638	-1.851	-12.051	-0.429	2.258	-0.654	0.000000	0.000000
1580128054060	1580128054059	-9.178	-2.100	-12.983	-0.294	2.236	-0.755	0.000000	0.000000
1580128054082	1580128054079	-6.025	-1.736	-13.163	-0.556	2.501	-1.006	0.000000	0.000000
1580128054099	1580128054098	-3.680	-0.304	-11.127	-1.027	2.638	-1.044	0.000000	0.000000
1580128054124	1580128054122	-3.407	2.334	-3.976	-1.264	2.150	-0.945	0.000000	0.000000
1580128054140	1580128054139	-5.300	4.389	3.093	-0.911	1.358	-0.069	0.000000	0.000000
1580128054160	1580128054159	-4.998	3.335	-0.021	-0.519	1.221	0.379	0.000000	0.000000
1580128054179	1580128054179	-5.455	2.988	-1.188	-1.119	0.404	0.319	0.000000	0.000000
1580128054203	1580128054199	-4.593	5.314	-0.337	-1.585	-0.645	0.431	0.000000	0.000000
1580128054219	1580128054219	-5.350	5.505	-1.873	-2.623	-0.692	0.324	0.000000	0.000000
1580128054241	1580128054241	-6.584	3.893	-4.460	-4.066	-0.867	-0.171	0.000000	0.000000
1580128054260	1580128054259	-7.060	2.669	-6.455	-4.755	-1.373	-0.621	0.000000	0.000000
1580128054279	1580128054278	-7.978	1.828	-8.128	-4.526	-1.857	-0.403	0.000000	0.000000
1580128054302	1580128054302	-7.451	2.516	-9.742	-3.873	-2.414	0.037	0.000000	0.000000
1580128054322	1580128054320	-6.464	2.525	-9.862	-3.183	-2.897	0.519	0.000000	0.000000
1580128054340	1580128054339	-6.251	2.571	-9.021	-3.141	-3.346	1.006	0.000000	0.000000
1580128054358	1580128054358	-5.314	2.137	-6.228	-3.201	-3.882	1.736	0.000000	0.000000
1580128054379	1580128054378	-4.662	2.477	-3.313	-2.578	-4.014	2.493	0.000000	0.000000
1580128054399	1580128054398	-2.844	1.505	-4.848	-0.345	-4.002	3.051	0.000000	0.000000
1580128054426	1580128054424	-0.961	0.628	-5.516	2.570	-3.602	3.191	0.000000	0.000000
1580128054438	1580128054437	-0.365	2.645	-4.129	4.150	-2.784	3.078	0.000000	0.000000
1580128054460	1580128054460	-0.810	6.452	-2.637	3.486	-1.741	2.843	0.000000	0.000000
1580128054478	1580128054477	-5.199	7.618	0.618	1.810	-0.741	1.962	0.000000	0.000000
1580128054498	1580128054497	-8.776	9.329	1.040	0.061	0.235	0.492	0.000000	0.000000
1580128054518	1580128054518	-9.909	9.204	-1.427	-1.920	0.806	-0.553	0.000000	0.000000
1580128054542	1580128054538	-9.748	6.588	-2.929	-1.952	0.429	-0.827	0.000000	0.000000
1580128054558	1580128054557	-8.838	6.380	-3.784	-0.515	-0.823	-0.340	0.000000	0.000000
1580128054579	1580128054576	-5.963	7.312	-5.030	-0.282	-1.884	-0.544	0.000000	0.000000
1580128054599	1580128054596	-4.092	6.406	-5.368	-0.906	-1.963	-0.923	0.000000	0.000000
1580128054628	1580128054622	-4.519	5.407	-4.046	-0.772	-1.212	-0.843	0.000000	0.000000
1580128054641	1580128054637	-6.325	5.687	-2.781	-0.456	-0.560	-0.504	0.000000	0.000000
1580128054660	1580128054660	-7.920	6.976	-1.705	-0.712	-0.555	-0.424	0.000000	0.000000
1580128054678	1580128054678	-8.625	7.170	-1.121	-0.929	-0.689	-0.433	0.000000	0.000000
1580128054698	1580128054697	-9.307	7.486	-1.130	-0.761	-0.699	-0.282	0.000000	0.000000
1580128054720	1580128054718	-9.226	8.164	-1.015	-0.403	-0.716	-0.134	0.000000	0.000000
1580128054746	1580128054739	-8.323	7.949	-1.284	-0.461	-0.710	-0.209	0.000000	0.000000
1580128054759	1580128054759	-7.882	6.852	-1.789	-0.639	-0.636	-0.334	0.000000	0.000000
1580128054779	1580128054777	-7.949	6.813	-1.990	-0.544	-0.566	-0.359	0.000000	0.000000
1580128054798	1580128054797	-8.428	7.357	-1.360	-0.415	-0.563	-0.323	0.000000	0.000000
1580128054818	1580128054816	-8.929	7.592	0.178	-0.189	-0.538	-0.196	0.000000	0.000000
1580128054844	1580128054843	-8.828	7.513	0.594	-0.088	-0.444	-0.035	0.000000	0.000000
1580128054857	1580128054857	-8.395	7.417	0.034	-0.115	-0.428	-0.044	0.000000	0.000000
1580128054880	1580128054880	-7.860	7.072	-1.022	-0.155	-0.470	-0.151	0.000000	0.000000
1580128054898	1580128054896	-7.980	7.060	-1.418	-0.252	-0.464	-0.249	0.000000	0.000000
1580128054917	1580128054917	-8.490	7.216	-0.874	-0.213	-0.412	-0.282	0.000000	0.000000
1580128054940	1580128054940	-8.989	6.950	-0.095	-0.033	-0.334	-0.291	0.000000	0.000000
1580128054961	1580128054957	-9.600	7.340	0.590	0.125	-0.261	-0.337	0.000000	0.000000
1580128054979	1580128054976	-10.254	7.726	0.741	0.053	-0.194	-0.339	0.000000	0.000000
1580128054997	1580128054996	-10.716	7.589	0.721	0.040	-0.166	-0.237	0.000000	0.000000
1580128055019	1580128055016	-10.668	8.016	0.144	0.120	-0.180	0.060	0.000000	0.000000
1580128055041	1580128055039	-10.426	8.243	-0.316	0.162	-0.159	0.078	0.000000	0.000000
1580128055058	1580128055055	-10.428	8.160	-0.299	0.183	-0.117	0.032	0.000000	0.000000
1580128055076	1580128055076	-10.673	8.766	0.113	0.203	-0.122	0.054	0.000000	0.000000
1580128055095	1580128055095	-10.380	9.065	-0.148	0.132	-0.110	-0.026	0.000000	0.000000
1580128055119	1580128055118	-10.254	8.802	0.041	0.035	-0.105	-0.154	0.000000	0.000000
1580128055139	1580128055136	-10.071	8.449	0.566	-0.018	-0.053	-0.243	0.000000	0.000000
1580128055159	1580128055158	-9.698	7.537	0.194	-0.081	0.101	-0.411	0.000000	0.000000
1580128055176	1580128055175	-9.933	7.388	0.444	-0.050	0.128	-0.462	0.000000	0.000000
1580128055196	1580128055194	-9.933	8.490	0.257	0.001	0.103	-0.267	0.000000	0.000000
1580128055215	1580128055214	-9.865	7.851	0.000	0.009	0.192	-0.288	0.000000	0.000000
1580128055236	1580128055234	-9.712	7.601	-0.201	-0.059	0.251	-0.281	0.000000	0.000000
1580128055261	1580128055261	-9.238	7.252	-0.325	-0.042	0.317	-0.261	0.000000	0.000000
1580128055275	1580128055274	-8.936	6.785	-0.476	0.009	0.405	-0.204	0.000000	0.000000
1580128055295	1580128055293	-8.867	6.478	-0.783	0.020	0.501	-0.176	0.000000	0.000000
1580128055315	1580128055314	-9.128	6.382	-0.934	-0.002	0.561	-0.185	0.000000	0.000000
1580128055334	1580128055334	-9.286	6.171	-0.639	0.052	0.597	-0.174	0.000000	0.000000
1580128055355	1580128055355	-9.305	6.368	-0.804	0.160	0.710	-0.084	0.000000	0.000000
1580128055382	1580128055375	-9.437	6.521	-1.248	0.305	0.872	-0.023	0.000000	0.000000
1580128055394	1580128055393	-9.485	6.741	-1.552	0.403	0.987	0.022	0.000000	0.000000
1580128055414	1580128055413	-9.568	7.259	-1.923	0.493	1.025	0.121	0.000000	0.000000
1580128055434	1580128055433	-10.009	7.625	-1.672	0.510	1.124	0.117	0.000000	0.000000
1580128055458	1580128055457	-10.196	7.180	-0.970	0.210	1.213	-0.024	0.000000	0.000000
1580128055475	1580128055473	-9.861	6.411	-1.612	-0.105	1.225	0.004	0.000000	0.000000
1580128055493	1580128055493	-9.667	6.310	-2.572	-0.353	1.133	0.239	0.000000	0.000000
1580128055513	1580128055513	-9.166	7.182	-2.148	-0.380	1.123	0.352	0.000000	0.000000
1580128055533	1580128055533	-8.639	6.763	-1.389	-0.250	1.221	0.308	0.000000	0.000000
1580128055555	1580128055554	-8.280	5.893	-1.293	-0.425	1.429	0.235	0.000000	0.000000
1580128055576	1580128055575	-7.278	5.141	-1.602	-0.589	1.352	0.223	0.000000	0.000000
1580128055594	1580128055592	-6.045	4.947	-2.342	-0.053	1.388	0.337	0.000000	0.000000
1580128055617	1580128055615	-6.184	7.877	-2.306	-0.110	1.876	0.214	0.000000	0.000000
1580128055634	1580128055632	-6.279	5.388	-2.359	-0.906	2.388	-0.549	0.000000	0.000000
1580128055656	1580128055655	-4.521	4.399	-3.801	-0.959	2.256	-0.505	0.000000	0.000000
1580128055679	1580128055679	-4.320	4.933	-4.295	-1.191	2.671	-0.338	0.000000	0.000000
1580128055693	1580128055692	-4.962	2.058	-3.157	-0.248	2.371	-0.139	0.000000	0.000000
