1580127986021	1580127986018	-7.633	-2.505	-0.831	0.321	1.371	-0.283	0.000000	0.000000
1580127986040	1580127986040	-8.819	-1.231	-0.153	0.524	1.101	-0.175	0.000000	0.000000
1580127986057	1580127986056	-7.822	-2.488	-0.313	0.494	0.420	-0.454	0.000000	0.000000
1580127986078	1580127986077	-6.502	-4.925	-0.999	0.637	0.147	-0.615	0.000000	0.000000
1580127986098	1580127986096	-6.160	-5.456	-1.506	0.807	0.247	-0.490	0.000000	0.000000
1580127986117	1580127986116	-5.815	-5.102	-1.569	0.719	0.459	-0.342	0.000000	0.000000
1580127986137	1580127986136	-5.982	-5.320	-1.767	0.590	0.612	-0.254	0.000000	0.000000
1580127986160	1580127986158	-6.284	-5.219	-2.266	0.567	0.571	-0.201	0.000000	0.000000
1580127986177	1580127986176	-7.130	-5.013	-2.850	0.483	0.517	-0.185	0.000000	0.000000
1580127986197	1580127986195	-8.086	-4.903	-3.154	0.313	0.439	-0.227	0.000000	0.000000
1580127986218	1580127986218	-8.776	-4.750	-2.651	0.065	0.322	-0.289	0.000000	0.000000
1580127986236	1580127986235	-8.783	-5.078	-1.935	-0.029	0.178	-0.308	0.000000	0.000000
1580127986257	1580127986255	-8.275	-5.876	-1.537	0.181	0.106	-0.264	0.000000	0.000000
1580127986280	1580127986275	-7.808	-6.405	-1.585	0.419	0.097	-0.169	0.000000	0.000000
1580127986296	1580127986295	-7.369	-6.831	-1.432	0.537	0.181	-0.159	0.000000	0.000000
1580127986315	1580127986314	-7.628	-6.630	-1.641	0.667	0.324	-0.278	0.000000	0.000000
1580127986336	1580127986334	-7.824	-6.884	-2.067	0.695	0.356	-0.353	0.000000	0.000000
1580127986356	1580127986354	-7.853	-7.579	-2.110	0.706	0.428	-0.370	0.000000	0.000000
1580127986376	1580127986374	-8.395	-7.529	-1.861	0.731	0.521	-0.307	0.000000	0.000000
1580127986402	1580127986400	-8.114	-7.344	-1.736	0.473	0.518	-0.161	0.000000	0.000000
1580127986416	1580127986413	-9.161	-9.225	-2.359	0.640	0.567	-0.270	0.000000	0.000000
1580127986436	1580127986433	-9.056	-8.020	-2.548	0.631	0.382	-0.270	0.000000	0.000000
1580127986456	1580127986453	-8.598	-8.120	-2.271	0.394	0.250	-0.238	0.000000	0.000000
1580127986476	1580127986473	-8.102	-8.432	-2.050	0.356	0.198	-0.196	0.000000	0.000000
1580127986500	1580127986499	-7.736	-8.463	-2.048	0.294	0.173	-0.145	0.000000	0.000000
1580127986515	1580127986513	-7.657	-8.271	-2.304	0.158	0.163	-0.061	0.000000	0.000000
1580127986536	1580127986533	-7.760	-7.862	-2.702	0.037	0.144	-0.004	0.000000	0.000000
1580127986554	1580127986553	-7.887	-7.701	-2.886	-0.017	0.119	0.011	0.000000	0.000000
1580127986574	1580127986573	-7.992	-7.545	-3.035	-0.013	0.108	0.029	0.000000	0.000000
1580127986594	1580127986592	-8.066	-7.672	-3.277	-0.005	0.124	0.034	0.000000	0.000000
1580127986614	1580127986614	-8.016	-8.233	-2.958	-0.019	0.137	-0.005	0.000000	0.000000
1580127986635	1580127986633	-7.975	-8.573	-2.400	-0.070	0.124	-0.043	0.000000	0.000000
1580127986653	1580127986653	-8.105	-8.477	-2.232	-0.097	0.107	-0.078	0.000000	0.000000
1580127986673	1580127986673	-8.150	-8.118	-2.539	-0.069	0.112	-0.097	0.000000	0.000000
1580127986700	1580127986694	-8.011	-7.905	-2.951	-0.070	0.140	-0.085	0.000000	0.000000
1580127986716	1580127986714	-8.042	-7.921	-3.044	-0.106	0.167	-0.050	0.000000	0.000000
1580127986735	1580127986733	-8.112	-8.017	-2.654	-0.098	0.172	-0.043	0.000000	0.000000
1580127986753	1580127986752	-8.086	-8.238	-2.407	-0.080	0.166	-0.032	0.000000	0.000000
1580127986777	1580127986772	-8.186	-8.161	-2.503	-0.087	0.167	-0.005	0.000000	0.000000
1580127986793	1580127986792	-8.277	-8.056	-2.486	-0.123	0.164	0.050	0.000000	0.000000
1580127986812	1580127986812	-8.174	-8.216	-2.481	-0.143	0.153	0.115	0.000000	0.000000
1580127986834	1580127986834	-8.129	-8.132	-2.625	-0.130	0.155	0.157	0.000000	0.000000
1580127986854	1580127986854	-8.143	-7.907	-2.764	-0.131	0.153	0.210	0.000000	0.000000
1580127986877	1580127986877	-8.213	-7.749	-2.699	-0.162	0.106	0.265	0.000000	0.000000
1580127986897	1580127986893	-8.392	-7.651	-2.798	-0.188	0.031	0.300	0.000000	0.000000
1580127986916	1580127986913	-8.620	-7.593	-2.690	-0.211	-0.051	0.326	0.000000	0.000000
1580127986933	1580127986932	-8.493	-7.953	-2.445	-0.220	-0.123	0.351	0.000000	0.000000
1580127986957	1580127986954	-8.526	-8.082	-2.615	-0.200	-0.121	0.390	0.000000	0.000000
1580127986973	1580127986973	-8.649	-7.790	-2.886	-0.218	-0.136	0.441	0.000000	0.000000
1580127987002	1580127987000	-8.584	-7.593	-3.001	-0.263	-0.189	0.490	0.000000	0.000000
1580127987012	1580127987012	-8.464	-7.416	-3.099	-0.324	-0.231	0.525	0.000000	0.000000
1580127987035	1580127987035	-8.411	-7.275	-3.305	-0.385	-0.250	0.560	0.000000	0.000000
1580127987053	1580127987051	-8.347	-7.037	-3.399	-0.494	-0.308	0.594	0.000000	0.000000
1580127987072	1580127987071	-8.399	-6.647	-3.344	-0.574	-0.395	0.594	0.000000	0.000000
1580127987093	1580127987092	-8.277	-5.971	-3.296	-0.577	-0.473	0.611	0.000000	0.000000
1580127987117	1580127987112	-8.282	-5.641	-3.401	-0.577	-0.514	0.629	0.000000	0.000000
1580127987132	1580127987132	-8.443	-5.325	-3.459	-0.677	-0.586	0.624	0.000000	0.000000
1580127987153	1580127987151	-8.299	-4.951	-3.190	-0.759	-0.732	0.579	0.000000	0.000000
1580127987172	1580127987171	-8.354	-4.359	-2.857	-0.824	-0.929	0.546	0.000000	0.000000
1580127987191	1580127987191	-8.483	-3.998	-2.469	-0.993	-1.024	0.550	0.000000	0.000000
1580127987213	1580127987212	-8.263	-4.299	-1.863	-1.102	-1.084	0.523	0.000000	0.000000
1580127987233	1580127987233	-7.968	-4.738	-1.607	-1.186	-1.014	0.561	0.000000	0.000000
1580127987251	1580127987251	-7.736	-4.525	-1.813	-1.132	-0.854	0.626	0.000000	0.000000
1580127987270	1580127987270	-7.554	-3.964	-1.914	-0.892	-0.704	0.654	0.000000	0.000000
1580127987296	1580127987294	-7.417	-3.432	-2.076	-0.662	-0.586	0.638	0.000000	0.000000
1580127987313	1580127987313	-7.338	-3.382	-2.275	-0.417	-0.598	0.505	0.000000	0.000000
1580127987331	1580127987331	-6.998	-3.336	-2.297	-0.275	-0.708	0.375	0.000000	0.000000
1580127987351	1580127987350	-6.792	-3.358	-2.247	-0.333	-0.707	0.346	0.000000	0.000000
1580127987370	1580127987370	-6.751	-3.291	-2.304	-0.536	-0.552	0.350	0.000000	0.000000
1580127987391	1580127987390	-7.048	-3.049	-2.232	-0.736	-0.378	0.337	0.000000	0.000000
1580127987417	1580127987417	-7.525	-3.159	-1.928	-0.831	-0.390	0.304	0.000000	0.000000
1580127987431	1580127987430	-7.475	-3.399	-2.012	-0.840	-0.473	0.302	0.000000	0.000000
1580127987455	1580127987450	-7.654	-3.336	-2.065	-0.609	-0.508	0.297	0.000000	0.000000
1580127987471	1580127987469	-7.961	-2.984	-2.009	-0.239	-0.642	0.187	0.000000	0.000000
1580127987496	1580127987492	-7.820	-3.054	-2.194	0.058	-0.745	0.064	0.000000	0.000000
1580127987510	1580127987509	-7.803	-3.114	-2.268	0.272	-0.835	0.031	0.000000	0.000000
1580127987533	1580127987533	-7.686	-2.893	-1.976	0.342	-0.976	0.047	0.000000	0.000000
1580127987551	1580127987550	-7.508	-2.764	-1.818	0.123	-0.931	0.059	0.000000	0.000000
1580127987570	1580127987569	-7.853	-3.186	-1.782	-0.056	-0.773	0.076	0.000000	0.000000
1580127987590	1580127987589	-8.234	-3.415	-1.509	-0.216	-0.711	0.105	0.000000	0.000000
1580127987613	1580127987613	-8.239	-3.657	-1.236	-0.332	-0.625	0.103	0.000000	0.000000
1580127987630	1580127987630	-8.620	-3.986	-1.025	-0.332	-0.500	0.066	0.000000	0.000000
1580127987650	1580127987648	-9.049	-4.108	-0.943	-0.281	-0.454	0.055	0.000000	0.000000
1580127987670	1580127987669	-9.259	-3.935	-0.826	-0.221	-0.450	0.055	0.000000	0.000000
1580127987689	1580127987689	-9.540	-3.792	-0.620	-0.243	-0.472	0.036	0.000000	0.000000
1580127987713	1580127987712	-9.568	-3.653	-0.505	-0.279	-0.527	0.011	0.000000	0.000000
1580127987731	1580127987730	-9.480	-3.406	-0.491	-0.312	-0.552	0.015	0.000000	0.000000
1580127987751	1580127987749	-9.504	-3.135	-0.608	-0.352	-0.557	0.023	0.000000	0.000000
1580127987769	1580127987768	-9.429	-3.159	-0.929	-0.393	-0.527	0.037	0.000000	0.000000
1580127987789	1580127987788	-9.482	-3.181	-1.061	-0.487	-0.507	0.040	0.000000	0.000000
1580127987809	1580127987808	-9.374	-3.291	-0.852	-0.525	-0.548	0.034	0.000000	0.000000
1580127987835	1580127987835	-9.087	-3.413	-0.821	-0.530	-0.468	0.068	0.000000	0.000000
1580127987849	1580127987848	-9.281	-3.569	-1.006	-0.640	-0.314	0.113	0.000000	0.000000
1580127987872	1580127987870	-9.475	-3.569	-0.900	-0.824	-0.243	0.095	0.000000	0.000000
1580127987888	1580127987888	-9.516	-3.574	-0.800	-0.899	-0.134	0.067	0.000000	0.000000
1580127987908	1580127987907	-9.612	-3.629	-1.073	-0.884	0.033	0.058	0.000000	0.000000
1580127987930	1580127987930	-9.770	-3.622	-1.341	-0.865	0.077	0.013	0.000000	0.000000
1580127987957	1580127987952	-9.801	-3.667	-1.238	-0.857	-0.047	-0.058	0.000000	0.000000
1580127987968	1580127987967	-9.530	-3.535	-0.931	-0.744	-0.214	-0.113	0.000000	0.000000
1580127987990	1580127987988	-9.240	-3.219	-0.788	-0.702	-0.249	-0.109	0.000000	0.000000
1580127988007	1580127988006	-9.267	-3.035	-0.989	-0.763	-0.199	-0.086	0.000000	0.000000
1580127988033	1580127988027	-9.504	-3.121	-1.008	-0.817	-0.201	-0.081	0.000000	0.000000
1580127988049	1580127988046	-9.731	-3.317	-0.766	-0.911	-0.275	-0.075	0.000000	0.000000
1580127988068	1580127988066	-9.719	-3.602	-0.591	-0.901	-0.283	-0.063	0.000000	0.000000
1580127988087	1580127988086	-9.686	-3.847	-0.627	-0.806	-0.225	-0.052	0.000000	0.000000
1580127988107	1580127988106	-9.798	-3.909	-0.512	-0.812	-0.198	-0.074	0.000000	0.000000
1580127988130	1580127988130	-9.683	-4.153	-0.215	-0.857	-0.242	-0.139	0.000000	0.000000
1580127988154	1580127988149	-9.480	-4.326	-0.095	-0.913	-0.185	-0.154	0.000000	0.000000
1580127988167	1580127988167	-9.516	-3.966	-0.395	-1.221	-0.049	-0.207	0.000000	0.000000
1580127988188	1580127988186	-9.604	-3.830	-1.181	-1.814	0.069	-0.341	0.000000	0.000000
1580127988207	1580127988206	-9.825	-3.485	-1.966	-2.608	0.097	-0.510	0.000000	0.000000
1580127988228	1580127988226	-9.576	-2.361	-2.347	-3.749	0.198	-0.789	0.000000	0.000000
1580127988254	1580127988254	-9.410	-1.286	-3.248	-5.509	0.361	-1.308	0.000000	0.000000
1580127988267	1580127988267	-9.475	-1.248	-5.155	-7.860	0.253	-2.056	0.000000	0.000000
1580127988288	1580127988286	-9.509	-1.885	-6.511	-10.149	-0.562	-3.008	0.000000	0.000000
1580127988307	1580127988306	-7.863	-1.906	-6.767	-11.542	-1.404	-3.765	0.000000	0.000000
1580127988326	1580127988326	-6.806	-1.319	-6.741	-12.087	-1.307	-4.006	0.000000	0.000000
1580127988348	1580127988348	-7.781	-0.270	-7.172	-12.448	-1.230	-4.006	0.000000	0.000000
1580127988374	1580127988366	-8.387	-0.059	-7.572	-12.193	-1.950	-4.287	0.000000	0.000000
1580127988387	1580127988386	-7.597	-2.797	-5.543	-9.881	-2.720	-4.176	0.000000	0.000000
1580127988407	1580127988407	-7.338	-4.817	-2.891	-6.731	-2.802	-3.019	0.000000	0.000000
1580127988426	1580127988426	-7.853	-3.308	-2.541	-4.232	-2.497	-1.306	0.000000	0.000000
1580127988455	1580127988451	-8.799	-1.169	-4.034	-2.325	-2.083	0.091	0.000000	0.000000
1580127988466	1580127988464	-10.254	-1.602	-5.310	-0.427	-2.046	0.989	0.000000	0.000000
1580127988487	1580127988484	-9.659	-1.724	-5.964	1.219	-2.573	1.747	0.000000	0.000000
1580127988506	1580127988505	-9.010	-0.445	-5.576	1.730	-2.736	2.678	0.000000	0.000000
1580127988526	1580127988525	-9.152	-0.076	-4.920	1.643	-2.532	3.102	0.000000	0.000000
1580127988547	1580127988547	-8.675	-0.344	-3.895	1.011	-1.872	3.269	0.000000	0.000000
1580127988568	1580127988568	-7.815	0.271	-4.010	0.119	-0.953	3.216	0.000000	0.000000
1580127988585	1580127988585	-7.616	-0.088	-4.460	-0.018	-0.070	3.118	0.000000	0.000000
1580127988605	1580127988605	-7.132	-0.507	-3.380	0.420	0.014	2.608	0.000000	0.000000
1580127988626	1580127988624	-6.093	-0.282	-2.568	0.590	0.149	2.082	0.000000	0.000000
1580127988648	1580127988648	-6.109	0.257	-1.830	0.259	0.445	1.994	0.000000	0.000000
1580127988672	1580127988672	-6.835	0.326	-0.948	0.289	0.430	1.876	0.000000	0.000000
1580127988685	1580127988685	-8.277	0.784	0.204	0.228	0.144	1.373	0.000000	0.000000
1580127988705	1580127988704	-8.847	1.263	0.535	-0.285	-0.596	0.881	0.000000	0.000000
1580127988725	1580127988724	-7.563	0.470	-1.073	-0.381	-0.990	0.425	0.000000	0.000000
1580127988746	1580127988744	-7.077	-0.548	-2.405	0.078	-0.940	0.392	0.000000	0.000000
1580127988765	1580127988764	-7.391	0.333	-2.972	0.444	-0.734	0.530	0.000000	0.000000
1580127988785	1580127988784	-7.477	1.531	-3.245	0.637	-0.527	0.553	0.000000	0.000000
1580127988805	1580127988804	-6.972	1.514	-3.646	0.693	-0.444	0.412	0.000000	0.000000
1580127988824	1580127988824	-6.885	0.803	-4.065	0.790	-0.375	0.285	0.000000	0.000000
1580127988845	1580127988845	-7.367	0.401	-4.031	1.050	-0.226	0.263	0.000000	0.000000
1580127988875	1580127988871	-7.614	1.198	-3.952	1.442	-0.149	0.308	0.000000	0.000000
1580127988884	1580127988883	-7.913	2.070	-3.296	1.704	-0.147	0.348	0.000000	0.000000
1580127988904	1580127988903	-8.263	2.209	-2.934	1.868	-0.359	0.321	0.000000	0.000000
1580127988924	1580127988923	-8.052	2.267	-2.862	2.110	-0.479	0.225	0.000000	0.000000
1580127988944	1580127988944	-7.987	2.046	-4.125	1.516	-0.039	-0.014	0.000000	0.000000
1580127988964	1580127988963	-8.117	2.264	-4.815	1.322	0.137	-0.310	0.000000	0.000000
1580127988986	1580127988983	-8.644	2.377	-5.627	0.952	0.213	-0.506	0.000000	0.000000
1580127989003	1580127989003	-9.147	3.282	-6.077	0.565	0.202	-0.689	0.000000	0.000000
1580127989027	1580127989024	-8.787	3.764	-6.106	0.368	0.352	-0.768	0.000000	0.000000
1580127989043	1580127989043	-9.003	3.431	-5.504	0.846	0.808	-0.937	0.000000	0.000000
1580127989065	1580127989065	-9.576	3.702	-5.430	1.168	1.188	-0.722	0.000000	0.000000
1580127989089	1580127989089	-9.619	4.597	-5.485	1.782	1.247	-0.570	0.000000	0.000000
1580127989105	1580127989104	-11.111	4.183	-5.191	1.621	1.436	-0.231	0.000000	0.000000
1580127989123	1580127989121	-12.251	3.342	-4.534	1.900	1.257	-0.258	0.000000	0.000000
1580127989143	1580127989141	-11.190	5.278	-5.035	1.594	0.854	-0.452	0.000000	0.000000
1580127989163	1580127989162	-11.636	5.548	-5.033	0.986	0.998	-0.416	0.000000	0.000000
1580127989182	1580127989181	-12.136	5.206	-4.417	0.521	0.921	-0.579	0.000000	0.000000
1580127989204	1580127989204	-11.559	4.894	-4.031	0.227	0.644	-0.665	0.000000	0.000000
1580127989224	1580127989223	-11.549	4.516	-4.108	0.503	0.588	-0.407	0.000000	0.000000
1580127989243	1580127989242	-12.031	5.239	-4.292	0.722	0.630	0.107	0.000000	0.000000
1580127989263	1580127989263	-12.156	5.196	-4.113	0.500	0.425	0.136	0.000000	0.000000
1580127989287	1580127989287	-12.587	4.099	-3.890	0.168	0.356	-0.194	0.000000	0.000000
1580127989303	1580127989303	-12.529	3.745	-4.726	0.093	0.413	-0.347	0.000000	0.000000
1580127989325	1580127989322	-10.728	3.450	-6.307	-0.193	0.242	-0.413	0.000000	0.000000
1580127989342	1580127989342	-9.286	2.408	-8.096	-0.257	0.263	-0.217	0.000000	0.000000
1580127989362	1580127989362	-9.118	1.668	-8.568	0.232	0.384	0.057	0.000000	0.000000
1580127989382	1580127989382	-9.525	1.706	-8.053	0.386	0.456	0.244	0.000000	0.000000
1580127989404	1580127989403	-9.518	1.653	-7.617	0.440	0.379	0.167	0.000000	0.000000
1580127989424	1580127989422	-9.353	2.116	-7.332	0.361	0.306	-0.001	0.000000	0.000000
1580127989442	1580127989441	-9.202	2.185	-7.066	0.267	0.091	-0.103	0.000000	0.000000
1580127989462	1580127989461	-9.128	2.420	-7.021	0.188	-0.185	-0.075	0.000000	0.000000
1580127989485	1580127989484	-9.075	2.101	-7.145	-0.022	-0.359	-0.102	0.000000	0.000000
1580127989507	1580127989507	-9.269	1.423	-7.198	-0.111	-0.435	-0.080	0.000000	0.000000
1580127989528	1580127989526	-9.334	1.229	-7.153	-0.088	-0.465	0.026	0.000000	0.000000
1580127989548	1580127989547	-9.231	1.407	-7.119	-0.063	-0.498	0.094	0.000000	0.000000
1580127989562	1580127989562	-9.353	1.502	-6.942	-0.066	-0.572	0.116	0.000000	0.000000
1580127989582	1580127989582	-9.624	1.385	-6.683	0.110	-0.697	0.204	0.000000	0.000000
1580127989603	1580127989602	-10.246	1.615	-6.175	0.280	-0.771	0.267	0.000000	0.000000
1580127989622	1580127989623	-11.279	1.340	-5.112	0.543	-0.770	0.296	0.000000	0.000000
1580127989641	1580127989642	-11.748	1.347	-4.110	0.685	-0.992	0.215	0.000000	0.000000
1580127989662	1580127989661	-10.984	1.560	-4.589	0.510	-1.392	-0.223	0.000000	0.000000
1580127989683	1580127989681	-10.153	1.241	-6.166	0.244	-1.359	-0.792	0.000000	0.000000
1580127989707	1580127989705	-10.769	-0.045	-6.616	0.200	-0.890	-0.892	0.000000	0.000000
1580127989721	1580127989721	-10.330	-1.027	-6.736	0.368	-0.396	-0.626	0.000000	0.000000
1580127989742	1580127989742	-9.885	-0.546	-6.506	0.880	-0.005	-0.167	0.000000	0.000000
1580127989762	1580127989761	-10.613	0.175	-5.799	1.795	-0.009	0.257	0.000000	0.000000
1580127989781	1580127989781	-11.226	0.952	-4.961	2.423	-0.571	0.337	0.000000	0.000000
1580127989803	1580127989802	-10.469	1.926	-5.251	2.442	-0.811	-0.028	0.000000	0.000000
1580127989826	1580127989826	-9.719	0.460	-5.071	2.564	-0.162	-0.040	0.000000	0.000000
1580127989843	1580127989843	-9.806	0.295	-5.548	2.326	0.395	0.227	0.000000	0.000000
1580127989861	1580127989861	-9.899	0.535	-5.663	2.656	0.438	0.593	0.000000	0.000000
1580127989881	1580127989881	-9.633	0.573	-4.819	3.054	0.402	1.157	0.000000	0.000000
1580127989904	1580127989904	-9.933	1.246	-3.890	2.889	0.434	1.639	0.000000	0.000000
1580127989928	1580127989928	-10.062	0.968	-3.447	2.806	0.158	1.896	0.000000	0.000000
1580127989943	1580127989941	-8.982	0.096	-4.187	2.842	-0.048	2.185	0.000000	0.000000
1580127989964	1580127989964	-9.073	0.333	-3.957	3.100	-0.022	2.337	0.000000	0.000000
1580127989981	1580127989981	-9.353	0.892	-4.043	2.799	0.008	2.220	0.000000	0.000000
1580127990001	1580127990000	-8.601	0.551	-4.038	2.876	0.176	1.981	0.000000	0.000000
1580127990039	1580127990028	-8.471	0.659	-3.842	2.506	0.294	1.659	0.000000	0.000000
1580127990061	1580127990057	-9.130	1.213	-3.238	1.634	-0.103	1.185	0.000000	0.000000
1580127990066	1580127990063	-8.253	0.144	-2.786	1.678	-0.171	0.734	0.000000	0.000000
1580127990080	1580127990080	-7.846	-0.146	-2.884	1.651	0.087	0.554	0.000000	0.000000
1580127990101	1580127990100	-8.016	-0.146	-2.798	1.876	0.249	0.611	0.000000	0.000000
1580127990125	1580127990125	-7.357	0.750	-3.049	1.365	0.385	0.605	0.000000	0.000000
1580127990143	1580127990140	-7.714	1.119	-2.199	0.702	0.326	0.538	0.000000	0.000000
1580127990161	1580127990160	-7.904	0.609	-1.894	0.138	0.181	0.032	0.000000	0.000000
1580127990181	1580127990179	-6.787	0.295	-2.263	-0.208	0.161	-0.219	0.000000	0.000000
1580127990201	1580127990199	-7.175	0.652	-2.060	-0.740	0.200	-0.311	0.000000	0.000000
1580127990221	1580127990221	-8.021	-0.701	-2.189	-0.507	0.150	-0.235	0.000000	0.000000
1580127990242	1580127990242	-7.290	0.103	-2.680	-0.400	0.018	-0.084	0.000000	0.000000
1580127990260	1580127990259	-7.168	2.202	-3.279	-0.761	0.011	-0.001	0.000000	0.000000
1580127990280	1580127990279	-7.604	2.952	-3.588	-1.365	0.094	-0.100	0.000000	0.000000
1580127990300	1580127990299	-7.374	3.445	-4.108	-2.136	0.167	-0.293	0.000000	0.000000
1580127990321	1580127990319	-7.398	3.733	-4.391	-2.658	0.323	-0.697	0.000000	0.000000
1580127990349	1580127990343	-7.887	2.113	-4.228	-2.340	0.352	-0.815	0.000000	0.000000
1580127990362	1580127990360	-7.652	3.484	-4.755	-2.584	0.212	-0.658	0.000000	0.000000
1580127990380	1580127990378	-7.872	4.296	-4.640	-2.555	0.186	-0.549	0.000000	0.000000
1580127990399	1580127990398	-7.611	4.260	-4.393	-2.661	0.208	-0.758	0.000000	0.000000
1580127990419	1580127990418	-7.477	3.110	-4.762	-2.729	0.316	-0.915	0.000000	0.000000
1580127990439	1580127990438	-7.614	3.867	-5.045	-2.720	0.279	-0.706	0.000000	0.000000
1580127990458	1580127990458	-7.554	4.768	-5.100	-2.776	0.247	-0.660	0.000000	0.000000
1580127990480	1580127990478	-7.068	5.000	-5.502	-2.986	0.263	-0.680	0.000000	0.000000
1580127990499	1580127990497	-6.895	4.600	-5.296	-3.213	0.443	-0.938	0.000000	0.000000
1580127990522	1580127990520	-6.485	5.050	-5.806	-3.288	0.675	-1.133	0.000000	0.000000
1580127990541	1580127990540	-6.507	5.920	-6.688	-3.888	1.019	-1.404	0.000000	0.000000
1580127990561	1580127990560	-6.979	5.084	-7.335	-4.376	1.201	-1.672	0.000000	0.000000
1580127990578	1580127990577	-7.400	5.635	-8.278	-4.397	1.173	-1.583	0.000000	0.000000
1580127990598	1580127990597	-7.269	5.254	-9.064	-4.285	1.171	-1.437	0.000000	0.000000
1580127990617	1580127990617	-7.484	5.153	-9.160	-4.155	1.267	-1.352	0.000000	0.000000
1580127990639	1580127990639	-7.115	4.672	-9.368	-4.020	1.354	-1.026	0.000000	0.000000
1580127990659	1580127990657	-7.321	3.072	-9.110	-3.493	1.613	-0.571	0.000000	0.000000
1580127990678	1580127990678	-6.866	3.421	-8.717	-2.909	1.731	0.214	0.000000	0.000000
1580127990698	1580127990696	-8.253	1.924	-7.217	-2.785	1.870	0.240	0.000000	0.000000
1580127990718	1580127990717	-10.637	-2.314	-4.630	-2.875	1.701	-0.704	0.000000	0.000000
1580127990737	1580127990736	-9.544	-2.469	-4.716	-1.685	1.067	-0.723	0.000000	0.000000
1580127990761	1580127990761	-9.492	-1.226	-5.734	-0.221	0.512	-0.132	0.000000	0.000000
1580127990780	1580127990776	-7.887	0.453	-7.943	0.736	-0.195	0.931	0.000000	0.000000
1580127990797	1580127990795	-7.472	2.334	-7.771	1.255	-0.327	1.498	0.000000	0.000000
1580127990817	1580127990815	-10.134	2.235	-4.927	1.047	-0.033	1.219	0.000000	0.000000
1580127990839	1580127990837	-10.678	-0.182	-3.885	0.464	0.009	0.691	0.000000	0.000000
1580127990858	1580127990855	-9.257	1.512	-4.896	0.322	0.021	0.570	0.000000	0.000000
1580127990877	1580127990875	-8.907	3.230	-6.008	0.518	0.264	0.581	0.000000	0.000000
1580127990896	1580127990895	-8.708	4.217	-6.762	0.483	0.515	0.587	0.000000	0.000000
1580127990917	1580127990914	-8.131	5.098	-6.760	0.279	0.832	0.460	0.000000	0.000000
1580127990937	1580127990936	-8.181	5.747	-6.841	0.315	1.059	0.509	0.000000	0.000000
1580127990964	1580127990958	-7.343	7.355	-7.541	-0.017	1.306	0.397	0.000000	0.000000
1580127990978	1580127990974	-6.838	7.460	-7.828	-0.228	1.699	0.314	0.000000	0.000000
1580127990998	1580127990996	-6.461	8.227	-7.735	-0.821	2.098	0.306	0.000000	0.000000
1580127991018	1580127991013	-5.903	7.874	-7.191	-1.481	2.456	0.218	0.000000	0.000000
1580127991037	1580127991034	-4.890	7.568	-7.160	-2.105	2.682	0.023	0.000000	0.000000
1580127991057	1580127991055	-5.312	5.774	-5.251	-2.543	2.819	-0.234	0.000000	0.000000
1580127991078	1580127991078	-5.973	3.232	-4.137	-2.422	2.165	-0.216	0.000000	0.000000
1580127991095	1580127991094	-4.696	2.657	-4.635	-1.834	1.277	-0.011	0.000000	0.000000
1580127991116	1580127991113	-4.083	3.325	-5.124	-1.246	0.799	0.020	0.000000	0.000000
1580127991135	1580127991133	-3.400	3.419	-5.847	-1.122	0.379	-0.238	0.000000	0.000000
1580127991155	1580127991154	-3.652	2.643	-5.428	-1.232	-0.145	-0.654	0.000000	0.000000
1580127991180	1580127991177	-4.083	2.240	-5.028	-0.876	-0.664	-0.893	0.000000	0.000000
1580127991196	1580127991193	-4.936	2.676	-5.476	-0.160	-1.136	-0.687	0.000000	0.000000
1580127991215	1580127991213	-5.599	3.795	-5.088	0.857	-1.653	-0.038	0.000000	0.000000
1580127991235	1580127991233	-6.248	5.465	-4.494	1.590	-1.810	0.490	0.000000	0.000000
1580127991255	1580127991254	-7.276	7.228	-4.575	1.666	-1.748	0.802	0.000000	0.000000
1580127991274	1580127991273	-7.549	7.388	-4.113	1.600	-2.196	0.828	0.000000	0.000000
1580127991294	1580127991294	-7.424	5.002	-3.116	2.512	-3.422	0.204	0.000000	0.000000
1580127991313	1580127991313	-6.124	3.800	-3.068	3.175	-4.418	-0.722	0.000000	0.000000
1580127991334	1580127991333	-5.084	3.476	-2.141	2.557	-4.524	-1.392	0.000000	0.000000
1580127991358	1580127991358	-2.217	3.457	-4.740	0.975	-3.116	-1.733	0.000000	0.000000
1580127991377	1580127991376	-3.419	1.706	-7.373	-0.597	-0.806	-1.434	0.000000	0.000000
1580127991397	1580127991395	-7.192	2.866	-7.993	-2.582	-0.100	-1.683	0.000000	0.000000
1580127991414	1580127991412	-5.812	5.350	-7.282	-4.174	-0.550	-1.907	0.000000	0.000000
1580127991433	1580127991432	-5.175	7.110	-4.973	-5.676	0.353	-1.321	0.000000	0.000000
1580127991457	1580127991454	-15.337	8.948	0.882	-7.244	0.601	-0.536	0.000000	0.000000
1580127991474	1580127991474	-13.193	1.809	2.947	-4.633	-2.290	-1.013	0.000000	0.000000
1580127991497	1580127991496	-5.027	-1.379	1.629	-1.857	-2.303	-0.281	0.000000	0.000000
1580127991514	1580127991512	-8.924	3.963	-1.705	-2.438	-0.056	0.734	0.000000	0.000000
1580127991532	1580127991532	-9.669	7.654	-4.129	-3.256	-0.133	0.604	0.000000	0.000000
1580127991552	1580127991552	-6.735	3.857	-3.056	-2.733	-1.006	0.107	0.000000	0.000000
1580127991576	1580127991573	-6.069	1.443	-1.305	-1.607	-0.831	0.502	0.000000	0.000000
1580127991594	1580127991594	-7.230	3.493	0.056	-1.012	-0.511	0.918	0.000000	0.000000
1580127991612	1580127991612	-7.441	3.517	0.726	-0.853	-0.707	0.679	0.000000	0.000000
1580127991632	1580127991631	-6.658	1.886	0.302	-0.713	-0.858	0.334	0.000000	0.000000
1580127991652	1580127991651	-6.493	2.777	-0.392	-0.426	-0.750	0.285	0.000000	0.000000
1580127991672	1580127991672	-7.520	4.231	-0.069	0.125	-0.712	0.298	0.000000	0.000000
1580127991693	1580127991693	-8.122	5.910	0.446	0.256	-0.821	0.287	0.000000	0.000000
1580127991718	1580127991711	-8.598	6.373	0.856	0.053	-0.863	0.139	0.000000	0.000000
1580127991732	1580127991731	-9.058	6.892	1.167	-0.244	-0.902	-0.053	0.000000	0.000000
1580127991752	1580127991751	-9.271	7.530	1.153	-0.408	-0.854	-0.171	0.000000	0.000000
1580127991775	1580127991775	-9.434	7.005	1.280	-0.422	-0.724	-0.232	0.000000	0.000000
1580127991793	1580127991793	-9.439	5.939	1.718	-0.295	-0.557	-0.205	0.000000	0.000000
1580127991815	1580127991813	-9.010	5.472	1.538	-0.287	-0.388	-0.198	0.000000	0.000000
1580127991832	1580127991831	-8.809	5.647	1.567	-0.363	-0.332	-0.263	0.000000	0.000000
1580127991851	1580127991850	-8.591	5.489	1.936	-0.390	-0.408	-0.385	0.000000	0.000000
1580127991871	1580127991871	-8.445	5.290	2.257	-0.370	-0.418	-0.345	0.000000	0.000000
1580127991893	1580127991893	-8.857	5.180	2.207	-0.280	-0.312	-0.194	0.000000	0.000000
1580127991912	1580127991910	-9.245	5.304	2.281	-0.215	-0.375	-0.155	0.000000	0.000000
1580127991932	1580127991931	-9.185	5.299	2.540	-0.172	-0.493	-0.172	0.000000	0.000000
1580127991954	1580127991950	-9.173	5.026	2.726	-0.124	-0.503	-0.223	0.000000	0.000000
1580127991971	1580127991969	-9.288	4.887	3.050	-0.078	-0.414	-0.181	0.000000	0.000000
1580127991996	1580127991993	-9.619	5.342	2.710	-0.038	-0.218	-0.044	0.000000	0.000000
1580127992012	1580127992010	-9.868	6.066	2.748	-0.019	-0.300	0.001	0.000000	0.000000
1580127992030	1580127992030	-9.765	6.329	3.234	-0.034	-0.386	0.037	0.000000	0.000000
1580127992051	1580127992051	-9.770	6.016	3.452	0.040	-0.289	0.080	0.000000	0.000000
1580127992072	1580127992071	-9.983	5.944	3.304	0.097	-0.154	0.176	0.000000	0.000000
1580127992092	1580127992092	-10.218	6.107	3.306	0.115	-0.100	0.184	0.000000	0.000000
1580127992112	1580127992110	-10.222	6.301	3.383	0.091	-0.084	0.107	0.000000	0.000000
1580127992132	1580127992132	-10.201	6.519	3.390	0.040	-0.077	0.060	0.000000	0.000000
1580127992150	1580127992150	-10.244	6.768	3.074	0.045	-0.079	0.045	0.000000	0.000000
1580127992172	1580127992170	-10.536	6.753	2.928	0.116	-0.084	0.011	0.000000	0.000000
1580127992193	1580127992191	-10.800	6.705	3.122	0.103	-0.130	-0.098	0.000000	0.000000
1580127992212	1580127992210	-10.718	6.159	3.486	0.042	-0.139	-0.187	0.000000	0.000000
1580127992235	1580127992231	-10.769	5.148	4.152	0.045	-0.035	-0.113	0.000000	0.000000
1580127992251	1580127992250	-10.407	5.275	4.298	0.014	0.189	0.120	0.000000	0.000000
1580127992270	1580127992270	-10.282	6.116	3.373	0.031	0.340	0.235	0.000000	0.000000
1580127992291	1580127992289	-9.875	6.775	2.810	0.064	0.257	0.176	0.000000	0.000000
1580127992311	1580127992311	-9.350	6.341	2.719	0.053	0.225	0.059	0.000000	0.000000
1580127992331	1580127992330	-9.243	5.501	2.808	0.040	0.295	-0.001	0.000000	0.000000
1580127992351	1580127992351	-8.979	5.366	2.868	0.052	0.342	0.022	0.000000	0.000000
1580127992370	1580127992370	-8.895	5.304	2.597	0.117	0.365	0.020	0.000000	0.000000
1580127992390	1580127992388	-8.826	5.192	2.358	0.175	0.337	-0.003	0.000000	0.000000
1580127992411	1580127992411	-8.754	5.208	2.281	0.250	0.312	0.027	0.000000	0.000000
1580127992429	1580127992429	-8.749	5.263	2.092	0.353	0.303	0.070	0.000000	0.000000
1580127992453	1580127992449	-8.756	5.290	1.833	0.440	0.306	0.053	0.000000	0.000000
1580127992469	1580127992467	-8.771	5.144	1.783	0.490	0.311	0.051	0.000000	0.000000
1580127992494	1580127992490	-8.701	5.211	1.660	0.540	0.316	0.085	0.000000	0.000000
1580127992509	1580127992509	-8.821	5.350	1.620	0.575	0.281	0.119	0.000000	0.000000
1580127992529	1580127992527	-8.737	5.285	1.665	0.595	0.248	0.094	0.000000	0.000000
1580127992549	1580127992547	-8.284	5.350	1.696	0.641	0.330	0.043	0.000000	0.000000
1580127992568	1580127992567	-8.232	5.407	1.632	0.664	0.481	0.018	0.000000	0.000000
1580127992588	1580127992587	-8.366	5.520	1.548	0.590	0.546	-0.063	0.000000	0.000000
1580127992612	1580127992609	-8.134	5.096	1.114	0.509	0.586	-0.156	0.000000	0.000000
1580127992630	1580127992628	-7.971	4.562	0.285	0.521	0.643	-0.186	0.000000	0.000000
1580127992650	1580127992647	-8.066	4.593	0.271	0.564	0.647	-0.182	0.000000	0.000000
1580127992668	1580127992667	-7.937	4.449	0.501	0.541	0.677	-0.218	0.000000	0.000000
1580127992687	1580127992687	-7.786	4.068	0.245	0.561	0.768	-0.258	0.000000	0.000000
1580127992707	1580127992707	-7.798	4.207	-0.361	0.623	0.825	-0.277	0.000000	0.000000
1580127992729	1580127992729	-7.563	3.848	-0.618	0.685	0.792	-0.264	0.000000	0.000000
1580127992749	1580127992748	-7.492	3.587	-0.428	0.745	0.739	-0.191	0.000000	0.000000
1580127992773	1580127992767	-7.403	3.843	-0.445	0.817	0.722	-0.141	0.000000	0.000000
1580127992787	1580127992786	-7.331	3.812	-0.749	0.885	0.706	-0.142	0.000000	0.000000
1580127992807	1580127992806	-7.262	3.519	-0.951	1.025	0.647	-0.150	0.000000	0.000000
1580127992829	1580127992827	-7.171	3.579	-1.008	1.161	0.639	-0.145	0.000000	0.000000
1580127992848	1580127992846	-7.209	3.543	-1.432	1.225	0.712	-0.195	0.000000	0.000000
1580127992867	1580127992866	-7.365	3.060	-1.545	1.310	0.724	-0.210	0.000000	0.000000
1580127992887	1580127992885	-7.365	3.043	-1.643	1.444	0.699	-0.176	0.000000	0.000000
1580127992906	1580127992906	-7.434	3.416	-1.873	1.508	0.689	-0.201	0.000000	0.000000
1580127992927	1580127992926	-7.441	3.579	-2.019	1.521	0.692	-0.294	0.000000	0.000000
1580127992948	1580127992946	-7.769	3.443	-2.340	1.566	0.719	-0.346	0.000000	0.000000
1580127992966	1580127992965	-7.781	3.515	-2.615	1.668	0.685	-0.319	0.000000	0.000000
1580127992988	1580127992985	-7.875	3.378	-3.001	1.793	0.653	-0.256	0.000000	0.000000
1580127993007	1580127993005	-8.186	3.503	-3.157	1.917	0.574	-0.256	0.000000	0.000000
1580127993028	1580127993028	-8.167	3.795	-3.207	1.889	0.522	-0.314	0.000000	0.000000
1580127993048	1580127993048	-8.105	3.232	-3.516	1.773	0.490	-0.579	0.000000	0.000000
1580127993068	1580127993066	-7.271	2.997	-4.314	2.361	0.254	-1.460	0.000000	0.000000
1580127993086	1580127993085	-10.115	2.224	-5.227	2.950	0.513	-1.296	0.000000	0.000000
1580127993106	1580127993105	-10.610	2.753	-4.537	1.765	0.235	-0.152	0.000000	0.000000
1580127993126	1580127993125	-8.095	4.614	-4.055	1.355	-0.025	-0.287	0.000000	0.000000
1580127993147	1580127993147	-9.262	5.259	-4.486	1.162	0.352	-0.284	0.000000	0.000000
1580127993166	1580127993166	-9.652	4.152	-4.501	1.219	0.223	-0.102	0.000000	0.000000
1580127993185	1580127993185	-8.881	2.820	-4.273	1.141	0.050	-0.075	0.000000	0.000000
1580127993205	1580127993204	-8.737	3.218	-4.345	0.970	0.128	-0.010	0.000000	0.000000
1580127993225	1580127993224	-8.613	3.524	-4.601	0.846	0.228	-0.042	0.000000	0.000000
1580127993247	1580127993244	-8.443	2.681	-4.872	0.690	0.284	-0.129	0.000000	0.000000
1580127993265	1580127993265	-8.399	1.534	-5.171	0.675	0.260	-0.126	0.000000	0.000000
1580127993285	1580127993285	-8.368	1.150	-5.301	0.773	0.182	-0.031	0.000000	0.000000
1580127993305	1580127993305	-8.351	1.857	-5.097	0.728	0.167	-0.030	0.000000	0.000000
1580127993325	1580127993325	-8.478	1.855	-5.155	0.767	0.215	-0.093	0.000000	0.000000
1580127993345	1580127993345	-8.785	1.304	-5.409	0.791	0.184	-0.068	0.000000	0.000000
1580127993364	1580127993364	-8.704	1.083	-5.325	0.836	0.075	-0.005	0.000000	0.000000
1580127993384	1580127993383	-8.507	1.380	-5.306	0.880	0.060	0.048	0.000000	0.000000
1580127993403	1580127993403	-8.771	1.589	-5.715	0.801	0.102	0.079	0.000000	0.000000
1580127993424	1580127993423	-8.857	1.172	-5.873	0.711	0.033	0.085	0.000000	0.000000
1580127993447	1580127993447	-8.768	0.820	-5.770	0.653	-0.020	0.153	0.000000	0.000000
1580127993473	1580127993464	-8.680	1.220	-5.734	0.587	0.011	0.144	0.000000	0.000000
1580127993486	1580127993483	-8.546	1.629	-5.718	0.556	0.066	0.058	0.000000	0.000000
1580127993504	1580127993502	-8.550	1.514	-5.694	0.667	0.104	-0.020	0.000000	0.000000
1580127993525	1580127993523	-8.490	1.318	-5.627	0.757	0.080	-0.020	0.000000	0.000000
1580127993544	1580127993543	-8.644	1.237	-5.433	0.834	0.013	0.012	0.000000	0.000000
1580127993564	1580127993564	-8.534	1.438	-5.188	0.716	-0.029	-0.047	0.000000	0.000000
1580127993584	1580127993583	-8.493	1.117	-5.375	0.696	0.100	-0.187	0.000000	0.000000
1580127993604	1580127993603	-8.876	0.894	-5.480	0.669	0.141	-0.196	0.000000	0.000000
1580127993623	1580127993623	-8.843	1.093	-5.526	0.651	0.078	-0.074	0.000000	0.000000
1580127993643	1580127993642	-8.977	1.292	-5.679	0.527	0.080	-0.019	0.000000	0.000000
1580127993667	1580127993663	-8.953	1.306	-5.598	0.316	0.034	-0.030	0.000000	0.000000
1580127993684	1580127993684	-8.744	1.095	-5.469	0.150	-0.017	-0.029	0.000000	0.000000
1580127993703	1580127993702	-8.689	1.203	-5.483	-0.005	-0.032	-0.006	0.000000	0.000000
1580127993723	1580127993722	-8.764	1.361	-5.806	-0.116	-0.053	-0.013	0.000000	0.000000
1580127993742	1580127993742	-8.823	1.009	-6.005	-0.161	-0.109	-0.084	0.000000	0.000000
1580127993764	1580127993764	-8.744	0.789	-5.881	-0.215	-0.173	-0.094	0.000000	0.000000
1580127993783	1580127993783	-8.912	0.808	-5.722	-0.296	-0.188	-0.039	0.000000	0.000000
1580127993804	1580127993802	-9.108	0.786	-5.713	-0.333	-0.145	-0.051	0.000000	0.000000
1580127993822	1580127993822	-9.166	0.848	-5.883	-0.278	-0.069	-0.023	0.000000	0.000000
1580127993843	1580127993842	-9.461	0.666	-5.768	-0.161	-0.027	0.053	0.000000	0.000000
1580127993865	1580127993863	-9.305	-0.014	-5.387	-0.107	0.026	0.134	0.000000	0.000000
1580127993888	1580127993888	-9.132	0.319	-5.739	-0.204	0.239	0.216	0.000000	0.000000
1580127993905	1580127993904	-9.470	1.217	-6.096	-0.232	0.375	0.275	0.000000	0.000000
1580127993922	1580127993921	-9.113	1.802	-6.218	-0.292	0.299	0.281	0.000000	0.000000
1580127993941	1580127993941	-8.826	1.929	-6.022	-0.409	0.259	0.280	0.000000	0.000000
1580127993962	1580127993961	-8.622	1.977	-5.919	-0.583	0.265	0.270	0.000000	0.000000
1580127993984	1580127993982	-8.723	2.202	-6.027	-0.833	0.372	0.235	0.000000	0.000000
1580127994003	1580127994003	-8.809	2.597	-6.403	-0.972	0.496	0.249	0.000000	0.000000
1580127994028	1580127994027	-9.082	2.964	-6.925	-1.052	0.542	0.320	0.000000	0.000000
1580127994042	1580127994040	-9.365	3.706	-7.057	-1.318	0.584	0.326	0.000000	0.000000
1580127994062	1580127994060	-9.305	4.250	-6.585	-1.987	0.748	0.296	0.000000	0.000000
1580127994082	1580127994081	-8.970	3.773	-6.075	-2.928	1.035	0.217	0.000000	0.000000
1580127994107	1580127994100	-8.184	3.632	-5.957	-3.332	1.168	0.171	0.000000	0.000000
1580127994123	1580127994121	-7.614	4.617	-7.066	-3.545	1.196	0.252	0.000000	0.000000
1580127994141	1580127994140	-7.635	4.492	-7.220	-3.547	1.156	0.175	0.000000	0.000000
1580127994161	1580127994161	-7.015	2.312	-6.187	-3.286	1.040	0.064	0.000000	0.000000
1580127994181	1580127994181	-6.013	3.474	-6.611	-3.258	1.032	0.214	0.000000	0.000000
1580127994201	1580127994200	-6.409	4.171	-7.586	-3.411	1.155	-0.050	0.000000	0.000000
1580127994224	1580127994224	-5.199	5.307	-6.566	-4.040	1.184	-0.073	0.000000	0.000000
1580127994241	1580127994240	-6.025	3.127	-5.488	-3.474	1.351	-0.116	0.000000	0.000000
1580127994262	1580127994262	-6.174	0.839	-5.037	-2.570	0.991	-0.002	0.000000	0.000000
1580127994289	1580127994287	-5.022	1.519	-4.791	-1.890	0.570	-0.003	0.000000	0.000000
1580127994323	1580127994323	-5.872	1.567	-4.125	-1.443	0.403	-0.161	0.000000	0.000000
1580127994327	1580127994325	-6.325	1.385	-3.348	-1.038	0.063	-0.243	0.000000	0.000000
1580127994340	1580127994339	-6.402	2.657	-3.607	-0.878	-0.207	-0.217	0.000000	0.000000
1580127994361	1580127994359	-6.957	2.729	-4.288	-0.330	-0.504	-0.233	0.000000	0.000000
1580127994382	1580127994381	-6.557	4.974	-4.956	0.009	-0.903	0.073	0.000000	0.000000
1580127994401	1580127994401	-6.325	6.049	-4.050	-0.206	-1.123	0.202	0.000000	0.000000
1580127994420	1580127994420	-5.589	6.825	-3.061	-0.459	-1.340	0.145	0.000000	0.000000
1580127994444	1580127994444	-5.046	7.623	-2.793	-0.484	-1.402	0.123	0.000000	0.000000
1580127994460	1580127994459	-4.916	7.525	-2.965	-0.510	-1.352	0.040	0.000000	0.000000
1580127994480	1580127994479	-4.849	6.476	-3.334	-0.760	-1.404	-0.256	0.000000	0.000000
1580127994501	1580127994499	-5.055	5.651	-3.056	-1.121	-1.529	-0.569	0.000000	0.000000
1580127994520	1580127994519	-5.819	3.972	-0.884	-0.897	-1.375	-0.381	0.000000	0.000000
1580127994539	1580127994539	-6.756	2.973	-0.606	-0.785	-0.872	-0.129	0.000000	0.000000
1580127994559	1580127994559	-7.626	2.961	-1.267	-0.710	-0.709	-0.111	0.000000	0.000000
1580127994579	1580127994579	-6.912	3.450	-1.811	-0.579	-0.877	-0.120	0.000000	0.000000
1580127994608	1580127994601	-6.200	4.329	-1.835	-0.482	-0.915	-0.012	0.000000	0.000000
1580127994621	1580127994620	-6.332	4.823	-1.966	-0.446	-0.838	0.053	0.000000	0.000000
1580127994647	1580127994640	-6.612	4.600	-2.031	-0.336	-0.884	0.077	0.000000	0.000000
1580127994660	1580127994659	-6.737	4.375	-1.423	-0.106	-1.025	0.227	0.000000	0.000000
1580127994680	1580127994679	-7.113	4.854	-0.850	0.017	-1.038	0.390	0.000000	0.000000
1580127994700	1580127994699	-7.676	5.493	-0.807	0.015	-0.961	0.439	0.000000	0.000000
1580127994724	1580127994724	-7.719	6.200	-1.427	-0.068	-0.916	0.471	0.000000	0.000000
1580127994749	1580127994739	-7.805	6.444	-1.298	-0.073	-0.875	0.613	0.000000	0.000000
1580127994758	1580127994759	-8.110	5.968	-0.551	0.064	-0.808	0.691	0.000000	0.000000
1580127994779	1580127994779	-8.155	5.788	-0.134	0.203	-0.737	0.779	0.000000	0.000000
1580127994805	1580127994799	-8.052	6.658	-0.388	0.331	-0.658	0.851	0.000000	0.000000
1580127994819	1580127994819	-7.702	7.259	-0.507	0.584	-0.701	0.785	0.000000	0.000000
1580127994840	1580127994839	-6.830	8.126	-1.147	0.659	-0.743	0.621	0.000000	0.000000
1580127994859	1580127994859	-6.648	8.857	-1.272	0.474	-0.608	0.396	0.000000	0.000000
1580127994879	1580127994878	-6.799	8.749	-0.678	0.292	-0.514	0.215	0.000000	0.000000
1580127994899	1580127994899	-7.017	8.605	-0.112	0.192	-0.404	-0.007	0.000000	0.000000
1580127994926	1580127994919	-7.139	7.922	0.211	0.176	-0.295	-0.145	0.000000	0.000000
1580127994939	1580127994939	-7.209	7.724	-0.275	0.111	-0.154	-0.236	0.000000	0.000000
1580127994958	1580127994958	-7.300	7.553	-0.625	0.051	-0.128	-0.352	0.000000	0.000000
1580127994978	1580127994978	-7.439	7.312	-0.558	-0.024	-0.182	-0.385	0.000000	0.000000
1580127994999	1580127994998	-7.959	6.878	-0.285	-0.050	-0.143	-0.301	0.000000	0.000000
1580127995025	1580127995025	-8.474	6.444	-0.436	0.012	-0.170	-0.182	0.000000	0.000000
1580127995038	1580127995038	-8.684	6.538	-0.333	0.174	-0.357	0.024	0.000000	0.000000
1580127995063	1580127995057	-8.737	7.213	-0.160	0.280	-0.486	0.236	0.000000	0.000000
1580127995078	1580127995077	-8.869	7.462	-0.182	0.306	-0.481	0.336	0.000000	0.000000
1580127995097	1580127995097	-8.747	7.915	-0.383	0.290	-0.525	0.397	0.000000	0.000000
1580127995119	1580127995119	-8.359	8.907	-0.282	0.323	-0.571	0.391	0.000000	0.000000
1580127995138	1580127995138	-8.078	9.254	0.022	0.270	-0.505	0.312	0.000000	0.000000
1580127995161	1580127995159	-8.169	8.957	0.159	0.155	-0.378	0.252	0.000000	0.000000
1580127995178	1580127995176	-8.193	9.072	0.101	0.116	-0.330	0.215	0.000000	0.000000
1580127995196	1580127995196	-7.863	9.226	-0.071	0.100	-0.339	0.144	0.000000	0.000000
1580127995220	1580127995218	-7.772	9.336	-0.083	0.036	-0.312	0.047	0.000000	0.000000
1580127995237	1580127995237	-8.004	9.329	0.305	-0.032	-0.224	-0.034	0.000000	0.000000
1580127995257	1580127995257	-8.248	9.058	0.163	-0.122	-0.070	-0.080	0.000000	0.000000
1580127995277	1580127995279	-8.543	8.761	-0.124	-0.146	0.001	-0.092	0.000000	0.000000
1580127995297	1580127995296	-8.335	8.773	-0.019	-0.053	-0.053	-0.088	0.000000	0.000000
1580127995316	1580127995316	-8.181	8.996	0.228	-0.010	-0.033	-0.101	0.000000	0.000000
1580127995345	1580127995337	-8.265	8.660	0.427	-0.041	0.073	-0.114	0.000000	0.000000
1580127995356	1580127995357	-8.275	8.473	0.202	-0.064	0.155	-0.136	0.000000	0.000000
1580127995377	1580127995376	-8.138	8.591	0.247	-0.048	0.141	-0.147	0.000000	0.000000
1580127995396	1580127995396	-8.050	8.579	0.343	-0.068	0.157	-0.178	0.000000	0.000000
1580127995416	1580127995416	-8.186	8.162	0.427	-0.096	0.164	-0.212	0.000000	0.000000
1580127995442	1580127995442	-8.296	8.047	0.618	-0.050	0.107	-0.196	0.000000	0.000000
1580127995457	1580127995456	-8.328	8.466	0.520	0.001	0.136	-0.156	0.000000	0.000000
1580127995477	1580127995475	-8.452	8.821	0.170	-0.070	0.205	-0.140	0.000000	0.000000
1580127995496	1580127995495	-8.179	8.344	0.000	-0.026	0.238	-0.171	0.000000	0.000000
1580127995516	1580127995515	-7.762	7.520	-0.007	0.066	0.222	-0.196	0.000000	0.000000
1580127995535	1580127995535	-7.542	6.923	0.089	0.103	0.242	-0.193	0.000000	0.000000
1580127995562	1580127995558	-7.650	6.832	-0.016	0.122	0.361	-0.222	0.000000	0.000000
1580127995575	1580127995575	-7.832	7.089	-0.091	0.166	0.468	-0.290	0.000000	0.000000
1580127995595	1580127995593	-7.889	6.912	-0.067	0.193	0.534	-0.379	0.000000	0.000000
1580127995614	1580127995614	-7.851	6.176	-0.124	0.274	0.589	-0.428	0.000000	0.000000
1580127995637	1580127995637	-7.789	5.984	-0.232	0.345	0.620	-0.413	0.000000	0.000000
1580127995656	1580127995656	-7.669	6.313	-0.539	0.377	0.634	-0.431	0.000000	0.000000
1580127995674	1580127995674	-7.676	6.444	-0.776	0.321	0.606	-0.455	0.000000	0.000000
1580127995699	1580127995699	-7.549	6.356	-1.190	0.357	0.608	-0.485	0.000000	0.000000
1580127995715	1580127995713	-7.796	6.507	-1.329	0.423	0.585	-0.476	0.000000	0.000000
1580127995734	1580127995733	-7.674	6.380	-1.482	0.449	0.530	-0.500	0.000000	0.000000
1580127995755	1580127995754	-7.563	5.762	-2.215	0.434	0.562	-0.470	0.000000	0.000000
1580127995774	1580127995773	-7.863	5.881	-3.610	0.408	0.612	-0.441	0.000000	0.000000
1580127995794	1580127995793	-8.522	6.370	-4.347	0.340	0.530	-0.402	0.000000	0.000000
1580127995814	1580127995813	-8.850	5.704	-3.523	0.385	0.317	-0.329	0.000000	0.000000
1580127995835	1580127995833	-8.675	4.657	-2.496	0.297	0.073	-0.289	0.000000	0.000000
1580127995864	1580127995853	-7.872	4.930	-1.645	0.199	-0.074	-0.490	0.000000	0.000000
1580127995873	1580127995873	-6.909	5.719	-1.863	0.115	0.019	-0.622	0.000000	0.000000
1580127995895	1580127995892	-7.532	5.414	-3.066	0.077	0.069	-0.652	0.000000	0.000000
1580127995914	1580127995912	-8.021	4.799	-3.133	0.099	-0.326	-0.734	0.000000	0.000000
1580127995934	1580127995933	-7.041	4.126	-1.245	0.221	-0.799	-0.834	0.000000	0.000000
1580127995954	1580127995953	-5.834	4.106	0.309	0.243	-0.653	-0.805	0.000000	0.000000
