1580128055719	1580128055717	-3.575	4.241	-3.485	0.344	2.045	0.247	0.000000	0.000000
1580128055732	1580128055732	-3.927	3.989	-4.323	0.222	2.511	0.081	0.000000	0.000000
1580128055752	1580128055751	-3.158	0.796	-6.362	0.669	2.404	0.221	0.000000	0.000000
1580128055772	1580128055771	-1.577	3.460	-7.452	1.681	2.467	0.523	0.000000	0.000000
1580128055792	1580128055791	-5.173	2.418	-4.886	1.682	2.847	0.328	0.000000	0.000000
1580128055811	1580128055811	-8.272	-0.400	-1.389	2.848	1.307	0.788	0.000000	0.000000
1580128055832	1580128055831	-7.580	3.172	-0.577	4.194	-0.231	1.050	0.000000	0.000000
1580128055852	1580128055850	-7.719	5.522	-0.963	3.521	-0.144	0.395	0.000000	0.000000
1580128055877	1580128055873	-6.909	5.357	-4.319	1.863	-0.253	-0.187	0.000000	0.000000
1580128055894	1580128055891	-3.283	5.271	-7.481	0.535	-0.769	-0.690	0.000000	0.000000
1580128055911	1580128055910	-1.754	2.657	-7.385	0.751	-1.101	-1.531	0.000000	0.000000
1580128055932	1580128055930	-2.375	2.212	-9.639	1.640	-0.680	-0.735	0.000000	0.000000
1580128055951	1580128055950	-4.210	5.314	-7.785	2.156	0.193	0.580	0.000000	0.000000
1580128055972	1580128055970	-5.963	8.114	-8.046	1.079	0.792	0.713	0.000000	0.000000
1580128055991	1580128055990	-8.270	9.695	-7.160	-0.284	0.173	0.119	0.000000	0.000000
1580128056011	1580128056010	-6.088	4.724	-4.982	-0.822	-0.853	-1.211	0.000000	0.000000
1580128056031	1580128056030	-4.727	1.174	-3.674	-1.529	-0.888	-2.374	0.000000	0.000000
1580128056050	1580128056050	-6.255	-0.704	-3.677	-1.282	-1.323	-2.728	0.000000	0.000000
1580128056071	1580128056070	-6.811	-0.948	-3.931	-0.084	-3.184	-3.042	0.000000	0.000000
1580128056093	1580128056093	-5.455	0.446	-3.384	0.269	-4.369	-2.715	0.000000	0.000000
1580128056112	1580128056110	-4.217	1.833	-3.346	0.270	-4.154	-2.297	0.000000	0.000000
1580128056131	1580128056129	-3.496	1.505	-3.008	-0.323	-2.818	-1.648	0.000000	0.000000
1580128056150	1580128056149	-5.582	0.880	-4.343	-1.025	-1.294	-1.413	0.000000	0.000000
1580128056172	1580128056170	-7.748	0.719	-5.284	-1.770	-0.716	-1.766	0.000000	0.000000
1580128056192	1580128056192	-6.826	-1.461	-4.858	-1.652	0.012	-2.209	0.000000	0.000000
1580128056216	1580128056210	-11.075	0.535	-5.457	-1.186	1.107	-2.457	0.000000	0.000000
1580128056230	1580128056229	-13.672	2.815	-4.865	-0.581	0.684	-2.057	0.000000	0.000000
1580128056250	1580128056249	-12.541	3.088	-4.086	-0.268	-0.083	-1.383	0.000000	0.000000
1580128056273	1580128056269	-13.648	2.913	-5.368	0.024	-0.097	-0.714	0.000000	0.000000
1580128056291	1580128056291	-13.277	-0.481	-5.799	1.721	-0.315	-0.392	0.000000	0.000000
1580128056310	1580128056309	-12.951	-4.386	-5.914	4.041	-0.086	-0.437	0.000000	0.000000
1580128056330	1580128056329	-11.430	-2.129	-5.100	3.711	-0.789	0.021	0.000000	0.000000
1580128056350	1580128056348	-8.883	-1.676	-4.328	2.823	-1.110	0.402	0.000000	0.000000
1580128056370	1580128056369	-10.622	-2.249	-4.604	2.028	-0.762	0.752	0.000000	0.000000
1580128056389	1580128056389	-11.660	-1.010	-4.757	1.703	-0.696	0.476	0.000000	0.000000
1580128056410	1580128056408	-10.982	-3.327	-2.711	2.750	-1.019	-0.237	0.000000	0.000000
1580128056430	1580128056428	-11.363	-2.991	-3.078	4.138	-1.356	-0.347	0.000000	0.000000
1580128056449	1580128056448	-12.031	-0.728	-3.708	5.038	-1.365	-0.547	0.000000	0.000000
1580128056469	1580128056468	-10.107	-1.169	-2.120	4.929	-1.136	-1.059	0.000000	0.000000
1580128056489	1580128056489	-7.815	-1.221	-2.433	3.782	-0.292	-0.942	0.000000	0.000000
1580128056511	1580128056511	-9.039	-2.484	-3.634	2.387	1.079	-0.462	0.000000	0.000000
1580128056530	1580128056529	-9.784	-3.231	-3.006	1.414	1.560	-0.259	0.000000	0.000000
1580128056550	1580128056549	-8.902	-2.999	-2.117	0.583	1.256	-0.187	0.000000	0.000000
1580128056569	1580128056569	-8.227	-3.746	-2.498	-0.007	0.803	0.063	0.000000	0.000000
1580128056591	1580128056591	-7.698	-3.633	-2.702	-0.206	0.245	0.347	0.000000	0.000000
1580128056613	1580128056609	-7.839	-3.209	-3.667	-0.055	-0.164	0.496	0.000000	0.000000
1580128056632	1580128056629	-9.372	-3.547	-4.175	0.374	-0.650	0.657	0.000000	0.000000
1580128056650	1580128056650	-9.549	-2.462	-2.649	0.453	-1.522	0.849	0.000000	0.000000
1580128056670	1580128056669	-8.323	-2.951	-1.415	0.269	-1.872	0.810	0.000000	0.000000
1580128056690	1580128056690	-9.679	-2.759	-1.454	0.036	-1.619	0.846	0.000000	0.000000
1580128056711	1580128056711	-10.215	-2.635	-0.728	-0.952	-1.627	0.845	0.000000	0.000000
1580128056731	1580128056731	-10.136	-1.770	0.187	-2.128	-1.497	0.702	0.000000	0.000000
1580128056750	1580128056749	-11.183	-0.138	0.482	-2.923	-0.969	0.447	0.000000	0.000000
1580128056774	1580128056774	-11.420	0.154	1.390	-2.974	-0.336	0.226	0.000000	0.000000
1580128056792	1580128056792	-12.017	-0.380	0.995	-2.986	0.247	-0.023	0.000000	0.000000
1580128056809	1580128056809	-13.241	-2.093	-1.185	-2.737	0.512	-0.348	0.000000	0.000000
1580128056830	1580128056829	-13.598	-4.113	-2.680	-2.116	0.602	-0.662	0.000000	0.000000
1580128056849	1580128056848	-12.862	-4.204	-2.905	-1.693	0.638	-0.595	0.000000	0.000000
1580128056869	1580128056868	-11.926	-3.598	-3.157	-1.554	0.639	-0.495	0.000000	0.000000
1580128056889	1580128056888	-12.160	-2.613	-2.730	-1.184	0.517	-0.284	0.000000	0.000000
1580128056910	1580128056910	-11.720	-1.758	-2.678	-0.889	0.256	0.023	0.000000	0.000000
1580128056932	1580128056932	-12.611	-2.347	-4.302	-0.882	0.259	0.076	0.000000	0.000000
1580128056949	1580128056948	-11.720	-2.821	-4.398	-0.557	0.146	0.101	0.000000	0.000000
1580128056969	1580128056969	-10.733	-2.005	-3.248	-0.216	0.450	0.090	0.000000	0.000000
1580128056989	1580128056988	-9.525	-0.558	-1.207	-0.329	1.009	-0.135	0.000000	0.000000
1580128057010	1580128057010	-8.934	-0.383	-0.553	-0.352	1.095	-0.282	0.000000	0.000000
1580128057028	1580128057028	-8.105	-1.363	-1.796	-0.339	0.886	-0.308	0.000000	0.000000
1580128057054	1580128057048	-7.686	-1.626	-2.560	-0.172	0.884	-0.386	0.000000	0.000000
1580128057068	1580128057067	-6.531	-0.608	-2.261	0.191	0.766	-0.376	0.000000	0.000000
1580128057089	1580128057088	-5.745	0.274	-1.681	0.407	0.612	-0.331	0.000000	0.000000
1580128057110	1580128057108	-6.088	-0.184	-1.928	0.431	0.296	-0.183	0.000000	0.000000
1580128057135	1580128057128	-6.337	-0.431	-2.165	0.538	0.016	-0.009	0.000000	0.000000
1580128057152	1580128057149	-6.236	-0.826	-1.748	0.724	-0.056	0.132	0.000000	0.000000
1580128057172	1580128057172	-6.912	-2.179	-1.466	1.148	0.123	0.274	0.000000	0.000000
1580128057190	1580128057187	-8.982	-4.151	-2.266	1.843	0.323	0.250	0.000000	0.000000
1580128057207	1580128057207	-9.492	-3.341	-3.382	2.394	0.408	0.349	0.000000	0.000000
1580128057228	1580128057227	-10.033	-1.540	-3.681	2.457	0.569	0.439	0.000000	0.000000
1580128057247	1580128057247	-9.760	-1.228	-2.601	2.424	0.780	0.627	0.000000	0.000000
1580128057267	1580128057266	-9.015	-2.268	-0.419	2.430	0.905	0.939	0.000000	0.000000
1580128057287	1580128057286	-8.260	-7.188	-0.172	2.658	1.009	0.336	0.000000	0.000000
1580128057309	1580128057309	-7.257	-3.919	1.917	2.843	1.162	0.292	0.000000	0.000000
1580128057333	1580128057327	-5.110	-0.299	0.959	3.659	0.796	1.902	0.000000	0.000000
1580128057350	1580128057348	-2.815	-3.006	-0.462	4.220	1.784	-0.240	0.000000	0.000000
1580128057367	1580128057366	-6.569	-1.715	-0.745	5.832	2.403	-2.675	0.000000	0.000000
1580128057387	1580128057386	-9.494	-0.277	-2.314	5.541	1.105	-0.298	0.000000	0.000000
1580128057406	1580128057406	-6.184	2.499	-2.254	4.305	-0.657	1.678	0.000000	0.000000
1580128057428	1580128057428	-5.393	3.632	-1.885	2.772	-1.151	2.856	0.000000	0.000000
1580128057449	1580128057449	-6.881	1.464	-2.589	1.394	-0.772	3.616	0.000000	0.000000
1580128057466	1580128057466	-7.791	-4.103	-2.587	2.520	0.018	3.748	0.000000	0.000000
1580128057486	1580128057486	-7.360	-6.784	-3.408	5.245	1.273	3.863	0.000000	0.000000
1580128057507	1580128057507	-7.305	-5.032	-5.145	7.801	2.866	4.219	0.000000	0.000000
1580128057532	1580128057526	-7.997	-1.379	-6.932	8.352	3.829	3.722	0.000000	0.000000
1580128057548	1580128057548	-8.126	0.808	-6.599	7.487	3.852	2.837	0.000000	0.000000
1580128057566	1580128057565	-7.336	-1.923	-4.403	6.640	3.541	1.606	0.000000	0.000000
1580128057593	1580128057588	-6.423	-4.280	-4.264	5.344	3.665	0.888	0.000000	0.000000
1580128057607	1580128057604	-7.753	-4.987	-4.702	4.425	3.654	1.024	0.000000	0.000000
1580128057627	1580128057625	-8.268	-4.460	-5.157	4.408	3.374	1.011	0.000000	0.000000
1580128057650	1580128057647	-8.409	-3.329	-5.210	4.122	3.068	0.902	0.000000	0.000000
1580128057668	1580128057666	-9.281	-1.949	-4.601	2.853	2.826	0.855	0.000000	0.000000
1580128057686	1580128057684	-9.748	-3.140	-5.382	2.176	2.787	0.752	0.000000	0.000000
1580128057706	1580128057704	-10.361	-3.873	-6.290	2.153	2.471	0.618	0.000000	0.000000
1580128057726	1580128057726	-10.970	-1.513	-6.681	1.403	1.510	0.636	0.000000	0.000000
1580128057747	1580128057744	-10.737	-0.905	-6.609	1.073	0.381	0.351	0.000000	0.000000
1580128057769	1580128057764	-10.515	-2.261	-6.899	1.244	-0.331	0.102	0.000000	0.000000
1580128057784	1580128057784	-10.062	-2.520	-7.792	1.213	-0.677	0.113	0.000000	0.000000
1580128057804	1580128057804	-10.342	-2.139	-7.699	1.127	-1.095	-0.151	0.000000	0.000000
1580128057832	1580128057824	-10.577	-3.020	-6.072	1.018	-1.857	-0.277	0.000000	0.000000
1580128057844	1580128057844	-9.655	-4.898	-5.159	1.246	-2.501	-0.123	0.000000	0.000000
1580128057866	1580128057865	-7.700	-5.375	-3.842	1.085	-2.431	-0.042	0.000000	0.000000
1580128057885	1580128057883	-6.378	-5.916	-3.938	0.790	-1.210	-0.263	0.000000	0.000000
1580128057904	1580128057903	-8.028	-6.304	-4.788	0.808	-0.064	-0.336	0.000000	0.000000
1580128057927	1580128057926	-8.704	-5.112	-4.867	0.621	-0.107	-0.193	0.000000	0.000000
1580128057949	1580128057949	-8.265	-4.441	-4.762	0.496	-0.271	-0.059	0.000000	0.000000
1580128057967	1580128057966	-8.855	-4.460	-4.637	0.274	-0.191	0.165	0.000000	0.000000
1580128057984	1580128057983	-9.214	-4.582	-4.228	-0.257	-0.225	0.348	0.000000	0.000000
1580128058003	1580128058003	-9.374	-4.992	-5.076	-0.115	0.003	0.264	0.000000	0.000000
1580128058024	1580128058023	-10.996	-4.872	-6.458	0.583	0.294	0.141	0.000000	0.000000
1580128058046	1580128058046	-11.832	-4.637	-6.856	0.815	-0.005	0.006	0.000000	0.000000
1580128058065	1580128058065	-11.293	-4.853	-6.024	0.783	-0.315	-0.034	0.000000	0.000000
1580128058088	1580128058086	-11.255	-5.085	-5.267	0.578	-0.369	0.117	0.000000	0.000000
1580128058104	1580128058103	-10.965	-6.096	-4.918	0.382	-0.393	0.245	0.000000	0.000000
1580128058123	1580128058122	-10.747	-6.970	-4.862	0.405	-0.286	0.223	0.000000	0.000000
1580128058146	1580128058141	-10.783	-6.257	-5.037	0.439	-0.032	0.133	0.000000	0.000000
1580128058166	1580128058166	-11.018	-5.406	-5.145	0.369	0.129	0.097	0.000000	0.000000
1580128058185	1580128058185	-10.884	-5.262	-5.171	0.132	0.124	0.095	0.000000	0.000000
1580128058202	1580128058202	-10.543	-5.452	-5.128	-0.107	-0.032	0.129	0.000000	0.000000
1580128058223	1580128058222	-9.954	-5.509	-4.585	-0.118	-0.181	0.116	0.000000	0.000000
1580128058242	1580128058242	-9.683	-5.461	-4.089	0.016	-0.137	0.115	0.000000	0.000000
1580128058262	1580128058261	-9.736	-5.236	-4.127	0.046	-0.105	0.221	0.000000	0.000000
1580128058282	1580128058282	-9.652	-4.781	-4.141	-0.094	-0.088	0.244	0.000000	0.000000
1580128058302	1580128058302	-9.607	-4.513	-4.007	-0.223	-0.051	0.236	0.000000	0.000000
1580128058321	1580128058321	-9.286	-4.355	-3.799	-0.265	-0.069	0.279	0.000000	0.000000
1580128058343	1580128058344	-9.017	-4.750	-3.818	-0.197	0.044	0.372	0.000000	0.000000
1580128058368	1580128058362	-9.245	-4.568	-3.849	-0.169	0.197	0.467	0.000000	0.000000
1580128058385	1580128058382	-9.497	-3.538	-3.794	-0.154	0.158	0.464	0.000000	0.000000
1580128058401	1580128058401	-9.509	-3.104	-3.614	-0.139	0.018	0.370	0.000000	0.000000
1580128058422	1580128058421	-9.276	-3.118	-3.509	-0.200	-0.067	0.333	0.000000	0.000000
1580128058443	1580128058442	-9.221	-3.226	-3.260	-0.262	-0.007	0.326	0.000000	0.000000
1580128058462	1580128058462	-9.161	-2.891	-2.615	-0.425	0.106	0.333	0.000000	0.000000
1580128058482	1580128058481	-8.910	-2.575	-1.830	-0.743	0.353	0.340	0.000000	0.000000
1580128058502	1580128058502	-9.113	-2.227	-0.848	-1.307	0.724	0.402	0.000000	0.000000
1580128058522	1580128058521	-9.863	-1.365	0.250	-2.167	0.824	0.633	0.000000	0.000000
1580128058541	1580128058540	-10.198	-0.359	1.193	-3.290	0.703	0.656	0.000000	0.000000
1580128058564	1580128058561	-10.517	0.496	1.268	-4.483	0.774	0.169	0.000000	0.000000
1580128058584	1580128058581	-12.132	0.841	-0.347	-5.734	0.469	-0.399	0.000000	0.000000
1580128058600	1580128058600	-12.524	0.005	-3.119	-6.359	-0.775	-1.314	0.000000	0.000000
1580128058622	1580128058620	-10.249	-2.426	-3.818	-5.224	-2.079	-2.213	0.000000	0.000000
1580128058642	1580128058639	-10.115	-4.671	-3.109	-3.135	-2.248	-2.142	0.000000	0.000000
1580128058672	1580128058667	-12.879	-7.078	-2.335	-1.288	-2.459	-2.359	0.000000	0.000000
1580128058681	1580128058680	-13.626	-8.774	-2.189	0.007	-3.289	-2.669	0.000000	0.000000
1580128058700	1580128058700	-13.406	-8.822	-1.854	1.355	-3.769	-2.455	0.000000	0.000000
1580128058722	1580128058721	-14.185	-7.878	-1.566	2.388	-3.925	-2.298	0.000000	0.000000
1580128058740	1580128058740	-14.510	-7.512	-1.298	3.019	-4.225	-2.350	0.000000	0.000000
1580128058760	1580128058760	-14.108	-7.814	-0.713	3.722	-4.394	-2.348	0.000000	0.000000
1580128058785	1580128058783	-14.331	-8.501	-0.230	4.514	-4.309	-2.251	0.000000	0.000000
1580128058803	1580128058800	-14.259	-8.666	0.012	5.250	-4.175	-2.030	0.000000	0.000000
1580128058820	1580128058819	-13.820	-7.967	0.163	5.891	-3.997	-1.690	0.000000	0.000000
1580128058840	1580128058840	-13.801	-7.409	0.549	6.452	-3.906	-1.296	0.000000	0.000000
1580128058864	1580128058864	-13.313	-6.424	0.951	6.866	-3.962	-0.946	0.000000	0.000000
1580128058883	1580128058879	-12.457	-5.207	1.375	6.848	-4.066	-0.599	0.000000	0.000000
1580128058903	1580128058902	-11.691	-4.285	2.135	6.095	-4.210	-0.315	0.000000	0.000000
1580128058920	1580128058919	-10.704	-3.698	2.707	5.017	-4.265	-0.217	0.000000	0.000000
1580128058941	1580128058941	-9.614	-3.224	3.083	3.888	-4.228	-0.280	0.000000	0.000000
1580128058961	1580128058959	-8.476	-2.785	3.263	2.920	-4.128	-0.466	0.000000	0.000000
1580128058985	1580128058979	-7.278	-2.613	3.380	2.352	-3.929	-0.703	0.000000	0.000000
1580128059002	1580128059001	-5.954	-2.548	3.155	2.144	-3.634	-0.898	0.000000	0.000000
1580128059018	1580128059017	-4.892	-2.158	3.069	2.225	-3.384	-0.965	0.000000	0.000000
1580128059038	1580128059037	-4.150	-1.370	3.359	2.539	-3.171	-0.893	0.000000	0.000000
1580128059062	1580128059058	-3.273	-0.119	3.469	2.975	-2.981	-0.777	0.000000	0.000000
1580128059085	1580128059084	-2.399	1.021	3.469	3.386	-2.928	-0.552	0.000000	0.000000
1580128059099	1580128059098	-1.881	1.910	3.936	3.493	-3.016	-0.285	0.000000	0.000000
1580128059119	1580128059118	-1.242	2.762	4.564	3.121	-3.042	-0.252	0.000000	0.000000
1580128059138	1580128059138	-0.137	3.448	4.806	2.503	-2.598	-0.506	0.000000	0.000000
1580128059158	1580128059158	0.390	3.723	5.017	1.978	-1.668	-0.709	0.000000	0.000000
1580128059183	1580128059183	-0.245	4.130	5.292	1.679	-0.860	-0.747	0.000000	0.000000
1580128059202	1580128059198	-0.767	4.595	5.656	1.420	-0.627	-0.724	0.000000	0.000000
1580128059219	1580128059219	-0.418	5.134	5.910	1.027	-0.749	-0.730	0.000000	0.000000
1580128059238	1580128059237	0.126	5.041	5.776	0.717	-0.775	-0.729	0.000000	0.000000
1580128059258	1580128059258	0.315	4.573	5.774	0.648	-0.721	-0.728	0.000000	0.000000
1580128059283	1580128059283	0.382	4.801	5.956	0.719	-0.836	-0.615	0.000000	0.000000
1580128059298	1580128059298	0.754	5.496	6.013	0.869	-0.998	-0.407	0.000000	0.000000
1580128059322	1580128059322	1.192	6.171	6.020	0.906	-0.948	-0.347	0.000000	0.000000
1580128059339	1580128059337	1.298	6.418	5.867	0.724	-0.728	-0.427	0.000000	0.000000
1580128059358	1580128059357	1.295	6.504	5.733	0.460	-0.557	-0.488	0.000000	0.000000
1580128059377	1580128059377	1.391	6.658	5.702	0.267	-0.512	-0.476	0.000000	0.000000
1580128059401	1580128059398	1.487	6.811	5.702	0.149	-0.494	-0.418	0.000000	0.000000
1580128059418	1580128059416	1.475	6.907	5.771	0.126	-0.429	-0.367	0.000000	0.000000
1580128059437	1580128059437	1.448	6.976	5.924	0.166	-0.346	-0.348	0.000000	0.000000
1580128059457	1580128059456	1.453	7.084	6.087	0.184	-0.269	-0.300	0.000000	0.000000
1580128059483	1580128059480	1.381	7.194	6.257	0.189	-0.194	-0.239	0.000000	0.000000
1580128059497	1580128059497	1.262	7.132	6.466	0.185	-0.129	-0.204	0.000000	0.000000
1580128059519	1580128059519	1.180	7.022	6.658	0.182	-0.120	-0.133	0.000000	0.000000
1580128059541	1580128059541	1.209	7.003	6.734	0.188	-0.122	-0.042	0.000000	0.000000
1580128059555	1580128059555	1.223	7.031	6.758	0.160	-0.134	0.014	0.000000	0.000000
1580128059577	1580128059575	1.245	6.964	6.782	0.078	-0.152	0.024	0.000000	0.000000
1580128059596	1580128059596	1.322	6.895	6.796	-0.004	-0.178	0.012	0.000000	0.000000
1580128059620	1580128059618	1.446	6.729	6.763	-0.051	-0.200	-0.024	0.000000	0.000000
1580128059637	1580128059635	1.561	6.485	6.739	-0.077	-0.209	-0.040	0.000000	0.000000
1580128059656	1580128059655	1.640	6.317	6.753	-0.070	-0.207	-0.030	0.000000	0.000000
1580128059677	1580128059675	1.712	6.150	6.765	-0.038	-0.203	-0.044	0.000000	0.000000
1580128059702	1580128059702	1.858	5.929	6.756	-0.058	-0.222	-0.075	0.000000	0.000000
1580128059715	1580128059715	2.011	5.666	6.758	-0.129	-0.269	-0.124	0.000000	0.000000
1580128059738	1580128059737	2.289	5.436	6.794	-0.255	-0.326	-0.224	0.000000	0.000000
1580128059756	1580128059755	2.701	5.060	6.830	-0.465	-0.409	-0.360	0.000000	0.000000
1580128059775	1580128059774	3.185	4.552	6.904	-0.725	-0.499	-0.507	0.000000	0.000000
1580128059795	1580128059794	3.628	4.224	7.149	-0.975	-0.573	-0.678	0.000000	0.000000
1580128059817	1580128059814	3.727	4.063	7.568	-1.323	-0.560	-0.872	0.000000	0.000000
1580128059835	1580128059834	3.396	4.085	7.795	-1.962	-0.479	-1.116	0.000000	0.000000
1580128059855	1580128059854	3.056	3.848	8.136	-2.850	-0.486	-1.497	0.000000	0.000000
1580128059876	1580128059876	2.627	4.102	8.540	-4.226	-0.459	-2.112	0.000000	0.000000
1580128059904	1580128059904	1.762	3.977	8.931	-5.905	-0.155	-2.890	0.000000	0.000000
1580128059917	1580128059914	1.396	2.887	8.471	-7.173	0.205	-3.607	0.000000	0.000000
1580128059934	1580128059934	1.341	1.380	7.937	-7.701	0.355	-3.899	0.000000	0.000000
1580128059954	1580128059953	0.526	-0.052	8.241	-7.528	0.411	-3.918	0.000000	0.000000
1580128059974	1580128059973	-0.288	-1.255	9.170	-6.590	0.471	-3.723	0.000000	0.000000
1580128059995	1580128059996	-0.928	-2.122	10.095	-4.891	0.659	-3.364	0.000000	0.000000
1580128060017	1580128060017	-1.944	-2.237	10.565	-3.115	0.920	-2.678	0.000000	0.000000
1580128060034	1580128060033	-2.871	-1.334	10.704	-1.849	0.894	-1.689	0.000000	0.000000
1580128060054	1580128060053	-3.067	-0.608	10.373	-1.102	0.676	-0.916	0.000000	0.000000
1580128060073	1580128060073	-3.060	-0.721	10.210	-0.508	0.604	-0.373	0.000000	0.000000
1580128060096	1580128060094	-3.249	-0.850	9.858	0.175	0.606	0.191	0.000000	0.000000
1580128060119	1580128060119	-4.502	-1.643	11.070	1.023	0.470	0.739	0.000000	0.000000
1580128060134	1580128060132	-9.547	-4.467	15.686	2.682	-1.499	0.808	0.000000	0.000000
1580128060153	1580128060153	-3.218	-5.150	13.281	3.883	-4.706	-0.021	0.000000	0.000000
1580128060173	1580128060173	5.765	-5.171	9.918	2.329	-3.273	-0.339	0.000000	0.000000
1580128060194	1580128060194	1.166	-1.243	7.898	0.108	-0.783	0.287	0.000000	0.000000
1580128060213	1580128060213	-0.580	-2.167	6.974	0.176	-0.163	0.073	0.000000	0.000000
1580128060233	1580128060232	2.344	0.599	7.479	0.480	-0.130	-0.501	0.000000	0.000000
1580128060253	1580128060253	1.944	1.859	7.601	0.453	-0.246	0.064	0.000000	0.000000
1580128060273	1580128060272	1.147	1.979	7.683	0.506	-0.266	0.238	0.000000	0.000000
1580128060295	1580128060294	1.484	2.053	7.393	0.801	-0.261	0.050	0.000000	0.000000
1580128060323	1580128060317	1.595	1.059	6.502	1.047	-0.200	0.025	0.000000	0.000000
1580128060333	1580128060333	1.532	-0.131	6.456	1.418	-0.020	0.115	0.000000	0.000000
1580128060353	1580128060352	1.537	-0.476	6.835	1.552	0.125	0.101	0.000000	0.000000
1580128060373	1580128060372	1.616	-0.807	6.648	1.192	0.169	-0.027	0.000000	0.000000
1580128060393	1580128060391	1.750	-0.953	6.281	0.702	0.168	-0.143	0.000000	0.000000
1580128060413	1580128060413	1.556	-0.972	5.714	0.328	0.166	-0.158	0.000000	0.000000
1580128060436	1580128060436	1.448	-0.625	5.505	0.209	0.134	-0.182	0.000000	0.000000
1580128060452	1580128060452	1.477	-0.153	5.810	0.226	0.132	-0.194	0.000000	0.000000
1580128060472	1580128060471	1.451	-0.162	5.884	0.281	0.137	-0.173	0.000000	0.000000
1580128060492	1580128060492	1.602	-0.098	6.291	0.532	0.079	-0.144	0.000000	0.000000
1580128060521	1580128060512	1.798	0.048	7.211	0.899	0.031	-0.088	0.000000	0.000000
1580128060534	1580128060534	1.827	0.288	8.380	1.156	0.046	-0.064	0.000000	0.000000
1580128060553	1580128060551	1.980	0.487	9.163	1.137	0.147	-0.090	0.000000	0.000000
1580128060572	1580128060571	1.992	0.621	9.860	0.899	0.302	-0.128	0.000000	0.000000
1580128060591	1580128060591	1.908	0.724	10.246	0.605	0.350	-0.147	0.000000	0.000000
1580128060614	1580128060613	1.743	0.947	10.330	0.340	0.360	-0.190	0.000000	0.000000
1580128060633	1580128060633	1.549	1.191	10.466	0.108	0.377	-0.233	0.000000	0.000000
1580128060652	1580128060652	1.379	1.320	10.380	-0.030	0.385	-0.251	0.000000	0.000000
1580128060672	1580128060671	1.298	1.435	10.394	-0.045	0.362	-0.250	0.000000	0.000000
1580128060691	1580128060691	1.056	1.376	10.404	0.031	0.313	-0.224	0.000000	0.000000
1580128060711	1580128060711	0.862	1.392	10.620	0.130	0.233	-0.201	0.000000	0.000000
1580128060736	1580128060736	0.874	1.421	10.593	0.077	0.156	-0.192	0.000000	0.000000
1580128060752	1580128060752	0.840	1.483	10.749	0.057	0.102	-0.159	0.000000	0.000000
1580128060771	1580128060770	0.890	1.572	10.931	0.034	0.099	-0.146	0.000000	0.000000
1580128060791	1580128060790	0.859	1.675	11.003	-0.004	0.108	-0.162	0.000000	0.000000
1580128060811	1580128060811	0.854	1.835	10.991	-0.054	0.102	-0.157	0.000000	0.000000
1580128060831	1580128060830	0.912	1.668	10.828	-0.127	0.081	-0.122	0.000000	0.000000
1580128060856	1580128060850	0.955	1.601	10.660	-0.199	0.050	-0.102	0.000000	0.000000
1580128060870	1580128060870	0.816	1.761	10.790	-0.229	0.006	-0.062	0.000000	0.000000
1580128060890	1580128060889	0.802	1.807	10.823	-0.246	-0.030	-0.040	0.000000	0.000000
1580128060912	1580128060911	0.862	1.637	10.967	-0.212	-0.028	-0.022	0.000000	0.000000
1580128060933	1580128060933	0.945	1.603	11.393	-0.143	0.020	-0.008	0.000000	0.000000
1580128060952	1580128060951	0.862	1.586	11.614	-0.151	0.044	0.015	0.000000	0.000000
1580128060971	1580128060969	0.735	1.488	11.810	-0.178	0.026	0.043	0.000000	0.000000
1580128060990	1580128060989	0.711	1.323	12.011	-0.210	-0.001	0.052	0.000000	0.000000
1580128061009	1580128061009	0.792	1.232	12.079	-0.172	-0.027	0.032	0.000000	0.000000
1580128061032	1580128061031	1.003	1.289	12.182	-0.095	-0.046	0.032	0.000000	0.000000
1580128061049	1580128061049	1.075	1.301	12.222	-0.069	-0.046	0.074	0.000000	0.000000
1580128061070	1580128061068	1.132	1.308	12.086	-0.044	-0.057	0.089	0.000000	0.000000
1580128061090	1580128061088	1.245	1.392	11.978	-0.015	-0.084	0.084	0.000000	0.000000
1580128061111	1580128061109	1.377	1.308	11.805	-0.006	-0.083	0.073	0.000000	0.000000
1580128061133	1580128061129	1.384	1.447	11.894	0.089	-0.077	0.060	0.000000	0.000000
1580128061153	1580128061151	1.456	1.632	11.882	0.098	-0.067	0.039	0.000000	0.000000
1580128061170	1580128061169	1.468	1.500	11.640	0.041	-0.036	0.043	0.000000	0.000000
1580128061190	1580128061188	1.372	1.440	11.549	0.060	-0.007	0.048	0.000000	0.000000
1580128061210	1580128061209	1.269	1.507	11.604	0.112	0.003	0.040	0.000000	0.000000
1580128061230	1580128061231	1.252	1.414	11.563	0.119	-0.004	0.034	0.000000	0.000000
1580128061249	1580128061248	1.343	1.138	11.556	0.101	-0.004	0.024	0.000000	0.000000
1580128061269	1580128061268	1.425	1.038	11.585	0.102	-0.006	0.007	0.000000	0.000000
1580128061289	1580128061288	1.386	1.033	11.631	0.089	-0.022	-0.006	0.000000	0.000000
1580128061309	1580128061308	1.480	1.074	11.590	0.062	-0.049	-0.045	0.000000	0.000000
1580128061329	1580128061328	1.583	1.186	11.532	0.072	-0.064	-0.084	0.000000	0.000000
1580128061350	1580128061350	1.659	1.318	11.587	0.128	-0.077	-0.102	0.000000	0.000000
1580128061372	1580128061369	1.657	1.447	11.662	0.157	-0.063	-0.122	0.000000	0.000000
1580128061389	1580128061389	1.489	1.596	11.542	0.132	-0.045	-0.123	0.000000	0.000000
1580128061409	1580128061409	1.350	1.610	11.360	0.084	-0.061	-0.097	0.000000	0.000000
1580128061429	1580128061429	1.197	1.457	11.111	0.053	-0.084	-0.063	0.000000	0.000000
1580128061450	1580128061448	1.154	1.392	10.933	0.043	-0.105	-0.044	0.000000	0.000000
1580128061473	1580128061473	1.168	1.301	10.862	0.037	-0.128	-0.013	0.000000	0.000000
1580128061490	1580128061489	1.252	1.256	10.802	0.046	-0.154	0.021	0.000000	0.000000
1580128061509	1580128061509	1.319	1.107	10.737	0.021	-0.180	0.059	0.000000	0.000000
1580128061529	1580128061528	1.305	0.928	10.871	-0.032	-0.184	0.080	0.000000	0.000000
1580128061550	1580128061549	1.350	0.913	11.084	-0.079	-0.167	0.066	0.000000	0.000000
1580128061570	1580128061568	1.422	0.796	10.845	-0.096	-0.151	0.051	0.000000	0.000000
1580128061588	1580128061587	1.547	0.566	10.445	-0.108	-0.132	0.055	0.000000	0.000000
1580128061610	1580128061608	1.415	0.532	10.332	-0.180	-0.113	0.078	0.000000	0.000000
1580128061631	1580128061628	1.238	0.597	10.129	-0.290	-0.055	0.039	0.000000	0.000000
1580128061650	1580128061650	1.130	0.710	9.712	-0.284	0.027	-0.053	0.000000	0.000000
1580128061669	1580128061668	1.228	1.007	9.269	-0.271	0.092	-0.127	0.000000	0.000000
1580128061688	1580128061687	1.302	0.968	8.682	-0.302	0.189	-0.161	0.000000	0.000000
1580128061708	1580128061707	1.310	1.150	8.354	-0.171	0.235	-0.154	0.000000	0.000000
1580128061728	1580128061727	1.329	1.179	8.215	-0.050	0.221	-0.117	0.000000	0.000000
1580128061752	1580128061750	1.319	0.892	8.006	-0.018	0.195	-0.060	0.000000	0.000000
1580128061769	1580128061767	1.254	0.700	7.850	-0.007	0.169	-0.006	0.000000	0.000000
1580128061787	1580128061787	1.180	0.602	7.673	-0.004	0.124	0.020	0.000000	0.000000
1580128061807	1580128061807	1.175	0.518	7.422	0.012	0.067	0.029	0.000000	0.000000
1580128061828	1580128061827	1.065	0.451	7.264	0.002	0.020	0.036	0.000000	0.000000
1580128061855	1580128061855	0.869	0.329	7.036	-0.095	-0.017	0.029	0.000000	0.000000
1580128061867	1580128061867	0.830	0.240	6.598	-0.238	-0.045	-0.007	0.000000	0.000000
1580128061891	1580128061891	0.814	0.226	6.248	-0.282	-0.083	-0.039	0.000000	0.000000
1580128061908	1580128061906	0.859	0.338	6.289	-0.281	-0.122	-0.057	0.000000	0.000000
1580128061928	1580128061927	0.624	0.465	6.404	-0.349	-0.115	-0.051	0.000000	0.000000
1580128061952	1580128061947	0.464	0.614	6.406	-0.401	-0.093	-0.092	0.000000	0.000000
1580128061968	1580128061966	0.488	0.724	6.751	-0.312	-0.097	-0.141	0.000000	0.000000
1580128061987	1580128061986	0.545	0.784	7.228	-0.130	-0.098	-0.181	0.000000	0.000000
1580128062008	1580128062007	0.644	0.884	7.671	0.050	-0.084	-0.215	0.000000	0.000000
1580128062028	1580128062027	0.780	1.031	8.116	0.149	-0.066	-0.215	0.000000	0.000000
1580128062054	1580128062054	0.972	1.050	8.483	0.156	-0.077	-0.174	0.000000	0.000000
1580128062069	1580128062067	1.029	1.081	8.849	0.149	-0.122	-0.116	0.000000	0.000000
1580128062092	1580128062092	1.063	1.181	9.118	0.103	-0.156	-0.077	0.000000	0.000000
1580128062109	1580128062106	1.125	1.249	9.247	0.027	-0.155	-0.048	0.000000	0.000000
1580128062126	1580128062126	1.084	1.368	9.364	0.027	-0.147	-0.024	0.000000	0.000000
1580128062152	1580128062151	1.094	1.522	9.523	0.062	-0.136	-0.031	0.000000	0.000000
1580128062171	1580128062166	1.190	1.510	9.472	0.067	-0.105	-0.032	0.000000	0.000000
1580128062189	1580128062188	1.269	1.421	9.460	0.098	-0.079	-0.010	0.000000	0.000000
1580128062206	1580128062206	1.290	1.387	9.599	0.143	-0.069	0.036	0.000000	0.000000
1580128062227	1580128062226	1.240	1.277	9.664	0.139	-0.036	0.075	0.000000	0.000000
1580128062249	1580128062247	1.252	1.253	9.527	0.112	0.000	0.076	0.000000	0.000000
1580128062267	1580128062265	1.245	1.368	9.463	0.085	0.015	0.070	0.000000	0.000000
1580128062285	1580128062283	1.290	1.390	9.400	0.031	0.027	0.063	0.000000	0.000000
1580128062305	1580128062303	1.298	1.340	9.333	0.004	0.045	0.044	0.000000	0.000000
1580128062326	1580128062324	1.312	1.421	9.482	0.046	0.060	0.017	0.000000	0.000000
1580128062346	1580128062344	1.293	1.510	9.685	0.078	0.077	-0.010	0.000000	0.000000
1580128062370	1580128062368	1.348	1.531	9.724	0.106	0.103	-0.029	0.000000	0.000000
1580128062386	1580128062385	1.288	1.675	9.887	0.181	0.106	-0.006	0.000000	0.000000
1580128062406	1580128062404	1.278	1.728	9.956	0.163	0.096	0.019	0.000000	0.000000
1580128062426	1580128062423	1.252	1.661	9.870	0.125	0.075	0.050	0.000000	0.000000
1580128062446	1580128062443	1.233	1.670	9.750	0.135	0.050	0.081	0.000000	0.000000
1580128062476	1580128062465	1.204	1.718	9.719	0.176	0.040	0.110	0.000000	0.000000
1580128062484	1580128062484	1.187	1.675	9.678	0.192	0.024	0.134	0.000000	0.000000
1580128062510	1580128062503	1.175	1.605	9.592	0.206	0.010	0.129	0.000000	0.000000
1580128062524	1580128062523	1.156	1.625	9.542	0.224	0.014	0.113	0.000000	0.000000
1580128062544	1580128062543	1.123	1.685	9.575	0.216	0.032	0.094	0.000000	0.000000
1580128062564	1580128062562	1.132	1.694	9.606	0.198	0.054	0.070	0.000000	0.000000
1580128062589	1580128062589	1.113	1.802	9.599	0.187	0.073	0.054	0.000000	0.000000
1580128062607	1580128062603	1.096	1.912	9.556	0.160	0.085	0.041	0.000000	0.000000
1580128062624	1580128062622	1.022	1.926	9.475	0.165	0.096	0.028	0.000000	0.000000
1580128062647	1580128062643	1.022	2.010	9.482	0.203	0.080	0.011	0.000000	0.000000
1580128062668	1580128062663	1.060	1.991	9.460	0.184	0.053	0.003	0.000000	0.000000
1580128062683	1580128062683	1.027	1.903	9.317	0.180	0.029	-0.014	0.000000	0.000000
1580128062703	1580128062702	0.974	1.893	9.314	0.223	-0.014	-0.026	0.000000	0.000000
1580128062723	1580128062723	1.003	1.926	9.266	0.227	-0.053	-0.057	0.000000	0.000000
1580128062742	1580128062742	0.989	1.924	9.063	0.214	-0.067	-0.088	0.000000	0.000000
1580128062763	1580128062761	1.017	2.061	8.902	0.225	-0.072	-0.105	0.000000	0.000000
1580128062787	1580128062785	1.089	2.156	8.984	0.269	-0.065	-0.126	0.000000	0.000000
1580128062805	1580128062803	1.137	2.226	9.036	0.322	-0.036	-0.129	0.000000	0.000000
1580128062823	1580128062822	1.118	2.274	9.111	0.386	0.016	-0.163	0.000000	0.000000
1580128062842	1580128062842	1.132	2.477	9.381	0.489	0.096	-0.221	0.000000	0.000000
1580128062865	1580128062865	1.223	2.734	9.453	0.525	0.155	-0.240	0.000000	0.000000
1580128062889	1580128062889	1.168	2.784	9.503	0.589	0.204	-0.264	0.000000	0.000000
1580128062902	1580128062902	1.178	2.842	9.700	0.614	0.230	-0.256	0.000000	0.000000
1580128062923	1580128062922	1.192	2.945	10.052	0.651	0.262	-0.234	0.000000	0.000000
1580128062942	1580128062942	1.056	3.064	10.023	0.658	0.291	-0.193	0.000000	0.000000
1580128062962	1580128062962	0.804	3.098	10.014	0.620	0.291	-0.175	0.000000	0.000000
1580128062984	1580128062984	0.713	3.335	10.014	0.439	0.223	-0.159	0.000000	0.000000
1580128063003	1580128063003	0.656	3.493	9.791	0.250	0.177	-0.140	0.000000	0.000000
1580128063021	1580128063020	0.524	3.376	9.333	0.254	0.171	-0.123	0.000000	0.000000
1580128063041	1580128063040	0.454	3.340	9.017	0.309	0.162	-0.100	0.000000	0.000000
1580128063061	1580128063061	0.354	3.258	8.694	0.304	0.176	-0.094	0.000000	0.000000
1580128063090	1580128063090	0.232	3.261	8.531	0.312	0.181	-0.083	0.000000	0.000000
1580128063101	1580128063099	0.153	3.445	8.421	0.247	0.153	-0.052	0.000000	0.000000
1580128063122	1580128063122	0.054	3.385	8.128	0.155	0.144	-0.018	0.000000	0.000000
1580128063141	1580128063139	-0.013	3.388	7.949	0.075	0.132	0.012	0.000000	0.000000
1580128063161	1580128063160	-0.065	3.381	7.834	-0.016	0.113	0.034	0.000000	0.000000
1580128063182	1580128063182	0.047	3.337	7.817	-0.075	0.098	0.034	0.000000	0.000000
1580128063202	1580128063202	0.217	3.220	7.795	-0.157	0.083	0.070	0.000000	0.000000
1580128063220	1580128063220	0.227	3.057	7.764	-0.181	0.095	0.126	0.000000	0.000000
1580128063241	1580128063240	0.181	3.119	7.827	-0.173	0.104	0.174	0.000000	0.000000
1580128063259	1580128063259	0.172	3.074	7.743	-0.217	0.103	0.194	0.000000	0.000000
1580128063284	1580128063282	0.138	2.964	7.700	-0.258	0.115	0.173	0.000000	0.000000
1580128063301	1580128063300	0.224	2.798	7.637	-0.246	0.117	0.126	0.000000	0.000000
1580128063322	1580128063321	0.349	2.638	7.539	-0.161	0.127	0.076	0.000000	0.000000
1580128063340	1580128063339	0.481	2.355	7.374	-0.093	0.139	0.014	0.000000	0.000000
1580128063359	1580128063359	0.612	2.121	7.364	-0.122	0.128	-0.040	0.000000	0.000000
1580128063381	1580128063381	0.742	2.017	7.482	-0.195	0.076	-0.064	0.000000	0.000000
1580128063402	1580128063400	0.780	2.061	7.592	-0.244	0.020	-0.073	0.000000	0.000000
1580128063420	1580128063419	0.718	2.176	7.625	-0.239	-0.050	-0.070	0.000000	0.000000
1580128063439	1580128063438	0.732	2.233	7.692	-0.194	-0.121	-0.090	0.000000	0.000000
1580128063460	1580128063458	0.833	2.243	7.649	-0.159	-0.169	-0.090	0.000000	0.000000
1580128063479	1580128063478	0.919	2.039	7.532	-0.134	-0.202	-0.045	0.000000	0.000000
1580128063505	1580128063505	0.914	1.800	7.525	-0.101	-0.268	0.008	0.000000	0.000000
1580128063519	1580128063518	0.790	1.536	7.479	-0.074	-0.335	0.037	0.000000	0.000000
1580128063538	1580128063538	0.608	1.481	7.582	-0.046	-0.374	0.026	0.000000	0.000000
1580128063558	1580128063558	0.529	1.646	7.750	-0.080	-0.378	-0.014	0.000000	0.000000
1580128063580	1580128063577	0.462	1.867	7.836	-0.184	-0.373	-0.026	0.000000	0.000000
1580128063599	1580128063600	0.521	1.991	7.944	-0.294	-0.356	-0.032	0.000000	0.000000
1580128063622	1580128063620	0.517	2.176	8.121	-0.384	-0.283	-0.051	0.000000	0.000000
1580128063639	1580128063637	0.483	2.264	8.485	-0.398	-0.205	-0.074	0.000000	0.000000
1580128063658	1580128063658	0.612	2.243	8.924	-0.350	-0.130	-0.130	0.000000	0.000000
1580128063678	1580128063678	0.725	2.221	9.415	-0.290	-0.029	-0.169	0.000000	0.000000
1580128063702	1580128063700	0.759	2.374	9.865	-0.260	0.085	-0.168	0.000000	0.000000
1580128063721	1580128063717	0.620	2.473	10.054	-0.212	0.184	-0.128	0.000000	0.000000
1580128063738	1580128063737	0.567	2.434	10.040	-0.160	0.242	-0.103	0.000000	0.000000
1580128063758	1580128063757	0.512	2.386	10.009	-0.119	0.294	-0.069	0.000000	0.000000
1580128063780	1580128063778	0.392	2.506	10.088	-0.128	0.286	-0.029	0.000000	0.000000
1580128063799	1580128063799	0.421	1.970	9.927	-0.132	0.214	0.023	0.000000	0.000000
1580128063819	1580128063819	0.538	1.675	9.951	-0.122	0.099	0.080	0.000000	0.000000
1580128063838	1580128063837	0.617	1.500	9.985	-0.145	-0.005	0.178	0.000000	0.000000
1580128063857	1580128063857	0.450	1.467	9.935	-0.120	-0.039	0.234	0.000000	0.000000
1580128063878	1580128063876	0.387	1.471	10.296	-0.082	0.025	0.074	0.000000	0.000000
1580128063897	1580128063897	0.572	1.598	10.857	-0.195	0.029	-0.086	0.000000	0.000000
1580128063922	1580128063922	0.806	1.601	10.895	-0.334	-0.038	-0.117	0.000000	0.000000
1580128063938	1580128063936	0.852	1.934	10.893	-0.309	-0.081	-0.084	0.000000	0.000000
1580128063956	1580128063956	0.792	2.451	11.070	-0.218	-0.081	-0.059	0.000000	0.000000
1580128063977	1580128063976	0.790	2.707	11.259	-0.157	-0.064	-0.048	0.000000	0.000000
1580128063997	1580128063996	0.883	2.602	11.377	-0.104	-0.051	-0.028	0.000000	0.000000
1580128064017	1580128064017	0.965	2.214	11.530	-0.047	-0.045	0.024	0.000000	0.000000
1580128064037	1580128064037	1.029	2.075	11.666	-0.020	-0.022	0.044	0.000000	0.000000
1580128064056	1580128064056	0.924	2.015	11.655	-0.052	0.006	0.045	0.000000	0.000000
1580128064076	1580128064076	0.821	1.843	11.585	-0.070	0.018	0.039	0.000000	0.000000
1580128064098	1580128064096	0.830	1.790	11.626	-0.049	0.012	0.005	0.000000	0.000000
1580128064130	1580128064120	0.900	1.929	11.619	0.014	-0.004	-0.018	0.000000	0.000000
1580128064139	1580128064136	0.974	2.080	11.602	0.037	0.010	-0.024	0.000000	0.000000
1580128064156	1580128064155	1.041	2.061	11.662	-0.025	0.034	-0.065	0.000000	0.000000
1580128064176	1580128064175	1.235	1.941	11.530	-0.123	0.009	-0.123	0.000000	0.000000
1580128064198	1580128064195	1.441	1.843	11.324	-0.134	-0.055	-0.144	0.000000	0.000000
1580128064216	1580128064216	1.540	2.003	11.398	-0.057	-0.119	-0.130	0.000000	0.000000
1580128064236	1580128064236	1.480	2.180	11.602	-0.006	-0.128	-0.091	0.000000	0.000000
1580128064255	1580128064255	1.386	2.135	11.707	0.033	-0.091	-0.070	0.000000	0.000000
1580128064275	1580128064275	1.281	2.235	11.875	0.043	-0.056	-0.054	0.000000	0.000000
1580128064296	1580128064296	1.135	2.149	11.937	0.026	-0.019	-0.024	0.000000	0.000000
1580128064319	1580128064319	0.972	2.008	12.064	0.026	0.024	-0.006	0.000000	0.000000
1580128064340	1580128064336	0.953	2.029	12.313	0.023	0.062	-0.018	0.000000	0.000000
1580128064356	1580128064354	0.883	1.965	12.591	-0.018	0.102	-0.027	0.000000	0.000000
1580128064375	1580128064374	0.811	1.982	12.792	-0.061	0.119	-0.065	0.000000	0.000000
1580128064397	1580128064394	0.933	1.893	12.651	-0.088	0.103	-0.103	0.000000	0.000000
1580128064429	1580128064420	1.039	1.828	12.373	-0.057	0.085	-0.119	0.000000	0.000000
1580128064437	1580128064436	1.039	1.965	12.016	0.015	0.055	-0.112	0.000000	0.000000
1580128064475	1580128064474	0.941	1.914	11.484	0.027	0.015	-0.057	0.000000	0.000000
1580128064478	1580128064477	0.754	1.720	11.065	0.008	-0.005	0.003	0.000000	0.000000
1580128064497	1580128064493	0.632	1.598	10.902	0.052	-0.014	0.025	0.000000	0.000000
1580128064518	1580128064514	0.543	1.653	10.984	0.173	-0.022	0.022	0.000000	0.000000
1580128064539	1580128064538	0.536	1.859	11.053	0.244	-0.021	-0.006	0.000000	0.000000
1580128064554	1580128064553	0.526	1.903	11.099	0.241	-0.009	-0.010	0.000000	0.000000
1580128064573	1580128064573	0.538	1.826	11.020	0.225	-0.008	0.005	0.000000	0.000000
1580128064595	1580128064594	0.617	1.699	10.775	0.176	0.010	0.008	0.000000	0.000000
1580128064617	1580128064614	0.682	1.565	10.502	0.157	0.036	0.007	0.000000	0.000000
1580128064633	1580128064632	0.735	1.687	10.287	0.159	0.044	0.010	0.000000	0.000000
1580128064659	1580128064658	0.768	1.596	9.901	0.107	0.044	0.024	0.000000	0.000000
1580128064673	1580128064672	0.711	1.668	9.649	0.074	0.044	0.045	0.000000	0.000000
1580128064693	1580128064692	0.627	1.706	9.367	0.057	0.047	0.063	0.000000	0.000000
1580128064714	1580128064713	0.617	1.471	9.019	0.036	0.050	0.077	0.000000	0.000000
1580128064737	1580128064734	0.574	1.395	8.845	-0.022	0.086	0.087	0.000000	0.000000
1580128064755	1580128064752	0.581	1.296	8.595	-0.148	0.127	0.110	0.000000	0.000000
1580128064774	1580128064773	0.706	1.038	8.188	-0.369	0.148	0.138	0.000000	0.000000
1580128064793	1580128064792	0.778	0.698	7.642	-0.723	0.153	0.214	0.000000	0.000000
1580128064815	1580128064813	0.497	0.321	7.249	-1.022	0.153	0.304	0.000000	0.000000
1580128064833	1580128064832	0.234	0.329	7.180	-1.098	0.157	0.303	0.000000	0.000000
1580128064853	1580128064852	0.150	0.372	6.907	-0.953	0.113	0.254	0.000000	0.000000
1580128064873	1580128064872	0.368	0.286	7.086	-0.586	0.025	0.192	0.000000	0.000000
1580128064893	1580128064893	0.579	0.786	7.819	-0.185	0.012	0.134	0.000000	0.000000
1580128064912	1580128064912	0.526	1.134	8.262	0.053	0.047	0.148	0.000000	0.000000
1580128064937	1580128064935	0.512	1.057	8.483	0.171	0.076	0.168	0.000000	0.000000
1580128064953	1580128064953	0.500	0.952	8.639	0.293	0.078	0.158	0.000000	0.000000
1580128064972	1580128064972	0.392	1.045	8.720	0.388	0.073	0.127	0.000000	0.000000
1580128064993	1580128064991	0.394	1.241	8.636	0.394	0.081	0.080	0.000000	0.000000
1580128065012	1580128065011	0.428	1.232	8.306	0.345	0.098	0.058	0.000000	0.000000
1580128065033	1580128065033	0.394	1.294	7.937	0.305	0.118	0.052	0.000000	0.000000
1580128065054	1580128065054	0.375	1.534	7.771	0.271	0.151	0.057	0.000000	0.000000
1580128065078	1580128065072	0.234	1.514	7.702	0.216	0.198	0.076	0.000000	0.000000
1580128065092	1580128065092	0.028	1.330	7.652	0.237	0.234	0.077	0.000000	0.000000
1580128065114	1580128065112	-0.089	1.440	7.925	0.391	0.246	0.031	0.000000	0.000000
1580128065138	1580128065136	-0.135	1.754	8.270	0.469	0.239	-0.001	0.000000	0.000000
1580128065156	1580128065155	-0.248	1.970	8.452	0.441	0.223	0.001	0.000000	0.000000
1580128065172	1580128065172	-0.288	2.235	8.471	0.395	0.188	0.002	0.000000	0.000000
1580128065193	1580128065192	-0.329	2.293	8.375	0.381	0.122	0.034	0.000000	0.000000
1580128065213	1580128065212	-0.259	2.259	8.282	0.427	0.061	0.066	0.000000	0.000000
1580128065232	1580128065232	-0.233	2.228	8.464	0.479	0.020	0.111	0.000000	0.000000
1580128065253	1580128065252	-0.188	2.219	8.701	0.494	-0.006	0.138	0.000000	0.000000
1580128065273	1580128065273	-0.116	2.283	8.960	0.476	-0.017	0.125	0.000000	0.000000
1580128065292	1580128065292	-0.018	2.406	9.139	0.420	-0.007	0.093	0.000000	0.000000
1580128065313	1580128065311	0.033	2.552	9.300	0.353	0.014	0.064	0.000000	0.000000
1580128065331	1580128065331	0.114	2.710	9.297	0.287	0.029	0.035	0.000000	0.000000
1580128065354	1580128065352	0.176	2.767	9.185	0.265	0.027	0.011	0.000000	0.000000
1580128065376	1580128065373	0.188	2.863	9.122	0.295	0.030	-0.012	0.000000	0.000000
1580128065394	1580128065390	0.224	3.048	9.099	0.335	0.019	-0.041	0.000000	0.000000
1580128065411	1580128065411	0.212	3.184	8.993	0.364	-0.011	-0.048	0.000000	0.000000
1580128065439	1580128065439	0.184	3.256	8.861	0.389	-0.016	-0.039	0.000000	0.000000
1580128065453	1580128065452	0.160	3.376	8.809	0.390	-0.008	-0.026	0.000000	0.000000
1580128065473	1580128065471	0.006	3.393	8.909	0.333	-0.016	-0.010	0.000000	0.000000
1580128065492	1580128065491	-0.137	3.450	9.046	0.223	-0.021	-0.024	0.000000	0.000000
1580128065510	1580128065510	-0.240	3.543	9.221	0.093	-0.020	-0.045	0.000000	0.000000
1580128065531	1580128065531	-0.295	3.558	9.283	-0.003	-0.019	-0.056	0.000000	0.000000
1580128065560	1580128065551	-0.250	3.512	9.259	0.026	-0.015	-0.052	0.000000	0.000000
1580128065573	1580128065572	-0.125	3.486	9.230	0.150	-0.005	-0.037	0.000000	0.000000
1580128065592	1580128065589	-0.032	3.393	9.154	0.242	-0.001	-0.016	0.000000	0.000000
1580128065611	1580128065610	-0.020	3.254	9.089	0.269	-0.003	0.008	0.000000	0.000000
1580128065630	1580128065630	-0.010	3.143	8.984	0.231	0.013	0.008	0.000000	0.000000
1580128065651	1580128065651	-0.032	3.182	8.854	0.163	0.046	-0.012	0.000000	0.000000
