1580128075626	1580128075626	-8.567	-7.016	0.793	0.533	-0.407	-0.941	0.000000	0.000000
1580128075647	1580128075645	-8.251	-7.014	1.165	0.429	-0.417	-0.863	0.000000	0.000000
1580128075672	1580128075670	-7.465	-7.157	1.684	0.353	-0.423	-0.796	0.000000	0.000000
1580128075685	1580128075684	-6.684	-7.361	1.991	0.357	-0.376	-0.762	0.000000	0.000000
1580128075706	1580128075704	-6.373	-7.624	2.082	0.398	-0.307	-0.706	0.000000	0.000000
1580128075728	1580128075725	-6.354	-7.897	2.049	0.357	-0.294	-0.654	0.000000	0.000000
1580128075748	1580128075746	-6.318	-7.919	2.204	0.261	-0.308	-0.640	0.000000	0.000000
1580128075766	1580128075765	-6.414	-7.828	2.652	0.295	-0.310	-0.577	0.000000	0.000000
1580128075785	1580128075784	-6.449	-8.092	2.703	0.409	-0.347	-0.453	0.000000	0.000000
1580128075804	1580128075804	-6.600	-8.405	2.444	0.420	-0.328	-0.390	0.000000	0.000000
1580128075825	1580128075824	-6.873	-8.640	2.370	0.348	-0.261	-0.368	0.000000	0.000000
1580128075845	1580128075844	-7.063	-8.750	2.276	0.277	-0.232	-0.338	0.000000	0.000000
1580128075865	1580128075864	-7.156	-8.889	2.161	0.238	-0.226	-0.337	0.000000	0.000000
1580128075885	1580128075884	-6.730	-9.093	2.731	0.211	-0.217	-0.327	0.000000	0.000000
1580128075905	1580128075904	-6.188	-9.316	3.630	0.175	-0.211	-0.283	0.000000	0.000000
1580128075924	1580128075923	-6.306	-9.258	3.721	0.117	-0.231	-0.280	0.000000	0.000000
1580128075948	1580128075944	-6.742	-9.158	3.256	0.095	-0.243	-0.310	0.000000	0.000000
1580128075966	1580128075965	-6.775	-9.169	2.983	0.091	-0.230	-0.318	0.000000	0.000000
1580128075984	1580128075983	-6.646	-9.304	3.086	0.062	-0.189	-0.278	0.000000	0.000000
1580128076004	1580128076003	-6.591	-9.531	3.026	0.035	-0.153	-0.272	0.000000	0.000000
1580128076024	1580128076024	-6.361	-9.538	3.028	0.042	-0.112	-0.315	0.000000	0.000000
1580128076044	1580128076043	-5.956	-9.244	3.378	0.021	-0.077	-0.324	0.000000	0.000000
1580128076065	1580128076064	-5.865	-9.031	3.486	0.005	-0.041	-0.296	0.000000	0.000000
1580128076084	1580128076083	-6.069	-8.947	3.282	0.020	-0.035	-0.241	0.000000	0.000000
1580128076104	1580128076103	-6.025	-9.102	3.289	0.028	-0.044	-0.155	0.000000	0.000000
1580128076126	1580128076124	-5.987	-9.256	3.479	0.020	-0.029	-0.071	0.000000	0.000000
1580128076146	1580128076143	-6.124	-9.172	3.577	0.005	0.010	-0.027	0.000000	0.000000
1580128076165	1580128076163	-6.337	-9.059	3.594	0.009	0.059	-0.004	0.000000	0.000000
1580128076183	1580128076182	-6.351	-9.203	3.395	0.048	0.119	0.010	0.000000	0.000000
1580128076203	1580128076202	-6.198	-9.308	3.354	0.064	0.192	0.048	0.000000	0.000000
1580128076223	1580128076222	-6.133	-9.349	3.421	0.054	0.235	0.112	0.000000	0.000000
1580128076243	1580128076242	-6.049	-9.261	3.328	0.043	0.264	0.187	0.000000	0.000000
1580128076263	1580128076262	-5.932	-9.261	3.335	0.024	0.316	0.294	0.000000	0.000000
1580128076288	1580128076287	-6.035	-9.287	3.321	-0.008	0.343	0.421	0.000000	0.000000
1580128076302	1580128076302	-6.210	-9.138	3.153	-0.065	0.273	0.520	0.000000	0.000000
1580128076324	1580128076322	-6.169	-8.901	3.186	-0.137	0.169	0.604	0.000000	0.000000
1580128076347	1580128076343	-6.224	-8.710	3.390	-0.179	0.086	0.668	0.000000	0.000000
1580128076363	1580128076362	-6.533	-8.609	3.457	-0.140	0.051	0.668	0.000000	0.000000
1580128076382	1580128076381	-6.866	-8.872	3.115	-0.063	0.054	0.599	0.000000	0.000000
1580128076402	1580128076402	-7.319	-9.050	3.218	0.058	0.134	0.544	0.000000	0.000000
1580128076423	1580128076422	-7.602	-9.122	3.222	0.086	0.238	0.628	0.000000	0.000000
1580128076444	1580128076443	-7.590	-9.280	2.825	-0.063	0.265	0.806	0.000000	0.000000
1580128076462	1580128076461	-7.468	-9.059	2.425	-0.262	0.276	0.913	0.000000	0.000000
1580128076482	1580128076481	-7.415	-8.329	2.142	-0.397	0.319	0.954	0.000000	0.000000
1580128076503	1580128076501	-7.400	-7.759	1.828	-0.456	0.387	1.034	0.000000	0.000000
1580128076523	1580128076522	-7.247	-7.579	1.414	-0.496	0.415	1.159	0.000000	0.000000
1580128076543	1580128076543	-7.209	-7.196	1.078	-0.566	0.322	1.119	0.000000	0.000000
1580128076563	1580128076563	-7.422	-6.453	0.959	-0.601	0.225	1.082	0.000000	0.000000
1580128076584	1580128076584	-7.535	-5.842	0.927	-0.614	0.141	1.121	0.000000	0.000000
1580128076601	1580128076601	-7.597	-5.600	0.851	-0.642	0.030	1.145	0.000000	0.000000
1580128076622	1580128076621	-7.532	-5.291	0.784	-0.594	-0.072	1.117	0.000000	0.000000
1580128076642	1580128076641	-7.664	-4.977	1.057	-0.444	-0.132	1.055	0.000000	0.000000
1580128076662	1580128076662	-7.592	-4.690	1.514	-0.280	-0.186	0.989	0.000000	0.000000
1580128076688	1580128076688	-7.492	-4.546	1.747	-0.143	-0.253	0.967	0.000000	0.000000
1580128076702	1580128076702	-7.456	-4.438	1.723	-0.025	-0.329	0.944	0.000000	0.000000
1580128076722	1580128076721	-7.357	-4.156	1.668	0.057	-0.410	0.904	0.000000	0.000000
1580128076742	1580128076742	-7.218	-4.187	1.672	0.130	-0.449	0.861	0.000000	0.000000
1580128076768	1580128076766	-7.115	-4.295	1.517	0.139	-0.446	0.857	0.000000	0.000000
1580128076785	1580128076782	-6.981	-4.160	1.407	0.119	-0.413	0.845	0.000000	0.000000
1580128076802	1580128076801	-6.955	-4.175	1.383	0.179	-0.408	0.826	0.000000	0.000000
1580128076822	1580128076821	-6.806	-4.103	1.347	0.198	-0.450	0.821	0.000000	0.000000
1580128076845	1580128076843	-6.811	-4.086	1.366	0.155	-0.461	0.802	0.000000	0.000000
1580128076863	1580128076863	-6.984	-3.966	1.574	0.139	-0.439	0.749	0.000000	0.000000
1580128076882	1580128076881	-7.032	-3.966	1.852	0.174	-0.438	0.674	0.000000	0.000000
1580128076907	1580128076907	-7.127	-4.055	1.807	0.195	-0.454	0.605	0.000000	0.000000
1580128076922	1580128076921	-7.398	-3.878	1.529	0.183	-0.464	0.578	0.000000	0.000000
1580128076942	1580128076940	-7.659	-3.626	1.251	0.142	-0.468	0.544	0.000000	0.000000
1580128076964	1580128076963	-7.860	-3.554	1.189	0.096	-0.475	0.503	0.000000	0.000000
1580128076983	1580128076983	-7.954	-3.715	1.553	0.049	-0.495	0.464	0.000000	0.000000
1580128077001	1580128076999	-8.093	-4.149	1.852	-0.018	-0.486	0.432	0.000000	0.000000
1580128077020	1580128077020	-8.349	-4.213	2.015	-0.069	-0.499	0.386	0.000000	0.000000
1580128077042	1580128077041	-8.471	-3.868	2.374	-0.035	-0.541	0.343	0.000000	0.000000
1580128077061	1580128077061	-8.711	-3.521	2.710	-0.004	-0.529	0.352	0.000000	0.000000
1580128077080	1580128077081	-8.910	-3.614	2.911	0.004	-0.499	0.355	0.000000	0.000000
1580128077102	1580128077101	-8.883	-3.770	3.380	-0.025	-0.512	0.339	0.000000	0.000000
1580128077122	1580128077120	-8.867	-3.818	3.515	-0.078	-0.546	0.291	0.000000	0.000000
1580128077141	1580128077139	-8.857	-3.662	3.460	-0.075	-0.565	0.250	0.000000	0.000000
1580128077164	1580128077164	-8.902	-3.238	3.560	-0.056	-0.605	0.223	0.000000	0.000000
1580128077186	1580128077184	-9.051	-3.147	3.766	-0.114	-0.662	0.138	0.000000	0.000000
1580128077201	1580128077201	-9.410	-3.368	4.051	-0.170	-0.669	0.041	0.000000	0.000000
1580128077222	1580128077219	-9.966	-3.497	4.576	-0.110	-0.651	-0.116	0.000000	0.000000
1580128077239	1580128077239	-10.064	-3.856	5.328	0.127	-0.689	-0.234	0.000000	0.000000
1580128077265	1580128077265	-10.287	-3.602	6.176	0.378	-0.715	-0.233	0.000000	0.000000
1580128077279	1580128077279	-10.560	-3.214	6.983	0.421	-0.852	-0.187	0.000000	0.000000
1580128077306	1580128077304	-10.083	-2.865	7.192	0.389	-1.069	-0.121	0.000000	0.000000
1580128077319	1580128077319	-9.374	-2.472	6.919	0.479	-1.018	-0.059	0.000000	0.000000
1580128077341	1580128077339	-9.549	-1.602	6.861	0.553	-0.885	0.073	0.000000	0.000000
1580128077362	1580128077359	-10.000	-0.867	7.300	0.625	-1.149	0.223	0.000000	0.000000
1580128077383	1580128077379	-9.935	-0.412	9.063	0.539	-2.108	0.586	0.000000	0.000000
1580128077401	1580128077400	-8.014	-1.894	10.435	-0.061	-2.688	0.844	0.000000	0.000000
1580128077419	1580128077419	-8.340	-2.819	10.778	0.159	-1.937	0.729	0.000000	0.000000
1580128077440	1580128077438	-9.600	-3.392	11.511	0.146	-1.865	0.766	0.000000	0.000000
1580128077459	1580128077458	-8.972	-4.168	11.338	0.491	-2.629	0.735	0.000000	0.000000
1580128077485	1580128077484	-8.632	-1.892	11.372	1.619	-2.695	1.292	0.000000	0.000000
1580128077499	1580128077499	-9.092	-2.381	11.365	1.400	-2.989	1.203	0.000000	0.000000
1580128077520	1580128077519	-7.815	-4.843	10.838	1.212	-3.492	0.560	0.000000	0.000000
1580128077539	1580128077538	-7.168	-4.637	10.287	1.738	-3.568	0.842	0.000000	0.000000
1580128077558	1580128077558	-6.608	-4.268	9.618	2.313	-3.625	0.830	0.000000	0.000000
1580128077583	1580128077581	-5.745	-4.493	8.730	2.589	-3.644	0.653	0.000000	0.000000
1580128077604	1580128077604	-4.912	-4.168	7.920	2.723	-3.579	0.601	0.000000	0.000000
1580128077618	1580128077618	-3.855	-3.535	7.218	2.815	-3.486	0.392	0.000000	0.000000
1580128077638	1580128077637	-2.873	-2.354	6.653	2.867	-3.333	0.168	0.000000	0.000000
1580128077658	1580128077657	-2.233	-1.504	6.459	2.771	-3.087	-0.037	0.000000	0.000000
1580128077684	1580128077684	-1.723	-0.991	6.238	2.488	-2.766	-0.240	0.000000	0.000000
1580128077697	1580128077697	-1.189	-0.177	6.073	2.379	-2.439	-0.471	0.000000	0.000000
1580128077718	1580128077718	-0.707	0.571	6.032	2.334	-2.119	-0.696	0.000000	0.000000
1580128077737	1580128077737	-0.497	1.217	5.786	2.230	-1.795	-0.808	0.000000	0.000000
1580128077757	1580128077757	-0.396	2.125	5.601	2.076	-1.577	-0.858	0.000000	0.000000
1580128077779	1580128077779	-0.200	2.957	5.984	1.914	-1.480	-0.903	0.000000	0.000000
1580128077804	1580128077797	0.076	3.131	6.552	1.901	-1.232	-1.008	0.000000	0.000000
1580128077818	1580128077818	0.059	2.925	7.141	1.957	-0.828	-1.039	0.000000	0.000000
1580128077838	1580128077836	-0.180	3.076	7.822	2.059	-0.572	-0.959	0.000000	0.000000
1580128077857	1580128077857	-0.025	3.943	7.877	2.115	-0.544	-0.969	0.000000	0.000000
1580128077878	1580128077877	0.200	5.002	7.400	1.943	-0.622	-1.035	0.000000	0.000000
1580128077905	1580128077904	0.090	5.740	6.983	1.592	-0.846	-1.017	0.000000	0.000000
1580128077918	1580128077918	0.124	6.305	6.689	1.247	-1.076	-1.045	0.000000	0.000000
1580128077965	1580128077964	0.423	6.495	6.320	1.143	-1.243	-1.108	0.000000	0.000000
1580128078012	1580128078023	0.744	6.775	5.922	1.115	-1.258	-1.151	0.000000	0.000000
1580128078017	1580128078025	0.608	7.367	5.649	1.023	-1.143	-1.148	0.000000	0.000000
1580128078053	1580128078063	0.399	7.769	5.285	0.900	-1.053	-1.129	0.000000	0.000000
1580128078055	1580128078064	0.351	7.846	4.880	0.720	-1.050	-1.080	0.000000	0.000000
1580128078056	1580128078066	0.215	7.872	4.554	0.609	-1.092	-0.977	0.000000	0.000000
1580128078089	1580128078087	0.224	7.951	4.444	0.578	-1.139	-0.857	0.000000	0.000000
1580128078091	1580128078087	0.313	7.966	4.430	0.467	-1.150	-0.678	0.000000	0.000000
1580128078121	1580128078117	0.279	7.601	4.377	0.335	-1.066	-0.470	0.000000	0.000000
1580128078127	1580128078124	0.217	7.343	4.348	0.179	-0.974	-0.299	0.000000	0.000000
1580128078139	1580128078139	0.162	7.132	4.293	-0.001	-0.915	-0.192	0.000000	0.000000
1580128078157	1580128078156	0.157	6.574	4.099	-0.150	-0.925	-0.142	0.000000	0.000000
1580128078177	1580128078177	0.382	6.322	4.018	-0.302	-0.989	-0.100	0.000000	0.000000
1580128078198	1580128078198	0.629	6.265	4.284	-0.547	-0.989	-0.046	0.000000	0.000000
1580128078219	1580128078219	0.715	5.769	4.396	-0.851	-0.773	0.061	0.000000	0.000000
1580128078239	1580128078238	0.699	5.213	4.066	-0.932	-0.508	0.070	0.000000	0.000000
1580128078257	1580128078256	0.723	5.038	3.706	-0.873	-0.342	-0.008	0.000000	0.000000
1580128078276	1580128078276	0.538	4.813	3.471	-0.760	-0.240	-0.128	0.000000	0.000000
1580128078305	1580128078305	0.577	4.506	3.711	-0.734	-0.209	-0.288	0.000000	0.000000
1580128078316	1580128078316	0.900	4.399	3.771	-0.950	-0.149	-0.273	0.000000	0.000000
1580128078339	1580128078335	1.118	4.487	3.747	-1.119	0.040	-0.122	0.000000	0.000000
1580128078356	1580128078356	0.931	4.609	3.407	-1.282	0.339	-0.145	0.000000	0.000000
1580128078377	1580128078375	0.517	4.207	3.689	-1.040	0.648	-0.313	0.000000	0.000000
1580128078396	1580128078395	0.102	3.431	4.782	-0.500	0.897	-0.075	0.000000	0.000000
1580128078417	1580128078416	-0.164	4.114	4.839	-0.144	1.133	0.431	0.000000	0.000000
1580128078437	1580128078433	-0.128	4.209	5.402	0.637	1.720	1.316	0.000000	0.000000
1580128078457	1580128078454	-0.037	3.970	5.939	0.688	2.097	1.623	0.000000	0.000000
1580128078477	1580128078475	-2.420	7.187	6.138	-0.162	1.506	0.211	0.000000	0.000000
1580128078498	1580128078494	-3.249	7.065	7.479	0.156	0.586	-0.157	0.000000	0.000000
1580128078528	1580128078520	-1.529	5.783	7.985	0.095	-0.023	-0.263	0.000000	0.000000
1580128078534	1580128078532	-0.425	5.362	7.237	-0.412	-0.340	-0.362	0.000000	0.000000
1580128078556	1580128078552	0.452	5.251	6.406	-0.712	-0.429	-0.507	0.000000	0.000000
1580128078575	1580128078572	0.948	4.516	6.339	-0.607	-0.393	-0.544	0.000000	0.000000
1580128078595	1580128078592	1.197	4.217	6.495	-0.227	-0.215	-0.460	0.000000	0.000000
1580128078614	1580128078612	0.838	5.338	6.722	0.348	0.134	-0.239	0.000000	0.000000
1580128078637	1580128078637	0.100	7.395	7.424	1.012	0.227	-0.042	0.000000	0.000000
1580128078653	1580128078653	0.085	9.264	8.107	1.297	-0.103	0.054	0.000000	0.000000
1580128078674	1580128078672	0.054	9.283	8.282	1.033	-0.203	0.150	0.000000	0.000000
1580128078693	1580128078692	-0.339	8.703	8.512	0.538	-0.071	0.108	0.000000	0.000000
1580128078716	1580128078716	-0.188	8.212	8.835	0.099	-0.058	-0.058	0.000000	0.000000
1580128078734	1580128078732	0.196	7.472	8.423	-0.221	-0.040	-0.101	0.000000	0.000000
1580128078753	1580128078753	0.129	7.537	7.872	-0.204	0.027	-0.091	0.000000	0.000000
1580128078773	1580128078772	-0.077	7.726	7.824	-0.042	0.002	-0.093	0.000000	0.000000
1580128078793	1580128078791	0.030	7.525	7.985	0.079	-0.091	-0.105	0.000000	0.000000
1580128078814	1580128078814	0.246	7.621	8.138	0.152	-0.134	-0.134	0.000000	0.000000
1580128078834	1580128078834	0.373	8.016	8.210	0.146	-0.126	-0.129	0.000000	0.000000
1580128078852	1580128078852	0.330	8.370	8.258	0.096	-0.117	-0.108	0.000000	0.000000
1580128078872	1580128078871	0.330	8.358	8.229	0.005	-0.102	-0.088	0.000000	0.000000
1580128078892	1580128078891	0.325	8.284	8.260	-0.053	-0.086	-0.087	0.000000	0.000000
1580128078912	1580128078911	0.215	8.390	8.306	-0.055	-0.070	-0.088	0.000000	0.000000
1580128078936	1580128078936	0.193	8.509	8.342	-0.022	-0.082	-0.080	0.000000	0.000000
1580128078951	1580128078951	0.191	8.457	8.514	0.021	-0.089	-0.059	0.000000	0.000000
1580128078976	1580128078972	0.076	8.418	8.655	0.026	-0.060	-0.025	0.000000	0.000000
1580128078992	1580128078990	-0.099	8.699	8.744	0.011	-0.056	-0.012	0.000000	0.000000
1580128079012	1580128079012	-0.008	8.766	8.780	-0.006	-0.096	0.001	0.000000	0.000000
1580128079034	1580128079034	0.157	8.667	8.909	0.013	-0.102	0.021	0.000000	0.000000
1580128079052	1580128079051	0.284	8.588	9.027	0.066	-0.095	0.046	0.000000	0.000000
1580128079071	1580128079071	0.538	8.627	9.012	0.064	-0.093	0.045	0.000000	0.000000
1580128079091	1580128079090	0.591	8.787	9.041	0.066	-0.049	0.051	0.000000	0.000000
1580128079113	1580128079110	0.536	9.010	9.003	0.087	-0.017	0.035	0.000000	0.000000
1580128079135	1580128079135	0.692	8.945	8.950	0.113	-0.053	0.018	0.000000	0.000000
1580128079154	1580128079152	0.790	9.084	9.029	0.156	-0.052	-0.003	0.000000	0.000000
1580128079170	1580128079170	0.823	9.192	9.111	0.129	-0.038	-0.039	0.000000	0.000000
1580128079190	1580128079190	0.730	8.967	9.099	0.017	0.001	-0.064	0.000000	0.000000
1580128079211	1580128079210	0.514	8.768	9.060	-0.079	0.055	-0.088	0.000000	0.000000
1580128079232	1580128079232	0.359	8.402	8.979	-0.135	0.075	-0.097	0.000000	0.000000
1580128079252	1580128079250	0.258	8.045	8.686	-0.117	0.104	-0.102	0.000000	0.000000
1580128079271	1580128079270	0.284	7.688	8.361	-0.035	0.093	-0.101	0.000000	0.000000
1580128079290	1580128079290	0.382	7.673	8.090	0.057	0.066	-0.112	0.000000	0.000000
1580128079310	1580128079309	0.327	8.318	8.018	0.130	0.066	-0.139	0.000000	0.000000
1580128079331	1580128079331	0.165	8.821	8.104	0.143	0.066	-0.134	0.000000	0.000000
1580128079353	1580128079350	0.088	8.770	8.109	-0.005	0.051	-0.103	0.000000	0.000000
1580128079370	1580128079369	0.045	8.191	8.061	-0.181	0.033	-0.047	0.000000	0.000000
1580128079390	1580128079389	-0.089	8.018	8.152	-0.330	0.031	-0.057	0.000000	0.000000
1580128079410	1580128079409	-0.307	8.332	8.322	-0.546	0.058	-0.117	0.000000	0.000000
1580128079434	1580128079432	-0.353	7.767	8.224	-0.752	0.027	-0.116	0.000000	0.000000
1580128079450	1580128079450	-0.149	6.959	8.085	-0.814	-0.009	-0.098	0.000000	0.000000
1580128079478	1580128079470	-0.137	6.763	8.037	-0.750	0.012	-0.092	0.000000	0.000000
1580128079490	1580128079488	-0.137	6.547	7.941	-0.656	0.015	-0.053	0.000000	0.000000
1580128079509	1580128079509	-0.111	5.795	7.946	-0.601	0.002	-0.005	0.000000	0.000000
1580128079531	1580128079529	-0.178	5.525	7.997	-0.606	0.000	0.006	0.000000	0.000000
1580128079552	1580128079552	-0.315	5.735	7.965	-0.558	0.000	-0.013	0.000000	0.000000
1580128079572	1580128079568	-0.161	5.606	7.769	-0.618	-0.021	-0.035	0.000000	0.000000
1580128079589	1580128079588	0.229	4.916	7.369	-0.817	-0.037	-0.068	0.000000	0.000000
1580128079609	1580128079608	0.313	4.451	7.005	-0.962	0.018	-0.132	0.000000	0.000000
1580128079632	1580128079628	0.102	4.219	6.847	-0.926	0.089	-0.198	0.000000	0.000000
1580128079649	1580128079648	0.107	3.886	6.713	-0.800	0.061	-0.218	0.000000	0.000000
1580128079669	1580128079667	0.090	3.709	6.708	-0.660	-0.012	-0.221	0.000000	0.000000
1580128079688	1580128079688	0.047	3.831	6.849	-0.537	-0.035	-0.267	0.000000	0.000000
1580128079708	1580128079707	0.102	3.608	6.823	-0.442	-0.067	-0.263	0.000000	0.000000
1580128079729	1580128079729	0.157	3.685	6.789	-0.378	-0.083	-0.245	0.000000	0.000000
1580128079761	1580128079760	-0.030	4.272	6.722	-0.318	-0.037	-0.249	0.000000	0.000000
1580128079771	1580128079768	-0.248	4.308	6.605	-0.296	-0.030	-0.241	0.000000	0.000000
1580128079788	1580128079787	-0.197	3.838	6.440	-0.258	-0.115	-0.209	0.000000	0.000000
1580128079808	1580128079807	-0.097	3.685	6.346	-0.117	-0.173	-0.193	0.000000	0.000000
1580128079828	1580128079827	-0.168	3.848	6.523	0.091	-0.182	-0.193	0.000000	0.000000
1580128079848	1580128079848	-0.200	4.188	6.583	0.270	-0.176	-0.186	0.000000	0.000000
1580128079867	1580128079866	-0.140	4.403	6.602	0.377	-0.192	-0.155	0.000000	0.000000
1580128079887	1580128079886	-0.077	4.427	6.631	0.439	-0.219	-0.120	0.000000	0.000000
1580128079907	1580128079906	-0.116	4.494	6.581	0.494	-0.180	-0.116	0.000000	0.000000
1580128079931	1580128079928	-0.188	4.542	6.586	0.549	-0.149	-0.105	0.000000	0.000000
1580128079954	1580128079947	-0.164	4.756	6.557	0.594	-0.128	-0.097	0.000000	0.000000
1580128079972	1580128079969	-0.180	5.072	6.425	0.610	-0.072	-0.094	0.000000	0.000000
1580128079987	1580128079986	-0.216	5.120	6.269	0.601	-0.048	-0.070	0.000000	0.000000
1580128080015	1580128080015	-0.164	5.215	6.231	0.599	-0.068	-0.027	0.000000	0.000000
1580128080028	1580128080026	-0.113	5.517	6.176	0.584	-0.062	0.003	0.000000	0.000000
1580128080047	1580128080046	-0.154	5.735	6.162	0.532	-0.027	0.024	0.000000	0.000000
1580128080068	1580128080066	-0.156	5.877	6.205	0.491	-0.022	0.055	0.000000	0.000000
1580128080087	1580128080086	-0.159	6.061	6.329	0.475	-0.021	0.081	0.000000	0.000000
1580128080107	1580128080107	-0.216	6.198	6.459	0.411	0.001	0.081	0.000000	0.000000
1580128080126	1580128080125	-0.202	6.176	6.590	0.328	0.005	0.074	0.000000	0.000000
1580128080146	1580128080146	-0.176	6.131	6.722	0.309	0.000	0.075	0.000000	0.000000
1580128080169	1580128080166	-0.156	6.236	6.885	0.356	0.014	0.073	0.000000	0.000000
1580128080188	1580128080188	-0.142	6.346	7.082	0.384	0.006	0.077	0.000000	0.000000
1580128080206	1580128080205	-0.116	6.610	7.211	0.338	0.004	0.041	0.000000	0.000000
1580128080227	1580128080225	-0.032	6.729	7.158	0.229	0.017	0.013	0.000000	0.000000
1580128080249	1580128080247	0.069	6.722	7.043	0.126	-0.012	0.024	0.000000	0.000000
1580128080266	1580128080266	0.160	6.662	6.926	0.086	-0.041	0.037	0.000000	0.000000
1580128080286	1580128080285	0.179	6.684	6.847	0.090	-0.038	0.035	0.000000	0.000000
1580128080306	1580128080305	0.167	6.734	6.828	0.108	-0.038	0.029	0.000000	0.000000
1580128080325	1580128080325	0.186	6.725	6.840	0.110	-0.055	0.030	0.000000	0.000000
1580128080345	1580128080344	0.215	6.691	6.916	0.101	-0.068	0.015	0.000000	0.000000
1580128080369	1580128080369	0.196	6.686	6.995	0.079	-0.061	-0.014	0.000000	0.000000
1580128080387	1580128080385	0.129	6.864	7.005	0.020	-0.057	-0.068	0.000000	0.000000
1580128080405	1580128080404	0.138	6.991	7.053	-0.044	-0.071	-0.125	0.000000	0.000000
1580128080430	1580128080426	0.124	7.067	7.036	-0.134	-0.089	-0.152	0.000000	0.000000
1580128080445	1580128080444	0.061	7.170	6.885	-0.202	-0.077	-0.162	0.000000	0.000000
1580128080468	1580128080467	-0.118	7.101	6.864	-0.166	-0.044	-0.157	0.000000	0.000000
1580128080485	1580128080483	-0.267	7.019	7.029	-0.070	-0.080	-0.106	0.000000	0.000000
1580128080505	1580128080505	-0.293	7.024	7.122	-0.024	-0.089	-0.078	0.000000	0.000000
1580128080526	1580128080523	-0.252	6.689	7.388	-0.024	-0.102	-0.052	0.000000	0.000000
1580128080545	1580128080544	-0.156	6.344	7.496	-0.039	-0.118	0.001	0.000000	0.000000
1580128080567	1580128080566	-0.101	6.222	7.261	-0.061	-0.053	0.014	0.000000	0.000000
1580128080591	1580128080586	-0.070	6.243	6.909	-0.063	-0.001	-0.027	0.000000	0.000000
1580128080606	1580128080606	0.026	6.356	6.729	-0.017	-0.021	-0.051	0.000000	0.000000
1580128080625	1580128080624	0.143	6.576	6.794	0.118	-0.090	-0.067	0.000000	0.000000
1580128080644	1580128080644	0.217	7.041	6.971	0.330	-0.097	-0.143	0.000000	0.000000
1580128080665	1580128080664	0.301	7.324	7.185	0.384	-0.094	-0.202	0.000000	0.000000
1580128080685	1580128080685	0.289	7.719	7.563	0.239	-0.132	-0.204	0.000000	0.000000
1580128080705	1580128080704	0.083	8.083	7.700	0.089	-0.054	-0.226	0.000000	0.000000
1580128080725	1580128080724	-0.025	7.546	7.575	-0.007	-0.022	-0.270	0.000000	0.000000
1580128080744	1580128080744	0.112	7.019	7.381	-0.189	-0.185	-0.353	0.000000	0.000000
1580128080765	1580128080764	0.224	6.638	7.283	-0.318	-0.336	-0.434	0.000000	0.000000
1580128080789	1580128080787	0.284	6.773	7.261	-0.361	-0.395	-0.534	0.000000	0.000000
1580128080807	1580128080805	0.200	6.792	7.225	-0.249	-0.507	-0.499	0.000000	0.000000
1580128080824	1580128080824	0.052	6.765	7.139	-0.067	-0.713	-0.474	0.000000	0.000000
1580128080845	1580128080843	0.071	6.579	7.110	-0.065	-0.896	-0.556	0.000000	0.000000
1580128080867	1580128080866	0.531	5.637	7.297	-0.291	-0.973	-0.698	0.000000	0.000000
1580128080885	1580128080885	1.207	5.168	6.981	-0.772	-0.808	-0.956	0.000000	0.000000
1580128080904	1580128080904	0.881	5.333	6.406	-0.985	-0.333	-0.945	0.000000	0.000000
1580128080924	1580128080924	0.497	6.844	5.647	-1.273	-0.120	-0.930	0.000000	0.000000
1580128080943	1580128080944	-0.226	8.366	5.311	-1.691	-0.103	-0.941	0.000000	0.000000
1580128080964	1580128080962	-1.747	7.393	6.004	-1.153	-0.220	-0.297	0.000000	0.000000
1580128080989	1580128080987	-1.769	6.488	5.924	0.680	-0.765	0.454	0.000000	0.000000
1580128081005	1580128081004	-0.755	6.765	6.063	1.945	-0.967	0.608	0.000000	0.000000
1580128081024	1580128081024	-0.195	6.581	6.840	1.699	-0.502	0.303	0.000000	0.000000
1580128081044	1580128081043	-0.377	7.000	7.268	0.488	0.094	-0.165	0.000000	0.000000
1580128081063	1580128081063	-0.145	5.678	6.713	-0.565	0.054	-0.281	0.000000	0.000000
1580128081090	1580128081090	-0.104	5.889	5.651	-0.844	0.182	-0.243	0.000000	0.000000
1580128081103	1580128081103	-0.341	6.583	4.897	-0.546	0.337	-0.074	0.000000	0.000000
1580128081125	1580128081122	-0.310	5.711	4.672	-0.214	0.266	0.014	0.000000	0.000000
1580128081143	1580128081142	0.014	4.806	5.625	0.418	0.225	0.007	0.000000	0.000000
1580128081163	1580128081163	0.356	4.954	6.569	1.008	0.237	-0.004	0.000000	0.000000
1580128081182	1580128081182	0.303	5.529	6.586	1.009	0.277	-0.107	0.000000	0.000000
1580128081205	1580128081205	0.275	5.328	6.480	0.525	0.267	-0.286	0.000000	0.000000
1580128081226	1580128081225	0.265	4.732	6.358	0.010	0.180	-0.319	0.000000	0.000000
1580128081243	1580128081242	0.038	4.329	5.613	-0.221	0.177	-0.253	0.000000	0.000000
1580128081262	1580128081262	-0.348	4.288	4.650	-0.304	0.176	-0.205	0.000000	0.000000
1580128081287	1580128081287	-0.494	3.908	4.130	-0.398	0.060	-0.217	0.000000	0.000000
1580128081302	1580128081302	-0.355	3.539	4.183	-0.341	-0.022	-0.259	0.000000	0.000000
1580128081323	1580128081321	-0.202	3.860	4.715	-0.096	-0.009	-0.326	0.000000	0.000000
1580128081342	1580128081342	-0.001	4.169	5.318	0.062	0.034	-0.389	0.000000	0.000000
1580128081363	1580128081361	0.193	4.252	5.661	-0.013	0.057	-0.356	0.000000	0.000000
1580128081383	1580128081383	0.069	4.425	5.742	-0.200	0.017	-0.227	0.000000	0.000000
1580128081405	1580128081405	-0.250	4.801	5.982	-0.267	-0.086	-0.089	0.000000	0.000000
1580128081423	1580128081423	-0.336	5.175	6.308	-0.265	-0.154	-0.038	0.000000	0.000000
1580128081442	1580128081441	-0.396	5.398	6.665	-0.217	-0.150	0.008	0.000000	0.000000
1580128081462	1580128081460	-0.561	5.764	7.067	-0.149	-0.131	0.040	0.000000	0.000000
1580128081483	1580128081483	-0.590	5.884	7.453	-0.114	-0.149	0.007	0.000000	0.000000
1580128081507	1580128081507	-0.506	6.152	7.908	-0.081	-0.202	-0.042	0.000000	0.000000
1580128081523	1580128081520	-0.351	6.145	8.212	0.005	-0.243	-0.051	0.000000	0.000000
1580128081541	1580128081540	-0.291	5.908	8.325	0.069	-0.182	0.008	0.000000	0.000000
1580128081560	1580128081560	-0.470	5.637	8.294	0.000	-0.148	0.052	0.000000	0.000000
1580128081580	1580128081579	-0.384	5.414	8.148	-0.040	-0.165	0.038	0.000000	0.000000
1580128081601	1580128081599	-0.422	5.532	7.776	0.000	-0.144	0.040	0.000000	0.000000
1580128081620	1580128081620	-0.432	5.726	7.798	0.114	-0.117	0.024	0.000000	0.000000
1580128081640	1580128081639	-0.315	6.111	8.452	0.253	-0.013	-0.010	0.000000	0.000000
1580128081660	1580128081659	-0.317	6.600	9.237	0.102	0.074	-0.011	0.000000	0.000000
1580128081679	1580128081679	-0.185	6.682	9.535	-0.269	0.036	0.028	0.000000	0.000000
1580128081706	1580128081706	-0.209	6.847	9.376	-0.360	-0.019	0.067	0.000000	0.000000
1580128081720	1580128081719	-0.207	7.077	9.254	-0.206	-0.040	0.069	0.000000	0.000000
1580128081739	1580128081739	-0.118	7.129	9.520	-0.087	-0.045	0.073	0.000000	0.000000
1580128081761	1580128081760	0.009	7.153	9.750	-0.036	-0.062	0.059	0.000000	0.000000
1580128081779	1580128081779	0.076	7.359	10.035	-0.006	-0.071	0.018	0.000000	0.000000
1580128081801	1580128081801	0.011	7.439	10.066	-0.037	-0.058	0.018	0.000000	0.000000
1580128081821	1580128081820	-0.145	7.228	9.906	-0.130	-0.017	0.035	0.000000	0.000000
1580128081840	1580128081839	-0.269	6.943	9.757	-0.181	0.045	0.042	0.000000	0.000000
1580128081859	1580128081859	-0.410	6.991	9.712	-0.202	0.083	0.043	0.000000	0.000000
1580128081879	1580128081879	-0.422	7.046	9.741	-0.239	0.071	0.028	0.000000	0.000000
1580128081903	1580128081903	-0.451	6.854	9.561	-0.261	0.040	0.055	0.000000	0.000000
1580128081920	1580128081918	-0.312	6.478	9.690	-0.231	-0.024	0.096	0.000000	0.000000
1580128081939	1580128081938	-0.128	6.452	10.033	-0.182	-0.036	0.133	0.000000	0.000000
1580128081966	1580128081962	0.083	6.516	10.181	-0.184	-0.011	0.185	0.000000	0.000000
1580128081978	1580128081978	0.143	6.773	9.990	-0.179	0.028	0.197	0.000000	0.000000
1580128082004	1580128082004	0.318	7.082	9.724	-0.137	0.076	0.153	0.000000	0.000000
1580128082025	1580128082020	0.529	6.856	9.762	-0.090	0.116	0.086	0.000000	0.000000
1580128082045	1580128082043	0.589	6.871	9.956	-0.031	0.171	0.032	0.000000	0.000000
1580128082059	1580128082058	0.430	6.895	10.157	-0.038	0.191	-0.011	0.000000	0.000000
1580128082079	1580128082079	0.433	6.945	10.351	-0.046	0.178	-0.088	0.000000	0.000000
1580128082099	1580128082098	0.368	6.957	10.553	0.011	0.166	-0.141	0.000000	0.000000
1580128082132	1580128082130	0.232	6.974	10.481	0.020	0.134	-0.150	0.000000	0.000000
1580128082138	1580128082137	0.083	6.876	10.109	0.004	0.073	-0.135	0.000000	0.000000
1580128082158	1580128082157	-0.020	6.648	9.860	0.023	0.013	-0.110	0.000000	0.000000
1580128082178	1580128082177	-0.121	6.370	9.930	0.040	0.009	-0.101	0.000000	0.000000
1580128082198	1580128082197	-0.147	6.413	9.846	0.009	0.032	-0.117	0.000000	0.000000
1580128082220	1580128082218	0.093	6.428	9.654	-0.061	0.044	-0.183	0.000000	0.000000
1580128082242	1580128082242	0.224	6.602	9.566	-0.067	0.103	-0.228	0.000000	0.000000
1580128082258	1580128082257	0.160	6.746	9.573	-0.035	0.166	-0.215	0.000000	0.000000
1580128082278	1580128082278	0.030	6.729	9.527	-0.029	0.228	-0.160	0.000000	0.000000
1580128082299	1580128082299	-0.403	6.600	9.573	-0.052	0.233	-0.092	0.000000	0.000000
1580128082326	1580128082321	-0.784	6.373	9.590	-0.071	0.199	-0.058	0.000000	0.000000
1580128082341	1580128082338	-0.976	6.018	9.424	-0.063	0.144	-0.013	0.000000	0.000000
1580128082358	1580128082357	-1.091	5.970	9.168	-0.033	0.130	0.038	0.000000	0.000000
1580128082378	1580128082377	-1.230	6.066	9.103	0.016	0.119	0.040	0.000000	0.000000
1580128082398	1580128082397	-1.211	6.040	9.111	-0.042	0.114	0.006	0.000000	0.000000
1580128082420	1580128082418	-1.179	5.862	8.993	-0.184	0.067	0.014	0.000000	0.000000
1580128082439	1580128082438	-1.105	5.419	8.857	-0.246	0.015	0.046	0.000000	0.000000
1580128082462	1580128082457	-1.096	5.232	8.770	-0.205	-0.028	0.069	0.000000	0.000000
1580128082478	1580128082476	-1.072	5.443	8.706	-0.132	-0.086	0.127	0.000000	0.000000
1580128082502	1580128082502	-0.964	5.917	8.622	-0.115	-0.131	0.209	0.000000	0.000000
1580128082526	1580128082524	-0.808	5.934	8.150	-0.160	-0.120	0.253	0.000000	0.000000
1580128082541	1580128082537	-0.583	5.033	7.680	-0.284	-0.068	0.271	0.000000	0.000000
1580128082558	1580128082557	-0.264	4.195	7.616	-0.339	-0.113	0.319	0.000000	0.000000
1580128082577	1580128082577	-0.231	3.702	7.767	-0.040	-0.090	0.382	0.000000	0.000000
1580128082598	1580128082596	-0.528	4.147	7.853	0.246	-0.017	0.358	0.000000	0.000000
1580128082618	1580128082617	-0.557	4.461	7.747	0.281	0.003	0.267	0.000000	0.000000
1580128082639	1580128082639	-0.439	4.195	7.616	0.159	0.009	0.205	0.000000	0.000000
1580128082661	1580128082661	-0.248	3.843	7.319	0.130	-0.005	0.176	0.000000	0.000000
1580128082677	1580128082676	-0.224	3.828	6.962	0.201	0.009	0.167	0.000000	0.000000
1580128082697	1580128082696	-0.437	4.291	6.607	0.192	0.061	0.123	0.000000	0.000000
1580128082719	1580128082717	-0.600	4.724	6.576	0.132	0.096	0.045	0.000000	0.000000
1580128082745	1580128082745	-0.542	5.031	6.588	0.072	0.109	-0.026	0.000000	0.000000
1580128082758	1580128082756	-0.458	4.633	6.279	0.021	0.060	-0.002	0.000000	0.000000
1580128082777	1580128082776	-0.305	4.475	5.944	0.023	-0.030	0.066	0.000000	0.000000
1580128082797	1580128082795	-0.264	4.418	5.927	0.105	0.030	0.100	0.000000	0.000000
1580128082816	1580128082816	-0.466	4.178	6.262	0.206	0.161	0.117	0.000000	0.000000
1580128082837	1580128082837	-0.403	4.042	6.435	0.323	0.195	0.146	0.000000	0.000000
1580128082859	1580128082859	-0.259	4.267	6.334	0.472	0.204	0.176	0.000000	0.000000
1580128082876	1580128082875	-0.271	4.732	6.411	0.559	0.247	0.162	0.000000	0.000000
1580128082896	1580128082894	-0.252	5.017	6.514	0.512	0.297	0.113	0.000000	0.000000
1580128082917	1580128082914	-0.269	5.146	6.360	0.450	0.327	0.093	0.000000	0.000000
1580128082941	1580128082937	-0.310	5.136	6.262	0.392	0.338	0.080	0.000000	0.000000
1580128082957	1580128082953	-0.370	5.242	6.291	0.347	0.320	0.077	0.000000	0.000000
1580128082977	1580128082973	-0.468	5.314	6.286	0.312	0.312	0.067	0.000000	0.000000
1580128082997	1580128082993	-0.547	5.275	6.267	0.324	0.256	0.064	0.000000	0.000000
1580128083016	1580128083013	-0.523	5.575	6.360	0.347	0.186	0.045	0.000000	0.000000
1580128083036	1580128083036	-0.499	5.817	6.387	0.311	0.157	0.012	0.000000	0.000000
1580128083056	1580128083055	-0.430	5.915	6.396	0.253	0.131	-0.013	0.000000	0.000000
1580128083076	1580128083073	-0.319	6.032	6.411	0.276	0.079	-0.019	0.000000	0.000000
1580128083096	1580128083093	-0.233	6.109	6.485	0.376	0.044	-0.015	0.000000	0.000000
1580128083116	1580128083113	-0.219	6.358	6.665	0.459	0.044	-0.026	0.000000	0.000000
1580128083135	1580128083135	-0.154	6.456	6.828	0.451	0.045	-0.043	0.000000	0.000000
1580128083157	1580128083157	-0.061	6.404	6.727	0.403	0.057	-0.028	0.000000	0.000000
1580128083176	1580128083173	-0.130	6.327	6.605	0.325	0.074	-0.004	0.000000	0.000000
1580128083195	1580128083192	-0.207	6.334	6.471	0.182	0.059	0.015	0.000000	0.000000
1580128083215	1580128083212	-0.259	6.262	6.164	0.053	0.041	0.032	0.000000	0.000000
1580128083235	1580128083233	-0.501	6.246	5.802	-0.041	0.035	0.044	0.000000	0.000000
1580128083255	1580128083252	-0.736	6.643	5.857	-0.051	0.049	0.001	0.000000	0.000000
1580128083274	1580128083274	-0.791	6.823	6.279	0.044	0.087	-0.056	0.000000	0.000000
1580128083294	1580128083292	-0.856	6.765	6.677	0.151	0.128	-0.102	0.000000	0.000000
1580128083315	1580128083312	-0.923	7.034	7.060	0.199	0.139	-0.140	0.000000	0.000000
1580128083333	1580128083332	-0.957	7.336	7.283	0.179	0.172	-0.195	0.000000	0.000000
1580128083359	1580128083354	-0.990	7.139	7.379	0.146	0.183	-0.239	0.000000	0.000000
1580128083374	1580128083372	-0.911	7.261	7.276	0.083	0.161	-0.260	0.000000	0.000000
1580128083393	1580128083392	-0.978	7.290	7.058	0.023	0.140	-0.252	0.000000	0.000000
1580128083414	1580128083412	-1.093	7.158	6.847	0.028	0.104	-0.237	0.000000	0.000000
1580128083434	1580128083431	-1.256	7.151	6.864	0.063	0.036	-0.221	0.000000	0.000000
1580128083453	1580128083453	-1.302	7.252	6.935	0.100	-0.003	-0.212	0.000000	0.000000
1580128083476	1580128083473	-1.321	7.357	6.969	0.102	-0.003	-0.193	0.000000	0.000000
1580128083492	1580128083491	-1.357	7.228	6.880	0.083	-0.027	-0.167	0.000000	0.000000
1580128083512	1580128083511	-1.304	7.156	6.758	0.105	-0.064	-0.141	0.000000	0.000000
1580128083531	1580128083531	-1.311	7.043	6.686	0.135	-0.071	-0.105	0.000000	0.000000
1580128083554	1580128083553	-1.357	6.916	6.612	0.140	-0.072	-0.088	0.000000	0.000000
1580128083576	1580128083572	-1.349	6.952	6.523	0.123	-0.091	-0.094	0.000000	0.000000
1580128083593	1580128083592	-1.337	6.919	6.394	0.078	-0.095	-0.096	0.000000	0.000000
1580128083612	1580128083612	-1.333	6.717	6.365	0.030	-0.098	-0.092	0.000000	0.000000
1580128083632	1580128083631	-1.342	6.667	6.463	0.033	-0.094	-0.083	0.000000	0.000000
1580128083652	1580128083652	-1.383	6.797	6.566	0.038	-0.047	-0.079	0.000000	0.000000
1580128083672	1580128083672	-1.369	6.979	6.569	0.024	-0.018	-0.084	0.000000	0.000000
1580128083696	1580128083691	-1.369	7.156	6.600	0.016	-0.004	-0.092	0.000000	0.000000
1580128083712	1580128083711	-1.385	7.254	6.643	0.034	-0.001	-0.089	0.000000	0.000000
1580128083732	1580128083732	-1.402	7.441	6.756	0.052	0.012	-0.089	0.000000	0.000000
1580128083752	1580128083752	-1.419	7.498	6.796	0.041	0.018	-0.086	0.000000	0.000000
1580128083774	1580128083771	-1.417	7.388	6.787	0.042	-0.014	-0.070	0.000000	0.000000
1580128083795	1580128083793	-1.373	7.249	6.828	0.057	-0.036	-0.053	0.000000	0.000000
1580128083811	1580128083811	-1.393	7.256	6.784	0.064	-0.048	-0.035	0.000000	0.000000
1580128083831	1580128083831	-1.421	7.379	6.765	0.078	-0.051	-0.023	0.000000	0.000000
1580128083855	1580128083852	-1.431	7.312	6.681	0.080	-0.049	-0.023	0.000000	0.000000
1580128083872	1580128083872	-1.390	7.328	6.626	0.083	-0.067	-0.008	0.000000	0.000000
1580128083891	1580128083891	-1.409	7.201	6.466	0.103	-0.068	0.021	0.000000	0.000000
1580128083911	1580128083910	-1.378	7.089	6.416	0.128	-0.081	0.044	0.000000	0.000000
1580128083934	1580128083932	-1.371	7.252	6.363	0.138	-0.077	0.059	0.000000	0.000000
1580128083952	1580128083950	-1.376	7.259	6.303	0.118	-0.068	0.066	0.000000	0.000000
1580128083975	1580128083971	-1.323	7.204	6.253	0.106	-0.067	0.069	0.000000	0.000000
1580128083994	1580128083990	-1.340	7.276	6.183	0.110	-0.048	0.068	0.000000	0.000000
1580128084011	1580128084010	-1.242	7.268	6.123	0.112	-0.021	0.069	0.000000	0.000000
1580128084030	1580128084030	-1.258	7.221	6.027	0.083	0.015	0.068	0.000000	0.000000
1580128084051	1580128084050	-1.378	7.182	5.975	0.013	0.038	0.050	0.000000	0.000000
1580128084080	1580128084080	-1.321	7.058	5.934	-0.053	0.037	0.030	0.000000	0.000000
1580128084093	1580128084093	-1.316	7.096	5.905	-0.085	0.047	0.031	0.000000	0.000000
1580128084110	1580128084110	-1.335	7.268	5.898	-0.108	0.053	0.034	0.000000	0.000000
1580128084133	1580128084129	-1.225	7.165	5.819	-0.140	0.055	0.040	0.000000	0.000000
1580128084149	1580128084148	-1.194	7.180	5.829	-0.166	0.053	0.056	0.000000	0.000000
1580128084168	1580128084168	-1.189	7.132	5.865	-0.177	0.024	0.069	0.000000	0.000000
1580128084197	1580128084190	-1.151	6.818	5.915	-0.167	-0.004	0.075	0.000000	0.000000
1580128084213	1580128084211	-1.103	6.777	5.843	-0.148	-0.024	0.086	0.000000	0.000000
1580128084229	1580128084229	-1.028	6.835	5.812	-0.102	-0.069	0.101	0.000000	0.000000
1580128084249	1580128084249	-0.961	6.955	5.905	0.026	-0.192	0.163	0.000000	0.000000
1580128084276	1580128084269	-0.705	7.151	5.936	0.172	-0.312	0.251	0.000000	0.000000
1580128084290	1580128084288	-0.559	7.096	5.798	0.156	-0.325	0.304	0.000000	0.000000
1580128084311	1580128084308	-0.482	7.012	5.826	0.045	-0.292	0.271	0.000000	0.000000
1580128084329	1580128084329	-0.315	6.562	5.742	-0.107	-0.254	0.211	0.000000	0.000000
1580128084349	1580128084349	-0.233	5.996	5.407	-0.244	-0.264	0.237	0.000000	0.000000
1580128084367	1580128084367	-0.207	5.441	5.009	-0.373	-0.244	0.225	0.000000	0.000000
1580128084388	1580128084388	-0.248	4.607	4.801	-0.487	-0.209	0.202	0.000000	0.000000
1580128084408	1580128084408	-0.341	4.025	4.624	-0.554	-0.162	0.205	0.000000	0.000000
1580128084431	1580128084428	-0.386	3.539	4.715	-0.593	-0.116	0.208	0.000000	0.000000
1580128084447	1580128084446	-0.430	3.050	5.043	-0.648	-0.084	0.192	0.000000	0.000000
1580128084473	1580128084469	-0.489	3.393	5.489	-0.784	-0.066	0.129	0.000000	0.000000
1580128084488	1580128084488	-0.286	4.190	5.841	-0.953	-0.039	0.021	0.000000	0.000000
1580128084508	1580128084508	-0.092	4.482	6.083	-0.996	0.031	-0.053	0.000000	0.000000
1580128084528	1580128084526	-0.161	4.705	6.341	-0.850	0.092	-0.073	0.000000	0.000000
1580128084547	1580128084547	-0.264	5.127	6.662	-0.652	0.100	-0.068	0.000000	0.000000
1580128084568	1580128084566	-0.243	5.256	6.899	-0.534	0.076	-0.046	0.000000	0.000000
1580128084591	1580128084589	-0.248	5.232	7.055	-0.481	0.043	-0.014	0.000000	0.000000
1580128084607	1580128084606	-0.209	5.376	7.173	-0.407	0.022	0.008	0.000000	0.000000
1580128084627	1580128084626	-0.267	5.299	7.273	-0.282	0.016	0.045	0.000000	0.000000
1580128084647	1580128084646	-0.300	5.012	7.462	-0.152	-0.025	0.075	0.000000	0.000000
1580128084667	1580128084666	-0.365	4.839	7.611	-0.096	-0.053	0.071	0.000000	0.000000
1580128084688	1580128084688	-0.353	4.667	7.690	-0.129	-0.056	0.037	0.000000	0.000000
1580128084707	1580128084706	-0.291	4.430	7.941	-0.184	-0.058	0.005	0.000000	0.000000
1580128084726	1580128084726	-0.382	4.562	8.140	-0.269	-0.060	-0.042	0.000000	0.000000
1580128084747	1580128084746	-0.425	4.827	8.296	-0.357	-0.080	-0.112	0.000000	0.000000
1580128084766	1580128084766	-0.422	5.050	8.282	-0.415	-0.106	-0.112	0.000000	0.000000
1580128084786	1580128084786	-0.442	5.359	8.198	-0.421	-0.119	-0.060	0.000000	0.000000
1580128084807	1580128084806	-0.439	5.455	8.279	-0.357	-0.122	0.006	0.000000	0.000000
1580128084830	1580128084825	-0.444	5.553	8.416	-0.233	-0.109	0.064	0.000000	0.000000
1580128084845	1580128084845	-0.485	5.558	8.646	-0.143	-0.095	0.095	0.000000	0.000000
1580128084865	1580128084865	-0.559	5.498	9.010	-0.088	-0.085	0.088	0.000000	0.000000
1580128084890	1580128084885	-0.542	5.608	9.288	-0.078	-0.073	0.054	0.000000	0.000000
1580128084906	1580128084905	-0.398	5.580	9.475	-0.117	-0.058	0.014	0.000000	0.000000
1580128084930	1580128084927	-0.386	5.354	9.585	-0.165	-0.049	0.001	0.000000	0.000000
1580128084946	1580128084944	-0.437	5.601	9.661	-0.189	-0.041	-0.036	0.000000	0.000000
1580128084967	1580128084965	-0.473	5.953	9.817	-0.204	-0.052	-0.068	0.000000	0.000000
1580128084985	1580128084985	-0.439	6.140	9.947	-0.182	-0.037	-0.061	0.000000	0.000000
1580128085010	1580128085004	-0.473	6.250	10.117	-0.111	-0.033	-0.026	0.000000	0.000000
1580128085026	1580128085025	-0.470	6.205	10.342	-0.064	-0.058	0.021	0.000000	0.000000
1580128085045	1580128085044	-0.415	6.042	10.481	-0.042	-0.053	0.036	0.000000	0.000000
1580128085064	1580128085063	-0.442	6.035	10.565	-0.008	-0.039	0.024	0.000000	0.000000
1580128085085	1580128085085	-0.446	6.169	10.581	0.002	-0.030	0.011	0.000000	0.000000
1580128085112	1580128085112	-0.358	6.207	10.541	-0.023	-0.021	0.015	0.000000	0.000000
1580128085125	1580128085124	-0.231	6.145	10.450	-0.064	-0.005	0.027	0.000000	0.000000
1580128085145	1580128085144	-0.252	6.087	10.361	-0.083	0.016	0.072	0.000000	0.000000
1580128085164	1580128085164	-0.168	6.095	10.517	-0.081	0.017	0.079	0.000000	0.000000
1580128085186	1580128085184	-0.068	6.049	10.692	-0.050	0.017	0.054	0.000000	0.000000
1580128085205	1580128085204	0.124	6.152	10.941	-0.037	0.001	0.013	0.000000	0.000000
1580128085230	1580128085224	0.155	6.291	11.135	-0.097	-0.011	-0.001	0.000000	0.000000
1580128085244	1580128085244	0.167	6.447	11.228	-0.150	-0.013	-0.023	0.000000	0.000000
1580128085264	1580128085263	0.308	6.576	11.372	-0.145	-0.024	-0.069	0.000000	0.000000
1580128085285	1580128085285	0.323	6.622	11.437	-0.077	-0.038	-0.075	0.000000	0.000000
1580128085310	1580128085310	0.179	6.653	11.544	0.004	-0.051	-0.083	0.000000	0.000000
1580128085324	1580128085323	0.174	6.655	11.813	0.061	-0.078	-0.128	0.000000	0.000000
1580128085344	1580128085343	-0.010	6.320	12.301	0.091	-0.069	-0.137	0.000000	0.000000
1580128085363	1580128085363	-0.104	6.253	12.728	0.128	-0.056	-0.189	0.000000	0.000000
1580128085383	1580128085383	-0.109	6.849	12.788	0.134	-0.036	-0.242	0.000000	0.000000
1580128085404	1580128085404	-0.226	7.180	12.189	0.089	0.008	-0.227	0.000000	0.000000
1580128085426	1580128085424	-0.286	6.782	11.420	0.061	0.041	-0.186	0.000000	0.000000
1580128085443	1580128085442	-0.477	6.344	10.672	0.050	0.075	-0.149	0.000000	0.000000
1580128085464	1580128085462	-0.731	6.037	9.963	0.060	0.086	-0.112	0.000000	0.000000
1580128085483	1580128085482	-0.834	5.814	9.535	0.144	0.100	-0.080	0.000000	0.000000
1580128085506	1580128085506	-0.755	5.692	9.338	0.242	0.107	-0.052	0.000000	0.000000
1580128085525	1580128085523	-0.707	5.237	9.180	0.209	0.107	-0.027	0.000000	0.000000
1580128085543	1580128085542	-0.810	4.859	9.118	0.086	0.093	-0.012	0.000000	0.000000
1580128085563	1580128085562	-0.796	4.983	8.912	0.031	0.071	0.019	0.000000	0.000000
