1580128125411	1580128125408	-0.722	8.974	3.452	-0.002	0.030	-0.013	0.000000	0.000000
1580128125441	1580128125429	-0.729	9.000	3.431	0.009	0.048	-0.008	0.000000	0.000000
1580128125449	1580128125447	-0.638	8.974	3.464	-0.046	0.059	-0.016	0.000000	0.000000
1580128125468	1580128125467	-0.648	8.940	3.565	-0.091	0.067	-0.026	0.000000	0.000000
1580128125488	1580128125487	-0.746	8.991	3.543	-0.078	0.069	-0.031	0.000000	0.000000
1580128125508	1580128125506	-0.770	9.032	3.503	-0.028	0.059	-0.052	0.000000	0.000000
1580128125528	1580128125526	-0.717	9.077	3.507	-0.008	0.041	-0.065	0.000000	0.000000
1580128125547	1580128125546	-0.640	9.039	3.467	-0.049	0.024	-0.058	0.000000	0.000000
1580128125568	1580128125566	-0.549	9.012	3.380	-0.121	0.020	-0.064	0.000000	0.000000
1580128125587	1580128125586	-0.485	9.065	3.412	-0.177	0.019	-0.094	0.000000	0.000000
1580128125607	1580128125606	-0.454	9.082	3.500	-0.164	0.017	-0.118	0.000000	0.000000
1580128125628	1580128125626	-0.473	9.043	3.572	-0.070	0.012	-0.106	0.000000	0.000000
1580128125647	1580128125646	-0.592	8.952	3.572	0.028	0.000	-0.059	0.000000	0.000000
1580128125671	1580128125670	-0.597	9.022	3.553	-0.017	-0.031	-0.052	0.000000	0.000000
1580128125687	1580128125685	-0.700	8.950	3.654	-0.181	-0.060	-0.014	0.000000	0.000000
1580128125708	1580128125706	-0.880	8.790	3.574	-0.268	-0.081	0.036	0.000000	0.000000
1580128125727	1580128125725	-0.870	8.720	3.610	-0.275	-0.090	0.014	0.000000	0.000000
1580128125747	1580128125745	-0.878	8.639	3.646	-0.277	-0.084	0.014	0.000000	0.000000
1580128125767	1580128125765	-0.909	8.603	3.610	-0.292	-0.062	-0.002	0.000000	0.000000
1580128125787	1580128125785	-0.830	8.696	3.747	-0.308	-0.028	-0.095	0.000000	0.000000
1580128125808	1580128125805	-0.767	8.778	3.852	-0.225	0.011	-0.159	0.000000	0.000000
1580128125826	1580128125825	-0.818	8.802	3.797	-0.058	0.036	-0.170	0.000000	0.000000
1580128125848	1580128125845	-0.870	9.024	3.819	0.009	0.057	-0.224	0.000000	0.000000
1580128125866	1580128125865	-0.748	9.271	3.927	-0.101	0.068	-0.307	0.000000	0.000000
1580128125886	1580128125885	-0.616	9.317	4.080	-0.153	0.069	-0.340	0.000000	0.000000
1580128125906	1580128125905	-0.684	9.250	4.135	0.032	0.071	-0.296	0.000000	0.000000
1580128125930	1580128125925	-0.854	9.099	4.209	0.274	0.060	-0.200	0.000000	0.000000
1580128125946	1580128125945	-1.060	8.955	4.149	0.352	0.031	-0.079	0.000000	0.000000
1580128125966	1580128125964	-1.191	8.914	4.042	0.207	-0.015	-0.001	0.000000	0.000000
1580128125986	1580128125984	-1.218	8.775	3.984	-0.128	-0.101	0.067	0.000000	0.000000
1580128126006	1580128126004	-1.199	8.459	3.773	-0.442	-0.196	0.139	0.000000	0.000000
1580128126026	1580128126024	-1.084	8.222	3.409	-0.592	-0.267	0.135	0.000000	0.000000
1580128126046	1580128126044	-0.925	8.148	3.215	-0.636	-0.345	0.100	0.000000	0.000000
1580128126071	1580128126064	-0.813	8.033	3.079	-0.644	-0.384	0.052	0.000000	0.000000
1580128126085	1580128126084	-0.619	7.886	2.928	-0.574	-0.377	-0.021	0.000000	0.000000
1580128126105	1580128126104	-0.521	7.978	2.841	-0.344	-0.309	-0.073	0.000000	0.000000
1580128126130	1580128126130	-0.576	7.879	2.691	-0.034	-0.209	-0.052	0.000000	0.000000
1580128126146	1580128126144	-0.652	7.721	2.559	0.174	-0.117	0.009	0.000000	0.000000
1580128126165	1580128126163	-0.763	7.494	2.777	0.265	0.001	0.100	0.000000	0.000000
1580128126185	1580128126184	-0.806	7.094	2.935	0.329	0.118	0.242	0.000000	0.000000
1580128126206	1580128126204	-0.700	6.667	2.904	0.335	0.196	0.411	0.000000	0.000000
1580128126227	1580128126227	-0.607	6.317	3.028	0.140	0.250	0.542	0.000000	0.000000
1580128126249	1580128126246	-0.482	5.831	3.139	-0.209	0.263	0.630	0.000000	0.000000
1580128126266	1580128126264	-0.353	5.469	3.469	-0.452	0.250	0.630	0.000000	0.000000
1580128126286	1580128126284	-0.348	5.623	3.857	-0.421	0.226	0.528	0.000000	0.000000
1580128126306	1580128126304	-0.315	6.073	4.267	-0.189	0.197	0.368	0.000000	0.000000
1580128126325	1580128126324	-0.269	6.353	4.533	0.159	0.166	0.254	0.000000	0.000000
1580128126350	1580128126350	-0.374	6.679	4.516	0.499	0.144	0.206	0.000000	0.000000
1580128126365	1580128126364	-0.619	7.173	4.657	0.654	0.150	0.168	0.000000	0.000000
1580128126385	1580128126383	-0.734	7.518	4.581	0.556	0.106	0.178	0.000000	0.000000
1580128126405	1580128126403	-0.753	7.781	4.633	0.276	0.005	0.169	0.000000	0.000000
1580128126425	1580128126425	-0.763	8.047	4.648	-0.015	-0.115	0.155	0.000000	0.000000
1580128126445	1580128126443	-0.782	8.143	4.518	-0.173	-0.196	0.159	0.000000	0.000000
1580128126465	1580128126463	-0.684	8.433	4.372	-0.168	-0.197	0.092	0.000000	0.000000
1580128126484	1580128126483	-0.501	8.845	4.272	-0.085	-0.167	0.012	0.000000	0.000000
1580128126505	1580128126503	-0.415	8.902	4.121	-0.080	-0.171	0.035	0.000000	0.000000
1580128126524	1580128126525	-0.298	8.876	4.233	-0.130	-0.139	0.046	0.000000	0.000000
1580128126549	1580128126549	-0.073	8.967	4.396	-0.194	-0.048	-0.013	0.000000	0.000000
1580128126564	1580128126563	0.026	9.137	4.736	-0.248	-0.011	-0.018	0.000000	0.000000
1580128126584	1580128126583	-0.046	9.197	4.935	-0.250	0.015	-0.010	0.000000	0.000000
1580128126605	1580128126602	0.097	9.412	5.282	-0.230	0.042	-0.076	0.000000	0.000000
1580128126624	1580128126622	0.011	9.587	5.551	-0.195	0.053	-0.067	0.000000	0.000000
1580128126645	1580128126643	-0.121	9.702	5.635	-0.184	0.022	-0.061	0.000000	0.000000
1580128126666	1580128126664	-0.070	9.695	5.821	-0.231	0.019	-0.095	0.000000	0.000000
1580128126689	1580128126682	-0.166	9.635	6.025	-0.259	0.050	-0.112	0.000000	0.000000
1580128126704	1580128126702	-0.470	9.700	6.183	-0.234	0.097	-0.132	0.000000	0.000000
1580128126723	1580128126722	-0.616	9.853	6.054	-0.056	0.127	-0.177	0.000000	0.000000
1580128126745	1580128126745	-0.446	10.117	5.766	0.110	0.095	-0.240	0.000000	0.000000
1580128126764	1580128126762	-0.391	10.098	5.512	0.146	-0.013	-0.182	0.000000	0.000000
1580128126784	1580128126782	-0.374	10.014	5.469	0.075	-0.105	-0.109	0.000000	0.000000
1580128126803	1580128126801	-0.341	10.011	5.548	-0.037	-0.128	-0.069	0.000000	0.000000
1580128126824	1580128126822	-0.418	10.021	5.503	-0.115	-0.120	-0.012	0.000000	0.000000
1580128126843	1580128126843	-0.504	9.908	5.477	-0.130	-0.115	0.030	0.000000	0.000000
1580128126868	1580128126863	-0.566	9.753	5.563	-0.073	-0.104	0.054	0.000000	0.000000
1580128126883	1580128126881	-0.597	9.683	5.706	-0.095	-0.100	0.066	0.000000	0.000000
1580128126903	1580128126901	-0.626	9.755	5.788	-0.228	-0.093	0.047	0.000000	0.000000
1580128126922	1580128126921	-0.638	9.621	5.831	-0.313	-0.101	0.037	0.000000	0.000000
1580128126943	1580128126941	-0.537	9.561	5.934	-0.216	-0.093	-0.020	0.000000	0.000000
1580128126966	1580128126966	-0.425	9.652	5.987	-0.002	-0.047	-0.091	0.000000	0.000000
1580128126984	1580128126981	-0.415	9.779	5.841	0.152	-0.016	-0.109	0.000000	0.000000
1580128127002	1580128127001	-0.360	9.858	5.740	0.144	0.012	-0.124	0.000000	0.000000
1580128127022	1580128127021	-0.389	10.047	5.764	0.011	0.029	-0.120	0.000000	0.000000
1580128127043	1580128127041	-0.573	10.016	5.920	-0.055	0.022	-0.058	0.000000	0.000000
1580128127063	1580128127060	-0.554	9.995	5.879	-0.012	0.031	-0.061	0.000000	0.000000
1580128127086	1580128127080	-0.461	10.066	5.910	0.029	0.029	-0.057	0.000000	0.000000
1580128127102	1580128127100	-0.521	10.184	5.975	-0.013	0.010	-0.029	0.000000	0.000000
1580128127122	1580128127120	-0.410	10.028	5.977	-0.105	0.003	-0.028	0.000000	0.000000
1580128127145	1580128127140	-0.374	9.824	6.004	-0.136	-0.001	-0.015	0.000000	0.000000
1580128127164	1580128127164	-0.525	9.791	6.056	-0.112	-0.002	-0.009	0.000000	0.000000
1580128127182	1580128127182	-0.535	9.755	5.953	-0.086	0.001	-0.041	0.000000	0.000000
1580128127201	1580128127200	-0.389	9.736	5.881	-0.056	0.008	-0.092	0.000000	0.000000
1580128127222	1580128127220	-0.300	9.851	6.037	-0.082	0.017	-0.146	0.000000	0.000000
1580128127242	1580128127240	-0.324	9.793	6.150	-0.146	0.034	-0.150	0.000000	0.000000
1580128127262	1580128127262	-0.449	9.743	6.265	-0.148	0.084	-0.163	0.000000	0.000000
1580128127282	1580128127282	-0.535	9.808	6.394	-0.072	0.128	-0.199	0.000000	0.000000
1580128127301	1580128127299	-0.640	9.896	6.576	0.009	0.137	-0.231	0.000000	0.000000
1580128127322	1580128127319	-0.851	9.923	6.672	0.119	0.101	-0.220	0.000000	0.000000
1580128127341	1580128127339	-0.935	9.856	6.262	0.227	0.020	-0.159	0.000000	0.000000
1580128127367	1580128127360	-0.794	9.788	6.044	0.166	-0.074	-0.091	0.000000	0.000000
1580128127381	1580128127381	-0.748	9.571	6.068	-0.077	-0.140	0.015	0.000000	0.000000
1580128127401	1580128127399	-1.012	9.168	6.011	-0.261	-0.132	0.129	0.000000	0.000000
1580128127420	1580128127419	-1.201	8.912	5.781	-0.231	-0.091	0.160	0.000000	0.000000
1580128127441	1580128127439	-1.153	8.830	5.620	-0.072	-0.096	0.139	0.000000	0.000000
1580128127461	1580128127461	-0.911	8.701	5.397	0.041	-0.130	0.133	0.000000	0.000000
1580128127481	1580128127480	-0.525	8.454	5.072	0.028	-0.151	0.138	0.000000	0.000000
1580128127504	1580128127503	-0.128	8.275	4.873	-0.096	-0.131	0.155	0.000000	0.000000
1580128127520	1580128127519	0.038	8.097	5.041	-0.253	-0.044	0.176	0.000000	0.000000
1580128127540	1580128127538	-0.008	7.783	5.232	-0.252	0.046	0.207	0.000000	0.000000
1580128127560	1580128127558	-0.327	7.570	5.326	-0.001	0.142	0.208	0.000000	0.000000
1580128127588	1580128127582	-0.499	7.721	5.354	0.326	0.186	0.142	0.000000	0.000000
1580128127602	1580128127598	-0.557	7.668	5.268	0.453	0.124	0.159	0.000000	0.000000
1580128127620	1580128127618	-0.621	7.448	5.163	0.326	0.006	0.222	0.000000	0.000000
1580128127640	1580128127638	-0.497	7.331	5.115	0.072	-0.065	0.216	0.000000	0.000000
1580128127661	1580128127659	-0.295	7.156	4.993	-0.104	-0.103	0.190	0.000000	0.000000
1580128127680	1580128127678	-0.197	6.912	4.686	-0.068	-0.150	0.210	0.000000	0.000000
1580128127702	1580128127702	-0.180	6.912	4.576	0.082	-0.176	0.186	0.000000	0.000000
1580128127720	1580128127718	-0.109	6.935	4.509	0.212	-0.178	0.155	0.000000	0.000000
1580128127740	1580128127737	0.016	6.785	4.281	0.288	-0.194	0.167	0.000000	0.000000
1580128127759	1580128127757	0.071	6.715	4.135	0.273	-0.219	0.171	0.000000	0.000000
1580128127780	1580128127780	0.112	6.799	4.133	0.195	-0.229	0.140	0.000000	0.000000
1580128127802	1580128127798	0.174	6.705	3.915	0.171	-0.226	0.101	0.000000	0.000000
1580128127819	1580128127817	0.210	6.782	3.687	0.250	-0.228	0.052	0.000000	0.000000
1580128127839	1580128127837	0.145	6.890	3.713	0.346	-0.217	0.020	0.000000	0.000000
1580128127859	1580128127857	0.016	6.933	3.709	0.402	-0.187	0.011	0.000000	0.000000
1580128127879	1580128127879	-0.089	7.017	3.579	0.461	-0.143	0.017	0.000000	0.000000
1580128127898	1580128127897	-0.202	7.113	3.574	0.476	-0.121	0.035	0.000000	0.000000
1580128127921	1580128127916	-0.281	7.201	3.579	0.447	-0.115	0.060	0.000000	0.000000
1580128127939	1580128127936	-0.327	7.326	3.395	0.407	-0.119	0.076	0.000000	0.000000
1580128127958	1580128127956	-0.298	7.352	3.239	0.360	-0.153	0.083	0.000000	0.000000
1580128127981	1580128127981	-0.185	7.364	3.098	0.286	-0.191	0.083	0.000000	0.000000
1580128127999	1580128127998	0.052	7.563	2.846	0.161	-0.209	0.025	0.000000	0.000000
1580128128021	1580128128017	0.375	7.661	2.724	0.021	-0.212	-0.038	0.000000	0.000000
1580128128038	1580128128036	0.565	7.865	2.849	-0.035	-0.175	-0.090	0.000000	0.000000
1580128128057	1580128128056	0.677	8.073	2.980	0.061	-0.074	-0.134	0.000000	0.000000
1580128128078	1580128128078	0.639	8.229	3.174	0.255	0.041	-0.162	0.000000	0.000000
1580128128099	1580128128098	0.394	8.476	3.316	0.435	0.147	-0.151	0.000000	0.000000
1580128128119	1580128128115	0.112	8.826	3.486	0.456	0.193	-0.157	0.000000	0.000000
1580128128137	1580128128136	-0.010	8.897	3.567	0.337	0.174	-0.136	0.000000	0.000000
1580128128157	1580128128155	-0.118	8.878	3.467	0.240	0.127	-0.093	0.000000	0.000000
1580128128178	1580128128176	-0.178	8.967	3.313	0.169	0.054	-0.067	0.000000	0.000000
1580128128206	1580128128203	-0.082	9.058	3.265	0.049	-0.041	-0.044	0.000000	0.000000
1580128128221	1580128128217	0.054	9.051	3.268	-0.075	-0.106	-0.013	0.000000	0.000000
1580128128238	1580128128236	0.169	9.032	3.282	-0.118	-0.107	-0.007	0.000000	0.000000
1580128128258	1580128128256	0.258	9.063	3.368	-0.081	-0.064	-0.019	0.000000	0.000000
1580128128281	1580128128278	0.241	9.113	3.436	0.015	0.011	-0.024	0.000000	0.000000
1580128128300	1580128128300	0.136	9.161	3.467	0.125	0.073	-0.025	0.000000	0.000000
1580128128317	1580128128315	0.088	9.204	3.522	0.169	0.109	-0.035	0.000000	0.000000
1580128128341	1580128128341	0.059	9.194	3.541	0.145	0.123	-0.034	0.000000	0.000000
1580128128358	1580128128355	0.030	9.168	3.565	0.093	0.115	-0.021	0.000000	0.000000
1580128128377	1580128128375	-0.032	9.118	3.524	0.057	0.104	0.001	0.000000	0.000000
1580128128402	1580128128401	-0.087	9.051	3.445	0.028	0.092	0.010	0.000000	0.000000
1580128128420	1580128128415	-0.032	9.008	3.424	-0.016	0.097	-0.002	0.000000	0.000000
1580128128436	1580128128435	0.066	8.933	3.357	-0.047	0.129	-0.015	0.000000	0.000000
1580128128457	1580128128455	0.121	8.861	3.174	-0.039	0.150	-0.032	0.000000	0.000000
1580128128476	1580128128475	0.160	9.005	3.184	-0.017	0.153	-0.091	0.000000	0.000000
1580128128497	1580128128497	0.193	9.147	3.352	0.010	0.136	-0.090	0.000000	0.000000
1580128128518	1580128128515	0.217	9.101	3.464	0.059	0.092	-0.054	0.000000	0.000000
1580128128540	1580128128540	0.212	9.099	3.579	0.132	0.069	-0.010	0.000000	0.000000
1580128128555	1580128128555	0.047	9.180	3.654	0.193	0.083	0.036	0.000000	0.000000
1580128128576	1580128128575	-0.039	9.302	3.522	0.160	0.065	0.037	0.000000	0.000000
1580128128596	1580128128596	-0.020	9.314	3.495	0.024	0.011	0.028	0.000000	0.000000
1580128128619	1580128128619	-0.037	9.178	3.505	-0.084	-0.053	0.054	0.000000	0.000000
1580128128640	1580128128635	-0.051	9.190	3.462	-0.107	-0.068	0.045	0.000000	0.000000
1580128128655	1580128128654	-0.025	9.250	3.431	-0.096	-0.025	-0.007	0.000000	0.000000
1580128128675	1580128128674	0.050	9.288	3.352	-0.042	0.000	-0.030	0.000000	0.000000
1580128128695	1580128128694	0.093	9.238	3.297	0.026	0.024	-0.042	0.000000	0.000000
1580128128715	1580128128714	0.107	9.319	3.400	0.066	0.045	-0.056	0.000000	0.000000
1580128128737	1580128128737	-0.013	9.319	3.450	0.066	0.071	-0.031	0.000000	0.000000
1580128128756	1580128128754	-0.101	9.190	3.450	0.063	0.066	-0.016	0.000000	0.000000
1580128128775	1580128128774	-0.022	9.113	3.438	0.049	0.070	-0.028	0.000000	0.000000
1580128128795	1580128128794	-0.063	9.099	3.517	0.023	0.092	-0.023	0.000000	0.000000
1580128128819	1580128128814	-0.133	8.964	3.507	0.044	0.080	0.004	0.000000	0.000000
1580128128837	1580128128836	-0.183	8.893	3.400	0.118	0.066	0.019	0.000000	0.000000
1580128128854	1580128128854	-0.178	8.940	3.397	0.132	0.068	0.012	0.000000	0.000000
1580128128875	1580128128873	-0.168	9.005	3.474	0.030	0.054	0.003	0.000000	0.000000
1580128128896	1580128128896	-0.109	8.962	3.376	-0.106	0.032	-0.012	0.000000	0.000000
1580128128923	1580128128923	-0.020	8.921	3.402	-0.164	0.016	-0.042	0.000000	0.000000
1580128128936	1580128128933	-0.027	8.893	3.364	-0.095	0.034	-0.039	0.000000	0.000000
1580128128958	1580128128958	0.014	9.072	3.414	-0.023	0.059	-0.083	0.000000	0.000000
1580128128975	1580128128973	-0.073	9.173	3.536	-0.017	0.079	-0.080	0.000000	0.000000
1580128128994	1580128128993	-0.202	9.185	3.548	0.000	0.067	-0.065	0.000000	0.000000
1580128129021	1580128129021	-0.125	9.326	3.546	0.005	0.058	-0.106	0.000000	0.000000
1580128129037	1580128129033	-0.092	9.384	3.584	-0.007	0.053	-0.092	0.000000	0.000000
1580128129053	1580128129052	-0.099	9.381	3.553	-0.026	0.019	-0.043	0.000000	0.000000
1580128129073	1580128129073	-0.063	9.295	3.615	-0.056	-0.002	-0.028	0.000000	0.000000
1580128129094	1580128129092	-0.075	9.154	3.608	-0.067	-0.007	-0.004	0.000000	0.000000
1580128129122	1580128129122	-0.109	9.065	3.510	-0.078	-0.022	0.002	0.000000	0.000000
1580128129133	1580128129132	-0.137	9.048	3.476	-0.117	-0.048	-0.015	0.000000	0.000000
1580128129155	1580128129152	-0.209	9.027	3.474	-0.157	-0.066	-0.029	0.000000	0.000000
1580128129173	1580128129171	-0.209	9.015	3.462	-0.136	-0.057	-0.056	0.000000	0.000000
1580128129193	1580128129192	-0.276	9.051	3.395	-0.067	-0.025	-0.073	0.000000	0.000000
1580128129214	1580128129212	-0.341	9.077	3.277	-0.045	-0.002	-0.081	0.000000	0.000000
1580128129237	1580128129232	-0.348	9.051	3.330	-0.122	0.001	-0.094	0.000000	0.000000
1580128129253	1580128129253	-0.391	8.988	3.345	-0.193	0.020	-0.081	0.000000	0.000000
1580128129274	1580128129271	-0.454	8.943	3.263	-0.171	0.052	-0.076	0.000000	0.000000
1580128129293	1580128129291	-0.430	8.967	3.170	-0.128	0.070	-0.091	0.000000	0.000000
1580128129318	1580128129311	-0.365	9.015	3.191	-0.139	0.061	-0.093	0.000000	0.000000
1580128129333	1580128129331	-0.406	9.043	3.268	-0.177	0.055	-0.081	0.000000	0.000000
1580128129353	1580128129351	-0.521	9.000	3.249	-0.137	0.076	-0.076	0.000000	0.000000
1580128129372	1580128129372	-0.475	8.878	3.074	-0.025	0.066	-0.061	0.000000	0.000000
1580128129392	1580128129391	-0.370	8.821	3.016	0.010	0.036	-0.018	0.000000	0.000000
1580128129414	1580128129413	-0.238	8.768	2.973	-0.153	0.005	0.026	0.000000	0.000000
1580128129435	1580128129431	-0.219	8.445	3.215	-0.397	-0.036	0.076	0.000000	0.000000
1580128129453	1580128129453	-0.317	8.057	3.383	-0.481	-0.045	0.135	0.000000	0.000000
1580128129471	1580128129471	-0.343	7.968	3.498	-0.406	0.002	0.095	0.000000	0.000000
1580128129493	1580128129490	-0.322	8.016	3.634	-0.332	0.050	0.022	0.000000	0.000000
1580128129514	1580128129510	-0.322	8.100	3.836	-0.317	0.069	-0.047	0.000000	0.000000
1580128129538	1580128129531	-0.319	8.157	3.943	-0.326	0.080	-0.112	0.000000	0.000000
1580128129551	1580128129550	-0.358	8.162	4.082	-0.283	0.101	-0.153	0.000000	0.000000
1580128129572	1580128129570	-0.382	8.279	4.178	-0.216	0.125	-0.188	0.000000	0.000000
1580128129591	1580128129589	-0.379	8.469	4.298	-0.220	0.130	-0.227	0.000000	0.000000
1580128129612	1580128129609	-0.480	8.557	4.312	-0.241	0.098	-0.206	0.000000	0.000000
1580128129632	1580128129629	-0.540	8.394	4.200	-0.186	0.048	-0.145	0.000000	0.000000
1580128129653	1580128129650	-0.408	8.471	4.078	-0.159	0.003	-0.127	0.000000	0.000000
1580128129672	1580128129669	-0.140	8.519	3.982	-0.254	-0.027	-0.093	0.000000	0.000000
1580128129690	1580128129689	0.117	8.136	4.102	-0.383	-0.077	0.007	0.000000	0.000000
1580128129711	1580128129709	0.220	7.700	4.293	-0.353	-0.073	0.140	0.000000	0.000000
1580128129734	1580128129729	0.090	7.450	4.420	-0.194	-0.007	0.250	0.000000	0.000000
1580128129751	1580128129749	-0.185	7.225	4.458	-0.061	0.029	0.328	0.000000	0.000000
1580128129771	1580128129769	-0.288	7.094	4.382	-0.069	-0.007	0.334	0.000000	0.000000
1580128129790	1580128129789	-0.248	6.816	4.358	-0.171	-0.094	0.316	0.000000	0.000000
1580128129811	1580128129809	-0.113	6.504	4.420	-0.239	-0.169	0.276	0.000000	0.000000
1580128129831	1580128129831	0.006	6.365	4.389	-0.204	-0.164	0.191	0.000000	0.000000
1580128129851	1580128129850	-0.049	6.387	4.298	-0.081	-0.150	0.116	0.000000	0.000000
1580128129870	1580128129868	-0.228	6.375	4.324	0.075	-0.171	0.093	0.000000	0.000000
1580128129890	1580128129888	-0.580	6.844	4.542	0.200	-0.167	0.021	0.000000	0.000000
1580128129909	1580128129908	-0.921	7.292	4.629	0.319	-0.146	-0.014	0.000000	0.000000
1580128129934	1580128129928	-0.760	7.491	4.411	0.456	-0.214	-0.010	0.000000	0.000000
1580128129950	1580128129948	-0.353	7.760	4.195	0.502	-0.280	0.027	0.000000	0.000000
1580128129970	1580128129968	-0.262	8.042	4.030	0.349	-0.285	0.118	0.000000	0.000000
1580128129989	1580128129988	-0.267	8.061	3.836	0.092	-0.289	0.181	0.000000	0.000000
1580128130009	1580128130008	-0.173	7.865	3.675	-0.093	-0.271	0.207	0.000000	0.000000
1580128130030	1580128130030	-0.195	7.771	3.733	-0.070	-0.196	0.219	0.000000	0.000000
1580128130054	1580128130051	-0.228	7.800	3.828	0.086	-0.106	0.185	0.000000	0.000000
1580128130072	1580128130067	-0.173	7.903	3.831	0.178	-0.048	0.132	0.000000	0.000000
1580128130088	1580128130086	-0.101	8.069	3.946	0.111	-0.015	0.080	0.000000	0.000000
1580128130108	1580128130106	-0.082	8.198	4.260	0.008	0.032	0.036	0.000000	0.000000
1580128130130	1580128130126	-0.212	8.265	4.470	0.045	0.098	0.043	0.000000	0.000000
1580128130151	1580128130146	-0.288	8.528	4.487	0.172	0.152	0.038	0.000000	0.000000
1580128130168	1580128130166	-0.063	8.811	4.708	0.163	0.166	-0.008	0.000000	0.000000
1580128130187	1580128130186	0.188	9.111	5.086	-0.022	0.146	-0.032	0.000000	0.000000
1580128130208	1580128130206	0.160	9.144	5.364	-0.187	0.117	0.006	0.000000	0.000000
1580128130227	1580128130226	0.071	9.060	5.580	-0.178	0.096	0.019	0.000000	0.000000
1580128130247	1580128130246	-0.032	9.264	5.613	-0.009	0.100	-0.002	0.000000	0.000000
1580128130267	1580128130266	-0.195	9.575	5.692	0.123	0.061	0.004	0.000000	0.000000
1580128130287	1580128130286	-0.185	9.530	5.508	0.111	-0.029	0.051	0.000000	0.000000
1580128130307	1580128130306	0.023	9.432	5.220	-0.040	-0.084	0.070	0.000000	0.000000
1580128130327	1580128130327	0.100	9.621	5.294	-0.236	-0.062	0.037	0.000000	0.000000
1580128130353	1580128130353	0.196	9.709	5.330	-0.283	-0.064	-0.012	0.000000	0.000000
1580128130368	1580128130366	0.351	9.602	5.330	-0.129	-0.098	0.001	0.000000	0.000000
1580128130387	1580128130386	0.426	9.865	5.299	0.026	-0.058	-0.003	0.000000	0.000000
1580128130408	1580128130406	0.497	10.292	5.524	-0.029	-0.015	-0.044	0.000000	0.000000
1580128130427	1580128130425	0.536	10.378	5.714	-0.128	-0.024	-0.032	0.000000	0.000000
1580128130448	1580128130448	0.426	10.299	5.881	-0.095	-0.016	0.006	0.000000	0.000000
1580128130470	1580128130467	0.265	10.366	5.987	0.005	0.027	0.020	0.000000	0.000000
1580128130487	1580128130486	0.253	10.713	6.279	0.057	0.041	-0.019	0.000000	0.000000
1580128130506	1580128130505	0.157	10.699	6.401	0.067	0.018	-0.012	0.000000	0.000000
1580128130526	1580128130525	0.030	10.637	6.320	0.135	-0.034	0.031	0.000000	0.000000
1580128130551	1580128130547	0.059	10.732	6.238	0.158	-0.064	0.023	0.000000	0.000000
1580128130571	1580128130565	0.248	10.831	6.222	0.033	-0.111	0.015	0.000000	0.000000
1580128130586	1580128130585	0.227	10.751	6.097	-0.111	-0.150	0.059	0.000000	0.000000
1580128130606	1580128130605	0.196	10.589	6.006	-0.141	-0.146	0.067	0.000000	0.000000
1580128130626	1580128130624	0.236	10.579	5.970	-0.068	-0.113	0.043	0.000000	0.000000
1580128130647	1580128130646	0.330	10.529	5.874	-0.002	-0.088	0.027	0.000000	0.000000
1580128130667	1580128130666	0.392	10.505	5.891	-0.003	-0.064	0.006	0.000000	0.000000
1580128130686	1580128130684	0.354	10.466	5.929	-0.012	-0.028	-0.008	0.000000	0.000000
1580128130707	1580128130704	0.270	10.318	5.891	0.012	-0.003	0.005	0.000000	0.000000
1580128130726	1580128130724	0.217	10.423	5.936	0.025	0.031	-0.008	0.000000	0.000000
1580128130746	1580128130745	0.416	10.524	6.104	-0.035	0.043	-0.063	0.000000	0.000000
1580128130771	1580128130770	0.622	10.548	6.049	-0.086	0.043	-0.092	0.000000	0.000000
1580128130787	1580128130785	0.651	10.565	6.181	-0.119	0.054	-0.117	0.000000	0.000000
1580128130806	1580128130804	0.814	10.490	6.286	-0.152	0.082	-0.200	0.000000	0.000000
1580128130825	1580128130824	0.852	10.368	6.490	-0.054	0.123	-0.236	0.000000	0.000000
1580128130846	1580128130846	0.414	10.313	6.622	0.181	0.199	-0.203	0.000000	0.000000
1580128130865	1580128130864	0.119	10.464	6.499	0.355	0.226	-0.225	0.000000	0.000000
1580128130888	1580128130883	-0.001	10.251	6.171	0.305	0.117	-0.149	0.000000	0.000000
1580128130906	1580128130904	-0.013	9.820	5.855	0.084	-0.039	-0.054	0.000000	0.000000
1580128130925	1580128130923	0.176	9.364	5.539	-0.221	-0.142	-0.052	0.000000	0.000000
1580128130945	1580128130945	0.347	8.816	5.256	-0.417	-0.217	-0.061	0.000000	0.000000
1580128130968	1580128130968	0.119	8.370	5.151	-0.333	-0.234	-0.023	0.000000	0.000000
1580128130986	1580128130985	-0.212	8.028	4.935	-0.004	-0.198	-0.016	0.000000	0.000000
1580128131006	1580128131003	-0.274	7.951	4.650	0.271	-0.178	-0.056	0.000000	0.000000
1580128131025	1580128131023	-0.298	7.961	4.530	0.233	-0.178	-0.069	0.000000	0.000000
1580128131045	1580128131043	-0.331	7.657	4.288	0.008	-0.191	-0.030	0.000000	0.000000
1580128131065	1580128131065	-0.231	7.185	4.037	-0.133	-0.168	-0.008	0.000000	0.000000
1580128131087	1580128131084	-0.212	6.991	3.989	-0.155	-0.087	-0.022	0.000000	0.000000
1580128131105	1580128131103	-0.269	7.046	3.936	-0.171	-0.027	-0.032	0.000000	0.000000
1580128131124	1580128131123	-0.307	6.940	3.927	-0.203	-0.021	-0.012	0.000000	0.000000
1580128131143	1580128131143	-0.374	6.775	4.051	-0.170	-0.024	0.036	0.000000	0.000000
1580128131168	1580128131166	-0.422	6.892	4.128	-0.050	-0.005	0.035	0.000000	0.000000
1580128131187	1580128131182	-0.454	7.089	4.046	0.059	0.016	0.006	0.000000	0.000000
1580128131204	1580128131202	-0.473	7.053	3.864	0.077	-0.023	0.030	0.000000	0.000000
1580128131223	1580128131222	-0.408	6.952	3.828	0.016	-0.080	0.059	0.000000	0.000000
1580128131243	1580128131242	-0.334	7.005	3.824	-0.067	-0.072	0.031	0.000000	0.000000
1580128131265	1580128131265	-0.279	7.050	3.788	-0.095	-0.051	0.014	0.000000	0.000000
1580128131286	1580128131286	-0.276	6.993	3.649	-0.046	-0.049	0.041	0.000000	0.000000
1580128131307	1580128131307	-0.300	6.797	3.675	0.040	-0.025	0.092	0.000000	0.000000
1580128131324	1580128131324	-0.267	6.708	3.840	0.077	0.052	0.078	0.000000	0.000000
1580128131344	1580128131342	-0.216	6.725	3.869	0.097	0.141	0.045	0.000000	0.000000
1580128131363	1580128131363	-0.283	6.725	3.792	0.157	0.152	0.066	0.000000	0.000000
1580128131391	1580128131391	-0.190	6.705	3.749	0.203	0.096	0.052	0.000000	0.000000
1580128131406	1580128131402	0.076	6.974	3.737	0.110	0.049	-0.030	0.000000	0.000000
1580128131423	1580128131421	0.220	7.132	3.735	-0.045	0.000	-0.067	0.000000	0.000000
1580128131443	1580128131441	0.205	7.221	3.900	-0.083	-0.034	-0.074	0.000000	0.000000
1580128131463	1580128131462	0.126	7.249	3.972	0.070	-0.030	-0.050	0.000000	0.000000
1580128131483	1580128131481	0.100	7.489	4.039	0.281	0.005	-0.053	0.000000	0.000000
1580128131504	1580128131500	0.066	7.894	4.193	0.372	0.021	-0.047	0.000000	0.000000
1580128131524	1580128131524	-0.037	8.160	4.312	0.262	-0.011	-0.007	0.000000	0.000000
1580128131542	1580128131541	-0.113	8.303	4.468	0.089	-0.054	0.014	0.000000	0.000000
1580128131565	1580128131561	-0.104	8.337	4.485	0.035	-0.078	0.021	0.000000	0.000000
1580128131584	1580128131584	0.016	8.447	4.446	0.087	-0.094	0.011	0.000000	0.000000
1580128131606	1580128131601	0.061	8.694	4.499	0.140	-0.085	0.004	0.000000	0.000000
1580128131622	1580128131622	0.064	8.787	4.399	0.172	-0.070	0.004	0.000000	0.000000
1580128131642	1580128131641	0.141	8.754	4.233	0.183	-0.068	-0.003	0.000000	0.000000
1580128131662	1580128131661	0.217	8.682	4.092	0.162	-0.055	0.001	0.000000	0.000000
1580128131686	1580128131686	0.284	8.679	4.046	0.123	-0.032	-0.013	0.000000	0.000000
1580128131702	1580128131701	0.296	8.598	4.003	0.125	-0.007	-0.019	0.000000	0.000000
1580128131723	1580128131721	0.279	8.524	3.895	0.180	0.001	-0.007	0.000000	0.000000
1580128131741	1580128131741	0.385	8.528	3.874	0.222	-0.006	-0.030	0.000000	0.000000
1580128131762	1580128131761	0.603	8.651	4.008	0.200	-0.021	-0.071	0.000000	0.000000
1580128131791	1580128131791	0.656	8.629	4.178	0.187	-0.022	-0.070	0.000000	0.000000
1580128131806	1580128131801	0.476	8.684	4.147	0.244	-0.020	-0.061	0.000000	0.000000
1580128131822	1580128131820	0.402	8.931	4.104	0.274	-0.046	-0.113	0.000000	0.000000
1580128131842	1580128131840	0.318	9.096	4.032	0.205	-0.093	-0.143	0.000000	0.000000
1580128131863	1580128131860	0.021	9.099	3.886	0.165	-0.159	-0.096	0.000000	0.000000
1580128131892	1580128131891	-0.204	9.048	3.730	0.181	-0.219	-0.068	0.000000	0.000000
1580128131903	1580128131903	-0.164	9.147	3.565	0.162	-0.249	-0.081	0.000000	0.000000
1580128131925	1580128131925	-0.176	9.206	3.345	0.072	-0.248	-0.060	0.000000	0.000000
1580128131941	1580128131940	-0.180	9.034	3.201	-0.021	-0.255	-0.026	0.000000	0.000000
1580128131962	1580128131960	-0.061	8.957	3.031	-0.089	-0.238	-0.032	0.000000	0.000000
1580128131981	1580128131981	0.033	9.046	2.935	-0.173	-0.176	-0.064	0.000000	0.000000
1580128132002	1580128132002	0.059	9.048	3.036	-0.235	-0.113	-0.079	0.000000	0.000000
1580128132026	1580128132021	0.078	8.926	3.189	-0.181	-0.051	-0.069	0.000000	0.000000
1580128132042	1580128132039	-0.022	8.921	3.309	-0.012	0.042	-0.046	0.000000	0.000000
1580128132061	1580128132059	-0.147	9.015	3.409	0.163	0.123	-0.043	0.000000	0.000000
1580128132081	1580128132079	-0.154	9.063	3.606	0.218	0.152	-0.037	0.000000	0.000000
1580128132101	1580128132100	-0.133	9.089	3.785	0.174	0.169	-0.022	0.000000	0.000000
1580128132123	1580128132123	-0.099	9.043	3.816	0.107	0.180	-0.006	0.000000	0.000000
1580128132140	1580128132139	-0.073	9.024	3.874	0.082	0.155	0.015	0.000000	0.000000
1580128132160	1580128132159	0.002	9.015	4.051	0.092	0.116	0.030	0.000000	0.000000
1580128132182	1580128132182	0.141	9.024	4.113	0.099	0.078	0.022	0.000000	0.000000
1580128132204	1580128132200	0.215	8.986	4.157	0.106	0.036	0.030	0.000000	0.000000
1580128132224	1580128132221	0.205	8.964	4.085	0.103	-0.014	0.046	0.000000	0.000000
1580128132241	1580128132239	0.143	8.988	4.109	0.053	-0.058	0.028	0.000000	0.000000
1580128132259	1580128132259	-0.001	8.957	3.982	0.012	-0.087	0.028	0.000000	0.000000
1580128132279	1580128132279	0.047	8.936	3.807	0.043	-0.117	-0.002	0.000000	0.000000
1580128132309	1580128132308	0.131	9.003	3.692	0.073	-0.131	-0.011	0.000000	0.000000
1580128132322	1580128132318	0.064	9.041	3.630	0.067	-0.117	0.012	0.000000	0.000000
1580128132343	1580128132338	0.076	8.984	3.574	0.041	-0.104	0.011	0.000000	0.000000
1580128132359	1580128132358	0.133	8.955	3.524	0.045	-0.086	0.011	0.000000	0.000000
1580128132378	1580128132378	0.057	8.950	3.488	0.063	-0.062	0.026	0.000000	0.000000
1580128132403	1580128132399	0.045	8.936	3.476	0.054	-0.044	0.010	0.000000	0.000000
1580128132421	1580128132418	0.095	8.907	3.452	0.017	-0.031	-0.008	0.000000	0.000000
1580128132440	1580128132437	0.081	8.948	3.486	-0.003	-0.007	-0.021	0.000000	0.000000
1580128132458	1580128132457	0.052	8.943	3.539	0.013	0.017	-0.039	0.000000	0.000000
1580128132479	1580128132477	-0.013	8.962	3.493	0.053	0.043	-0.041	0.000000	0.000000
1580128132500	1580128132498	-0.032	9.034	3.457	0.085	0.069	-0.042	0.000000	0.000000
1580128132520	1580128132517	0.002	9.015	3.481	0.073	0.074	-0.031	0.000000	0.000000
1580128132540	1580128132540	0.035	9.010	3.493	0.033	0.069	-0.020	0.000000	0.000000
1580128132559	1580128132557	0.045	9.010	3.486	-0.028	0.074	-0.013	0.000000	0.000000
1580128132579	1580128132577	0.071	9.000	3.531	-0.071	0.078	-0.021	0.000000	0.000000
1580128132598	1580128132598	0.117	8.991	3.512	-0.079	0.077	-0.029	0.000000	0.000000
1580128132624	1580128132619	0.150	8.984	3.577	-0.054	0.068	-0.036	0.000000	0.000000
1580128132644	1580128132643	0.157	9.072	3.567	-0.030	0.074	-0.050	0.000000	0.000000
1580128132658	1580128132657	0.157	9.170	3.531	-0.039	0.080	-0.065	0.000000	0.000000
1580128132678	1580128132677	0.131	9.103	3.539	-0.057	0.064	-0.056	0.000000	0.000000
1580128132699	1580128132698	0.186	9.147	3.515	-0.071	0.044	-0.077	0.000000	0.000000
1580128132718	1580128132718	0.169	9.118	3.591	-0.100	0.042	-0.073	0.000000	0.000000
1580128132737	1580128132737	0.050	9.108	3.567	-0.114	0.038	-0.056	0.000000	0.000000
1580128132758	1580128132756	0.014	9.120	3.577	-0.127	0.038	-0.069	0.000000	0.000000
1580128132777	1580128132776	0.038	9.072	3.536	-0.140	0.041	-0.084	0.000000	0.000000
1580128132798	1580128132796	0.050	8.991	3.512	-0.133	0.036	-0.080	0.000000	0.000000
1580128132821	1580128132816	-0.018	8.988	3.507	-0.133	0.046	-0.068	0.000000	0.000000
1580128132840	1580128132837	-0.101	8.957	3.512	-0.152	0.063	-0.064	0.000000	0.000000
1580128132858	1580128132856	-0.085	8.787	3.481	-0.185	0.061	-0.059	0.000000	0.000000
1580128132876	1580128132876	-0.053	8.794	3.467	-0.205	0.070	-0.065	0.000000	0.000000
1580128132897	1580128132895	-0.111	8.746	3.493	-0.225	0.093	-0.073	0.000000	0.000000
1580128132925	1580128132925	-0.140	8.634	3.440	-0.233	0.087	-0.067	0.000000	0.000000
1580128132938	1580128132937	-0.121	8.610	3.414	-0.231	0.097	-0.070	0.000000	0.000000
1580128132958	1580128132958	-0.142	8.579	3.474	-0.264	0.116	-0.075	0.000000	0.000000
1580128132977	1580128132975	-0.180	8.466	3.474	-0.292	0.124	-0.061	0.000000	0.000000
1580128132997	1580128132995	-0.207	8.406	3.483	-0.295	0.135	-0.071	0.000000	0.000000
1580128133018	1580128133015	-0.190	8.416	3.565	-0.282	0.152	-0.093	0.000000	0.000000
1580128133039	1580128133039	-0.228	8.397	3.541	-0.257	0.161	-0.075	0.000000	0.000000
1580128133057	1580128133055	-0.255	8.337	3.534	-0.239	0.160	-0.055	0.000000	0.000000
1580128133075	1580128133074	-0.286	8.301	3.632	-0.242	0.171	-0.054	0.000000	0.000000
1580128133096	1580128133094	-0.360	8.167	3.613	-0.212	0.198	-0.038	0.000000	0.000000
1580128133116	1580128133114	-0.358	7.932	3.586	-0.139	0.211	-0.024	0.000000	0.000000
1580128133135	1580128133134	-0.257	7.819	3.630	-0.059	0.215	-0.019	0.000000	0.000000
1580128133155	1580128133155	-0.231	7.652	3.709	-0.018	0.214	0.036	0.000000	0.000000
1580128133175	1580128133174	-0.315	7.367	3.802	-0.015	0.193	0.130	0.000000	0.000000
1580128133202	1580128133201	-0.363	7.072	3.979	-0.051	0.178	0.201	0.000000	0.000000
1580128133222	1580128133221	-0.406	6.780	3.999	-0.111	0.181	0.242	0.000000	0.000000
1580128133256	1580128133251	-0.358	6.547	4.015	-0.223	0.137	0.254	0.000000	0.000000
1580128133258	1580128133256	-0.291	6.437	4.073	-0.332	0.065	0.214	0.000000	0.000000
1580128133275	1580128133275	-0.197	6.435	4.001	-0.350	0.006	0.174	0.000000	0.000000
1580128133294	1580128133293	-0.145	6.528	3.994	-0.239	-0.046	0.143	0.000000	0.000000
1580128133317	1580128133313	-0.248	6.658	3.991	-0.089	-0.063	0.151	0.000000	0.000000
1580128133334	1580128133333	-0.482	6.808	3.996	0.045	-0.049	0.185	0.000000	0.000000
1580128133354	1580128133353	-0.676	6.928	3.991	0.203	-0.015	0.202	0.000000	0.000000
1580128133373	1580128133372	-0.722	6.859	3.975	0.434	0.015	0.218	0.000000	0.000000
1580128133394	1580128133392	-0.705	7.199	3.922	0.554	0.047	0.171	0.000000	0.000000
1580128133414	1580128133412	-0.669	7.577	3.912	0.340	0.074	0.107	0.000000	0.000000
1580128133435	1580128133434	-0.571	7.640	4.137	-0.050	0.046	0.066	0.000000	0.000000
1580128133454	1580128133452	-0.511	7.568	4.272	-0.260	0.020	0.053	0.000000	0.000000
1580128133473	1580128133472	-0.578	7.755	4.490	-0.193	0.054	0.039	0.000000	0.000000
1580128133493	1580128133492	-0.662	8.052	4.818	-0.005	0.102	0.029	0.000000	0.000000
1580128133513	1580128133511	-0.557	8.402	4.837	0.163	0.100	0.011	0.000000	0.000000
1580128133537	1580128133531	-0.437	8.780	4.973	0.238	0.063	-0.014	0.000000	0.000000
1580128133553	1580128133552	-0.494	8.986	5.196	0.207	0.057	0.012	0.000000	0.000000
1580128133573	1580128133572	-0.473	8.996	5.179	0.163	0.051	0.034	0.000000	0.000000
1580128133593	1580128133591	-0.291	8.957	5.115	0.130	0.043	0.041	0.000000	0.000000
1580128133612	1580128133611	-0.262	8.948	5.189	0.064	0.033	0.066	0.000000	0.000000
1580128133632	1580128133631	-0.310	9.125	5.268	-0.066	-0.005	0.058	0.000000	0.000000
1580128133652	1580128133651	-0.336	9.020	5.292	-0.189	-0.052	0.090	0.000000	0.000000
1580128133679	1580128133672	-0.367	9.048	5.242	-0.218	-0.072	0.100	0.000000	0.000000
1580128133693	1580128133691	-0.180	9.094	5.220	-0.253	-0.071	0.044	0.000000	0.000000
1580128133713	1580128133711	0.081	9.115	5.275	-0.325	-0.063	-0.005	0.000000	0.000000
1580128133736	1580128133736	0.066	9.295	5.441	-0.329	0.003	-0.058	0.000000	0.000000
1580128133753	1580128133751	-0.077	9.494	5.577	-0.209	0.080	-0.126	0.000000	0.000000
1580128133773	1580128133771	-0.109	9.769	5.711	-0.004	0.107	-0.175	0.000000	0.000000
1580128133793	1580128133791	-0.190	10.174	5.879	0.135	0.125	-0.217	0.000000	0.000000
1580128133813	1580128133811	-0.449	10.416	6.027	0.166	0.109	-0.187	0.000000	0.000000
1580128133832	1580128133832	-0.667	10.447	5.996	0.149	0.038	-0.095	0.000000	0.000000
1580128133854	1580128133853	-0.640	10.550	5.802	0.076	-0.025	-0.053	0.000000	0.000000
1580128133872	1580128133871	-0.494	10.534	5.615	-0.053	-0.089	-0.012	0.000000	0.000000
1580128133892	1580128133890	-0.458	10.201	5.544	-0.172	-0.170	0.095	0.000000	0.000000
1580128133912	1580128133910	-0.451	9.829	5.426	-0.204	-0.182	0.160	0.000000	0.000000
1580128133934	1580128133930	-0.360	9.628	5.259	-0.161	-0.148	0.145	0.000000	0.000000
1580128133959	1580128133958	-0.252	9.503	5.230	-0.078	-0.117	0.118	0.000000	0.000000
1580128133972	1580128133971	-0.240	9.448	5.208	0.034	-0.084	0.112	0.000000	0.000000
1580128133992	1580128133990	-0.192	9.484	5.168	0.109	-0.055	0.103	0.000000	0.000000
1580128134012	1580128134010	-0.020	9.511	5.141	0.029	-0.050	0.088	0.000000	0.000000
1580128134031	1580128134030	0.157	9.587	5.273	-0.155	-0.047	0.051	0.000000	0.000000
1580128134051	1580128134050	0.208	9.475	5.536	-0.283	-0.029	0.021	0.000000	0.000000
1580128134077	1580128134077	0.071	9.549	5.829	-0.198	0.040	-0.009	0.000000	0.000000
1580128134093	1580128134092	-0.020	9.932	6.016	0.047	0.102	-0.097	0.000000	0.000000
1580128134111	1580128134110	-0.037	10.177	6.164	0.222	0.103	-0.126	0.000000	0.000000
1580128134132	1580128134129	-0.094	10.541	6.205	0.200	0.099	-0.134	0.000000	0.000000
1580128134161	1580128134157	-0.164	10.783	6.344	0.047	0.076	-0.138	0.000000	0.000000
1580128134171	1580128134169	-0.267	10.704	6.372	0.004	0.002	-0.065	0.000000	0.000000
1580128134190	1580128134190	-0.259	10.759	6.322	0.069	-0.025	-0.050	0.000000	0.000000
1580128134211	1580128134209	-0.137	10.821	6.341	0.073	-0.042	-0.048	0.000000	0.000000
1580128134231	1580128134229	-0.264	10.646	6.310	0.012	-0.100	0.041	0.000000	0.000000
1580128134251	1580128134249	-0.427	10.258	6.241	-0.058	-0.137	0.107	0.000000	0.000000
1580128134272	1580128134271	-0.257	10.102	6.253	-0.115	-0.153	0.071	0.000000	0.000000
1580128134291	1580128134289	-0.219	10.009	6.334	-0.135	-0.139	0.062	0.000000	0.000000
1580128134310	1580128134309	-0.355	9.743	6.313	-0.101	-0.111	0.056	0.000000	0.000000
1580128134330	1580128134328	-0.408	9.647	6.305	-0.023	-0.057	-0.007	0.000000	0.000000
1580128134362	1580128134352	-0.466	9.630	6.257	0.049	-0.006	-0.054	0.000000	0.000000
1580128134372	1580128134369	-0.370	9.561	6.164	0.070	-0.016	-0.094	0.000000	0.000000
1580128134391	1580128134389	-0.248	9.436	6.013	0.050	-0.033	-0.107	0.000000	0.000000
1580128134410	1580128134408	-0.331	9.276	5.951	0.040	-0.047	-0.086	0.000000	0.000000
1580128134430	1580128134428	-0.353	9.012	5.714	0.040	-0.073	-0.071	0.000000	0.000000
1580128134450	1580128134450	-0.224	8.878	5.594	0.013	-0.110	-0.081	0.000000	0.000000
1580128134474	1580128134473	-0.156	8.754	5.568	-0.019	-0.135	-0.073	0.000000	0.000000
1580128134490	1580128134488	-0.104	8.490	5.316	-0.025	-0.173	-0.041	0.000000	0.000000
1580128134510	1580128134508	-0.099	8.344	5.036	-0.049	-0.185	-0.031	0.000000	0.000000
1580128134530	1580128134528	-0.209	8.287	4.909	-0.106	-0.172	-0.014	0.000000	0.000000
1580128134551	1580128134548	-0.233	8.102	4.664	-0.113	-0.160	0.001	0.000000	0.000000
1580128134574	1580128134574	-0.116	7.724	4.324	-0.041	-0.162	0.050	0.000000	0.000000
1580128134589	1580128134588	0.006	7.539	4.130	-0.023	-0.142	0.083	0.000000	0.000000
1580128134609	1580128134608	-0.049	7.419	4.099	-0.121	-0.107	0.113	0.000000	0.000000
1580128134629	1580128134627	-0.190	7.158	4.068	-0.193	-0.079	0.154	0.000000	0.000000
1580128134649	1580128134647	-0.248	6.964	3.948	-0.145	-0.035	0.151	0.000000	0.000000
1580128134669	1580128134669	-0.204	6.780	3.740	-0.051	0.002	0.160	0.000000	0.000000
1580128134694	1580128134689	-0.094	6.672	3.745	-0.035	0.018	0.170	0.000000	0.000000
1580128134709	1580128134707	0.071	6.710	3.778	-0.114	0.069	0.128	0.000000	0.000000
1580128134729	1580128134727	0.102	6.650	3.867	-0.181	0.125	0.111	0.000000	0.000000
1580128134749	1580128134747	-0.015	6.591	3.898	-0.178	0.147	0.112	0.000000	0.000000
1580128134770	1580128134770	-0.080	6.562	3.931	-0.135	0.155	0.085	0.000000	0.000000
1580128134789	1580128134787	0.035	6.602	3.979	-0.108	0.152	0.025	0.000000	0.000000
1580128134809	1580128134807	0.186	6.720	4.063	-0.097	0.157	-0.024	0.000000	0.000000
1580128134828	1580128134826	0.107	6.873	4.257	-0.080	0.167	-0.015	0.000000	0.000000
1580128134848	1580128134847	-0.044	6.974	4.430	-0.001	0.180	-0.001	0.000000	0.000000
1580128134869	1580128134868	-0.104	7.101	4.485	0.108	0.174	0.003	0.000000	0.000000
1580128134891	1580128134891	-0.171	7.163	4.391	0.179	0.143	0.051	0.000000	0.000000
1580128134907	1580128134907	-0.207	7.336	4.449	0.145	0.091	0.078	0.000000	0.000000
1580128134928	1580128134926	0.030	7.297	4.506	0.057	0.031	0.062	0.000000	0.000000
1580128134947	1580128134946	0.133	7.271	4.540	0.036	-0.006	0.093	0.000000	0.000000
1580128134974	1580128134969	-0.046	7.338	4.518	0.151	0.006	0.113	0.000000	0.000000
1580128134990	1580128134987	-0.075	7.515	4.336	0.286	0.003	0.062	0.000000	0.000000
1580128135008	1580128135006	0.073	7.704	4.195	0.305	-0.051	0.030	0.000000	0.000000
1580128135027	1580128135026	0.222	7.970	4.157	0.183	-0.106	-0.006	0.000000	0.000000
1580128135047	1580128135045	0.229	7.999	4.094	0.083	-0.103	-0.022	0.000000	0.000000
1580128135068	1580128135066	0.222	7.973	3.977	0.145	-0.100	-0.025	0.000000	0.000000
1580128135090	1580128135086	0.318	8.164	3.862	0.247	-0.079	-0.054	0.000000	0.000000
1580128135107	1580128135107	0.215	8.351	3.965	0.218	-0.031	-0.074	0.000000	0.000000
1580128135128	1580128135126	0.188	8.332	3.941	0.143	-0.045	-0.081	0.000000	0.000000
1580128135146	1580128135145	0.205	8.385	3.972	0.092	-0.035	-0.102	0.000000	0.000000
1580128135169	1580128135166	0.038	8.457	4.044	0.078	0.041	-0.124	0.000000	0.000000
1580128135196	1580128135196	-0.070	8.514	4.113	0.092	0.022	-0.129	0.000000	0.000000
1580128135206	1580128135206	-0.013	8.641	4.169	0.136	0.000	-0.128	0.000000	0.000000
1580128135227	1580128135226	-0.116	8.723	4.236	0.168	0.035	-0.098	0.000000	0.000000
1580128135248	1580128135247	-0.228	8.713	4.255	0.194	0.025	-0.042	0.000000	0.000000
1580128135266	1580128135265	-0.248	8.814	4.221	0.173	0.016	-0.015	0.000000	0.000000
1580128135288	1580128135288	-0.178	8.804	4.161	0.075	0.008	-0.013	0.000000	0.000000
1580128135311	1580128135306	-0.073	8.840	4.125	0.013	-0.017	-0.031	0.000000	0.000000
1580128135327	1580128135326	0.064	8.972	4.116	0.016	-0.022	-0.070	0.000000	0.000000
1580128135346	1580128135345	0.179	8.981	4.116	0.080	0.009	-0.081	0.000000	0.000000
