1580128085583	1580128085582	-0.707	5.158	8.574	-0.023	0.089	0.038	0.000000	0.000000
1580128085605	1580128085602	-0.633	5.096	8.279	-0.117	0.083	0.055	0.000000	0.000000
1580128085624	1580128085622	-0.497	4.988	7.958	-0.100	0.081	0.073	0.000000	0.000000
1580128085642	1580128085642	-0.413	4.959	7.673	-0.054	0.110	0.089	0.000000	0.000000
1580128085662	1580128085661	-0.413	4.791	7.553	-0.085	0.139	0.081	0.000000	0.000000
1580128085683	1580128085682	-0.386	4.449	7.374	-0.139	0.157	0.057	0.000000	0.000000
1580128085702	1580128085701	-0.339	4.185	7.125	-0.145	0.142	0.073	0.000000	0.000000
1580128085724	1580128085724	-0.259	4.037	6.885	-0.128	0.100	0.110	0.000000	0.000000
1580128085742	1580128085741	-0.207	3.725	6.717	-0.102	0.083	0.121	0.000000	0.000000
1580128085762	1580128085760	-0.228	3.575	6.658	-0.047	0.084	0.113	0.000000	0.000000
1580128085781	1580128085780	-0.255	3.656	6.696	0.069	0.103	0.119	0.000000	0.000000
1580128085801	1580128085801	-0.259	3.776	6.799	0.169	0.124	0.111	0.000000	0.000000
1580128085822	1580128085820	-0.331	3.884	6.684	0.203	0.119	0.089	0.000000	0.000000
1580128085841	1580128085840	-0.437	3.934	6.408	0.199	0.113	0.080	0.000000	0.000000
1580128085861	1580128085860	-0.403	3.984	6.217	0.167	0.090	0.060	0.000000	0.000000
1580128085881	1580128085880	-0.408	3.843	6.128	0.190	0.065	0.044	0.000000	0.000000
1580128085902	1580128085901	-0.396	3.589	6.116	0.336	0.035	0.027	0.000000	0.000000
1580128085926	1580128085923	-0.307	3.781	6.255	0.479	0.009	-0.013	0.000000	0.000000
1580128085943	1580128085940	-0.243	4.178	6.387	0.510	0.016	-0.067	0.000000	0.000000
1580128085961	1580128085960	-0.204	4.399	6.389	0.462	0.032	-0.088	0.000000	0.000000
1580128085980	1580128085979	-0.178	4.499	6.188	0.434	0.065	-0.081	0.000000	0.000000
1580128086002	1580128086000	-0.226	4.482	5.968	0.422	0.091	-0.058	0.000000	0.000000
1580128086021	1580128086020	-0.271	4.377	5.905	0.394	0.098	-0.036	0.000000	0.000000
1580128086041	1580128086039	-0.372	4.367	5.965	0.378	0.081	-0.012	0.000000	0.000000
1580128086060	1580128086059	-0.451	4.562	6.138	0.388	0.057	0.015	0.000000	0.000000
1580128086081	1580128086080	-0.614	4.942	6.370	0.419	0.055	0.035	0.000000	0.000000
1580128086100	1580128086099	-0.770	5.436	6.631	0.446	0.060	0.021	0.000000	0.000000
1580128086124	1580128086121	-0.731	5.800	6.811	0.452	0.054	-0.008	0.000000	0.000000
1580128086143	1580128086143	-0.717	5.977	6.866	0.392	0.059	-0.039	0.000000	0.000000
1580128086161	1580128086159	-0.703	6.178	6.806	0.302	0.059	-0.068	0.000000	0.000000
1580128086180	1580128086179	-0.727	6.212	6.708	0.238	0.075	-0.093	0.000000	0.000000
1580128086200	1580128086199	-0.832	6.272	6.739	0.217	0.090	-0.122	0.000000	0.000000
1580128086220	1580128086219	-0.880	6.456	6.813	0.200	0.084	-0.139	0.000000	0.000000
1580128086240	1580128086238	-0.911	6.449	6.897	0.166	0.064	-0.124	0.000000	0.000000
1580128086260	1580128086258	-0.978	6.341	6.990	0.118	0.038	-0.084	0.000000	0.000000
1580128086279	1580128086279	-1.088	6.157	7.062	0.089	0.001	-0.040	0.000000	0.000000
1580128086300	1580128086298	-1.153	5.970	7.247	0.057	-0.042	-0.016	0.000000	0.000000
1580128086322	1580128086320	-1.163	6.243	7.379	0.024	-0.048	-0.037	0.000000	0.000000
1580128086341	1580128086339	-1.067	6.526	7.379	0.020	-0.060	-0.071	0.000000	0.000000
1580128086359	1580128086358	-0.923	6.538	7.352	0.072	-0.090	-0.083	0.000000	0.000000
1580128086379	1580128086379	-0.777	6.449	7.371	0.131	-0.112	-0.075	0.000000	0.000000
1580128086399	1580128086398	-0.712	6.401	7.422	0.141	-0.112	-0.064	0.000000	0.000000
1580128086421	1580128086421	-0.679	6.315	7.383	0.125	-0.107	-0.052	0.000000	0.000000
1580128086440	1580128086438	-0.717	6.341	7.278	0.109	-0.101	-0.035	0.000000	0.000000
1580128086462	1580128086458	-0.791	6.528	7.223	0.086	-0.080	-0.034	0.000000	0.000000
1580128086478	1580128086478	-0.909	6.514	7.151	0.048	-0.055	-0.019	0.000000	0.000000
1580128086504	1580128086502	-0.973	6.478	7.091	0.016	-0.055	0.001	0.000000	0.000000
1580128086522	1580128086519	-1.012	6.418	7.074	0.011	-0.052	0.022	0.000000	0.000000
1580128086541	1580128086540	-1.026	6.384	7.115	0.023	-0.036	0.029	0.000000	0.000000
1580128086565	1580128086559	-0.935	6.260	7.204	0.049	-0.040	0.037	0.000000	0.000000
1580128086580	1580128086580	-0.856	6.277	7.290	0.077	-0.016	0.029	0.000000	0.000000
1580128086602	1580128086599	-0.791	6.317	7.350	0.070	0.014	0.019	0.000000	0.000000
1580128086621	1580128086619	-0.770	6.195	7.302	0.042	0.034	0.021	0.000000	0.000000
1580128086640	1580128086640	-0.760	6.068	7.264	0.030	0.063	0.021	0.000000	0.000000
1580128086662	1580128086659	-0.760	6.102	7.321	0.014	0.080	0.022	0.000000	0.000000
1580128086679	1580128086679	-0.818	6.368	7.314	-0.002	0.085	0.023	0.000000	0.000000
1580128086702	1580128086700	-0.861	6.456	7.261	-0.004	0.083	0.023	0.000000	0.000000
1580128086721	1580128086719	-0.772	6.392	7.199	0.009	0.069	0.013	0.000000	0.000000
1580128086743	1580128086743	-0.705	6.567	7.180	0.028	0.063	0.009	0.000000	0.000000
1580128086761	1580128086761	-0.660	6.670	7.122	0.031	0.061	0.008	0.000000	0.000000
1580128086781	1580128086779	-0.621	6.504	7.163	0.016	0.059	0.010	0.000000	0.000000
1580128086800	1580128086799	-0.717	6.650	7.240	0.009	0.080	0.007	0.000000	0.000000
1580128086822	1580128086821	-0.695	6.650	7.252	0.007	0.079	-0.007	0.000000	0.000000
1580128086840	1580128086841	-0.674	6.437	7.158	-0.003	0.057	0.003	0.000000	0.000000
1580128086860	1580128086860	-0.712	6.583	7.101	0.004	0.045	0.017	0.000000	0.000000
1580128086882	1580128086882	-0.731	6.550	7.046	0.012	0.034	0.029	0.000000	0.000000
1580128086901	1580128086899	-0.753	6.514	7.036	0.016	0.031	0.026	0.000000	0.000000
1580128086920	1580128086918	-0.760	6.658	6.976	0.014	0.041	0.028	0.000000	0.000000
1580128086940	1580128086940	-0.717	6.559	7.031	0.033	0.077	0.057	0.000000	0.000000
1580128086961	1580128086961	-0.810	6.727	7.120	0.021	0.158	0.053	0.000000	0.000000
1580128086979	1580128086978	-1.151	7.026	7.098	-0.053	0.087	0.002	0.000000	0.000000
1580128087001	1580128086999	-0.901	6.789	6.739	-0.149	-0.130	-0.012	0.000000	0.000000
1580128087019	1580128087019	-0.597	6.746	6.564	-0.206	-0.162	-0.012	0.000000	0.000000
1580128087045	1580128087045	-0.760	6.890	6.780	-0.269	0.015	-0.053	0.000000	0.000000
1580128087059	1580128087059	-0.961	7.120	6.667	-0.477	0.166	-0.125	0.000000	0.000000
1580128087078	1580128087078	-1.234	7.259	6.509	-0.732	0.167	-0.199	0.000000	0.000000
1580128087098	1580128087098	-1.057	6.607	6.296	-0.835	0.111	-0.203	0.000000	0.000000
1580128087118	1580128087118	-0.933	6.171	6.207	-0.703	0.079	-0.132	0.000000	0.000000
1580128087143	1580128087144	-1.033	6.087	6.461	-0.439	0.076	-0.058	0.000000	0.000000
1580128087163	1580128087158	-1.148	6.001	6.770	-0.205	0.065	-0.006	0.000000	0.000000
1580128087180	1580128087180	-1.254	6.183	7.024	-0.049	0.028	0.022	0.000000	0.000000
1580128087199	1580128087198	-1.182	6.193	6.880	0.012	0.001	0.026	0.000000	0.000000
1580128087219	1580128087217	-1.163	5.872	6.780	0.062	-0.037	0.052	0.000000	0.000000
1580128087242	1580128087242	-1.167	5.489	6.701	0.199	-0.023	0.060	0.000000	0.000000
1580128087258	1580128087257	-1.165	5.405	6.777	0.434	0.026	0.036	0.000000	0.000000
1580128087277	1580128087277	-1.373	5.630	7.170	0.624	0.006	-0.009	0.000000	0.000000
1580128087298	1580128087297	-1.649	5.704	7.261	0.613	-0.187	-0.058	0.000000	0.000000
1580128087317	1580128087317	-1.002	5.005	7.367	0.603	-0.359	-0.063	0.000000	0.000000
1580128087337	1580128087337	-0.549	4.681	7.122	0.593	-0.217	-0.022	0.000000	0.000000
1580128087360	1580128087358	-0.712	4.957	6.526	0.456	-0.084	0.014	0.000000	0.000000
1580128087378	1580128087378	-0.612	4.677	5.917	0.206	-0.146	0.022	0.000000	0.000000
1580128087398	1580128087396	-0.557	3.900	5.414	-0.004	-0.200	0.035	0.000000	0.000000
1580128087417	1580128087416	-0.461	3.285	5.208	-0.051	-0.200	0.055	0.000000	0.000000
1580128087438	1580128087438	-0.403	3.457	5.177	-0.015	-0.168	0.051	0.000000	0.000000
1580128087464	1580128087464	-0.374	4.023	5.340	-0.012	-0.138	0.014	0.000000	0.000000
1580128087479	1580128087476	-0.274	4.260	5.541	-0.072	-0.110	-0.014	0.000000	0.000000
1580128087498	1580128087495	-0.331	4.296	5.620	-0.122	-0.052	-0.006	0.000000	0.000000
1580128087517	1580128087515	-0.430	4.530	5.659	-0.162	0.005	-0.013	0.000000	0.000000
1580128087536	1580128087535	-0.499	4.765	5.742	-0.204	0.036	-0.028	0.000000	0.000000
1580128087558	1580128087556	-0.518	4.911	5.893	-0.241	0.060	-0.042	0.000000	0.000000
1580128087576	1580128087576	-0.633	5.115	6.219	-0.246	0.046	-0.058	0.000000	0.000000
1580128087596	1580128087594	-0.643	5.218	6.519	-0.198	0.020	-0.056	0.000000	0.000000
1580128087616	1580128087614	-0.513	5.436	6.725	-0.131	0.010	-0.054	0.000000	0.000000
1580128087636	1580128087634	-0.391	5.790	7.041	-0.145	0.014	-0.056	0.000000	0.000000
1580128087661	1580128087661	-0.379	5.745	7.201	-0.213	0.051	-0.062	0.000000	0.000000
1580128087676	1580128087674	-0.554	5.484	7.340	-0.276	0.098	-0.092	0.000000	0.000000
1580128087696	1580128087693	-0.875	5.481	7.374	-0.296	0.117	-0.100	0.000000	0.000000
1580128087715	1580128087713	-1.287	5.812	7.553	-0.246	0.081	-0.064	0.000000	0.000000
1580128087735	1580128087733	-1.450	6.167	7.795	-0.198	-0.007	-0.010	0.000000	0.000000
1580128087757	1580128087754	-1.421	6.248	8.176	-0.218	-0.106	0.062	0.000000	0.000000
1580128087776	1580128087773	-1.371	6.229	8.483	-0.262	-0.185	0.097	0.000000	0.000000
1580128087795	1580128087794	-1.381	6.176	8.698	-0.365	-0.249	0.091	0.000000	0.000000
1580128087816	1580128087813	-1.153	6.011	8.698	-0.452	-0.290	0.071	0.000000	0.000000
1580128087833	1580128087833	-0.866	5.838	8.682	-0.473	-0.269	0.060	0.000000	0.000000
1580128087853	1580128087853	-0.791	5.963	8.809	-0.465	-0.233	0.040	0.000000	0.000000
1580128087882	1580128087882	-0.700	6.198	9.007	-0.468	-0.214	0.008	0.000000	0.000000
1580128087895	1580128087895	-0.473	6.226	9.082	-0.463	-0.188	0.001	0.000000	0.000000
1580128087914	1580128087912	-0.492	6.234	9.245	-0.459	-0.156	0.038	0.000000	0.000000
1580128087935	1580128087932	-0.636	6.243	9.467	-0.447	-0.114	0.079	0.000000	0.000000
1580128087956	1580128087955	-0.648	6.289	9.743	-0.388	-0.090	0.111	0.000000	0.000000
1580128087977	1580128087974	-0.566	6.382	9.990	-0.319	-0.082	0.106	0.000000	0.000000
1580128087995	1580128087992	-0.557	6.365	10.184	-0.265	-0.087	0.094	0.000000	0.000000
1580128088013	1580128088012	-0.564	6.167	10.179	-0.221	-0.083	0.080	0.000000	0.000000
1580128088033	1580128088031	-0.494	6.023	10.325	-0.213	-0.098	0.061	0.000000	0.000000
1580128088052	1580128088052	-0.521	6.150	10.574	-0.189	-0.097	0.053	0.000000	0.000000
1580128088078	1580128088078	-0.499	6.373	10.727	-0.147	-0.081	0.035	0.000000	0.000000
1580128088092	1580128088091	-0.434	6.440	10.723	-0.132	-0.055	0.002	0.000000	0.000000
1580128088112	1580128088111	-0.379	6.346	10.677	-0.107	-0.045	-0.024	0.000000	0.000000
1580128088132	1580128088131	-0.396	6.224	10.651	-0.063	-0.032	-0.016	0.000000	0.000000
1580128088152	1580128088151	-0.351	6.092	10.586	-0.039	-0.040	-0.002	0.000000	0.000000
1580128088173	1580128088171	-0.389	5.814	10.629	-0.057	-0.052	0.023	0.000000	0.000000
1580128088195	1580128088192	-0.341	5.738	10.826	-0.042	-0.063	0.034	0.000000	0.000000
1580128088212	1580128088211	-0.214	6.059	11.058	0.002	-0.069	0.037	0.000000	0.000000
1580128088232	1580128088231	-0.121	6.420	11.240	0.015	-0.057	0.038	0.000000	0.000000
1580128088251	1580128088251	-0.058	6.552	11.391	0.030	-0.021	0.023	0.000000	0.000000
1580128088275	1580128088275	-0.087	6.528	11.262	0.059	0.015	0.013	0.000000	0.000000
1580128088291	1580128088290	-0.006	6.511	11.041	0.060	0.029	-0.010	0.000000	0.000000
1580128088311	1580128088310	-0.001	6.375	10.850	0.066	0.055	-0.016	0.000000	0.000000
1580128088330	1580128088330	-0.113	6.114	10.677	0.099	0.097	-0.026	0.000000	0.000000
1580128088351	1580128088350	-0.192	5.925	10.636	0.092	0.132	-0.053	0.000000	0.000000
1580128088372	1580128088372	-0.391	5.719	10.862	0.073	0.162	-0.064	0.000000	0.000000
1580128088394	1580128088392	-0.576	5.599	11.118	0.064	0.181	-0.063	0.000000	0.000000
1580128088411	1580128088411	-0.676	5.594	11.163	0.009	0.175	-0.058	0.000000	0.000000
1580128088433	1580128088432	-0.612	5.654	10.943	-0.082	0.160	-0.045	0.000000	0.000000
1580128088450	1580128088449	-0.513	5.822	10.629	-0.097	0.124	0.008	0.000000	0.000000
1580128088477	1580128088471	-0.504	5.951	10.291	-0.029	0.076	0.051	0.000000	0.000000
1580128088496	1580128088495	-0.355	5.786	9.848	0.058	0.038	0.063	0.000000	0.000000
1580128088511	1580128088510	-0.252	5.393	9.542	0.090	0.004	0.072	0.000000	0.000000
1580128088530	1580128088530	-0.312	5.029	9.381	0.098	-0.029	0.090	0.000000	0.000000
1580128088550	1580128088549	-0.310	4.734	9.276	0.057	-0.077	0.083	0.000000	0.000000
1580128088573	1580128088569	-0.327	4.396	9.089	-0.050	-0.104	0.060	0.000000	0.000000
1580128088591	1580128088589	-0.341	4.147	8.787	-0.121	-0.109	0.045	0.000000	0.000000
1580128088610	1580128088610	-0.312	4.336	8.763	-0.105	-0.104	0.032	0.000000	0.000000
1580128088629	1580128088629	-0.264	4.624	8.691	-0.040	-0.079	0.019	0.000000	0.000000
1580128088650	1580128088649	-0.255	4.296	8.215	-0.059	-0.042	0.027	0.000000	0.000000
1580128088669	1580128088669	-0.221	3.702	7.834	-0.159	-0.030	0.012	0.000000	0.000000
1580128088702	1580128088702	-0.176	3.313	7.525	-0.259	-0.017	-0.006	0.000000	0.000000
1580128088709	1580128088709	-0.190	2.894	7.036	-0.407	-0.016	0.006	0.000000	0.000000
1580128088729	1580128088728	-0.027	2.319	6.521	-0.615	-0.091	0.040	0.000000	0.000000
1580128088749	1580128088748	-0.058	1.996	6.449	-0.806	-0.196	0.086	0.000000	0.000000
1580128088769	1580128088768	-0.372	2.430	6.808	-0.892	-0.194	0.051	0.000000	0.000000
1580128088790	1580128088791	-0.624	2.820	6.725	-0.870	-0.143	0.013	0.000000	0.000000
1580128088812	1580128088811	-0.475	2.659	6.648	-0.752	-0.171	-0.013	0.000000	0.000000
1580128088828	1580128088828	-0.075	3.112	7.053	-0.519	-0.233	-0.092	0.000000	0.000000
1580128088849	1580128088848	0.088	4.308	7.553	-0.206	-0.189	-0.140	0.000000	0.000000
1580128088869	1580128088868	0.023	4.782	7.601	0.016	-0.076	-0.113	0.000000	0.000000
1580128088892	1580128088891	-0.039	4.315	7.654	0.057	-0.038	-0.065	0.000000	0.000000
1580128088914	1580128088911	0.004	4.114	7.946	0.099	-0.005	-0.085	0.000000	0.000000
1580128088931	1580128088928	-0.046	4.427	7.903	0.196	0.069	-0.092	0.000000	0.000000
1580128088947	1580128088947	-0.106	4.197	7.544	0.212	0.135	-0.064	0.000000	0.000000
1580128088972	1580128088970	-0.171	3.819	7.271	0.193	0.184	-0.070	0.000000	0.000000
1580128088989	1580128088989	-0.343	3.618	7.067	0.238	0.224	-0.091	0.000000	0.000000
1580128089009	1580128089009	-0.475	3.440	7.012	0.312	0.226	-0.094	0.000000	0.000000
1580128089029	1580128089027	-0.597	3.433	7.062	0.377	0.223	-0.106	0.000000	0.000000
1580128089048	1580128089047	-0.672	3.622	7.036	0.376	0.226	-0.137	0.000000	0.000000
1580128089068	1580128089066	-0.722	3.807	6.981	0.328	0.232	-0.154	0.000000	0.000000
1580128089093	1580128089090	-0.787	4.114	6.993	0.276	0.227	-0.157	0.000000	0.000000
1580128089120	1580128089118	-0.827	4.403	7.093	0.229	0.196	-0.139	0.000000	0.000000
1580128089128	1580128089126	-0.878	4.518	7.161	0.191	0.159	-0.093	0.000000	0.000000
1580128089147	1580128089146	-0.815	4.638	7.244	0.171	0.124	-0.051	0.000000	0.000000
1580128089167	1580128089166	-0.746	4.619	7.436	0.191	0.089	0.003	0.000000	0.000000
1580128089190	1580128089186	-0.818	4.657	7.726	0.215	0.078	0.034	0.000000	0.000000
1580128089208	1580128089208	-0.837	4.811	8.035	0.231	0.076	0.020	0.000000	0.000000
1580128089230	1580128089230	-0.779	4.962	8.246	0.217	0.098	-0.001	0.000000	0.000000
1580128089247	1580128089246	-0.815	5.029	8.322	0.180	0.114	-0.014	0.000000	0.000000
1580128089267	1580128089266	-0.830	4.974	8.377	0.154	0.116	-0.024	0.000000	0.000000
1580128089287	1580128089286	-0.834	5.055	8.437	0.171	0.131	-0.054	0.000000	0.000000
1580128089315	1580128089315	-0.832	5.244	8.454	0.206	0.127	-0.065	0.000000	0.000000
1580128089330	1580128089327	-0.856	5.342	8.370	0.224	0.123	-0.067	0.000000	0.000000
1580128089346	1580128089346	-0.856	5.359	8.277	0.232	0.093	-0.056	0.000000	0.000000
1580128089368	1580128089366	-0.904	5.321	8.198	0.242	0.070	-0.045	0.000000	0.000000
1580128089386	1580128089386	-0.954	5.357	8.092	0.280	0.050	-0.034	0.000000	0.000000
1580128089407	1580128089407	-0.913	5.386	8.021	0.321	0.013	-0.025	0.000000	0.000000
1580128089431	1580128089427	-0.870	5.347	8.028	0.320	-0.031	-0.023	0.000000	0.000000
1580128089451	1580128089451	-0.882	5.362	7.939	0.271	-0.070	-0.036	0.000000	0.000000
1580128089467	1580128089466	-0.851	5.493	7.872	0.194	-0.095	-0.068	0.000000	0.000000
1580128089486	1580128089484	-0.858	5.644	7.819	0.130	-0.104	-0.085	0.000000	0.000000
1580128089506	1580128089506	-0.904	5.709	7.762	0.107	-0.095	-0.073	0.000000	0.000000
1580128089529	1580128089526	-0.947	5.625	7.762	0.108	-0.069	-0.045	0.000000	0.000000
1580128089546	1580128089545	-1.016	5.501	7.726	0.115	-0.037	-0.011	0.000000	0.000000
1580128089566	1580128089565	-1.134	5.316	7.762	0.122	-0.016	0.023	0.000000	0.000000
1580128089585	1580128089585	-1.242	5.201	7.836	0.133	-0.001	0.048	0.000000	0.000000
1580128089607	1580128089607	-1.218	5.206	7.786	0.131	0.014	0.057	0.000000	0.000000
1580128089628	1580128089628	-1.153	5.146	7.731	0.102	0.017	0.069	0.000000	0.000000
1580128089646	1580128089644	-1.222	5.120	7.767	0.080	0.008	0.076	0.000000	0.000000
1580128089665	1580128089664	-1.179	5.371	7.846	0.098	0.014	0.051	0.000000	0.000000
1580128089685	1580128089684	-1.052	5.690	7.937	0.114	0.021	0.029	0.000000	0.000000
1580128089707	1580128089706	-1.021	5.788	7.944	0.112	0.046	0.026	0.000000	0.000000
1580128089727	1580128089727	-0.957	5.881	8.004	0.129	0.068	0.014	0.000000	0.000000
1580128089745	1580128089745	-0.933	5.925	8.088	0.145	0.082	0.013	0.000000	0.000000
1580128089765	1580128089764	-0.911	5.939	8.104	0.149	0.092	0.020	0.000000	0.000000
1580128089785	1580128089784	-0.882	6.056	8.056	0.142	0.087	0.031	0.000000	0.000000
1580128089804	1580128089804	-0.846	5.963	7.951	0.124	0.081	0.051	0.000000	0.000000
1580128089824	1580128089824	-0.782	5.754	7.867	0.158	0.061	0.061	0.000000	0.000000
1580128089847	1580128089848	-0.794	5.843	7.805	0.194	0.046	0.055	0.000000	0.000000
1580128089865	1580128089864	-0.739	5.872	7.726	0.183	0.021	0.046	0.000000	0.000000
1580128089884	1580128089884	-0.705	5.810	7.726	0.178	0.005	0.039	0.000000	0.000000
1580128089905	1580128089905	-0.803	5.862	7.704	0.175	0.011	0.025	0.000000	0.000000
1580128089926	1580128089925	-0.803	5.958	7.671	0.148	0.004	0.007	0.000000	0.000000
1580128089946	1580128089943	-0.722	6.004	7.611	0.108	-0.004	0.013	0.000000	0.000000
1580128089965	1580128089963	-0.655	5.877	7.527	0.076	-0.013	0.037	0.000000	0.000000
1580128089983	1580128089983	-0.662	5.735	7.539	0.058	-0.021	0.035	0.000000	0.000000
1580128090005	1580128090003	-0.717	5.721	7.517	0.019	-0.015	-0.008	0.000000	0.000000
1580128090024	1580128090022	-0.784	5.671	7.405	-0.078	-0.023	-0.037	0.000000	0.000000
1580128090043	1580128090042	-0.846	5.666	7.283	-0.172	-0.022	-0.073	0.000000	0.000000
1580128090064	1580128090064	-0.973	5.929	7.237	-0.196	0.002	-0.107	0.000000	0.000000
1580128090084	1580128090083	-1.076	6.377	7.242	-0.180	0.017	-0.133	0.000000	0.000000
1580128090104	1580128090103	-1.122	6.646	7.232	-0.162	-0.003	-0.136	0.000000	0.000000
1580128090123	1580128090123	-1.100	6.473	7.196	-0.130	-0.045	-0.112	0.000000	0.000000
1580128090145	1580128090145	-1.160	6.291	7.357	-0.062	-0.099	-0.072	0.000000	0.000000
1580128090169	1580128090165	-1.239	6.301	7.580	0.010	-0.134	-0.055	0.000000	0.000000
1580128090184	1580128090184	-1.151	6.365	7.719	0.045	-0.175	-0.038	0.000000	0.000000
1580128090203	1580128090203	-1.019	6.339	7.640	0.037	-0.171	-0.015	0.000000	0.000000
1580128090223	1580128090223	-1.014	6.214	7.570	0.021	-0.189	0.022	0.000000	0.000000
1580128090243	1580128090243	-1.019	6.092	7.436	-0.004	-0.211	0.043	0.000000	0.000000
1580128090264	1580128090262	-1.021	5.913	7.072	-0.079	-0.214	0.054	0.000000	0.000000
1580128090283	1580128090283	-0.959	5.563	6.564	-0.229	-0.238	0.052	0.000000	0.000000
1580128090303	1580128090302	-0.923	5.065	6.004	-0.343	-0.248	0.050	0.000000	0.000000
1580128090325	1580128090325	-0.741	4.815	5.457	-0.356	-0.222	0.038	0.000000	0.000000
1580128090349	1580128090343	-0.442	4.712	5.199	-0.255	-0.176	0.035	0.000000	0.000000
1580128090366	1580128090363	-0.303	4.600	5.235	-0.098	-0.121	0.070	0.000000	0.000000
1580128090382	1580128090382	-0.327	4.245	5.512	0.081	-0.069	0.103	0.000000	0.000000
1580128090403	1580128090402	-0.202	3.776	6.016	0.179	-0.029	0.107	0.000000	0.000000
1580128090422	1580128090422	-0.065	3.201	6.581	0.139	-0.006	0.112	0.000000	0.000000
1580128090444	1580128090444	-0.147	3.242	7.256	0.004	0.036	0.104	0.000000	0.000000
1580128090465	1580128090465	-0.276	3.900	7.848	-0.129	0.069	0.081	0.000000	0.000000
1580128090483	1580128090481	-0.228	4.154	7.850	-0.307	0.035	0.112	0.000000	0.000000
1580128090503	1580128090501	-0.061	3.886	7.642	-0.521	-0.031	0.139	0.000000	0.000000
1580128090522	1580128090522	0.066	3.282	7.422	-0.656	-0.101	0.168	0.000000	0.000000
1580128090546	1580128090542	0.097	2.674	7.333	-0.659	-0.173	0.172	0.000000	0.000000
1580128090565	1580128090562	0.212	2.885	7.383	-0.587	-0.233	0.119	0.000000	0.000000
1580128090582	1580128090581	0.275	3.539	7.146	-0.510	-0.267	0.076	0.000000	0.000000
1580128090601	1580128090601	0.342	3.958	7.038	-0.398	-0.264	0.041	0.000000	0.000000
1580128090621	1580128090621	0.191	4.653	7.158	-0.182	-0.211	0.005	0.000000	0.000000
1580128090649	1580128090649	-0.140	4.997	7.537	0.054	-0.146	0.009	0.000000	0.000000
1580128090663	1580128090661	-0.353	5.055	8.145	0.260	-0.109	0.003	0.000000	0.000000
1580128090683	1580128090682	-0.410	5.335	8.507	0.389	-0.071	-0.003	0.000000	0.000000
1580128090701	1580128090701	-0.422	5.249	8.576	0.369	-0.020	-0.025	0.000000	0.000000
1580128090721	1580128090721	-0.367	4.667	8.545	0.256	-0.011	-0.062	0.000000	0.000000
1580128090742	1580128090741	-0.310	4.636	8.306	0.178	-0.030	-0.091	0.000000	0.000000
1580128090763	1580128090761	-0.291	4.890	8.042	0.127	-0.082	-0.107	0.000000	0.000000
1580128090782	1580128090782	-0.269	4.490	7.910	0.102	-0.135	-0.109	0.000000	0.000000
1580128090801	1580128090801	-0.336	4.241	7.834	0.128	-0.163	-0.171	0.000000	0.000000
1580128090822	1580128090820	-0.236	4.382	7.877	0.163	-0.230	-0.270	0.000000	0.000000
1580128090842	1580128090840	-0.015	4.765	8.152	0.175	-0.275	-0.329	0.000000	0.000000
1580128090861	1580128090861	0.014	5.089	8.224	0.107	-0.285	-0.248	0.000000	0.000000
1580128090881	1580128090881	-0.032	5.194	8.279	0.067	-0.215	-0.111	0.000000	0.000000
1580128090900	1580128090900	-0.195	5.501	8.490	0.066	-0.114	-0.002	0.000000	0.000000
1580128090921	1580128090919	-0.248	5.675	8.576	0.031	-0.078	0.009	0.000000	0.000000
1580128090942	1580128090942	-0.164	5.570	8.715	0.009	-0.098	-0.021	0.000000	0.000000
1580128090967	1580128090964	-0.070	5.582	9.082	0.052	-0.121	-0.040	0.000000	0.000000
1580128090983	1580128090980	0.042	5.613	9.417	0.047	-0.095	-0.035	0.000000	0.000000
1580128091000	1580128090999	0.042	5.759	9.475	-0.055	-0.083	-0.006	0.000000	0.000000
1580128091021	1580128091020	0.109	5.570	9.535	-0.113	-0.091	0.017	0.000000	0.000000
1580128091040	1580128091040	-0.030	5.762	9.678	-0.102	-0.051	0.036	0.000000	0.000000
1580128091061	1580128091061	-0.051	5.889	9.757	-0.090	-0.024	0.026	0.000000	0.000000
1580128091080	1580128091080	0.016	5.757	9.839	-0.081	-0.021	0.023	0.000000	0.000000
1580128091100	1580128091099	0.090	5.817	10.088	-0.069	-0.009	0.021	0.000000	0.000000
1580128091120	1580128091119	0.270	6.066	10.248	-0.119	-0.025	-0.003	0.000000	0.000000
1580128091139	1580128091139	0.363	6.121	10.313	-0.229	-0.063	0.041	0.000000	0.000000
1580128091163	1580128091160	0.462	6.193	10.476	-0.244	-0.091	0.085	0.000000	0.000000
1580128091181	1580128091180	0.538	6.492	10.579	-0.140	-0.071	0.115	0.000000	0.000000
1580128091200	1580128091199	0.430	6.691	10.517	-0.055	0.001	0.135	0.000000	0.000000
1580128091220	1580128091218	0.308	6.564	10.653	-0.016	0.068	0.128	0.000000	0.000000
1580128091239	1580128091239	0.241	6.490	10.787	0.019	0.114	0.106	0.000000	0.000000
1580128091260	1580128091260	0.203	6.418	10.780	0.035	0.145	0.087	0.000000	0.000000
1580128091280	1580128091280	0.145	6.272	10.756	0.030	0.151	0.055	0.000000	0.000000
1580128091301	1580128091301	0.179	6.241	10.809	0.002	0.156	-0.004	0.000000	0.000000
1580128091320	1580128091319	0.215	6.080	10.838	-0.039	0.149	-0.042	0.000000	0.000000
1580128091340	1580128091338	0.184	6.092	10.830	-0.072	0.129	-0.081	0.000000	0.000000
1580128091359	1580128091359	0.169	6.186	10.809	-0.084	0.104	-0.102	0.000000	0.000000
1580128091385	1580128091383	0.141	6.073	10.847	-0.078	0.081	-0.087	0.000000	0.000000
1580128091401	1580128091401	0.176	6.059	11.008	-0.073	0.046	-0.083	0.000000	0.000000
1580128091420	1580128091418	0.165	6.181	10.991	-0.071	0.009	-0.079	0.000000	0.000000
1580128091440	1580128091439	0.129	6.205	10.787	-0.050	-0.004	-0.053	0.000000	0.000000
1580128091460	1580128091459	0.172	5.972	10.610	-0.023	-0.006	-0.004	0.000000	0.000000
1580128091492	1580128091486	0.167	5.759	10.514	0.004	-0.006	0.023	0.000000	0.000000
1580128091500	1580128091500	0.220	5.687	10.246	0.027	0.010	0.012	0.000000	0.000000
1580128091520	1580128091520	0.090	5.711	10.059	0.032	0.050	0.008	0.000000	0.000000
1580128091540	1580128091539	-0.061	5.901	9.990	0.021	0.100	-0.029	0.000000	0.000000
1580128091559	1580128091557	-0.164	5.869	9.812	-0.001	0.141	-0.053	0.000000	0.000000
1580128091578	1580128091577	-0.183	5.299	9.649	-0.010	0.140	-0.043	0.000000	0.000000
1580128091598	1580128091598	-0.264	5.295	9.532	-0.006	0.117	-0.038	0.000000	0.000000
1580128091618	1580128091617	-0.279	5.307	9.489	-0.012	0.101	-0.029	0.000000	0.000000
1580128091638	1580128091637	-0.307	4.997	9.482	-0.014	0.096	-0.012	0.000000	0.000000
1580128091658	1580128091657	-0.468	5.017	9.333	-0.037	0.085	-0.001	0.000000	0.000000
1580128091686	1580128091684	-0.580	4.997	9.204	-0.065	0.058	0.020	0.000000	0.000000
1580128091698	1580128091697	-0.499	5.077	9.041	-0.022	0.049	0.038	0.000000	0.000000
1580128091717	1580128091717	-0.324	4.823	8.595	0.018	0.045	0.087	0.000000	0.000000
1580128091738	1580128091737	-0.161	4.154	8.145	-0.055	0.020	0.161	0.000000	0.000000
1580128091757	1580128091756	-0.351	4.008	7.927	-0.165	0.031	0.220	0.000000	0.000000
1580128091779	1580128091779	-0.403	4.205	7.937	-0.186	0.073	0.224	0.000000	0.000000
1580128091802	1580128091797	-0.245	4.063	7.872	-0.148	0.112	0.218	0.000000	0.000000
1580128091817	1580128091816	-0.044	3.644	7.527	-0.086	0.141	0.204	0.000000	0.000000
1580128091837	1580128091836	0.033	3.472	7.304	-0.066	0.144	0.184	0.000000	0.000000
1580128091857	1580128091856	-0.001	3.627	7.297	-0.062	0.146	0.167	0.000000	0.000000
1580128091887	1580128091881	-0.089	4.051	7.326	0.018	0.181	0.113	0.000000	0.000000
1580128091897	1580128091896	0.069	4.219	7.165	0.118	0.206	0.071	0.000000	0.000000
1580128091917	1580128091916	0.203	3.694	6.849	0.148	0.189	0.083	0.000000	0.000000
1580128091936	1580128091935	0.212	3.560	6.775	0.127	0.126	0.099	0.000000	0.000000
1580128091958	1580128091956	0.033	3.785	6.717	0.130	0.091	0.094	0.000000	0.000000
1580128091977	1580128091977	-0.073	3.625	6.607	0.162	0.093	0.071	0.000000	0.000000
1580128092000	1580128091998	-0.042	3.407	6.574	0.220	0.114	0.045	0.000000	0.000000
1580128092016	1580128092015	-0.039	3.383	6.590	0.270	0.114	0.030	0.000000	0.000000
1580128092036	1580128092035	-0.190	3.725	6.550	0.275	0.104	0.026	0.000000	0.000000
1580128092057	1580128092055	-0.283	3.893	6.346	0.217	0.100	0.027	0.000000	0.000000
1580128092077	1580128092075	-0.348	3.788	6.231	0.181	0.089	0.037	0.000000	0.000000
1580128092102	1580128092102	-0.492	3.840	6.435	0.264	0.081	0.043	0.000000	0.000000
1580128092116	1580128092115	-0.518	4.305	6.619	0.404	0.071	0.024	0.000000	0.000000
1580128092137	1580128092137	-0.521	4.712	6.607	0.453	0.053	0.011	0.000000	0.000000
1580128092155	1580128092155	-0.470	4.906	6.600	0.414	0.020	-0.008	0.000000	0.000000
1580128092178	1580128092174	-0.446	5.036	6.732	0.367	0.026	-0.031	0.000000	0.000000
1580128092195	1580128092194	-0.523	5.168	6.799	0.346	0.062	-0.053	0.000000	0.000000
1580128092215	1580128092214	-0.564	5.249	6.969	0.354	0.083	-0.068	0.000000	0.000000
1580128092235	1580128092234	-0.571	5.450	7.129	0.348	0.113	-0.100	0.000000	0.000000
1580128092254	1580128092254	-0.633	5.675	7.283	0.330	0.122	-0.138	0.000000	0.000000
1580128092275	1580128092275	-0.626	5.675	7.417	0.311	0.097	-0.139	0.000000	0.000000
1580128092300	1580128092300	-0.604	5.731	7.527	0.324	0.095	-0.144	0.000000	0.000000
1580128092316	1580128092313	-0.590	5.953	7.491	0.331	0.090	-0.143	0.000000	0.000000
1580128092335	1580128092333	-0.573	6.008	7.280	0.279	0.067	-0.113	0.000000	0.000000
1580128092355	1580128092353	-0.590	6.006	7.117	0.213	0.055	-0.070	0.000000	0.000000
1580128092375	1580128092372	-0.667	6.028	6.986	0.188	0.054	-0.028	0.000000	0.000000
1580128092395	1580128092393	-0.748	5.891	6.995	0.194	0.036	0.004	0.000000	0.000000
1580128092418	1580128092414	-0.684	5.913	6.993	0.188	0.028	0.023	0.000000	0.000000
1580128092434	1580128092431	-0.724	6.054	7.014	0.160	0.048	0.041	0.000000	0.000000
1580128092454	1580128092452	-0.772	6.097	7.156	0.134	0.065	0.035	0.000000	0.000000
1580128092476	1580128092473	-0.724	6.145	7.268	0.132	0.085	0.007	0.000000	0.000000
1580128092497	1580128092492	-0.700	6.157	7.326	0.134	0.116	-0.018	0.000000	0.000000
1580128092514	1580128092512	-0.657	6.138	7.331	0.143	0.130	-0.031	0.000000	0.000000
1580128092533	1580128092532	-0.633	6.229	7.316	0.145	0.139	-0.042	0.000000	0.000000
1580128092552	1580128092552	-0.650	6.387	7.331	0.129	0.137	-0.040	0.000000	0.000000
1580128092574	1580128092572	-0.684	6.401	7.213	0.112	0.133	-0.018	0.000000	0.000000
1580128092593	1580128092591	-0.753	6.349	7.070	0.112	0.108	0.002	0.000000	0.000000
1580128092619	1580128092614	-0.801	6.346	7.065	0.097	0.075	0.017	0.000000	0.000000
1580128092632	1580128092632	-0.880	6.341	7.108	0.082	0.038	0.041	0.000000	0.000000
1580128092652	1580128092651	-0.940	6.387	7.180	0.081	-0.006	0.053	0.000000	0.000000
1580128092672	1580128092671	-0.913	6.497	7.218	0.067	-0.031	0.048	0.000000	0.000000
1580128092695	1580128092693	-0.897	6.504	7.237	0.034	-0.038	0.050	0.000000	0.000000
1580128092717	1580128092717	-0.878	6.428	7.295	0.030	-0.027	0.044	0.000000	0.000000
1580128092732	1580128092731	-0.873	6.442	7.326	0.042	-0.020	0.030	0.000000	0.000000
1580128092752	1580128092752	-0.830	6.365	7.369	0.029	-0.013	0.021	0.000000	0.000000
1580128092772	1580128092771	-0.810	6.281	7.434	0.036	0.005	0.007	0.000000	0.000000
1580128092792	1580128092791	-0.806	6.430	7.517	0.062	0.027	-0.022	0.000000	0.000000
1580128092811	1580128092811	-0.796	6.533	7.534	0.046	0.044	-0.039	0.000000	0.000000
1580128092831	1580128092831	-0.787	6.452	7.438	0.008	0.057	-0.044	0.000000	0.000000
1580128092851	1580128092850	-0.844	6.456	7.357	0.010	0.058	-0.046	0.000000	0.000000
1580128092871	1580128092870	-0.866	6.602	7.326	0.049	0.049	-0.053	0.000000	0.000000
1580128092891	1580128092890	-0.839	6.533	7.316	0.064	0.033	-0.051	0.000000	0.000000
1580128092915	1580128092915	-0.842	6.349	7.288	0.081	0.027	-0.051	0.000000	0.000000
1580128092935	1580128092931	-0.906	6.425	7.300	0.094	0.015	-0.070	0.000000	0.000000
1580128092951	1580128092949	-0.925	6.607	7.283	0.087	0.001	-0.091	0.000000	0.000000
1580128092975	1580128092973	-0.983	6.617	7.173	0.091	-0.006	-0.098	0.000000	0.000000
1580128092991	1580128092989	-0.945	6.504	7.218	0.131	-0.018	-0.105	0.000000	0.000000
1580128093012	1580128093012	-1.028	6.567	7.256	0.165	-0.012	-0.100	0.000000	0.000000
1580128093034	1580128093031	-1.127	6.547	7.228	0.158	-0.017	-0.087	0.000000	0.000000
1580128093051	1580128093050	-1.170	6.569	7.125	0.143	-0.035	-0.075	0.000000	0.000000
1580128093071	1580128093069	-1.201	6.662	7.005	0.131	-0.036	-0.068	0.000000	0.000000
1580128093090	1580128093090	-1.153	6.586	6.871	0.148	-0.016	-0.054	0.000000	0.000000
1580128093114	1580128093112	-1.093	6.557	6.792	0.192	0.026	-0.044	0.000000	0.000000
1580128093132	1580128093131	-1.052	6.698	6.947	0.204	0.071	-0.055	0.000000	0.000000
1580128093150	1580128093149	-1.009	6.856	7.084	0.139	0.093	-0.070	0.000000	0.000000
1580128093170	1580128093169	-0.966	6.885	7.036	0.074	0.104	-0.073	0.000000	0.000000
1580128093190	1580128093189	-0.937	6.952	6.938	0.050	0.112	-0.073	0.000000	0.000000
1580128093212	1580128093211	-0.952	7.048	6.923	0.052	0.109	-0.071	0.000000	0.000000
1580128093233	1580128093233	-0.925	6.962	6.928	0.066	0.083	-0.065	0.000000	0.000000
1580128093250	1580128093250	-0.875	6.789	6.830	0.057	0.036	-0.052	0.000000	0.000000
1580128093269	1580128093269	-0.933	6.806	6.722	0.015	-0.006	-0.046	0.000000	0.000000
1580128093290	1580128093288	-0.964	6.931	6.571	-0.046	-0.051	-0.056	0.000000	0.000000
1580128093309	1580128093309	-0.964	6.904	6.408	-0.096	-0.076	-0.065	0.000000	0.000000
1580128093334	1580128093334	-1.012	6.694	6.368	-0.090	-0.090	-0.058	0.000000	0.000000
1580128093351	1580128093348	-1.067	6.358	6.581	-0.040	-0.110	-0.046	0.000000	0.000000
1580128093369	1580128093368	-1.079	6.241	6.761	-0.015	-0.130	-0.051	0.000000	0.000000
1580128093389	1580128093388	-1.108	6.464	6.658	-0.104	-0.140	-0.061	0.000000	0.000000
1580128093411	1580128093408	-1.088	6.466	6.365	-0.248	-0.145	-0.065	0.000000	0.000000
1580128093431	1580128093428	-1.098	6.384	6.121	-0.306	-0.132	-0.056	0.000000	0.000000
1580128093452	1580128093447	-1.131	6.416	5.948	-0.266	-0.116	-0.036	0.000000	0.000000
1580128093475	1580128093470	-1.175	6.253	6.030	-0.223	-0.116	-0.004	0.000000	0.000000
1580128093489	1580128093487	-1.079	5.984	6.150	-0.213	-0.117	0.013	0.000000	0.000000
1580128093508	1580128093508	-0.909	5.798	6.231	-0.228	-0.136	0.029	0.000000	0.000000
1580128093531	1580128093531	-0.727	5.606	6.164	-0.281	-0.166	0.066	0.000000	0.000000
1580128093555	1580128093550	-0.645	5.283	5.956	-0.361	-0.199	0.119	0.000000	0.000000
1580128093569	1580128093569	-0.564	5.036	5.747	-0.419	-0.243	0.178	0.000000	0.000000
1580128093589	1580128093588	-0.569	4.839	5.680	-0.415	-0.257	0.208	0.000000	0.000000
1580128093609	1580128093608	-0.554	4.700	5.975	-0.372	-0.283	0.207	0.000000	0.000000
1580128093632	1580128093632	-0.454	4.585	6.423	-0.354	-0.324	0.207	0.000000	0.000000
1580128093650	1580128093648	-0.099	4.310	6.511	-0.443	-0.330	0.211	0.000000	0.000000
1580128093669	1580128093669	0.071	4.252	6.473	-0.593	-0.299	0.231	0.000000	0.000000
1580128093688	1580128093688	-0.020	4.511	6.408	-0.653	-0.217	0.230	0.000000	0.000000
1580128093708	1580128093708	-0.233	4.459	6.226	-0.599	-0.127	0.227	0.000000	0.000000
1580128093734	1580128093734	-0.358	4.310	5.989	-0.533	-0.054	0.184	0.000000	0.000000
1580128093753	1580128093748	-0.293	3.936	5.972	-0.455	-0.018	0.116	0.000000	0.000000
1580128093770	1580128093767	-0.300	3.685	6.004	-0.363	0.009	0.074	0.000000	0.000000
1580128093788	1580128093788	-0.415	3.687	6.126	-0.271	0.048	0.050	0.000000	0.000000
1580128093807	1580128093807	-0.497	3.893	6.372	-0.193	0.071	0.017	0.000000	0.000000
1580128093829	1580128093829	-0.444	4.001	6.732	-0.145	0.065	-0.016	0.000000	0.000000
1580128093849	1580128093847	-0.451	3.979	7.110	-0.133	0.051	-0.016	0.000000	0.000000
1580128093873	1580128093873	-0.480	4.229	7.520	-0.144	0.044	-0.027	0.000000	0.000000
1580128093888	1580128093887	-0.408	4.696	7.999	-0.170	0.006	-0.048	0.000000	0.000000
1580128093907	1580128093907	-0.454	5.014	8.409	-0.153	-0.017	-0.044	0.000000	0.000000
1580128093932	1580128093929	-0.552	5.144	8.603	-0.108	-0.004	-0.045	0.000000	0.000000
1580128093957	1580128093949	-0.533	5.168	8.818	-0.093	-0.025	-0.038	0.000000	0.000000
1580128093973	1580128093969	-0.583	5.067	9.007	-0.162	-0.063	0.006	0.000000	0.000000
1580128093988	1580128093986	-0.535	4.993	9.094	-0.227	-0.085	0.020	0.000000	0.000000
1580128094006	1580128094006	-0.427	5.055	9.031	-0.260	-0.099	0.031	0.000000	0.000000
1580128094029	1580128094029	-0.461	5.117	9.053	-0.253	-0.098	0.054	0.000000	0.000000
1580128094046	1580128094046	-0.537	5.077	9.130	-0.232	-0.088	0.067	0.000000	0.000000
1580128094070	1580128094070	-0.473	5.144	9.242	-0.199	-0.067	0.061	0.000000	0.000000
1580128094087	1580128094086	-0.374	5.089	9.319	-0.205	-0.061	0.069	0.000000	0.000000
1580128094106	1580128094106	-0.317	5.000	9.386	-0.255	-0.060	0.063	0.000000	0.000000
1580128094127	1580128094127	-0.317	5.053	9.568	-0.293	-0.058	0.039	0.000000	0.000000
1580128094153	1580128094146	-0.233	5.124	9.597	-0.335	-0.068	0.023	0.000000	0.000000
1580128094170	1580128094165	-0.168	5.237	9.618	-0.349	-0.065	0.023	0.000000	0.000000
1580128094186	1580128094185	-0.111	5.410	9.764	-0.302	-0.035	0.018	0.000000	0.000000
1580128094206	1580128094206	-0.039	5.508	9.925	-0.236	-0.004	0.007	0.000000	0.000000
1580128094226	1580128094225	-0.125	5.436	10.138	-0.194	0.010	0.020	0.000000	0.000000
1580128094246	1580128094246	-0.245	5.457	10.325	-0.152	0.017	0.017	0.000000	0.000000
1580128094264	1580128094264	-0.168	5.275	10.541	-0.115	0.015	-0.009	0.000000	0.000000
1580128094284	1580128094283	-0.111	5.141	10.624	-0.113	0.009	-0.024	0.000000	0.000000
1580128094304	1580128094304	-0.128	5.204	10.605	-0.135	-0.014	-0.005	0.000000	0.000000
1580128094325	1580128094324	-0.133	5.285	10.569	-0.116	-0.037	0.027	0.000000	0.000000
1580128094346	1580128094346	-0.166	5.273	10.589	-0.035	-0.029	0.055	0.000000	0.000000
1580128094366	1580128094366	-0.137	5.405	10.598	0.007	-0.014	0.036	0.000000	0.000000
1580128094388	1580128094385	-0.070	5.400	10.692	-0.017	-0.017	0.035	0.000000	0.000000
1580128094404	1580128094404	0.004	5.251	10.749	-0.036	-0.027	0.039	0.000000	0.000000
1580128094427	1580128094425	0.016	5.395	10.857	-0.049	0.000	0.039	0.000000	0.000000
1580128094444	1580128094443	-0.063	5.364	11.128	-0.074	0.033	0.039	0.000000	0.000000
1580128094467	1580128094464	-0.092	5.493	11.449	-0.053	0.049	0.009	0.000000	0.000000
1580128094485	1580128094483	-0.116	5.869	11.640	-0.031	0.061	-0.010	0.000000	0.000000
1580128094505	1580128094504	-0.168	6.037	11.664	-0.035	0.076	-0.016	0.000000	0.000000
1580128094526	1580128094524	-0.154	6.073	11.547	0.003	0.080	-0.028	0.000000	0.000000
1580128094548	1580128094546	-0.070	5.925	11.501	0.064	0.071	-0.032	0.000000	0.000000
1580128094576	1580128094565	-0.085	5.731	11.475	0.099	0.061	-0.042	0.000000	0.000000
1580128094587	1580128094585	-0.156	5.496	11.348	0.105	0.059	-0.055	0.000000	0.000000
1580128094604	1580128094604	-0.212	5.287	11.151	0.092	0.050	-0.058	0.000000	0.000000
1580128094625	1580128094624	-0.262	5.148	10.948	0.076	0.020	-0.061	0.000000	0.000000
1580128094644	1580128094643	-0.346	5.153	10.747	0.067	0.015	-0.057	0.000000	0.000000
1580128094666	1580128094667	-0.422	5.172	10.493	0.052	0.027	-0.044	0.000000	0.000000
1580128094685	1580128094684	-0.449	5.108	10.263	0.043	0.026	-0.028	0.000000	0.000000
1580128094704	1580128094704	-0.449	5.057	10.090	0.053	0.016	0.018	0.000000	0.000000
1580128094724	1580128094724	-0.552	5.249	10.033	0.044	0.003	0.067	0.000000	0.000000
1580128094743	1580128094743	-0.573	5.175	9.935	0.002	-0.023	0.089	0.000000	0.000000
1580128094768	1580128094763	-0.475	4.911	9.856	0.028	-0.049	0.111	0.000000	0.000000
1580128094784	1580128094784	-0.482	4.926	9.860	0.082	-0.055	0.149	0.000000	0.000000
1580128094803	1580128094803	-0.554	4.990	9.870	0.075	-0.053	0.175	0.000000	0.000000
1580128094823	1580128094823	-0.386	4.918	9.733	0.040	-0.063	0.173	0.000000	0.000000
1580128094842	1580128094841	-0.111	4.744	9.491	0.008	-0.061	0.175	0.000000	0.000000
1580128094864	1580128094863	0.006	4.449	9.190	0.011	-0.045	0.200	0.000000	0.000000
1580128094883	1580128094883	0.038	4.396	9.101	0.070	-0.030	0.187	0.000000	0.000000
1580128094904	1580128094904	0.050	4.677	8.900	0.116	0.018	0.154	0.000000	0.000000
1580128094924	1580128094922	0.083	4.415	8.445	0.109	0.066	0.142	0.000000	0.000000
1580128094943	1580128094943	0.186	3.905	8.006	0.118	0.079	0.108	0.000000	0.000000
1580128094963	1580128094961	0.275	3.805	7.771	0.157	0.096	0.074	0.000000	0.000000
1580128094986	1580128094986	0.193	4.070	7.664	0.179	0.128	0.036	0.000000	0.000000
1580128095006	1580128095004	0.179	3.915	7.347	0.174	0.140	0.007	0.000000	0.000000
1580128095022	1580128095021	0.172	3.539	6.993	0.180	0.147	-0.009	0.000000	0.000000
1580128095042	1580128095041	0.222	3.452	6.770	0.210	0.148	-0.025	0.000000	0.000000
1580128095061	1580128095061	0.162	3.730	6.861	0.218	0.135	-0.052	0.000000	0.000000
1580128095081	1580128095081	0.109	3.759	6.820	0.222	0.125	-0.076	0.000000	0.000000
1580128095103	1580128095101	0.066	3.500	6.485	0.232	0.114	-0.069	0.000000	0.000000
1580128095122	1580128095120	-0.077	3.404	6.178	0.256	0.092	-0.071	0.000000	0.000000
1580128095141	1580128095140	-0.123	3.553	6.083	0.294	0.050	-0.105	0.000000	0.000000
1580128095164	1580128095160	-0.106	3.685	6.063	0.349	0.027	-0.143	0.000000	0.000000
1580128095186	1580128095185	-0.147	3.527	6.140	0.434	0.010	-0.152	0.000000	0.000000
1580128095203	1580128095201	-0.248	3.452	6.293	0.493	0.003	-0.176	0.000000	0.000000
1580128095221	1580128095220	-0.336	3.582	6.413	0.487	0.002	-0.209	0.000000	0.000000
1580128095240	1580128095240	-0.322	3.769	6.430	0.442	-0.008	-0.237	0.000000	0.000000
1580128095261	1580128095260	-0.319	4.020	6.451	0.370	-0.014	-0.263	0.000000	0.000000
1580128095282	1580128095282	-0.509	4.413	6.557	0.299	-0.007	-0.268	0.000000	0.000000
1580128095300	1580128095300	-0.614	4.801	6.576	0.272	-0.021	-0.252	0.000000	0.000000
1580128095320	1580128095320	-0.667	5.153	6.705	0.257	-0.036	-0.223	0.000000	0.000000
1580128095340	1580128095340	-0.652	5.383	6.619	0.221	-0.018	-0.183	0.000000	0.000000
1580128095363	1580128095359	-0.624	5.295	6.631	0.216	-0.046	-0.125	0.000000	0.000000
1580128095383	1580128095383	-0.612	5.259	6.840	0.255	-0.095	-0.073	0.000000	0.000000
1580128095400	1580128095399	-0.645	5.565	7.194	0.289	-0.094	-0.054	0.000000	0.000000
1580128095420	1580128095419	-0.628	5.898	7.357	0.294	-0.068	-0.042	0.000000	0.000000
1580128095440	1580128095439	-0.612	5.927	7.333	0.278	-0.038	-0.025	0.000000	0.000000
1580128095460	1580128095458	-0.482	5.661	7.345	0.246	-0.001	-0.016	0.000000	0.000000
1580128095481	1580128095481	-0.497	5.496	7.472	0.240	0.036	0.007	0.000000	0.000000
1580128095501	1580128095500	-0.422	5.577	7.592	0.232	0.119	0.025	0.000000	0.000000
1580128095520	1580128095518	-0.475	5.616	7.537	0.144	0.254	0.052	0.000000	0.000000
