1580127916408	1580127916408	-7.159	-8.834	-0.038	-0.024	-0.015	-0.072	0.000000	0.000000
1580127916408	1580127916408	-7.137	-8.772	0.254	-0.040	-0.034	-0.009	0.000000	0.000000
1580127916408	1580127916408	-7.187	-8.722	0.259	-0.028	-0.045	0.040	0.000000	0.000000
1580127916408	1580127916408	-7.206	-8.647	0.221	0.007	-0.044	0.060	0.000000	0.000000
1580127916409	1580127916408	-7.216	-8.611	0.307	0.037	-0.042	0.070	0.000000	0.000000
1580127916409	1580127916409	-7.151	-8.650	0.343	0.046	-0.035	0.081	0.000000	0.000000
1580127916421	1580127916421	-7.139	-8.765	0.274	0.066	-0.020	0.084	0.000000	0.000000
1580127916444	1580127916440	-7.139	-8.827	0.266	0.075	0.001	0.102	0.000000	0.000000
1580127916461	1580127916460	-7.199	-8.722	0.202	0.044	0.001	0.139	0.000000	0.000000
1580127916482	1580127916481	-7.262	-8.626	0.103	0.011	-0.016	0.183	0.000000	0.000000
1580127916508	1580127916504	-7.278	-8.614	0.156	0.012	-0.038	0.223	0.000000	0.000000
1580127916520	1580127916519	-7.353	-8.609	0.202	0.009	-0.069	0.265	0.000000	0.000000
1580127916546	1580127916544	-7.458	-8.575	0.307	-0.031	-0.113	0.312	0.000000	0.000000
1580127916561	1580127916560	-7.535	-8.424	0.487	-0.058	-0.147	0.365	0.000000	0.000000
1580127916585	1580127916582	-7.652	-8.115	0.688	-0.036	-0.173	0.424	0.000000	0.000000
1580127916601	1580127916600	-7.702	-7.885	0.858	-0.014	-0.198	0.492	0.000000	0.000000
1580127916622	1580127916621	-7.678	-7.996	0.743	0.003	-0.213	0.566	0.000000	0.000000
1580127916642	1580127916640	-7.762	-8.319	0.432	0.004	-0.219	0.626	0.000000	0.000000
1580127916662	1580127916661	-8.019	-8.211	0.329	-0.021	-0.207	0.635	0.000000	0.000000
1580127916685	1580127916682	-8.265	-7.823	0.597	-0.039	-0.162	0.661	0.000000	0.000000
1580127916700	1580127916699	-8.268	-7.569	0.992	0.035	-0.095	0.754	0.000000	0.000000
1580127916723	1580127916723	-8.191	-7.521	1.177	0.081	-0.038	0.864	0.000000	0.000000
1580127916747	1580127916746	-8.368	-7.533	0.990	0.085	0.030	0.889	0.000000	0.000000
1580127916765	1580127916762	-8.519	-7.438	0.798	0.070	0.050	0.861	0.000000	0.000000
1580127916786	1580127916782	-8.737	-7.176	0.599	0.027	0.002	0.858	0.000000	0.000000
1580127916801	1580127916800	-8.823	-6.879	0.175	-0.028	-0.178	0.778	0.000000	0.000000
1580127916823	1580127916822	-8.498	-6.635	-0.076	0.016	-0.344	0.715	0.000000	0.000000
1580127916842	1580127916841	-8.311	-6.142	-0.117	0.103	-0.430	0.683	0.000000	0.000000
1580127916862	1580127916861	-8.169	-5.612	-0.136	0.148	-0.535	0.656	0.000000	0.000000
1580127916885	1580127916882	-7.784	-5.298	-0.249	0.232	-0.661	0.623	0.000000	0.000000
1580127916901	1580127916899	-7.453	-4.683	-0.385	0.419	-0.761	0.563	0.000000	0.000000
1580127916921	1580127916920	-7.269	-4.271	-0.263	0.463	-0.935	0.514	0.000000	0.000000
1580127916948	1580127916947	-6.703	-4.467	0.405	0.218	-1.063	0.536	0.000000	0.000000
1580127916964	1580127916962	-6.735	-4.568	1.093	0.021	-0.989	0.546	0.000000	0.000000
1580127916981	1580127916980	-6.953	-4.371	1.548	-0.033	-0.880	0.563	0.000000	0.000000
1580127917005	1580127917002	-7.161	-4.000	1.732	-0.032	-0.842	0.544	0.000000	0.000000
1580127917020	1580127917018	-7.295	-3.736	1.720	0.015	-0.788	0.490	0.000000	0.000000
1580127917041	1580127917039	-7.288	-4.062	1.524	0.059	-0.742	0.444	0.000000	0.000000
1580127917060	1580127917060	-7.048	-4.685	1.368	0.044	-0.752	0.405	0.000000	0.000000
1580127917084	1580127917081	-6.572	-5.330	1.634	-0.022	-0.742	0.299	0.000000	0.000000
1580127917100	1580127917098	-6.411	-5.677	1.926	-0.088	-0.661	0.132	0.000000	0.000000
1580127917120	1580127917119	-6.521	-5.710	1.881	-0.141	-0.621	0.001	0.000000	0.000000
1580127917144	1580127917140	-6.524	-5.284	1.756	-0.182	-0.712	-0.071	0.000000	0.000000
1580127917162	1580127917161	-6.435	-4.570	1.749	-0.196	-0.811	-0.113	0.000000	0.000000
1580127917181	1580127917181	-6.299	-4.043	1.601	-0.140	-0.805	-0.070	0.000000	0.000000
1580127917199	1580127917197	-6.514	-3.420	1.311	-0.095	-0.719	0.037	0.000000	0.000000
1580127917220	1580127917219	-6.888	-3.427	1.457	-0.221	-0.681	0.134	0.000000	0.000000
1580127917241	1580127917239	-6.974	-4.232	1.938	-0.350	-0.660	0.198	0.000000	0.000000
1580127917261	1580127917259	-7.077	-4.826	2.279	-0.409	-0.634	0.236	0.000000	0.000000
1580127917288	1580127917281	-7.087	-4.762	2.473	-0.433	-0.614	0.222	0.000000	0.000000
1580127917300	1580127917299	-7.072	-4.937	2.717	-0.463	-0.575	0.190	0.000000	0.000000
1580127917321	1580127917318	-6.931	-4.362	3.198	-0.443	-0.556	0.248	0.000000	0.000000
1580127917342	1580127917340	-6.931	-3.863	3.481	-0.393	-0.543	0.363	0.000000	0.000000
1580127917371	1580127917365	-7.058	-4.213	3.481	-0.368	-0.543	0.454	0.000000	0.000000
1580127917383	1580127917379	-7.142	-4.568	3.483	-0.227	-0.510	0.430	0.000000	0.000000
1580127917401	1580127917398	-7.434	-4.565	3.402	-0.006	-0.390	0.339	0.000000	0.000000
1580127917423	1580127917421	-7.820	-4.834	3.397	0.242	-0.213	0.245	0.000000	0.000000
1580127917449	1580127917439	-8.167	-5.100	3.610	0.406	-0.095	0.163	0.000000	0.000000
1580127917461	1580127917458	-8.584	-5.595	3.646	0.470	-0.031	0.128	0.000000	0.000000
1580127917486	1580127917486	-8.886	-5.696	3.505	0.441	-0.028	0.102	0.000000	0.000000
1580127917502	1580127917499	-8.943	-5.212	3.265	0.412	-0.101	0.055	0.000000	0.000000
1580127917520	1580127917518	-8.816	-4.800	3.040	0.393	-0.164	0.040	0.000000	0.000000
1580127917543	1580127917542	-8.586	-4.517	2.923	0.338	-0.197	0.031	0.000000	0.000000
1580127917561	1580127917560	-8.318	-4.479	2.772	0.227	-0.197	0.036	0.000000	0.000000
1580127917585	1580127917580	-8.007	-4.788	2.755	0.105	-0.171	0.051	0.000000	0.000000
1580127917599	1580127917597	-7.858	-5.097	3.057	0.045	-0.135	0.046	0.000000	0.000000
1580127917619	1580127917618	-7.887	-5.035	3.534	0.020	-0.116	0.040	0.000000	0.000000
1580127917639	1580127917636	-8.004	-4.898	3.838	0.005	-0.114	0.053	0.000000	0.000000
1580127917662	1580127917660	-8.181	-4.791	4.030	-0.041	-0.131	0.059	0.000000	0.000000
1580127917681	1580127917680	-8.359	-4.802	3.975	-0.065	-0.142	0.070	0.000000	0.000000
1580127917704	1580127917697	-8.486	-4.814	3.761	-0.068	-0.131	0.069	0.000000	0.000000
1580127917719	1580127917715	-8.498	-4.654	3.749	-0.065	-0.094	0.041	0.000000	0.000000
1580127917739	1580127917735	-8.409	-4.515	3.761	-0.020	-0.062	0.008	0.000000	0.000000
1580127917762	1580127917758	-8.162	-4.472	3.651	0.011	-0.036	0.001	0.000000	0.000000
1580127917782	1580127917777	-7.916	-4.467	3.610	0.008	-0.002	-0.002	0.000000	0.000000
1580127917798	1580127917796	-7.815	-4.549	3.682	0.023	0.033	0.004	0.000000	0.000000
1580127917818	1580127917815	-7.856	-4.405	3.689	0.080	0.068	0.024	0.000000	0.000000
1580127917839	1580127917835	-7.889	-4.254	3.608	0.123	0.103	0.036	0.000000	0.000000
1580127917860	1580127917858	-7.975	-4.189	3.433	0.181	0.122	0.068	0.000000	0.000000
1580127917879	1580127917876	-8.028	-4.268	3.498	0.256	0.128	0.075	0.000000	0.000000
1580127917899	1580127917896	-8.069	-4.338	3.558	0.351	0.168	0.099	0.000000	0.000000
1580127917922	1580127917918	-8.081	-4.048	3.553	0.534	0.251	0.125	0.000000	0.000000
1580127917938	1580127917935	-8.081	-3.772	3.781	0.795	0.394	0.140	0.000000	0.000000
1580127917957	1580127917954	-8.134	-3.578	4.090	1.045	0.526	0.155	0.000000	0.000000
1580127917979	1580127917979	-8.042	-3.406	4.245	0.993	0.656	0.206	0.000000	0.000000
1580127917998	1580127917994	-8.069	-3.777	4.135	0.781	0.814	0.222	0.000000	0.000000
1580127918019	1580127918017	-8.335	-4.299	4.267	0.708	0.900	0.178	0.000000	0.000000
1580127918037	1580127918034	-8.617	-4.443	4.420	0.810	0.923	0.124	0.000000	0.000000
1580127918057	1580127918054	-8.771	-4.558	4.274	0.839	0.847	0.030	0.000000	0.000000
1580127918076	1580127918074	-8.735	-4.889	3.953	0.598	0.753	-0.064	0.000000	0.000000
1580127918103	1580127918095	-8.622	-4.927	3.591	0.409	0.666	-0.216	0.000000	0.000000
1580127918116	1580127918113	-8.407	-4.664	3.127	0.429	0.587	-0.338	0.000000	0.000000
1580127918136	1580127918134	-7.978	-4.443	2.532	0.374	0.557	-0.389	0.000000	0.000000
1580127918156	1580127918155	-7.676	-4.458	2.032	0.286	0.550	-0.463	0.000000	0.000000
1580127918188	1580127918175	-7.415	-4.302	1.313	0.194	0.558	-0.490	0.000000	0.000000
1580127918196	1580127918194	-7.204	-4.252	0.822	0.065	0.618	-0.522	0.000000	0.000000
1580127918222	1580127918221	-7.056	-3.799	0.750	0.019	0.718	-0.580	0.000000	0.000000
1580127918239	1580127918239	-7.022	-3.322	0.791	-0.064	0.827	-0.601	0.000000	0.000000
1580127918254	1580127918253	-7.005	-3.392	0.815	-0.319	0.877	-0.561	0.000000	0.000000
1580127918284	1580127918284	-7.000	-3.569	0.959	-0.537	0.851	-0.537	0.000000	0.000000
1580127918293	1580127918291	-6.804	-3.739	0.896	-0.613	0.857	-0.548	0.000000	0.000000
1580127918316	1580127918316	-6.670	-3.756	0.731	-0.509	0.869	-0.604	0.000000	0.000000
1580127918335	1580127918334	-6.617	-3.861	0.630	-0.410	0.844	-0.654	0.000000	0.000000
1580127918353	1580127918351	-6.591	-4.017	0.870	-0.405	0.812	-0.675	0.000000	0.000000
1580127918374	1580127918374	-6.871	-4.141	0.999	-0.434	0.870	-0.655	0.000000	0.000000
1580127918400	1580127918395	-7.432	-4.474	0.791	-0.475	0.861	-0.622	0.000000	0.000000
1580127918419	1580127918415	-7.549	-4.503	0.959	-0.612	0.638	-0.600	0.000000	0.000000
1580127918433	1580127918431	-7.642	-4.769	1.253	-0.688	0.458	-0.631	0.000000	0.000000
1580127918452	1580127918452	-7.781	-4.898	1.392	-0.643	0.419	-0.659	0.000000	0.000000
1580127918473	1580127918471	-8.019	-4.929	1.670	-0.574	0.302	-0.707	0.000000	0.000000
1580127918494	1580127918493	-7.743	-5.308	1.910	-0.496	0.114	-0.736	0.000000	0.000000
1580127918512	1580127918510	-7.460	-5.298	1.771	-0.362	0.070	-0.733	0.000000	0.000000
1580127918533	1580127918531	-7.875	-5.234	1.246	-0.144	0.053	-0.745	0.000000	0.000000
1580127918554	1580127918553	-8.565	-4.985	0.801	0.123	-0.040	-0.835	0.000000	0.000000
1580127918576	1580127918576	-8.692	-5.356	0.633	0.299	-0.095	-0.991	0.000000	0.000000
1580127918597	1580127918592	-8.562	-5.868	0.693	0.438	-0.098	-1.129	0.000000	0.000000
1580127918613	1580127918613	-8.311	-6.266	0.772	0.477	-0.102	-1.102	0.000000	0.000000
1580127918634	1580127918631	-8.409	-7.047	0.700	0.349	-0.121	-0.998	0.000000	0.000000
1580127918653	1580127918650	-8.529	-7.857	0.714	0.246	-0.146	-0.910	0.000000	0.000000
1580127918675	1580127918671	-8.464	-8.065	1.050	0.253	-0.142	-0.873	0.000000	0.000000
1580127918693	1580127918692	-8.407	-8.099	1.586	0.275	-0.133	-0.825	0.000000	0.000000
1580127918713	1580127918711	-8.466	-7.993	2.561	0.299	-0.105	-0.723	0.000000	0.000000
1580127918733	1580127918730	-8.929	-7.600	3.802	0.349	-0.041	-0.615	0.000000	0.000000
1580127918752	1580127918751	-9.635	-7.636	4.034	0.437	-0.019	-0.505	0.000000	0.000000
1580127918772	1580127918770	-10.026	-7.476	4.207	0.564	-0.023	-0.427	0.000000	0.000000
1580127918798	1580127918793	-9.822	-6.058	4.432	0.726	-0.003	-0.405	0.000000	0.000000
1580127918815	1580127918812	-9.322	-4.843	4.446	0.680	-0.109	-0.313	0.000000	0.000000
1580127918832	1580127918831	-8.740	-5.016	4.125	0.660	-0.295	-0.091	0.000000	0.000000
1580127918852	1580127918851	-8.251	-5.401	3.644	0.925	-0.491	0.039	0.000000	0.000000
1580127918873	1580127918871	-8.452	-4.630	4.238	1.006	-0.872	0.103	0.000000	0.000000
1580127918892	1580127918891	-8.184	-3.236	5.862	0.764	-1.245	0.297	0.000000	0.000000
1580127918914	1580127918911	-8.354	-2.060	7.925	-0.281	-1.653	0.894	0.000000	0.000000
1580127918934	1580127918932	-8.088	-3.689	9.666	-1.042	-2.399	1.483	0.000000	0.000000
1580127918954	1580127918951	-6.876	-6.144	9.990	-0.708	-2.835	1.995	0.000000	0.000000
1580127918972	1580127918970	-6.646	-7.289	9.808	0.768	-2.760	1.963	0.000000	0.000000
1580127918993	1580127918990	-6.454	-8.434	8.962	1.997	-2.647	1.718	0.000000	0.000000
1580127919012	1580127919012	-5.530	-9.661	8.766	2.517	-2.536	1.366	0.000000	0.000000
1580127919037	1580127919037	-4.373	-9.656	10.047	2.878	-2.296	0.906	0.000000	0.000000
1580127919051	1580127919050	-3.970	-10.698	11.841	3.284	-1.928	0.559	0.000000	0.000000
1580127919071	1580127919069	-4.471	-12.073	13.569	3.432	-1.596	0.258	0.000000	0.000000
1580127919092	1580127919089	-5.465	-12.825	14.855	3.256	-1.579	-0.101	0.000000	0.000000
1580127919111	1580127919111	-6.229	-13.017	15.078	3.005	-1.940	-0.412	0.000000	0.000000
1580127919137	1580127919137	-6.938	-12.727	14.635	2.719	-2.564	-0.619	0.000000	0.000000
1580127919152	1580127919149	-6.933	-12.255	14.594	2.395	-3.285	-0.845	0.000000	0.000000
1580127919171	1580127919169	-6.871	-11.206	14.294	1.772	-3.773	-1.039	0.000000	0.000000
1580127919192	1580127919192	-6.766	-10.633	13.947	0.927	-3.797	-1.270	0.000000	0.000000
1580127919212	1580127919211	-6.900	-10.475	13.743	0.254	-3.473	-1.462	0.000000	0.000000
1580127919231	1580127919231	-6.890	-9.771	12.313	0.063	-3.069	-1.686	0.000000	0.000000
1580127919250	1580127919250	-6.644	-9.352	10.921	0.338	-2.671	-2.140	0.000000	0.000000
1580127919270	1580127919269	-6.275	-8.980	9.891	0.322	-2.298	-2.545	0.000000	0.000000
1580127919290	1580127919289	-5.772	-8.542	9.235	0.494	-2.133	-2.577	0.000000	0.000000
1580127919312	1580127919310	-4.866	-7.191	8.806	0.821	-1.999	-2.591	0.000000	0.000000
1580127919333	1580127919330	-3.915	-5.674	8.600	0.714	-1.680	-2.581	0.000000	0.000000
1580127919352	1580127919349	-3.532	-4.501	7.462	-0.010	-1.192	-2.405	0.000000	0.000000
1580127919371	1580127919369	-3.201	-3.789	6.648	-0.592	-0.693	-2.214	0.000000	0.000000
1580127919389	1580127919388	-2.969	-3.768	6.880	-0.708	-0.361	-2.054	0.000000	0.000000
1580127919416	1580127919411	-2.808	-3.566	6.823	-0.654	0.035	-1.834	0.000000	0.000000
1580127919435	1580127919433	-2.499	-2.625	6.313	0.135	0.540	-1.323	0.000000	0.000000
1580127919452	1580127919451	-2.727	-1.300	6.257	1.555	1.171	-0.093	0.000000	0.000000
1580127919470	1580127919469	-2.214	-1.684	6.583	1.878	1.774	1.465	0.000000	0.000000
1580127919491	1580127919487	-0.662	-1.037	6.087	1.911	1.402	1.742	0.000000	0.000000
1580127919511	1580127919509	0.406	0.963	6.440	2.569	0.687	0.784	0.000000	0.000000
1580127919530	1580127919529	-0.446	2.636	7.012	2.175	0.148	-0.830	0.000000	0.000000
1580127919550	1580127919548	-0.923	1.292	7.170	0.805	0.059	0.020	0.000000	0.000000
1580127919569	1580127919567	-0.214	1.169	7.285	-0.426	0.585	-0.080	0.000000	0.000000
1580127919589	1580127919587	-0.719	0.137	8.229	-0.776	0.752	-0.096	0.000000	0.000000
1580127919609	1580127919607	-1.222	-0.582	8.145	-0.606	0.356	0.253	0.000000	0.000000
1580127919634	1580127919634	-1.366	-2.405	7.999	-0.459	0.003	0.342	0.000000	0.000000
1580127919652	1580127919649	-1.266	-5.512	6.543	-0.311	-0.037	-0.157	0.000000	0.000000
1580127919670	1580127919667	-0.662	-2.735	5.553	0.259	0.505	-1.192	0.000000	0.000000
1580127919689	1580127919687	1.702	1.335	6.365	0.762	0.478	-0.828	0.000000	0.000000
1580127919711	1580127919708	1.290	0.214	5.529	0.510	-0.225	0.829	0.000000	0.000000
1580127919729	1580127919728	-1.086	-0.994	4.717	0.590	-0.119	1.027	0.000000	0.000000
1580127919749	1580127919749	-0.959	-0.512	4.940	1.150	0.011	0.091	0.000000	0.000000
1580127919769	1580127919769	0.102	0.185	5.213	1.561	-0.051	-0.345	0.000000	0.000000
1580127919788	1580127919787	-0.125	0.180	5.644	1.844	-0.089	-0.255	0.000000	0.000000
1580127919812	1580127919806	-0.600	0.616	6.337	2.091	-0.148	-0.281	0.000000	0.000000
1580127919833	1580127919833	-0.530	1.555	6.935	2.141	-0.140	-0.329	0.000000	0.000000
1580127919856	1580127919851	-0.516	2.329	7.283	1.877	-0.115	-0.251	0.000000	0.000000
1580127919868	1580127919865	-0.636	2.621	7.311	1.498	-0.169	-0.227	0.000000	0.000000
1580127919892	1580127919890	-0.561	2.844	7.216	1.265	-0.236	-0.275	0.000000	0.000000
1580127919909	1580127919905	-0.353	3.060	7.367	1.262	-0.291	-0.294	0.000000	0.000000
1580127919927	1580127919927	-0.133	3.318	7.901	1.377	-0.310	-0.196	0.000000	0.000000
1580127919952	1580127919948	-0.039	3.603	8.536	1.336	-0.283	-0.037	0.000000	0.000000
1580127919967	1580127919967	-0.056	3.730	9.003	1.045	-0.216	0.038	0.000000	0.000000
1580127919988	1580127919985	-0.020	3.795	9.180	0.674	-0.127	-0.006	0.000000	0.000000
1580127920008	1580127920006	-0.030	3.898	9.194	0.373	-0.040	-0.037	0.000000	0.000000
1580127920028	1580127920026	-0.087	3.941	9.070	0.169	0.018	-0.022	0.000000	0.000000
1580127920052	1580127920052	-0.142	3.951	9.063	0.132	0.053	-0.013	0.000000	0.000000
1580127920071	1580127920070	-0.142	4.051	9.156	0.214	0.069	-0.016	0.000000	0.000000
1580127920089	1580127920087	-0.183	4.114	9.458	0.275	0.108	-0.008	0.000000	0.000000
1580127920108	1580127920104	-0.185	4.135	9.781	0.234	0.168	0.014	0.000000	0.000000
1580127920128	1580127920125	-0.154	4.176	9.829	0.135	0.192	0.019	0.000000	0.000000
1580127920147	1580127920146	-0.147	4.147	9.661	0.056	0.178	0.032	0.000000	0.000000
1580127920171	1580127920171	-0.188	4.114	9.503	0.026	0.147	0.041	0.000000	0.000000
1580127920188	1580127920187	-0.209	3.960	9.276	0.060	0.124	0.036	0.000000	0.000000
1580127920207	1580127920204	-0.123	3.843	9.173	0.139	0.102	0.030	0.000000	0.000000
1580127920228	1580127920225	-0.077	3.709	9.015	0.130	0.067	0.038	0.000000	0.000000
1580127920256	1580127920246	-0.075	3.524	8.758	0.091	0.042	0.041	0.000000	0.000000
1580127920270	1580127920270	-0.018	3.469	8.512	0.072	0.030	0.022	0.000000	0.000000
1580127920289	1580127920287	-0.042	3.548	8.382	0.090	0.012	0.015	0.000000	0.000000
1580127920307	1580127920304	-0.101	3.764	8.516	0.145	-0.006	0.017	0.000000	0.000000
1580127920329	1580127920324	-0.094	4.058	8.823	0.192	-0.011	-0.024	0.000000	0.000000
1580127920345	1580127920345	-0.070	4.348	9.005	0.197	-0.014	-0.051	0.000000	0.000000
1580127920365	1580127920365	-0.109	4.425	8.883	0.174	-0.034	-0.041	0.000000	0.000000
1580127920391	1580127920386	-0.207	4.504	8.859	0.220	-0.047	-0.038	0.000000	0.000000
1580127920405	1580127920403	-0.240	4.456	8.806	0.292	-0.058	-0.048	0.000000	0.000000
1580127920424	1580127920424	-0.204	4.387	9.024	0.411	-0.082	-0.053	0.000000	0.000000
1580127920454	1580127920449	-0.130	4.262	9.295	0.488	-0.062	-0.008	0.000000	0.000000
1580127920467	1580127920467	-0.133	4.279	9.340	0.442	-0.027	0.014	0.000000	0.000000
1580127920485	1580127920484	-0.113	4.399	9.180	0.308	-0.015	-0.009	0.000000	0.000000
1580127920504	1580127920503	-0.137	4.629	8.924	0.163	0.002	-0.039	0.000000	0.000000
1580127920525	1580127920523	-0.192	4.832	8.667	0.098	0.040	-0.054	0.000000	0.000000
1580127920551	1580127920544	-0.226	4.942	8.485	0.120	0.083	-0.067	0.000000	0.000000
1580127920567	1580127920567	-0.271	4.995	8.255	0.131	0.110	-0.087	0.000000	0.000000
1580127920592	1580127920592	-0.346	4.904	8.090	0.075	0.101	-0.091	0.000000	0.000000
1580127920604	1580127920604	-0.374	4.660	7.975	0.003	0.057	-0.087	0.000000	0.000000
1580127920624	1580127920624	-0.365	4.547	7.913	-0.048	-0.016	-0.098	0.000000	0.000000
1580127920653	1580127920653	-0.391	4.360	7.764	-0.104	-0.056	-0.104	0.000000	0.000000
1580127920666	1580127920664	-0.372	4.202	7.561	-0.156	-0.071	-0.107	0.000000	0.000000
1580127920689	1580127920683	-0.379	4.075	7.355	-0.201	-0.115	-0.121	0.000000	0.000000
1580127920702	1580127920700	-0.317	4.068	7.134	-0.198	-0.170	-0.156	0.000000	0.000000
1580127920723	1580127920722	-0.310	4.126	6.974	-0.156	-0.201	-0.152	0.000000	0.000000
1580127920743	1580127920741	-0.355	4.111	6.890	-0.121	-0.209	-0.137	0.000000	0.000000
1580127920762	1580127920761	-0.212	3.893	6.892	-0.081	-0.203	-0.138	0.000000	0.000000
1580127920786	1580127920783	-0.089	3.622	6.904	-0.032	-0.197	-0.111	0.000000	0.000000
1580127920802	1580127920801	0.050	3.318	7.007	-0.022	-0.168	-0.091	0.000000	0.000000
1580127920827	1580127920823	0.227	3.045	6.904	-0.065	-0.111	-0.068	0.000000	0.000000
1580127920844	1580127920843	0.234	2.777	6.684	-0.135	-0.064	-0.028	0.000000	0.000000
1580127920865	1580127920865	0.174	2.655	6.492	-0.147	-0.037	-0.003	0.000000	0.000000
1580127920892	1580127920883	0.129	2.655	6.406	-0.097	-0.024	0.019	0.000000	0.000000
1580127920901	1580127920900	0.126	2.760	6.492	-0.057	-0.013	0.030	0.000000	0.000000
1580127920922	1580127920923	0.066	2.873	6.660	-0.022	0.015	0.031	0.000000	0.000000
1580127920944	1580127920941	-0.027	2.947	6.787	-0.012	0.062	-0.005	0.000000	0.000000
1580127920961	1580127920960	-0.034	2.969	6.947	-0.031	0.140	-0.088	0.000000	0.000000
1580127920982	1580127920981	-0.034	2.935	7.242	-0.061	0.240	-0.159	0.000000	0.000000
1580127921005	1580127921003	0.014	2.739	7.335	-0.081	0.282	-0.204	0.000000	0.000000
1580127921024	1580127921023	0.117	2.528	7.491	-0.075	0.286	-0.270	0.000000	0.000000
1580127921041	1580127921040	0.284	2.444	7.925	-0.131	0.289	-0.335	0.000000	0.000000
1580127921062	1580127921062	0.337	2.588	8.258	-0.192	0.270	-0.334	0.000000	0.000000
1580127921092	1580127921091	0.299	2.997	8.550	-0.163	0.212	-0.311	0.000000	0.000000
1580127921101	1580127921100	0.212	3.481	8.823	-0.086	0.153	-0.282	0.000000	0.000000
1580127921142	1580127921141	-0.137	3.915	9.113	-0.010	0.077	-0.203	0.000000	0.000000
1580127921148	1580127921145	-0.418	4.231	9.518	0.011	-0.007	-0.142	0.000000	0.000000
1580127921166	1580127921160	-0.521	4.217	9.894	0.013	-0.080	-0.097	0.000000	0.000000
1580127921188	1580127921182	-0.547	4.039	9.999	0.044	-0.137	-0.067	0.000000	0.000000
1580127921200	1580127921199	-0.501	4.073	10.248	0.024	-0.156	-0.042	0.000000	0.000000
1580127921222	1580127921221	-0.525	4.030	10.332	-0.071	-0.139	-0.004	0.000000	0.000000
1580127921241	1580127921239	-0.499	3.845	9.980	-0.186	-0.143	0.038	0.000000	0.000000
1580127921261	1580127921258	-0.509	3.680	9.649	-0.268	-0.171	0.063	0.000000	0.000000
1580127921285	1580127921282	-0.398	3.692	9.733	-0.239	-0.199	0.056	0.000000	0.000000
1580127921299	1580127921298	-0.319	3.833	9.915	-0.163	-0.231	0.045	0.000000	0.000000
1580127921320	1580127921319	-0.331	4.044	10.102	-0.111	-0.270	0.034	0.000000	0.000000
1580127921340	1580127921340	-0.267	4.238	10.399	-0.048	-0.298	0.030	0.000000	0.000000
1580127921364	1580127921363	-0.248	4.367	10.761	0.021	-0.330	0.048	0.000000	0.000000
1580127921386	1580127921381	-0.152	4.420	10.960	0.061	-0.355	0.042	0.000000	0.000000
1580127921400	1580127921399	-0.063	4.387	11.123	0.076	-0.355	0.027	0.000000	0.000000
1580127921421	1580127921419	0.112	4.408	11.223	0.083	-0.336	0.008	0.000000	0.000000
1580127921442	1580127921441	0.289	4.538	11.425	0.106	-0.252	0.004	0.000000	0.000000
1580127921462	1580127921461	0.277	4.653	11.489	0.092	-0.136	0.025	0.000000	0.000000
1580127921481	1580127921480	0.133	4.667	11.451	0.019	-0.053	0.040	0.000000	0.000000
1580127921507	1580127921503	0.042	4.502	11.173	-0.086	0.011	0.020	0.000000	0.000000
1580127921520	1580127921518	0.014	4.205	10.610	-0.113	0.061	-0.003	0.000000	0.000000
1580127921540	1580127921540	-0.065	4.111	10.265	-0.064	0.095	-0.001	0.000000	0.000000
1580127921561	1580127921560	-0.118	3.953	10.042	-0.004	0.095	0.018	0.000000	0.000000
1580127921588	1580127921584	-0.104	3.814	9.836	0.052	0.082	0.023	0.000000	0.000000
1580127921600	1580127921598	0.030	3.759	9.906	0.122	0.057	0.024	0.000000	0.000000
1580127921620	1580127921619	0.186	3.737	9.994	0.157	0.045	0.057	0.000000	0.000000
1580127921640	1580127921639	0.291	3.666	10.014	0.131	0.030	0.101	0.000000	0.000000
1580127921662	1580127921660	0.303	3.548	9.851	0.079	-0.013	0.115	0.000000	0.000000
1580127921684	1580127921681	0.335	3.658	9.743	0.068	-0.030	0.076	0.000000	0.000000
1580127921700	1580127921698	0.354	3.917	9.877	0.123	-0.046	0.036	0.000000	0.000000
1580127921720	1580127921719	0.402	4.178	9.961	0.142	-0.058	0.005	0.000000	0.000000
1580127921739	1580127921737	0.423	4.221	9.860	0.111	-0.042	-0.004	0.000000	0.000000
1580127921760	1580127921759	0.438	4.236	9.760	0.110	-0.016	-0.018	0.000000	0.000000
1580127921786	1580127921782	0.318	4.317	9.760	0.128	0.005	-0.032	0.000000	0.000000
1580127921799	1580127921797	0.203	4.221	9.673	0.113	0.046	-0.048	0.000000	0.000000
1580127921819	1580127921819	0.076	4.037	9.618	0.089	0.057	-0.052	0.000000	0.000000
1580127921839	1580127921838	-0.042	3.941	9.642	0.068	0.057	-0.060	0.000000	0.000000
1580127921858	1580127921857	-0.154	3.864	9.671	0.036	0.058	-0.068	0.000000	0.000000
1580127921880	1580127921877	-0.135	3.869	9.841	0.030	0.031	-0.079	0.000000	0.000000
1580127921903	1580127921897	-0.056	3.960	10.131	0.009	0.005	-0.092	0.000000	0.000000
1580127921921	1580127921920	0.073	4.121	10.325	-0.064	-0.015	-0.090	0.000000	0.000000
1580127921939	1580127921937	0.052	4.229	10.351	-0.131	-0.045	-0.051	0.000000	0.000000
1580127921957	1580127921956	0.073	4.221	10.438	-0.131	-0.093	-0.015	0.000000	0.000000
1580127921985	1580127921983	0.198	4.233	10.586	-0.042	-0.146	0.019	0.000000	0.000000
1580127922003	1580127922001	0.368	4.425	10.823	0.120	-0.205	0.077	0.000000	0.000000
1580127922023	1580127922020	0.224	4.756	11.099	0.292	-0.215	0.139	0.000000	0.000000
1580127922038	1580127922037	0.236	5.057	11.278	0.371	-0.188	0.156	0.000000	0.000000
1580127922058	1580127922057	0.320	5.057	11.022	0.314	-0.140	0.143	0.000000	0.000000
1580127922083	1580127922083	0.308	5.048	10.830	0.208	-0.100	0.109	0.000000	0.000000
1580127922100	1580127922095	0.457	5.105	10.763	0.117	-0.078	0.072	0.000000	0.000000
1580127922118	1580127922116	0.476	5.007	10.543	0.135	-0.055	0.068	0.000000	0.000000
1580127922142	1580127922141	0.442	5.065	10.601	0.189	-0.013	0.042	0.000000	0.000000
1580127922158	1580127922156	0.517	5.017	10.735	0.107	0.017	0.020	0.000000	0.000000
1580127922179	1580127922175	0.469	4.789	10.749	0.098	0.061	0.051	0.000000	0.000000
1580127922202	1580127922199	0.481	4.669	10.737	0.090	0.076	0.068	0.000000	0.000000
1580127922219	1580127922215	0.445	4.418	10.555	-0.033	0.058	0.075	0.000000	0.000000
1580127922237	1580127922235	0.294	4.250	10.200	-0.068	0.057	0.079	0.000000	0.000000
1580127922257	1580127922255	0.291	4.169	9.915	-0.024	0.058	0.071	0.000000	0.000000
1580127922277	1580127922274	0.335	4.027	9.638	-0.017	0.041	0.071	0.000000	0.000000
1580127922297	1580127922293	0.411	3.920	9.408	-0.022	0.018	0.080	0.000000	0.000000
1580127922317	1580127922315	0.402	3.788	9.070	-0.046	0.013	0.088	0.000000	0.000000
1580127922337	1580127922335	0.287	3.536	8.476	-0.073	0.011	0.100	0.000000	0.000000
1580127922357	1580127922355	0.327	3.419	7.918	-0.087	-0.009	0.103	0.000000	0.000000
1580127922377	1580127922375	0.320	3.335	7.642	-0.080	-0.040	0.127	0.000000	0.000000
1580127922402	1580127922397	0.294	3.198	7.237	-0.086	-0.063	0.152	0.000000	0.000000
1580127922422	1580127922421	0.299	2.973	6.753	-0.122	-0.086	0.186	0.000000	0.000000
1580127922447	1580127922446	0.335	2.715	6.313	-0.162	-0.135	0.233	0.000000	0.000000
1580127922458	1580127922455	0.354	2.413	5.857	-0.146	-0.200	0.280	0.000000	0.000000
1580127922480	1580127922479	0.327	2.458	5.963	-0.048	-0.231	0.263	0.000000	0.000000
1580127922499	1580127922494	0.450	2.851	6.456	0.129	-0.212	0.197	0.000000	0.000000
1580127922519	1580127922513	0.488	3.136	6.775	0.297	-0.151	0.149	0.000000	0.000000
1580127922536	1580127922534	0.447	3.321	6.880	0.356	-0.070	0.087	0.000000	0.000000
1580127922554	1580127922554	0.495	3.416	6.818	0.318	-0.008	0.014	0.000000	0.000000
1580127922575	1580127922574	0.406	3.591	6.744	0.339	0.032	-0.047	0.000000	0.000000
1580127922599	1580127922596	0.414	3.828	6.727	0.408	0.077	-0.134	0.000000	0.000000
1580127922617	1580127922612	0.495	4.054	6.753	0.425	0.119	-0.191	0.000000	0.000000
1580127922634	1580127922632	0.445	4.212	6.641	0.406	0.148	-0.214	0.000000	0.000000
1580127922653	1580127922652	0.411	4.360	6.473	0.402	0.146	-0.215	0.000000	0.000000
1580127922674	1580127922672	0.347	4.514	6.463	0.427	0.112	-0.187	0.000000	0.000000
1580127922693	1580127922692	0.256	4.660	6.569	0.434	0.081	-0.155	0.000000	0.000000
1580127922714	1580127922713	0.169	4.727	6.696	0.398	0.050	-0.119	0.000000	0.000000
1580127922736	1580127922735	0.153	4.780	6.794	0.336	0.010	-0.087	0.000000	0.000000
1580127922753	1580127922753	0.169	4.813	6.931	0.273	-0.035	-0.054	0.000000	0.000000
1580127922775	1580127922774	0.186	4.851	7.141	0.267	-0.061	-0.015	0.000000	0.000000
1580127922793	1580127922791	0.248	4.871	7.309	0.295	-0.036	-0.010	0.000000	0.000000
1580127922818	1580127922818	0.193	4.892	7.563	0.300	0.004	-0.021	0.000000	0.000000
1580127922834	1580127922832	0.191	5.067	7.786	0.289	0.026	-0.011	0.000000	0.000000
1580127922853	1580127922851	0.169	5.170	7.855	0.278	0.042	-0.027	0.000000	0.000000
1580127922873	1580127922872	0.169	5.359	7.903	0.266	0.075	-0.050	0.000000	0.000000
1580127922892	1580127922891	0.203	5.639	7.958	0.194	0.108	-0.065	0.000000	0.000000
1580127922919	1580127922913	0.210	5.726	8.076	0.082	0.131	-0.095	0.000000	0.000000
1580127922937	1580127922931	0.265	5.769	8.171	-0.002	0.127	-0.094	0.000000	0.000000
1580127922952	1580127922951	0.244	5.802	8.289	-0.040	0.129	-0.081	0.000000	0.000000
1580127922973	1580127922972	0.210	5.872	8.454	-0.067	0.135	-0.083	0.000000	0.000000
1580127922993	1580127922991	0.275	5.783	8.612	-0.058	0.143	-0.087	0.000000	0.000000
1580127923014	1580127923013	0.296	5.563	8.639	0.004	0.142	-0.081	0.000000	0.000000
1580127923033	1580127923030	0.306	5.441	8.603	0.066	0.147	-0.086	0.000000	0.000000
1580127923054	1580127923054	0.299	5.345	8.464	0.075	0.153	-0.089	0.000000	0.000000
1580127923073	1580127923071	0.208	5.263	8.246	0.076	0.151	-0.089	0.000000	0.000000
1580127923092	1580127923091	0.131	5.249	8.009	0.083	0.147	-0.096	0.000000	0.000000
1580127923114	1580127923114	0.083	5.261	7.843	0.079	0.130	-0.100	0.000000	0.000000
1580127923134	1580127923133	0.030	5.342	7.776	0.057	0.103	-0.086	0.000000	0.000000
1580127923152	1580127923150	-0.034	5.436	7.800	0.041	0.080	-0.070	0.000000	0.000000
1580127923171	1580127923171	-0.080	5.426	7.831	0.044	0.057	-0.061	0.000000	0.000000
1580127923193	1580127923192	-0.058	5.359	7.901	0.045	0.034	-0.046	0.000000	0.000000
1580127923217	1580127923217	-0.044	5.366	8.028	0.028	0.024	-0.037	0.000000	0.000000
1580127923235	1580127923232	-0.032	5.429	8.052	0.003	0.020	-0.036	0.000000	0.000000
1580127923253	1580127923252	-0.058	5.431	8.016	-0.007	0.013	-0.026	0.000000	0.000000
1580127923272	1580127923270	-0.082	5.419	7.987	0.005	0.009	-0.023	0.000000	0.000000
1580127923293	1580127923289	-0.073	5.453	8.013	0.021	0.008	-0.029	0.000000	0.000000
1580127923311	1580127923309	-0.080	5.529	8.097	0.025	0.009	-0.044	0.000000	0.000000
1580127923331	1580127923330	-0.121	5.563	8.078	0.007	0.011	-0.054	0.000000	0.000000
1580127923356	1580127923355	-0.135	5.577	8.001	-0.017	0.012	-0.071	0.000000	0.000000
1580127923372	1580127923370	-0.145	5.714	8.009	-0.034	0.008	-0.094	0.000000	0.000000
1580127923390	1580127923389	-0.202	5.838	7.980	-0.055	0.003	-0.126	0.000000	0.000000
1580127923414	1580127923411	-0.240	5.798	7.910	-0.071	-0.002	-0.141	0.000000	0.000000
1580127923434	1580127923432	-0.252	5.783	7.827	-0.077	-0.020	-0.165	0.000000	0.000000
1580127923451	1580127923449	-0.248	5.757	7.800	-0.101	-0.061	-0.192	0.000000	0.000000
1580127923470	1580127923469	-0.262	5.805	7.726	-0.120	-0.104	-0.202	0.000000	0.000000
1580127923493	1580127923489	-0.207	5.769	7.644	-0.082	-0.123	-0.194	0.000000	0.000000
1580127923514	1580127923509	-0.185	5.752	7.532	-0.038	-0.121	-0.158	0.000000	0.000000
1580127923533	1580127923532	-0.185	5.611	7.417	-0.021	-0.122	-0.107	0.000000	0.000000
1580127923552	1580127923551	-0.173	5.462	7.249	-0.035	-0.139	-0.058	0.000000	0.000000
1580127923571	1580127923569	-0.236	5.307	6.988	-0.079	-0.154	-0.007	0.000000	0.000000
1580127923590	1580127923588	-0.271	5.105	6.782	-0.121	-0.160	0.011	0.000000	0.000000
1580127923614	1580127923611	-0.178	4.806	6.562	-0.140	-0.165	0.012	0.000000	0.000000
1580127923633	1580127923632	-0.156	4.533	6.581	-0.095	-0.181	0.013	0.000000	0.000000
1580127923650	1580127923650	-0.022	4.533	7.077	-0.041	-0.214	0.011	0.000000	0.000000
1580127923670	1580127923668	0.165	4.403	7.367	-0.099	-0.185	0.042	0.000000	0.000000
1580127923691	1580127923688	-0.008	4.269	6.909	-0.114	-0.117	0.064	0.000000	0.000000
1580127923713	1580127923711	-0.125	4.411	6.475	-0.105	-0.137	0.066	0.000000	0.000000
1580127923734	1580127923732	-0.152	4.245	6.174	-0.061	-0.135	0.053	0.000000	0.000000
1580127923750	1580127923750	-0.073	4.207	6.080	0.095	-0.119	0.051	0.000000	0.000000
1580127923769	1580127923767	0.002	4.221	6.329	0.242	-0.096	0.076	0.000000	0.000000
1580127923789	1580127923787	0.009	4.312	6.576	0.330	-0.084	0.119	0.000000	0.000000
1580127923810	1580127923808	-0.018	4.214	6.691	0.319	-0.056	0.104	0.000000	0.000000
1580127923835	1580127923833	0.018	3.862	6.595	0.260	-0.003	0.030	0.000000	0.000000
1580127923851	1580127923849	0.078	3.467	6.408	0.199	0.069	-0.056	0.000000	0.000000
1580127923869	1580127923868	0.105	3.297	6.348	0.102	0.139	-0.127	0.000000	0.000000
1580127923888	1580127923887	0.090	3.239	6.440	-0.058	0.169	-0.165	0.000000	0.000000
1580127923911	1580127923911	-0.042	3.165	6.634	-0.177	0.192	-0.160	0.000000	0.000000
1580127923928	1580127923926	-0.233	3.357	7.000	-0.208	0.216	-0.137	0.000000	0.000000
1580127923952	1580127923952	-0.276	3.771	7.271	-0.276	0.256	-0.145	0.000000	0.000000
1580127923971	1580127923969	-0.259	4.193	7.316	-0.393	0.268	-0.150	0.000000	0.000000
1580127923988	1580127923987	-0.276	4.667	7.441	-0.464	0.228	-0.128	0.000000	0.000000
1580127924010	1580127924008	-0.310	5.386	7.642	-0.444	0.150	-0.078	0.000000	0.000000
1580127924031	1580127924027	-0.446	5.642	7.908	-0.367	0.090	0.001	0.000000	0.000000
1580127924049	1580127924049	-0.497	5.467	8.497	-0.219	0.003	0.075	0.000000	0.000000
1580127924069	1580127924068	-0.300	5.263	9.072	-0.132	-0.103	0.055	0.000000	0.000000
1580127924088	1580127924086	-0.068	4.969	9.427	-0.169	-0.145	0.023	0.000000	0.000000
1580127924112	1580127924107	0.026	4.825	9.673	-0.225	-0.180	0.034	0.000000	0.000000
1580127924128	1580127924127	0.073	4.909	9.741	-0.257	-0.208	0.024	0.000000	0.000000
1580127924148	1580127924146	0.205	5.050	9.513	-0.303	-0.199	-0.020	0.000000	0.000000
1580127924173	1580127924170	0.196	5.103	9.309	-0.316	-0.184	-0.032	0.000000	0.000000
1580127924188	1580127924186	0.126	5.227	9.257	-0.260	-0.180	-0.034	0.000000	0.000000
1580127924208	1580127924207	0.188	5.172	9.269	-0.223	-0.179	-0.056	0.000000	0.000000
1580127924233	1580127924232	0.191	5.110	9.417	-0.222	-0.166	-0.074	0.000000	0.000000
1580127924249	1580127924247	0.174	4.981	9.599	-0.236	-0.158	-0.083	0.000000	0.000000
1580127924267	1580127924266	0.179	4.811	9.891	-0.247	-0.158	-0.084	0.000000	0.000000
1580127924287	1580127924285	0.179	4.791	10.033	-0.274	-0.172	-0.063	0.000000	0.000000
1580127924307	1580127924305	0.191	4.667	9.992	-0.327	-0.193	-0.034	0.000000	0.000000
1580127924327	1580127924326	0.256	4.521	9.947	-0.339	-0.178	-0.028	0.000000	0.000000
1580127924347	1580127924345	0.270	4.600	10.085	-0.267	-0.136	-0.015	0.000000	0.000000
1580127924367	1580127924366	0.279	4.784	10.507	-0.166	-0.116	0.003	0.000000	0.000000
1580127924387	1580127924385	0.287	4.938	10.845	-0.127	-0.099	0.026	0.000000	0.000000
1580127924407	1580127924406	0.301	5.122	11.099	-0.137	-0.081	0.046	0.000000	0.000000
1580127924426	1580127924425	0.363	5.285	11.274	-0.133	-0.065	0.056	0.000000	0.000000
1580127924450	1580127924448	0.438	5.340	11.336	-0.119	-0.052	0.054	0.000000	0.000000
1580127924468	1580127924466	0.562	5.204	11.252	-0.102	-0.056	0.037	0.000000	0.000000
1580127924486	1580127924484	0.708	5.103	11.036	-0.075	-0.058	0.017	0.000000	0.000000
1580127924510	1580127924507	0.802	4.966	10.850	-0.044	-0.050	0.010	0.000000	0.000000
1580127924526	1580127924524	0.869	4.921	10.783	0.003	-0.031	-0.010	0.000000	0.000000
1580127924546	1580127924545	0.821	4.923	10.651	0.015	-0.014	-0.026	0.000000	0.000000
1580127924567	1580127924567	0.771	4.873	10.629	-0.001	0.001	-0.031	0.000000	0.000000
1580127924587	1580127924585	0.677	4.842	10.684	0.018	0.008	-0.029	0.000000	0.000000
1580127924606	1580127924603	0.589	4.854	10.804	0.042	0.017	-0.032	0.000000	0.000000
1580127924625	1580127924624	0.569	4.923	11.010	0.061	0.044	-0.036	0.000000	0.000000
1580127924649	1580127924649	0.557	4.983	11.173	0.070	0.065	-0.041	0.000000	0.000000
1580127924666	1580127924665	0.579	5.045	11.228	0.062	0.077	-0.056	0.000000	0.000000
1580127924688	1580127924688	0.569	5.151	11.266	0.052	0.086	-0.056	0.000000	0.000000
1580127924706	1580127924703	0.577	5.136	11.298	0.062	0.106	-0.054	0.000000	0.000000
1580127924725	1580127924723	0.591	5.129	11.480	0.100	0.134	-0.053	0.000000	0.000000
1580127924756	1580127924754	0.464	5.249	11.669	0.155	0.156	-0.057	0.000000	0.000000
1580127924765	1580127924764	0.210	5.436	11.681	0.180	0.159	-0.046	0.000000	0.000000
1580127924787	1580127924786	0.009	5.436	11.456	0.145	0.157	-0.025	0.000000	0.000000
1580127924804	1580127924804	-0.094	5.242	11.154	0.109	0.143	-0.005	0.000000	0.000000
1580127924826	1580127924825	-0.089	5.060	10.842	0.095	0.114	0.007	0.000000	0.000000
1580127924846	1580127924845	-0.109	4.940	10.507	0.093	0.090	0.024	0.000000	0.000000
1580127924867	1580127924866	-0.082	4.842	10.126	0.081	0.079	0.026	0.000000	0.000000
1580127924887	1580127924885	-0.027	4.732	9.894	0.061	0.064	0.028	0.000000	0.000000
1580127924905	1580127924904	0.023	4.653	9.800	0.056	0.046	0.037	0.000000	0.000000
1580127924934	1580127924923	0.114	4.571	9.764	0.065	0.024	0.041	0.000000	0.000000
1580127924953	1580127924952	0.205	4.514	9.685	0.073	0.003	0.052	0.000000	0.000000
1580127924964	1580127924962	0.294	4.384	9.494	0.084	-0.034	0.084	0.000000	0.000000
1580127924984	1580127924982	0.347	4.260	9.144	0.067	-0.071	0.113	0.000000	0.000000
1580127925008	1580127925006	0.299	4.090	8.859	0.026	-0.094	0.140	0.000000	0.000000
1580127925030	1580127925030	0.275	3.824	8.464	0.020	-0.100	0.148	0.000000	0.000000
1580127925046	1580127925045	0.277	3.675	8.061	0.034	-0.112	0.148	0.000000	0.000000
1580127925063	1580127925063	0.210	3.560	7.846	0.018	-0.102	0.145	0.000000	0.000000
1580127925088	1580127925084	0.208	3.376	7.743	0.030	-0.066	0.118	0.000000	0.000000
1580127925103	1580127925101	0.272	3.294	7.632	0.060	-0.047	0.092	0.000000	0.000000
1580127925123	1580127925122	0.229	3.246	7.443	0.056	-0.040	0.073	0.000000	0.000000
1580127925149	1580127925147	0.174	3.261	7.252	0.048	-0.035	0.058	0.000000	0.000000
1580127925164	1580127925163	0.193	3.443	7.201	0.078	-0.033	0.025	0.000000	0.000000
1580127925186	1580127925182	0.236	3.567	7.034	0.118	-0.025	0.007	0.000000	0.000000
1580127925203	1580127925201	0.188	3.503	6.655	0.150	-0.002	0.011	0.000000	0.000000
1580127925223	1580127925222	0.102	3.472	6.389	0.204	0.028	-0.008	0.000000	0.000000
1580127925244	1580127925243	0.117	3.630	6.389	0.293	0.058	-0.056	0.000000	0.000000
1580127925267	1580127925264	0.090	3.800	6.404	0.373	0.078	-0.069	0.000000	0.000000
1580127925287	1580127925282	0.047	3.848	6.265	0.407	0.101	-0.064	0.000000	0.000000
1580127925305	1580127925303	0.040	3.685	5.992	0.400	0.124	-0.057	0.000000	0.000000
1580127925327	1580127925326	0.050	3.438	5.913	0.424	0.127	-0.051	0.000000	0.000000
1580127925349	1580127925341	0.028	3.404	6.245	0.531	0.130	-0.062	0.000000	0.000000
1580127925362	1580127925361	0.040	3.666	6.650	0.622	0.126	-0.102	0.000000	0.000000
1580127925386	1580127925383	0.038	4.061	6.722	0.601	0.117	-0.120	0.000000	0.000000
1580127925402	1580127925401	0.028	4.372	6.485	0.484	0.095	-0.122	0.000000	0.000000
1580127925426	1580127925424	-0.039	4.602	6.416	0.378	0.082	-0.087	0.000000	0.000000
1580127925445	1580127925442	-0.130	4.899	6.449	0.328	0.054	-0.054	0.000000	0.000000
1580127925465	1580127925464	-0.089	5.184	6.545	0.297	0.027	-0.046	0.000000	0.000000
1580127925485	1580127925485	-0.010	5.407	6.691	0.274	0.002	-0.029	0.000000	0.000000
1580127925508	1580127925506	-0.075	5.510	6.899	0.262	-0.005	0.002	0.000000	0.000000
1580127925521	1580127925520	-0.164	5.572	7.153	0.269	-0.004	0.005	0.000000	0.000000
1580127925544	1580127925543	-0.212	5.687	7.403	0.247	0.001	-0.015	0.000000	0.000000
1580127925569	1580127925568	-0.245	5.745	7.517	0.192	0.014	-0.022	0.000000	0.000000
1580127925588	1580127925582	-0.327	5.719	7.503	0.154	0.019	-0.009	0.000000	0.000000
1580127925601	1580127925599	-0.365	5.762	7.520	0.134	0.025	-0.004	0.000000	0.000000
1580127925621	1580127925619	-0.331	5.877	7.594	0.095	0.028	-0.008	0.000000	0.000000
1580127925659	1580127925657	-0.334	5.972	7.620	0.040	0.028	0.003	0.000000	0.000000
1580127925661	1580127925660	-0.336	6.102	7.642	-0.002	0.036	0.004	0.000000	0.000000
1580127925685	1580127925682	-0.295	6.188	7.769	0.000	0.057	-0.009	0.000000	0.000000
1580127925701	1580127925699	-0.245	6.289	7.927	0.049	0.087	-0.028	0.000000	0.000000
1580127925720	1580127925719	-0.116	6.169	7.987	0.110	0.095	-0.028	0.000000	0.000000
1580127925742	1580127925741	-0.027	5.920	7.997	0.132	0.085	-0.015	0.000000	0.000000
1580127925766	1580127925766	0.002	5.841	7.980	0.123	0.085	-0.014	0.000000	0.000000
1580127925786	1580127925782	-0.013	5.939	7.913	0.087	0.094	-0.018	0.000000	0.000000
1580127925801	1580127925800	-0.080	6.040	7.740	0.059	0.103	-0.016	0.000000	0.000000
1580127925823	1580127925820	-0.156	6.104	7.668	0.073	0.112	-0.024	0.000000	0.000000
1580127925841	1580127925841	-0.195	6.178	7.724	0.101	0.119	-0.032	0.000000	0.000000
1580127925861	1580127925859	-0.214	6.207	7.810	0.107	0.119	-0.039	0.000000	0.000000
1580127925889	1580127925885	-0.236	6.229	7.783	0.097	0.118	-0.043	0.000000	0.000000
1580127925902	1580127925900	-0.226	6.150	7.685	0.082	0.111	-0.035	0.000000	0.000000
1580127925921	1580127925920	-0.212	5.980	7.558	0.077	0.094	-0.029	0.000000	0.000000
1580127925944	1580127925940	-0.188	5.824	7.525	0.086	0.079	-0.041	0.000000	0.000000
1580127925966	1580127925965	-0.238	5.711	7.522	0.080	0.067	-0.057	0.000000	0.000000
1580127925983	1580127925980	-0.303	5.786	7.549	0.065	0.059	-0.091	0.000000	0.000000
1580127926006	1580127926002	-0.248	5.886	7.570	0.038	0.052	-0.120	0.000000	0.000000
1580127926020	1580127926019	-0.250	5.838	7.522	0.024	0.040	-0.109	0.000000	0.000000
1580127926040	1580127926038	-0.331	5.826	7.515	0.011	0.020	-0.097	0.000000	0.000000
1580127926060	1580127926059	-0.343	5.848	7.474	-0.013	0.010	-0.097	0.000000	0.000000
1580127926084	1580127926081	-0.300	5.884	7.484	-0.009	-0.006	-0.103	0.000000	0.000000
1580127926105	1580127926105	-0.293	5.903	7.498	0.002	-0.015	-0.094	0.000000	0.000000
1580127926120	1580127926120	-0.420	5.901	7.522	0.019	-0.016	-0.068	0.000000	0.000000
1580127926140	1580127926139	-0.506	5.977	7.561	0.004	-0.014	-0.067	0.000000	0.000000
1580127926160	1580127926158	-0.612	6.016	7.517	-0.018	0.002	-0.045	0.000000	0.000000
1580127926187	1580127926181	-0.712	6.128	7.359	-0.031	0.022	-0.026	0.000000	0.000000
1580127926202	1580127926198	-0.736	6.394	7.218	-0.054	0.032	-0.009	0.000000	0.000000
1580127926220	1580127926220	-0.866	6.526	7.144	-0.096	0.033	-0.002	0.000000	0.000000
1580127926240	1580127926238	-0.851	6.396	6.995	-0.128	0.032	-0.008	0.000000	0.000000
