1580128105502	1580128105502	-0.228	5.613	7.805	0.067	0.086	0.142	0.000000	0.000000
1580128105519	1580128105517	-0.236	5.663	7.724	0.018	0.099	0.152	0.000000	0.000000
1580128105536	1580128105535	-0.271	5.711	7.618	-0.047	0.131	0.157	0.000000	0.000000
1580128105557	1580128105556	-0.271	5.702	7.534	-0.129	0.181	0.136	0.000000	0.000000
1580128105578	1580128105576	-0.295	5.668	7.494	-0.227	0.217	0.134	0.000000	0.000000
1580128105597	1580128105595	-0.391	5.467	7.565	-0.303	0.223	0.172	0.000000	0.000000
1580128105617	1580128105615	-0.501	5.232	7.671	-0.352	0.195	0.195	0.000000	0.000000
1580128105636	1580128105635	-0.504	5.086	7.666	-0.374	0.163	0.150	0.000000	0.000000
1580128105656	1580128105655	-0.346	4.942	7.824	-0.327	0.130	0.133	0.000000	0.000000
1580128105677	1580128105676	-0.271	5.005	8.018	-0.211	0.129	0.139	0.000000	0.000000
1580128105696	1580128105695	-0.343	5.141	8.318	-0.122	0.150	0.128	0.000000	0.000000
1580128105716	1580128105715	-0.283	5.168	8.490	-0.077	0.083	0.126	0.000000	0.000000
1580128105736	1580128105735	-0.145	5.359	8.588	-0.021	0.050	0.105	0.000000	0.000000
1580128105757	1580128105756	-0.109	5.548	8.684	0.033	0.059	0.088	0.000000	0.000000
1580128105775	1580128105775	-0.063	5.611	8.727	0.057	0.021	0.093	0.000000	0.000000
1580128105795	1580128105795	-0.053	5.663	8.677	0.064	-0.002	0.084	0.000000	0.000000
1580128105816	1580128105814	0.069	5.486	8.629	0.066	-0.056	0.071	0.000000	0.000000
1580128105835	1580128105834	0.150	5.433	8.497	0.060	-0.063	0.053	0.000000	0.000000
1580128105855	1580128105854	-0.001	5.501	8.459	0.021	-0.004	0.009	0.000000	0.000000
1580128105878	1580128105874	-0.003	5.381	8.356	-0.024	-0.047	-0.022	0.000000	0.000000
1580128105895	1580128105894	0.095	5.299	8.143	-0.038	-0.085	-0.054	0.000000	0.000000
1580128105916	1580128105914	0.052	5.374	8.095	-0.015	-0.054	-0.121	0.000000	0.000000
1580128105935	1580128105934	-0.034	5.390	8.061	-0.014	-0.084	-0.154	0.000000	0.000000
1580128105956	1580128105953	0.042	5.333	7.970	0.002	-0.185	-0.158	0.000000	0.000000
1580128105975	1580128105974	0.100	5.280	7.896	0.036	-0.219	-0.190	0.000000	0.000000
1580128105997	1580128105992	0.050	5.309	7.810	0.125	-0.191	-0.209	0.000000	0.000000
1580128106015	1580128106013	-0.101	5.410	7.783	0.251	-0.144	-0.232	0.000000	0.000000
1580128106035	1580128106032	-0.168	5.565	7.740	0.332	-0.126	-0.274	0.000000	0.000000
1580128106055	1580128106053	-0.104	5.865	7.630	0.371	-0.120	-0.302	0.000000	0.000000
1580128106079	1580128106079	-0.018	6.116	7.534	0.327	-0.103	-0.275	0.000000	0.000000
1580128106095	1580128106092	-0.034	6.219	7.407	0.198	-0.091	-0.168	0.000000	0.000000
1580128106115	1580128106112	-0.192	6.188	7.175	-0.003	-0.069	-0.055	0.000000	0.000000
1580128106134	1580128106132	-0.341	5.855	6.902	-0.263	-0.053	0.017	0.000000	0.000000
1580128106153	1580128106152	-0.396	5.180	6.521	-0.552	-0.079	0.061	0.000000	0.000000
1580128106174	1580128106171	-0.315	4.614	6.243	-0.756	-0.110	0.057	0.000000	0.000000
1580128106194	1580128106192	-0.269	4.329	6.195	-0.774	-0.030	-0.003	0.000000	0.000000
1580128106219	1580128106212	-0.236	4.360	6.485	-0.652	0.083	-0.111	0.000000	0.000000
1580128106234	1580128106231	-0.135	4.461	6.952	-0.528	0.133	-0.169	0.000000	0.000000
1580128106253	1580128106251	0.100	4.444	7.276	-0.504	0.075	-0.136	0.000000	0.000000
1580128106275	1580128106271	0.253	4.403	7.525	-0.506	0.006	-0.034	0.000000	0.000000
1580128106295	1580128106291	0.109	4.341	7.865	-0.448	-0.009	0.064	0.000000	0.000000
1580128106314	1580128106312	-0.073	4.320	8.203	-0.384	-0.027	0.088	0.000000	0.000000
1580128106334	1580128106332	-0.185	4.396	8.397	-0.360	-0.071	0.085	0.000000	0.000000
1580128106353	1580128106351	-0.190	4.336	8.330	-0.343	-0.151	0.120	0.000000	0.000000
1580128106374	1580128106372	-0.147	4.130	8.183	-0.274	-0.193	0.173	0.000000	0.000000
1580128106394	1580128106393	-0.068	3.788	8.025	-0.210	-0.172	0.191	0.000000	0.000000
1580128106419	1580128106411	0.069	3.390	7.922	-0.159	-0.098	0.158	0.000000	0.000000
1580128106434	1580128106431	-0.077	3.100	7.877	-0.152	0.034	0.096	0.000000	0.000000
1580128106451	1580128106451	-0.307	2.966	7.719	-0.257	0.110	-0.035	0.000000	0.000000
1580128106475	1580128106473	-0.221	3.043	7.213	-0.390	0.081	-0.206	0.000000	0.000000
1580128106498	1580128106498	-0.003	3.206	6.847	-0.330	0.041	-0.280	0.000000	0.000000
1580128106512	1580128106511	0.114	3.179	6.768	-0.164	0.043	-0.200	0.000000	0.000000
1580128106532	1580128106531	0.102	2.940	6.830	-0.023	0.038	-0.041	0.000000	0.000000
1580128106552	1580128106551	-0.145	2.779	7.060	0.108	0.038	0.104	0.000000	0.000000
1580128106571	1580128106571	-0.446	2.818	7.400	0.218	0.060	0.134	0.000000	0.000000
1580128106591	1580128106591	-0.566	2.885	7.747	0.242	0.055	0.062	0.000000	0.000000
1580128106613	1580128106611	-0.415	2.846	7.889	0.197	-0.011	0.022	0.000000	0.000000
1580128106631	1580128106630	-0.348	2.911	7.889	0.128	-0.042	0.028	0.000000	0.000000
1580128106651	1580128106650	-0.386	2.971	7.793	0.042	-0.032	0.022	0.000000	0.000000
1580128106672	1580128106671	-0.470	3.146	7.791	-0.012	-0.027	-0.041	0.000000	0.000000
1580128106695	1580128106695	-0.492	3.433	8.021	-0.010	-0.016	-0.147	0.000000	0.000000
1580128106711	1580128106711	-0.406	3.690	8.277	-0.021	-0.029	-0.238	0.000000	0.000000
1580128106730	1580128106730	-0.212	3.905	8.399	-0.081	-0.062	-0.265	0.000000	0.000000
1580128106750	1580128106750	-0.034	3.833	8.512	-0.148	-0.096	-0.206	0.000000	0.000000
1580128106770	1580128106770	0.085	3.745	8.550	-0.194	-0.136	-0.130	0.000000	0.000000
1580128106792	1580128106792	0.109	3.711	8.725	-0.169	-0.112	-0.102	0.000000	0.000000
1580128106815	1580128106815	-0.061	3.824	9.106	-0.099	-0.036	-0.093	0.000000	0.000000
1580128106830	1580128106830	-0.166	4.090	9.360	-0.115	0.001	-0.103	0.000000	0.000000
1580128106850	1580128106849	-0.135	4.262	9.331	-0.185	-0.007	-0.055	0.000000	0.000000
1580128106870	1580128106869	-0.192	4.066	9.257	-0.200	-0.014	0.060	0.000000	0.000000
1580128106894	1580128106892	-0.317	3.819	9.266	-0.194	0.001	0.105	0.000000	0.000000
1580128106914	1580128106912	-0.396	3.817	9.352	-0.180	0.060	0.046	0.000000	0.000000
1580128106934	1580128106931	-0.420	4.008	9.561	-0.143	0.136	-0.037	0.000000	0.000000
1580128106949	1580128106948	-0.319	4.173	9.889	-0.108	0.149	-0.070	0.000000	0.000000
1580128106975	1580128106970	-0.195	4.102	10.145	-0.096	0.101	-0.034	0.000000	0.000000
1580128106990	1580128106990	-0.214	4.003	10.205	-0.108	0.074	0.006	0.000000	0.000000
1580128107010	1580128107010	-0.377	4.207	10.392	-0.103	0.084	-0.015	0.000000	0.000000
1580128107035	1580128107029	-0.442	4.451	10.701	-0.072	0.062	-0.032	0.000000	0.000000
1580128107050	1580128107049	-0.391	4.562	10.929	-0.022	-0.007	-0.013	0.000000	0.000000
1580128107069	1580128107068	-0.324	4.641	11.214	0.024	-0.034	0.005	0.000000	0.000000
1580128107089	1580128107089	-0.317	4.732	11.511	0.044	-0.038	0.008	0.000000	0.000000
1580128107114	1580128107114	-0.329	4.801	11.650	-0.025	-0.044	0.026	0.000000	0.000000
1580128107129	1580128107129	-0.413	4.715	11.611	-0.121	-0.037	0.045	0.000000	0.000000
1580128107150	1580128107149	-0.422	4.545	11.468	-0.160	-0.028	0.052	0.000000	0.000000
1580128107169	1580128107168	-0.466	4.494	11.432	-0.113	-0.023	0.058	0.000000	0.000000
1580128107191	1580128107188	-0.466	4.377	11.372	-0.071	-0.049	0.074	0.000000	0.000000
1580128107208	1580128107208	-0.346	4.255	11.231	-0.065	-0.102	0.112	0.000000	0.000000
1580128107229	1580128107228	-0.276	4.176	11.214	-0.054	-0.112	0.124	0.000000	0.000000
1580128107248	1580128107247	-0.032	4.128	11.286	-0.090	-0.133	0.057	0.000000	0.000000
1580128107269	1580128107267	0.241	4.308	11.341	-0.097	-0.107	0.017	0.000000	0.000000
1580128107288	1580128107287	0.284	4.595	11.698	-0.028	-0.040	0.012	0.000000	0.000000
1580128107318	1580128107313	0.301	4.722	12.014	-0.055	-0.027	0.013	0.000000	0.000000
1580128107327	1580128107327	0.315	4.691	12.098	-0.112	-0.032	0.026	0.000000	0.000000
1580128107350	1580128107349	0.215	4.791	12.287	-0.067	-0.009	0.017	0.000000	0.000000
1580128107368	1580128107367	0.095	4.978	12.431	0.016	0.011	-0.014	0.000000	0.000000
1580128107388	1580128107387	0.073	4.930	12.256	0.032	-0.005	-0.005	0.000000	0.000000
1580128107408	1580128107408	0.057	4.631	11.844	-0.001	-0.037	0.028	0.000000	0.000000
1580128107431	1580128107428	-0.070	4.303	11.556	0.012	-0.027	0.031	0.000000	0.000000
1580128107452	1580128107446	-0.118	3.996	11.338	0.079	-0.005	-0.002	0.000000	0.000000
1580128107471	1580128107469	0.030	3.884	11.058	0.178	-0.029	-0.023	0.000000	0.000000
1580128107487	1580128107486	0.061	3.886	10.804	0.290	-0.031	0.027	0.000000	0.000000
1580128107508	1580128107508	-0.195	3.987	10.581	0.405	-0.012	0.088	0.000000	0.000000
1580128107530	1580128107528	-0.310	4.104	10.296	0.456	-0.006	0.046	0.000000	0.000000
1580128107549	1580128107547	-0.089	4.221	9.808	0.408	-0.015	-0.037	0.000000	0.000000
1580128107568	1580128107567	0.145	4.241	9.405	0.353	-0.014	-0.062	0.000000	0.000000
1580128107588	1580128107587	0.081	4.169	9.173	0.336	0.019	-0.027	0.000000	0.000000
1580128107608	1580128107607	-0.097	4.037	9.149	0.324	0.050	-0.023	0.000000	0.000000
1580128107630	1580128107630	-0.168	3.960	9.317	0.335	0.098	-0.052	0.000000	0.000000
1580128107649	1580128107647	-0.288	4.025	9.393	0.272	0.174	-0.105	0.000000	0.000000
1580128107667	1580128107667	-0.207	3.833	9.412	0.120	0.119	-0.127	0.000000	0.000000
1580128107688	1580128107686	-0.027	3.704	9.041	0.002	0.036	-0.096	0.000000	0.000000
1580128107708	1580128107708	-0.099	3.632	8.809	0.001	0.090	-0.065	0.000000	0.000000
1580128107730	1580128107730	-0.274	3.692	8.722	0.026	0.149	-0.050	0.000000	0.000000
1580128107748	1580128107748	-0.360	3.723	8.742	0.042	0.188	-0.034	0.000000	0.000000
1580128107766	1580128107766	-0.382	3.658	8.715	-0.009	0.228	-0.037	0.000000	0.000000
1580128107787	1580128107787	-0.422	3.704	8.557	-0.219	0.223	-0.048	0.000000	0.000000
1580128107808	1580128107806	-0.533	3.702	8.318	-0.492	0.162	-0.025	0.000000	0.000000
1580128107830	1580128107830	-0.602	3.596	8.155	-0.772	0.086	-0.010	0.000000	0.000000
1580128107850	1580128107850	-0.559	3.361	7.901	-1.063	-0.008	-0.004	0.000000	0.000000
1580128107867	1580128107866	-0.485	3.124	7.575	-1.314	-0.146	-0.024	0.000000	0.000000
1580128107887	1580128107886	-0.089	2.259	7.266	-1.454	-0.376	0.002	0.000000	0.000000
1580128107906	1580128107906	0.426	1.445	7.311	-1.172	-0.496	0.111	0.000000	0.000000
1580128107932	1580128107928	0.320	1.737	7.666	-0.504	-0.182	0.083	0.000000	0.000000
1580128107949	1580128107947	0.030	2.183	8.356	0.155	0.110	-0.004	0.000000	0.000000
1580128107968	1580128107965	-0.010	2.535	8.991	0.488	0.061	-0.005	0.000000	0.000000
1580128107985	1580128107985	0.105	2.880	8.950	0.466	-0.073	0.027	0.000000	0.000000
1580128108023	1580128108020	0.102	3.002	8.308	0.288	-0.160	0.085	0.000000	0.000000
1580128108036	1580128108027	0.026	2.825	7.642	0.165	-0.226	0.149	0.000000	0.000000
1580128108062	1580128108056	-0.130	2.712	7.316	0.209	-0.216	0.132	0.000000	0.000000
1580128108069	1580128108068	-0.195	2.712	7.201	0.355	-0.161	0.054	0.000000	0.000000
1580128108086	1580128108084	-0.058	2.806	7.153	0.554	-0.148	0.003	0.000000	0.000000
1580128108105	1580128108105	0.042	3.139	7.261	0.815	-0.107	-0.043	0.000000	0.000000
1580128108126	1580128108126	-0.061	3.421	7.788	1.095	0.033	-0.092	0.000000	0.000000
1580128108148	1580128108148	-0.269	3.809	8.203	1.125	0.143	-0.132	0.000000	0.000000
1580128108168	1580128108164	-0.281	3.714	8.179	0.955	0.052	-0.079	0.000000	0.000000
1580128108184	1580128108184	-0.226	3.591	7.800	0.813	-0.068	-0.009	0.000000	0.000000
1580128108205	1580128108204	-0.341	3.778	7.668	0.779	-0.017	-0.076	0.000000	0.000000
1580128108226	1580128108224	-0.377	4.044	7.659	0.752	0.049	-0.198	0.000000	0.000000
1580128108244	1580128108244	-0.133	4.243	7.539	0.702	-0.006	-0.221	0.000000	0.000000
1580128108266	1580128108264	0.052	4.521	7.266	0.673	-0.066	-0.117	0.000000	0.000000
1580128108285	1580128108284	-0.082	4.739	7.168	0.689	-0.008	-0.024	0.000000	0.000000
1580128108304	1580128108304	-0.339	5.036	7.173	0.700	0.064	-0.006	0.000000	0.000000
1580128108327	1580128108327	-0.461	5.326	7.252	0.690	0.075	-0.028	0.000000	0.000000
1580128108349	1580128108346	-0.348	5.438	7.338	0.652	0.060	-0.046	0.000000	0.000000
1580128108368	1580128108365	-0.245	5.489	7.338	0.565	0.062	-0.020	0.000000	0.000000
1580128108384	1580128108384	-0.207	5.486	7.254	0.453	0.035	0.026	0.000000	0.000000
1580128108405	1580128108403	-0.152	5.441	7.161	0.369	0.025	0.035	0.000000	0.000000
1580128108424	1580128108424	-0.099	5.453	7.077	0.312	0.054	0.028	0.000000	0.000000
1580128108454	1580128108454	-0.123	5.527	7.175	0.290	0.067	0.047	0.000000	0.000000
1580128108465	1580128108463	-0.178	5.589	7.323	0.267	0.053	0.056	0.000000	0.000000
1580128108488	1580128108488	-0.168	5.637	7.400	0.223	-0.001	0.038	0.000000	0.000000
1580128108506	1580128108505	0.040	5.695	7.417	0.230	-0.039	0.019	0.000000	0.000000
1580128108523	1580128108522	0.129	5.874	7.522	0.324	0.034	0.002	0.000000	0.000000
1580128108543	1580128108543	0.028	6.102	7.738	0.375	0.145	-0.001	0.000000	0.000000
1580128108564	1580128108564	-0.142	6.188	7.733	0.318	0.172	0.052	0.000000	0.000000
1580128108586	1580128108583	-0.212	6.097	7.498	0.224	0.132	0.089	0.000000	0.000000
1580128108603	1580128108601	-0.226	6.011	7.273	0.168	0.137	0.069	0.000000	0.000000
1580128108622	1580128108622	-0.288	6.102	7.144	0.149	0.175	0.019	0.000000	0.000000
1580128108643	1580128108642	-0.303	6.274	7.093	0.133	0.209	-0.040	0.000000	0.000000
1580128108662	1580128108662	-0.286	6.301	7.048	0.113	0.205	-0.047	0.000000	0.000000
1580128108682	1580128108681	-0.274	6.258	7.002	0.099	0.174	-0.034	0.000000	0.000000
1580128108702	1580128108701	-0.334	6.281	7.096	0.101	0.192	-0.067	0.000000	0.000000
1580128108722	1580128108721	-0.327	6.341	7.321	0.109	0.188	-0.102	0.000000	0.000000
1580128108744	1580128108741	-0.317	6.377	7.446	0.069	0.157	-0.089	0.000000	0.000000
1580128108769	1580128108762	-0.365	6.384	7.443	-0.015	0.149	-0.065	0.000000	0.000000
1580128108784	1580128108781	-0.468	6.351	7.453	-0.063	0.127	-0.022	0.000000	0.000000
1580128108802	1580128108801	-0.614	6.387	7.479	-0.054	0.106	0.021	0.000000	0.000000
1580128108822	1580128108821	-0.758	6.413	7.556	-0.040	0.084	0.031	0.000000	0.000000
1580128108843	1580128108840	-0.758	6.334	7.652	-0.024	0.028	0.036	0.000000	0.000000
1580128108862	1580128108862	-0.624	6.181	7.692	0.018	-0.021	0.058	0.000000	0.000000
1580128108881	1580128108881	-0.614	6.044	7.697	0.057	-0.025	0.083	0.000000	0.000000
1580128108902	1580128108900	-0.643	5.946	7.659	0.073	-0.018	0.076	0.000000	0.000000
1580128108921	1580128108920	-0.664	6.008	7.527	0.072	0.015	0.025	0.000000	0.000000
1580128108941	1580128108941	-0.643	6.092	7.438	0.064	0.057	-0.030	0.000000	0.000000
1580128108964	1580128108960	-0.614	6.190	7.359	0.044	0.084	-0.069	0.000000	0.000000
1580128108982	1580128108981	-0.614	6.243	7.309	0.012	0.094	-0.074	0.000000	0.000000
1580128109000	1580128109000	-0.633	6.255	7.259	-0.009	0.086	-0.053	0.000000	0.000000
1580128109020	1580128109020	-0.660	6.190	7.285	-0.015	0.075	-0.042	0.000000	0.000000
1580128109042	1580128109039	-0.628	6.085	7.386	0.018	0.067	-0.029	0.000000	0.000000
1580128109062	1580128109062	-0.604	5.929	7.623	0.067	0.068	-0.010	0.000000	0.000000
1580128109080	1580128109080	-0.604	5.800	7.740	0.126	0.045	0.039	0.000000	0.000000
1580128109101	1580128109099	-0.643	5.901	7.654	0.138	-0.006	0.081	0.000000	0.000000
1580128109120	1580128109120	-0.688	5.829	7.815	0.023	-0.024	0.038	0.000000	0.000000
1580128109140	1580128109140	-0.662	5.625	7.927	-0.102	-0.106	-0.020	0.000000	0.000000
1580128109160	1580128109159	-0.839	5.623	8.528	-0.241	-0.217	-0.083	0.000000	0.000000
1580128109185	1580128109180	-0.909	5.889	8.358	-0.594	-0.509	-0.177	0.000000	0.000000
1580128109201	1580128109201	-0.525	5.893	7.934	-0.992	-0.680	-0.280	0.000000	0.000000
1580128109220	1580128109219	-0.389	6.296	7.920	-1.265	-0.623	-0.468	0.000000	0.000000
1580128109240	1580128109239	-0.672	6.255	8.205	-1.582	-0.669	-0.774	0.000000	0.000000
1580128109264	1580128109259	-0.458	5.934	8.006	-1.955	-0.947	-0.982	0.000000	0.000000
1580128109280	1580128109279	0.150	5.019	7.350	-2.197	-0.974	-0.861	0.000000	0.000000
1580128109300	1580128109299	0.081	4.229	7.460	-1.957	-0.603	-0.864	0.000000	0.000000
1580128109320	1580128109319	-0.212	4.550	7.786	-1.381	-0.342	-0.806	0.000000	0.000000
1580128109340	1580128109338	-0.377	5.311	7.443	-0.848	-0.255	-0.776	0.000000	0.000000
1580128109360	1580128109359	-0.616	5.489	7.391	-0.397	-0.166	-0.712	0.000000	0.000000
1580128109380	1580128109380	-0.657	5.731	7.551	-0.183	-0.082	-0.693	0.000000	0.000000
1580128109400	1580128109398	-0.401	5.551	7.568	-0.099	0.081	-0.581	0.000000	0.000000
1580128109419	1580128109418	-0.379	4.815	7.482	0.086	0.216	-0.193	0.000000	0.000000
1580128109439	1580128109439	-0.739	4.118	7.369	0.402	0.218	0.039	0.000000	0.000000
1580128109460	1580128109459	-0.763	3.031	7.513	0.672	0.222	0.190	0.000000	0.000000
1580128109480	1580128109480	-1.040	3.416	7.692	1.108	0.272	0.437	0.000000	0.000000
1580128109499	1580128109498	-1.551	5.093	7.877	1.292	0.069	0.272	0.000000	0.000000
1580128109519	1580128109519	-1.280	5.994	7.462	0.513	-0.136	-0.076	0.000000	0.000000
1580128109538	1580128109537	-0.808	5.465	6.811	-0.463	-0.003	-0.093	0.000000	0.000000
1580128109559	1580128109558	-0.602	4.370	6.605	-0.688	0.081	0.059	0.000000	0.000000
1580128109580	1580128109578	-0.255	3.402	6.241	-0.400	-0.105	0.182	0.000000	0.000000
1580128109604	1580128109598	-0.068	3.033	6.274	0.193	-0.163	0.232	0.000000	0.000000
1580128109618	1580128109617	-0.195	3.196	6.523	0.583	-0.045	0.241	0.000000	0.000000
1580128109638	1580128109637	-0.207	3.155	6.967	0.653	0.004	0.176	0.000000	0.000000
1580128109657	1580128109657	-0.164	2.988	7.640	0.498	0.084	0.078	0.000000	0.000000
1580128109688	1580128109684	-0.367	2.990	7.882	0.094	0.189	0.050	0.000000	0.000000
1580128109697	1580128109697	-0.511	3.134	7.870	-0.344	0.103	0.003	0.000000	0.000000
1580128109718	1580128109717	-0.533	3.670	7.719	-0.710	-0.051	-0.058	0.000000	0.000000
1580128109738	1580128109737	-0.463	3.747	7.551	-0.834	-0.105	-0.135	0.000000	0.000000
1580128109758	1580128109757	-0.336	3.407	7.515	-0.873	-0.049	-0.274	0.000000	0.000000
1580128109778	1580128109777	-0.233	3.055	7.683	-0.719	0.041	-0.314	0.000000	0.000000
1580128109798	1580128109798	-0.082	3.122	7.714	-0.349	0.062	-0.294	0.000000	0.000000
1580128109817	1580128109817	-0.037	3.421	7.745	-0.069	0.067	-0.223	0.000000	0.000000
1580128109837	1580128109837	-0.147	3.479	7.994	-0.091	0.053	-0.134	0.000000	0.000000
1580128109858	1580128109856	-0.178	3.376	8.176	-0.267	-0.033	-0.030	0.000000	0.000000
1580128109880	1580128109880	-0.233	3.103	8.356	-0.378	-0.145	-0.002	0.000000	0.000000
1580128109900	1580128109897	-0.430	2.980	8.586	-0.407	-0.148	-0.050	0.000000	0.000000
1580128109916	1580128109916	-0.545	3.091	8.703	-0.319	-0.084	-0.125	0.000000	0.000000
1580128109937	1580128109936	-0.566	3.290	8.912	-0.192	-0.038	-0.226	0.000000	0.000000
1580128109957	1580128109956	-0.583	3.412	9.214	-0.073	0.020	-0.249	0.000000	0.000000
1580128109978	1580128109978	-0.686	3.599	9.384	0.025	0.096	-0.188	0.000000	0.000000
1580128110003	1580128109999	-0.691	3.819	9.199	0.017	0.061	-0.133	0.000000	0.000000
1580128110021	1580128110021	-0.487	3.539	9.051	-0.095	0.001	-0.121	0.000000	0.000000
1580128110036	1580128110035	-0.257	3.373	9.089	-0.166	0.016	-0.117	0.000000	0.000000
1580128110056	1580128110055	-0.353	3.481	9.233	-0.161	0.022	-0.065	0.000000	0.000000
1580128110075	1580128110075	-0.592	3.503	9.259	-0.139	-0.001	0.001	0.000000	0.000000
1580128110103	1580128110101	-0.667	3.512	9.257	-0.147	-0.009	-0.004	0.000000	0.000000
1580128110120	1580128110117	-0.533	3.450	9.372	-0.159	-0.014	-0.046	0.000000	0.000000
1580128110136	1580128110135	-0.566	3.572	9.477	-0.153	-0.033	-0.028	0.000000	0.000000
1580128110156	1580128110155	-0.552	3.620	9.501	-0.241	-0.070	-0.014	0.000000	0.000000
1580128110178	1580128110176	-0.418	3.481	9.587	-0.335	-0.088	-0.024	0.000000	0.000000
1580128110196	1580128110196	-0.418	3.510	9.752	-0.287	-0.083	-0.038	0.000000	0.000000
1580128110216	1580128110216	-0.444	3.802	9.982	-0.201	-0.093	-0.054	0.000000	0.000000
1580128110235	1580128110234	-0.470	3.855	10.253	-0.197	-0.101	-0.026	0.000000	0.000000
1580128110256	1580128110255	-0.559	3.575	10.411	-0.213	-0.101	0.028	0.000000	0.000000
1580128110274	1580128110274	-0.552	3.481	10.521	-0.163	-0.106	0.028	0.000000	0.000000
1580128110302	1580128110302	-0.454	3.608	10.620	-0.121	-0.107	0.008	0.000000	0.000000
1580128110315	1580128110314	-0.418	3.658	10.919	-0.141	-0.111	0.007	0.000000	0.000000
1580128110335	1580128110334	-0.374	3.565	11.175	-0.157	-0.111	0.001	0.000000	0.000000
1580128110355	1580128110354	-0.214	3.522	11.281	-0.130	-0.093	-0.044	0.000000	0.000000
1580128110375	1580128110374	-0.207	3.570	11.425	-0.117	-0.084	-0.048	0.000000	0.000000
1580128110395	1580128110395	-0.377	3.694	11.650	-0.087	-0.086	-0.025	0.000000	0.000000
1580128110420	1580128110419	-0.427	3.675	11.803	-0.034	-0.068	-0.011	0.000000	0.000000
1580128110440	1580128110434	-0.487	3.625	11.942	0.030	-0.063	0.021	0.000000	0.000000
1580128110455	1580128110454	-0.513	3.649	12.033	0.040	-0.067	0.028	0.000000	0.000000
1580128110474	1580128110474	-0.418	3.663	12.122	0.005	-0.061	0.021	0.000000	0.000000
1580128110497	1580128110496	-0.351	3.661	12.210	0.015	-0.050	0.022	0.000000	0.000000
1580128110521	1580128110520	-0.274	3.754	12.174	0.068	-0.048	0.029	0.000000	0.000000
1580128110535	1580128110533	-0.192	3.893	12.098	0.096	-0.045	0.047	0.000000	0.000000
1580128110553	1580128110553	-0.238	3.864	12.083	0.060	-0.046	0.078	0.000000	0.000000
1580128110576	1580128110573	-0.113	3.639	11.863	0.015	-0.032	0.056	0.000000	0.000000
1580128110594	1580128110593	0.018	3.725	11.746	0.060	0.008	0.025	0.000000	0.000000
1580128110614	1580128110613	0.011	3.737	11.719	0.128	0.068	0.017	0.000000	0.000000
1580128110637	1580128110637	0.057	3.642	11.652	0.163	0.107	-0.016	0.000000	0.000000
1580128110653	1580128110654	-0.097	3.761	11.571	0.136	0.125	-0.028	0.000000	0.000000
1580128110674	1580128110673	-0.219	3.740	11.492	0.027	0.137	-0.040	0.000000	0.000000
1580128110696	1580128110694	-0.243	3.563	11.391	-0.030	0.140	-0.044	0.000000	0.000000
1580128110716	1580128110716	-0.389	3.484	11.259	0.035	0.130	-0.005	0.000000	0.000000
1580128110736	1580128110733	-0.509	3.457	11.231	0.086	0.125	0.013	0.000000	0.000000
1580128110753	1580128110753	-0.513	3.491	11.305	0.095	0.130	0.010	0.000000	0.000000
1580128110774	1580128110773	-0.626	3.567	11.353	0.114	0.130	0.037	0.000000	0.000000
1580128110797	1580128110794	-0.664	3.534	11.293	0.145	0.106	0.062	0.000000	0.000000
1580128110814	1580128110814	-0.619	3.529	10.962	0.122	0.074	0.069	0.000000	0.000000
1580128110837	1580128110837	-0.597	3.615	10.596	0.054	0.054	0.061	0.000000	0.000000
1580128110853	1580128110853	-0.614	3.522	10.349	0.075	0.048	0.059	0.000000	0.000000
1580128110874	1580128110873	-0.557	3.361	10.205	0.210	0.066	0.056	0.000000	0.000000
1580128110893	1580128110892	-0.504	3.349	10.172	0.303	0.111	0.031	0.000000	0.000000
1580128110916	1580128110916	-0.463	3.297	10.035	0.274	0.136	0.014	0.000000	0.000000
1580128110934	1580128110934	-0.480	3.196	9.877	0.243	0.139	-0.001	0.000000	0.000000
1580128110953	1580128110953	-0.521	3.218	9.721	0.277	0.160	-0.022	0.000000	0.000000
1580128110973	1580128110972	-0.466	3.292	9.503	0.304	0.194	-0.046	0.000000	0.000000
1580128110992	1580128110992	-0.386	3.290	9.242	0.299	0.205	-0.043	0.000000	0.000000
1580128111013	1580128111012	-0.442	3.206	8.938	0.314	0.196	0.007	0.000000	0.000000
1580128111033	1580128111033	-0.576	3.033	8.818	0.371	0.197	0.042	0.000000	0.000000
1580128111053	1580128111053	-0.667	2.947	8.897	0.491	0.226	-0.007	0.000000	0.000000
1580128111072	1580128111072	-0.770	3.112	8.974	0.711	0.277	-0.077	0.000000	0.000000
1580128111092	1580128111092	-0.727	3.402	8.739	0.883	0.308	-0.117	0.000000	0.000000
1580128111116	1580128111116	-0.566	3.601	8.337	0.860	0.267	-0.120	0.000000	0.000000
1580128111133	1580128111133	-0.528	3.769	7.865	0.671	0.205	-0.078	0.000000	0.000000
1580128111151	1580128111151	-0.533	3.611	7.398	0.472	0.164	-0.038	0.000000	0.000000
1580128111173	1580128111172	-0.573	3.349	7.005	0.426	0.147	0.008	0.000000	0.000000
1580128111192	1580128111191	-0.705	3.347	6.737	0.506	0.148	0.040	0.000000	0.000000
1580128111213	1580128111213	-0.808	3.321	6.507	0.539	0.160	0.054	0.000000	0.000000
1580128111232	1580128111232	-0.801	3.167	6.337	0.520	0.157	0.055	0.000000	0.000000
1580128111256	1580128111251	-0.803	2.961	6.147	0.476	0.136	0.066	0.000000	0.000000
1580128111273	1580128111272	-0.882	2.870	5.855	0.398	0.103	0.063	0.000000	0.000000
1580128111291	1580128111291	-0.954	2.985	5.546	0.339	0.076	0.009	0.000000	0.000000
1580128111312	1580128111311	-1.007	3.206	5.369	0.342	0.064	-0.053	0.000000	0.000000
1580128111333	1580128111333	-1.055	3.524	5.489	0.444	0.087	-0.100	0.000000	0.000000
1580128111355	1580128111351	-1.103	4.044	5.589	0.603	0.165	-0.123	0.000000	0.000000
1580128111373	1580128111370	-1.086	4.432	5.697	0.722	0.257	-0.113	0.000000	0.000000
1580128111392	1580128111390	-1.203	4.835	5.742	0.692	0.312	-0.069	0.000000	0.000000
1580128111412	1580128111412	-1.395	5.410	5.553	0.604	0.349	-0.081	0.000000	0.000000
1580128111436	1580128111436	-1.378	5.568	5.740	0.520	0.356	-0.088	0.000000	0.000000
1580128111452	1580128111450	-1.414	5.651	5.855	0.531	0.374	-0.018	0.000000	0.000000
1580128111471	1580128111471	-1.577	5.884	5.965	0.605	0.397	0.035	0.000000	0.000000
1580128111491	1580128111490	-1.752	5.982	6.317	0.641	0.394	0.048	0.000000	0.000000
1580128111510	1580128111510	-1.939	6.083	6.794	0.667	0.345	0.063	0.000000	0.000000
1580128111534	1580128111529	-1.912	6.236	7.077	0.580	0.264	0.039	0.000000	0.000000
1580128111554	1580128111550	-1.886	6.231	7.247	0.439	0.207	0.037	0.000000	0.000000
1580128111570	1580128111569	-1.989	6.207	7.393	0.340	0.169	0.045	0.000000	0.000000
1580128111590	1580128111589	-2.018	6.226	7.465	0.286	0.111	0.032	0.000000	0.000000
1580128111610	1580128111609	-1.941	6.325	7.292	0.234	0.048	0.026	0.000000	0.000000
1580128111631	1580128111631	-1.785	6.305	7.134	0.146	-0.004	0.019	0.000000	0.000000
1580128111651	1580128111648	-1.694	6.210	6.878	0.049	-0.027	0.054	0.000000	0.000000
1580128111672	1580128111668	-1.721	6.363	6.703	0.013	-0.015	0.066	0.000000	0.000000
1580128111689	1580128111688	-1.690	6.499	6.693	-0.013	-0.002	0.048	0.000000	0.000000
1580128111709	1580128111708	-1.644	6.528	6.655	0.011	-0.005	0.066	0.000000	0.000000
1580128111730	1580128111730	-1.587	6.507	6.653	0.042	-0.013	0.096	0.000000	0.000000
1580128111751	1580128111750	-1.577	6.531	6.665	0.036	0.004	0.106	0.000000	0.000000
1580128111771	1580128111768	-1.649	6.528	6.696	0.023	0.017	0.127	0.000000	0.000000
1580128111789	1580128111788	-1.709	6.466	6.629	-0.018	-0.003	0.142	0.000000	0.000000
1580128111808	1580128111808	-1.711	6.523	6.602	-0.047	-0.016	0.119	0.000000	0.000000
1580128111828	1580128111828	-1.709	6.670	6.665	-0.036	0.024	0.103	0.000000	0.000000
1580128111849	1580128111848	-1.797	6.691	6.808	-0.003	0.057	0.102	0.000000	0.000000
1580128111869	1580128111867	-1.821	6.612	6.971	0.021	0.043	0.093	0.000000	0.000000
1580128111888	1580128111887	-1.759	6.602	7.055	0.024	0.024	0.074	0.000000	0.000000
1580128111908	1580128111908	-1.706	6.653	7.137	0.015	0.025	0.071	0.000000	0.000000
1580128111929	1580128111928	-1.721	6.662	7.165	0.017	0.019	0.094	0.000000	0.000000
1580128111954	1580128111948	-1.778	6.684	7.103	-0.001	0.010	0.117	0.000000	0.000000
1580128111970	1580128111968	-1.747	6.734	7.082	-0.048	0.004	0.108	0.000000	0.000000
1580128111989	1580128111988	-1.702	6.749	6.998	-0.099	-0.008	0.113	0.000000	0.000000
1580128112008	1580128112007	-1.661	6.586	6.902	-0.134	-0.042	0.139	0.000000	0.000000
1580128112028	1580128112028	-1.716	6.547	6.911	-0.087	-0.051	0.150	0.000000	0.000000
1580128112048	1580128112047	-1.654	6.660	7.034	-0.025	-0.007	0.107	0.000000	0.000000
1580128112067	1580128112067	-1.548	6.528	7.228	-0.001	0.008	0.108	0.000000	0.000000
1580128112088	1580128112086	-1.438	6.032	7.470	0.019	-0.062	0.212	0.000000	0.000000
1580128112107	1580128112106	-1.215	5.170	7.470	0.125	-0.151	0.429	0.000000	0.000000
1580128112128	1580128112128	-0.892	5.055	7.666	0.483	-0.148	0.713	0.000000	0.000000
1580128112151	1580128112147	-0.844	6.396	7.714	0.813	0.099	0.842	0.000000	0.000000
1580128112168	1580128112167	-1.290	8.224	7.273	0.581	0.428	0.599	0.000000	0.000000
1580128112187	1580128112186	-1.333	8.148	7.398	0.161	0.343	0.447	0.000000	0.000000
1580128112208	1580128112206	-1.016	8.016	6.825	-0.160	0.010	0.477	0.000000	0.000000
1580128112226	1580128112226	-1.134	7.997	6.329	-0.397	-0.107	0.380	0.000000	0.000000
1580128112247	1580128112247	-1.254	6.892	7.048	-0.524	-0.150	0.310	0.000000	0.000000
1580128112268	1580128112266	-0.890	6.708	6.844	-0.531	-0.185	0.286	0.000000	0.000000
1580128112286	1580128112286	-0.851	7.434	6.425	-0.439	-0.031	0.160	0.000000	0.000000
1580128112306	1580128112306	-1.088	7.019	6.461	-0.464	0.049	0.069	0.000000	0.000000
1580128112326	1580128112325	-0.993	5.934	6.526	-0.503	-0.116	0.133	0.000000	0.000000
1580128112350	1580128112347	-0.779	6.265	6.346	-0.391	-0.164	0.167	0.000000	0.000000
1580128112367	1580128112367	-0.866	6.741	6.614	-0.208	0.022	0.070	0.000000	0.000000
1580128112385	1580128112385	-0.947	6.459	6.859	-0.258	0.047	0.038	0.000000	0.000000
1580128112407	1580128112405	-0.911	6.423	6.883	-0.299	-0.074	0.089	0.000000	0.000000
1580128112425	1580128112425	-0.949	6.559	7.005	-0.188	-0.105	0.109	0.000000	0.000000
1580128112448	1580128112448	-0.949	6.363	7.436	-0.198	-0.104	0.125	0.000000	0.000000
1580128112465	1580128112465	-0.875	6.423	7.254	-0.267	-0.097	0.167	0.000000	0.000000
1580128112486	1580128112485	-0.961	6.413	6.830	-0.325	-0.017	0.118	0.000000	0.000000
1580128112506	1580128112505	-0.935	6.018	7.096	-0.295	-0.019	0.037	0.000000	0.000000
1580128112526	1580128112524	-0.887	5.929	7.304	-0.175	-0.042	-0.021	0.000000	0.000000
1580128112546	1580128112544	-0.818	5.937	7.302	-0.089	-0.040	-0.104	0.000000	0.000000
1580128112574	1580128112566	-0.693	6.219	7.261	-0.061	-0.086	-0.084	0.000000	0.000000
1580128112585	1580128112584	-0.667	6.670	7.134	-0.078	-0.155	-0.048	0.000000	0.000000
1580128112604	1580128112604	-0.477	6.406	6.825	-0.226	-0.183	-0.057	0.000000	0.000000
1580128112625	1580128112624	-0.288	5.972	6.619	-0.281	-0.142	-0.071	0.000000	0.000000
1580128112645	1580128112645	-0.358	5.917	6.543	-0.182	-0.080	-0.118	0.000000	0.000000
1580128112667	1580128112667	-0.518	6.186	6.411	-0.111	-0.078	-0.166	0.000000	0.000000
1580128112685	1580128112685	-0.679	6.523	6.526	-0.064	-0.150	-0.231	0.000000	0.000000
1580128112705	1580128112704	-0.643	5.716	7.168	-0.078	-0.254	-0.271	0.000000	0.000000
1580128112725	1580128112724	-0.315	5.297	7.043	-0.002	-0.299	-0.226	0.000000	0.000000
1580128112746	1580128112744	-0.339	6.035	6.904	0.237	-0.217	-0.223	0.000000	0.000000
1580128112766	1580128112765	-0.628	6.186	7.218	0.225	-0.205	-0.228	0.000000	0.000000
1580128112785	1580128112784	-0.585	6.073	6.871	0.013	-0.373	-0.206	0.000000	0.000000
1580128112805	1580128112803	-0.394	5.469	6.931	-0.008	-0.537	-0.118	0.000000	0.000000
1580128112825	1580128112823	-0.180	4.820	6.861	0.107	-0.433	0.005	0.000000	0.000000
1580128112844	1580128112843	-0.224	5.474	6.380	0.236	-0.151	-0.051	0.000000	0.000000
1580128112871	1580128112871	-0.271	5.747	6.552	0.262	-0.093	-0.038	0.000000	0.000000
1580128112884	1580128112883	-0.183	5.678	6.267	-0.010	-0.268	0.087	0.000000	0.000000
1580128112903	1580128112903	-0.106	5.021	5.934	-0.253	-0.374	0.250	0.000000	0.000000
1580128112924	1580128112923	-0.101	3.932	6.123	-0.203	-0.298	0.391	0.000000	0.000000
1580128112943	1580128112943	-0.276	3.385	6.514	0.126	-0.031	0.416	0.000000	0.000000
1580128112964	1580128112964	-0.609	4.147	6.895	0.376	0.214	0.167	0.000000	0.000000
1580128112987	1580128112987	-0.672	4.744	7.398	0.263	0.244	-0.127	0.000000	0.000000
1580128113003	1580128113002	-0.336	4.847	7.393	-0.179	0.111	-0.259	0.000000	0.000000
1580128113023	1580128113022	-0.077	4.516	7.175	-0.407	-0.003	-0.146	0.000000	0.000000
1580128113043	1580128113042	-0.214	4.396	6.940	-0.363	-0.004	-0.024	0.000000	0.000000
1580128113067	1580128113062	-0.355	4.753	6.864	-0.283	0.046	-0.004	0.000000	0.000000
1580128113083	1580128113082	-0.283	4.847	6.979	-0.275	0.027	0.029	0.000000	0.000000
1580128113103	1580128113102	-0.262	4.787	6.923	-0.264	-0.018	0.139	0.000000	0.000000
1580128113123	1580128113122	-0.365	4.780	6.849	-0.176	-0.041	0.243	0.000000	0.000000
1580128113142	1580128113142	-0.363	4.921	6.940	-0.066	-0.030	0.210	0.000000	0.000000
1580128113164	1580128113164	-0.168	4.976	7.019	-0.021	0.032	0.134	0.000000	0.000000
1580128113184	1580128113184	-0.142	4.909	7.189	0.007	0.114	0.124	0.000000	0.000000
1580128113202	1580128113202	-0.274	4.791	7.398	0.042	0.177	0.132	0.000000	0.000000
1580128113223	1580128113221	-0.293	4.902	7.568	0.050	0.200	0.050	0.000000	0.000000
1580128113242	1580128113241	-0.200	5.012	7.865	0.003	0.229	-0.070	0.000000	0.000000
1580128113263	1580128113263	-0.195	5.057	8.013	-0.080	0.253	-0.097	0.000000	0.000000
1580128113288	1580128113288	-0.228	5.038	7.932	-0.171	0.223	-0.048	0.000000	0.000000
1580128113302	1580128113301	-0.154	4.892	8.004	-0.227	0.206	-0.026	0.000000	0.000000
1580128113322	1580128113321	-0.164	4.883	8.056	-0.245	0.213	-0.014	0.000000	0.000000
1580128113341	1580128113341	-0.204	5.206	8.241	-0.226	0.173	0.008	0.000000	0.000000
1580128113363	1580128113363	-0.238	5.433	8.478	-0.201	0.101	0.056	0.000000	0.000000
1580128113382	1580128113381	-0.238	5.438	8.646	-0.178	0.067	0.100	0.000000	0.000000
1580128113402	1580128113401	-0.207	5.529	8.813	-0.169	0.073	0.104	0.000000	0.000000
1580128113422	1580128113421	-0.315	5.707	9.058	-0.197	0.101	0.108	0.000000	0.000000
1580128113442	1580128113440	-0.408	5.759	9.264	-0.221	0.078	0.119	0.000000	0.000000
1580128113461	1580128113460	-0.672	6.028	9.594	-0.189	0.079	0.076	0.000000	0.000000
1580128113487	1580128113487	-0.743	6.267	9.755	-0.199	0.073	-0.004	0.000000	0.000000
1580128113501	1580128113501	-0.497	6.373	9.594	-0.241	0.010	-0.056	0.000000	0.000000
1580128113521	1580128113521	-0.475	6.528	9.367	-0.255	-0.038	-0.022	0.000000	0.000000
1580128113541	1580128113540	-0.509	6.471	9.161	-0.252	-0.068	0.028	0.000000	0.000000
1580128113561	1580128113561	-0.432	6.298	9.029	-0.172	-0.064	0.052	0.000000	0.000000
1580128113582	1580128113581	-0.456	6.119	9.058	-0.044	-0.023	0.074	0.000000	0.000000
1580128113603	1580128113602	-0.394	5.865	9.214	0.008	-0.004	0.086	0.000000	0.000000
1580128113622	1580128113622	-0.456	5.810	9.434	-0.037	0.024	0.085	0.000000	0.000000
1580128113642	1580128113641	-0.585	5.917	9.578	-0.082	0.044	0.076	0.000000	0.000000
1580128113662	1580128113660	-0.688	6.099	9.652	-0.091	0.077	0.051	0.000000	0.000000
1580128113687	1580128113684	-0.652	6.260	9.815	-0.096	0.074	0.032	0.000000	0.000000
1580128113704	1580128113701	-0.602	6.325	10.090	-0.073	0.086	0.047	0.000000	0.000000
1580128113722	1580128113721	-0.691	6.365	10.375	-0.034	0.097	0.061	0.000000	0.000000
1580128113741	1580128113740	-0.511	6.392	10.541	-0.069	0.046	0.034	0.000000	0.000000
1580128113760	1580128113760	-0.228	6.356	10.524	-0.130	0.022	0.032	0.000000	0.000000
1580128113782	1580128113782	-0.281	6.516	10.692	-0.094	0.052	0.066	0.000000	0.000000
1580128113807	1580128113802	-0.458	6.531	10.962	-0.074	0.092	0.099	0.000000	0.000000
1580128113827	1580128113821	-0.638	6.325	11.173	-0.083	0.106	0.130	0.000000	0.000000
1580128113841	1580128113840	-0.710	6.231	11.298	-0.061	0.117	0.093	0.000000	0.000000
1580128113860	1580128113859	-0.518	6.389	11.240	-0.032	0.111	0.011	0.000000	0.000000
1580128113882	1580128113880	-0.355	6.401	11.089	-0.054	0.099	0.005	0.000000	0.000000
1580128113906	1580128113905	-0.437	6.332	10.972	-0.052	0.095	0.035	0.000000	0.000000
1580128113919	1580128113918	-0.492	6.260	10.950	-0.007	0.083	0.031	0.000000	0.000000
1580128113939	1580128113940	-0.509	6.092	10.900	0.003	0.060	0.036	0.000000	0.000000
1580128113959	1580128113959	-0.418	5.872	10.802	-0.003	0.019	0.038	0.000000	0.000000
1580128113982	1580128113982	-0.511	5.939	10.895	0.075	0.022	0.050	0.000000	0.000000
1580128114003	1580128114001	-0.614	6.121	10.874	0.129	0.021	0.048	0.000000	0.000000
1580128114022	1580128114020	-0.432	5.992	10.612	0.078	-0.030	0.048	0.000000	0.000000
1580128114038	1580128114038	-0.501	5.929	10.452	0.074	-0.045	0.078	0.000000	0.000000
1580128114059	1580128114059	-0.703	5.960	10.404	0.116	-0.020	0.084	0.000000	0.000000
1580128114080	1580128114079	-0.604	5.810	10.277	0.120	-0.014	0.058	0.000000	0.000000
1580128114109	1580128114104	-0.542	5.577	9.982	0.078	-0.019	0.076	0.000000	0.000000
1580128114119	1580128114119	-0.585	5.362	9.690	0.029	-0.034	0.095	0.000000	0.000000
1580128114139	1580128114139	-0.640	5.275	9.487	0.045	-0.007	0.078	0.000000	0.000000
1580128114159	1580128114159	-0.648	5.215	9.218	0.070	0.055	0.044	0.000000	0.000000
1580128114178	1580128114178	-0.564	5.089	8.797	0.020	0.087	0.021	0.000000	0.000000
1580128114204	1580128114203	-0.466	4.988	8.397	-0.037	0.095	-0.003	0.000000	0.000000
1580128114220	1580128114218	-0.530	4.815	8.162	-0.072	0.090	0.014	0.000000	0.000000
1580128114239	1580128114239	-0.545	4.468	7.795	-0.128	0.069	0.031	0.000000	0.000000
1580128114260	1580128114258	-0.384	4.051	7.470	-0.141	0.032	0.022	0.000000	0.000000
1580128114278	1580128114278	-0.255	3.888	7.302	-0.039	0.018	0.027	0.000000	0.000000
1580128114307	1580128114302	-0.396	4.142	7.343	0.105	0.024	0.039	0.000000	0.000000
1580128114320	1580128114319	-0.542	4.281	7.182	0.147	0.010	0.029	0.000000	0.000000
1580128114339	1580128114338	-0.454	4.207	6.892	0.093	-0.013	-0.018	0.000000	0.000000
1580128114358	1580128114357	-0.353	3.898	6.691	0.044	-0.001	-0.031	0.000000	0.000000
1580128114378	1580128114377	-0.322	3.704	6.571	0.077	0.022	-0.013	0.000000	0.000000
1580128114399	1580128114397	-0.317	3.560	6.495	0.163	0.052	0.011	0.000000	0.000000
1580128114422	1580128114422	-0.401	3.754	6.188	0.234	0.095	-0.003	0.000000	0.000000
1580128114438	1580128114438	-0.468	4.044	5.951	0.262	0.100	-0.074	0.000000	0.000000
1580128114457	1580128114457	-0.353	4.068	5.941	0.295	0.073	-0.133	0.000000	0.000000
1580128114479	1580128114477	-0.226	3.953	5.903	0.360	0.063	-0.123	0.000000	0.000000
1580128114501	1580128114498	-0.283	3.809	5.879	0.440	0.084	-0.089	0.000000	0.000000
1580128114534	1580128114523	-0.518	3.864	5.932	0.493	0.112	-0.121	0.000000	0.000000
1580128114541	1580128114538	-0.710	4.018	6.061	0.545	0.124	-0.205	0.000000	0.000000
1580128114557	1580128114556	-0.777	4.348	6.116	0.607	0.137	-0.299	0.000000	0.000000
1580128114577	1580128114575	-0.782	4.748	6.190	0.663	0.173	-0.356	0.000000	0.000000
1580128114596	1580128114596	-0.765	4.957	6.195	0.667	0.196	-0.324	0.000000	0.000000
1580128114617	1580128114617	-0.868	5.213	6.123	0.603	0.186	-0.259	0.000000	0.000000
1580128114638	1580128114638	-1.055	5.455	6.169	0.484	0.143	-0.216	0.000000	0.000000
1580128114657	1580128114656	-1.172	5.675	6.308	0.378	0.080	-0.194	0.000000	0.000000
1580128114676	1580128114675	-1.244	5.939	6.540	0.359	0.022	-0.191	0.000000	0.000000
1580128114695	1580128114695	-1.244	6.198	6.708	0.413	-0.007	-0.186	0.000000	0.000000
1580128114720	1580128114717	-1.143	6.317	6.840	0.464	-0.038	-0.174	0.000000	0.000000
1580128114739	1580128114735	-1.048	6.332	6.928	0.459	-0.099	-0.138	0.000000	0.000000
1580128114755	1580128114755	-1.021	6.401	6.890	0.406	-0.153	-0.110	0.000000	0.000000
1580128114775	1580128114775	-1.064	6.495	6.794	0.351	-0.165	-0.112	0.000000	0.000000
1580128114796	1580128114795	-1.108	6.600	6.669	0.308	-0.158	-0.124	0.000000	0.000000
1580128114817	1580128114817	-1.155	6.701	6.499	0.264	-0.129	-0.119	0.000000	0.000000
1580128114840	1580128114835	-1.187	6.744	6.389	0.234	-0.111	-0.104	0.000000	0.000000
1580128114859	1580128114859	-1.189	6.694	6.363	0.230	-0.115	-0.063	0.000000	0.000000
1580128114875	1580128114874	-1.342	6.629	6.528	0.251	-0.104	0.006	0.000000	0.000000
1580128114895	1580128114894	-1.522	6.658	6.722	0.262	-0.073	0.002	0.000000	0.000000
1580128114915	1580128114914	-1.433	6.768	6.780	0.215	-0.038	-0.074	0.000000	0.000000
1580128114938	1580128114938	-1.268	6.902	6.686	0.133	-0.002	-0.122	0.000000	0.000000
1580128114957	1580128114954	-1.175	6.993	6.658	0.075	0.014	-0.136	0.000000	0.000000
1580128114975	1580128114974	-1.146	7.007	6.617	0.068	0.003	-0.124	0.000000	0.000000
1580128114994	1580128114994	-1.038	6.943	6.655	0.098	-0.003	-0.113	0.000000	0.000000
1580128115016	1580128115015	-0.880	6.900	6.686	0.125	0.016	-0.111	0.000000	0.000000
1580128115035	1580128115035	-0.954	6.897	6.725	0.136	0.037	-0.061	0.000000	0.000000
1580128115058	1580128115058	-1.182	6.844	6.722	0.109	0.026	0.012	0.000000	0.000000
1580128115075	1580128115074	-1.287	6.773	6.569	0.049	-0.002	0.025	0.000000	0.000000
1580128115094	1580128115093	-1.254	6.741	6.463	-0.015	-0.004	0.007	0.000000	0.000000
1580128115115	1580128115115	-1.333	6.758	6.471	-0.040	0.005	0.023	0.000000	0.000000
1580128115142	1580128115136	-1.460	6.921	6.617	-0.020	0.004	0.038	0.000000	0.000000
1580128115156	1580128115154	-1.467	7.019	6.655	-0.008	0.013	0.015	0.000000	0.000000
1580128115174	1580128115173	-1.325	7.050	6.681	-0.006	0.036	-0.008	0.000000	0.000000
1580128115194	1580128115193	-1.270	7.062	6.739	-0.006	0.054	-0.002	0.000000	0.000000
1580128115213	1580128115213	-1.278	6.991	6.789	-0.012	0.043	0.023	0.000000	0.000000
1580128115235	1580128115235	-1.218	6.900	6.789	0.004	0.024	0.041	0.000000	0.000000
1580128115257	1580128115256	-1.158	6.789	6.789	0.019	0.032	0.051	0.000000	0.000000
1580128115278	1580128115272	-1.129	6.710	6.820	0.011	0.046	0.059	0.000000	0.000000
1580128115293	1580128115293	-1.141	6.761	6.854	0.013	0.054	0.069	0.000000	0.000000
1580128115313	1580128115312	-1.203	6.837	6.811	0.013	0.057	0.074	0.000000	0.000000
1580128115343	1580128115335	-1.158	6.737	6.669	-0.014	0.027	0.091	0.000000	0.000000
1580128115356	1580128115354	-1.167	6.694	6.665	-0.026	0.014	0.089	0.000000	0.000000
1580128115373	1580128115372	-1.213	6.868	6.674	-0.025	0.026	0.068	0.000000	0.000000
1580128115393	1580128115392	-1.201	6.923	6.638	-0.030	0.033	0.038	0.000000	0.000000
1580128115412	1580128115412	-1.093	6.842	6.734	-0.014	0.013	0.045	0.000000	0.000000
1580128115434	1580128115434	-1.096	6.868	6.741	-0.033	0.002	0.056	0.000000	0.000000
