1580127976060	1580127976059	-9.552	-3.516	7.455	2.305	-4.343	1.972	0.000000	0.000000
1580127976080	1580127976079	-8.354	-2.865	6.899	2.329	-4.442	1.696	0.000000	0.000000
1580127976100	1580127976099	-7.235	-2.091	6.313	2.461	-4.425	1.520	0.000000	0.000000
1580127976120	1580127976120	-6.294	-1.295	5.917	2.609	-4.366	1.408	0.000000	0.000000
1580127976140	1580127976138	-5.369	-0.337	5.484	2.712	-4.369	1.290	0.000000	0.000000
1580127976159	1580127976158	-4.356	0.599	5.105	2.763	-4.173	0.986	0.000000	0.000000
1580127976181	1580127976180	-3.354	1.323	4.729	2.558	-3.755	0.654	0.000000	0.000000
1580127976201	1580127976200	-2.734	1.888	4.252	2.249	-3.294	0.364	0.000000	0.000000
1580127976220	1580127976219	-2.291	2.566	3.761	1.953	-2.863	0.056	0.000000	0.000000
1580127976239	1580127976238	-1.809	3.294	3.287	1.735	-2.516	-0.242	0.000000	0.000000
1580127976261	1580127976260	-1.436	3.977	3.304	1.712	-2.248	-0.524	0.000000	0.000000
1580127976279	1580127976278	-1.069	4.492	3.426	1.853	-1.981	-0.670	0.000000	0.000000
1580127976299	1580127976298	-0.820	5.019	3.328	1.915	-1.586	-0.697	0.000000	0.000000
1580127976319	1580127976319	-0.875	5.857	3.321	1.682	-1.242	-0.571	0.000000	0.000000
1580127976339	1580127976338	-0.983	6.701	3.309	1.343	-1.027	-0.448	0.000000	0.000000
1580127976360	1580127976359	-0.935	7.125	3.261	1.011	-0.850	-0.401	0.000000	0.000000
1580127976383	1580127976382	-0.798	7.204	3.225	0.682	-0.740	-0.335	0.000000	0.000000
1580127976399	1580127976397	-0.533	7.235	3.244	0.472	-0.708	-0.265	0.000000	0.000000
1580127976418	1580127976417	-0.219	7.388	3.323	0.402	-0.671	-0.214	0.000000	0.000000
1580127976438	1580127976437	0.057	7.575	3.488	0.377	-0.594	-0.175	0.000000	0.000000
1580127976484	1580127976483	0.363	7.743	3.539	0.298	-0.476	-0.162	0.000000	0.000000
1580127976524	1580127976535	0.567	7.927	3.649	0.165	-0.337	-0.159	0.000000	0.000000
1580127976531	1580127976542	0.605	8.040	3.745	0.016	-0.197	-0.160	0.000000	0.000000
1580127976582	1580127976571	0.653	8.057	3.771	-0.123	-0.083	-0.182	0.000000	0.000000
1580127976583	1580127976571	0.780	8.006	3.910	-0.239	0.001	-0.220	0.000000	0.000000
1580127976586	1580127976573	0.926	8.148	4.073	-0.359	0.108	-0.296	0.000000	0.000000
1580127976619	1580127976617	0.910	8.378	4.394	-0.498	0.246	-0.396	0.000000	0.000000
1580127976632	1580127976630	0.754	8.409	4.844	-0.606	0.386	-0.469	0.000000	0.000000
1580127976640	1580127976639	0.608	8.248	5.134	-0.578	0.510	-0.476	0.000000	0.000000
1580127976644	1580127976642	0.442	8.037	5.342	-0.398	0.574	-0.385	0.000000	0.000000
1580127976659	1580127976658	0.260	8.011	5.472	-0.181	0.543	-0.244	0.000000	0.000000
1580127976682	1580127976678	0.081	8.243	5.608	-0.044	0.451	-0.133	0.000000	0.000000
1580127976699	1580127976697	0.021	8.366	5.754	0.012	0.313	-0.086	0.000000	0.000000
1580127976719	1580127976717	0.131	8.370	5.898	-0.021	0.179	-0.067	0.000000	0.000000
1580127976740	1580127976737	0.253	8.315	5.913	-0.147	0.117	-0.039	0.000000	0.000000
1580127976758	1580127976757	0.270	8.203	5.946	-0.278	0.070	-0.010	0.000000	0.000000
1580127976779	1580127976778	0.359	8.045	5.984	-0.315	0.002	0.003	0.000000	0.000000
1580127976800	1580127976799	0.517	7.843	5.920	-0.281	-0.056	0.015	0.000000	0.000000
1580127976818	1580127976817	0.646	7.755	5.901	-0.238	-0.107	0.020	0.000000	0.000000
1580127976838	1580127976837	0.840	7.647	5.958	-0.226	-0.164	-0.013	0.000000	0.000000
1580127976857	1580127976857	1.005	7.467	6.004	-0.266	-0.208	-0.054	0.000000	0.000000
1580127976880	1580127976880	1.123	7.185	6.142	-0.317	-0.261	-0.093	0.000000	0.000000
1580127976904	1580127976904	1.353	6.835	6.399	-0.344	-0.344	-0.157	0.000000	0.000000
1580127976918	1580127976917	1.647	6.310	6.820	-0.346	-0.461	-0.237	0.000000	0.000000
1580127976941	1580127976941	1.964	5.846	6.988	-0.372	-0.571	-0.315	0.000000	0.000000
1580127976958	1580127976957	2.107	5.623	7.002	-0.450	-0.690	-0.420	0.000000	0.000000
1580127976979	1580127976976	2.249	5.417	7.053	-0.567	-0.900	-0.570	0.000000	0.000000
1580127977000	1580127977000	2.287	5.158	7.038	-0.707	-1.134	-0.704	0.000000	0.000000
1580127977019	1580127977017	2.270	5.074	6.911	-0.825	-1.318	-0.843	0.000000	0.000000
1580127977037	1580127977036	2.239	5.225	6.837	-0.923	-1.478	-1.006	0.000000	0.000000
1580127977058	1580127977057	1.980	5.309	6.756	-0.988	-1.578	-1.163	0.000000	0.000000
1580127977077	1580127977077	1.643	5.417	6.832	-1.004	-1.601	-1.331	0.000000	0.000000
1580127977114	1580127977102	1.290	5.946	7.070	-0.957	-1.498	-1.537	0.000000	0.000000
1580127977117	1580127977117	0.984	6.765	7.276	-0.775	-1.302	-1.748	0.000000	0.000000
1580127977140	1580127977140	0.579	7.525	7.132	-0.610	-1.046	-1.820	0.000000	0.000000
1580127977158	1580127977156	-0.111	8.418	6.574	-0.676	-0.691	-1.741	0.000000	0.000000
1580127977178	1580127977176	-1.134	9.163	6.269	-0.867	-0.301	-1.646	0.000000	0.000000
1580127977197	1580127977196	-1.697	9.170	6.337	-0.807	-0.130	-1.465	0.000000	0.000000
1580127977218	1580127977218	-1.891	8.610	6.198	-0.264	0.034	-1.170	0.000000	0.000000
1580127977238	1580127977237	-2.207	8.481	6.190	0.271	0.274	-0.813	0.000000	0.000000
1580127977257	1580127977255	-2.322	8.433	6.107	0.293	0.494	-0.510	0.000000	0.000000
1580127977277	1580127977275	-2.368	7.776	5.802	-0.137	0.824	-0.350	0.000000	0.000000
1580127977301	1580127977295	-2.756	6.773	5.575	-0.654	0.986	-0.244	0.000000	0.000000
1580127977316	1580127977316	-5.053	5.321	9.029	-0.105	1.032	0.457	0.000000	0.000000
1580127977338	1580127977335	-6.766	2.542	11.458	3.335	-0.033	2.258	0.000000	0.000000
1580127977359	1580127977354	-2.890	12.285	5.699	3.828	-1.572	1.537	0.000000	0.000000
1580127977377	1580127977375	-1.045	13.432	4.169	1.000	-0.725	0.517	0.000000	0.000000
1580127977395	1580127977395	-0.451	3.951	2.298	-2.227	0.009	0.532	0.000000	0.000000
1580127977416	1580127977416	-0.552	-1.171	1.474	-2.709	-0.031	0.099	0.000000	0.000000
1580127977436	1580127977436	-0.135	-0.840	2.295	-1.673	-0.302	-0.530	0.000000	0.000000
1580127977459	1580127977455	0.268	1.337	3.182	-0.842	-0.555	-0.682	0.000000	0.000000
1580127977478	1580127977473	0.275	2.935	4.013	-0.395	-0.311	-0.782	0.000000	0.000000
1580127977494	1580127977494	0.469	3.280	4.214	-0.402	0.106	-0.813	0.000000	0.000000
1580127977521	1580127977521	0.622	3.656	4.061	0.023	-0.103	-0.398	0.000000	0.000000
1580127977537	1580127977534	0.222	5.498	4.794	1.197	-0.527	0.116	0.000000	0.000000
1580127977558	1580127977558	0.126	7.740	5.718	1.780	-0.410	-0.009	0.000000	0.000000
1580127977573	1580127977573	0.363	7.812	6.420	1.312	-0.298	0.014	0.000000	0.000000
1580127977594	1580127977593	0.085	6.317	6.780	0.611	-0.547	0.376	0.000000	0.000000
1580127977616	1580127977616	-0.097	5.891	7.048	0.218	-0.511	0.275	0.000000	0.000000
1580127977639	1580127977634	0.124	6.614	7.079	0.062	-0.280	0.026	0.000000	0.000000
1580127977662	1580127977654	0.114	6.840	6.818	-0.095	-0.096	-0.026	0.000000	0.000000
1580127977674	1580127977674	-0.030	6.315	6.923	-0.156	-0.042	-0.047	0.000000	0.000000
1580127977694	1580127977694	0.138	6.028	7.079	0.019	-0.099	-0.073	0.000000	0.000000
1580127977714	1580127977713	0.224	6.720	7.211	0.257	-0.019	-0.139	0.000000	0.000000
1580127977740	1580127977740	0.143	7.604	7.410	0.380	0.059	-0.177	0.000000	0.000000
1580127977754	1580127977754	0.272	7.764	7.240	0.418	0.086	-0.159	0.000000	0.000000
1580127977774	1580127977774	0.105	8.253	7.367	0.381	0.193	-0.138	0.000000	0.000000
1580127977794	1580127977793	-0.085	8.888	7.534	0.253	0.205	-0.091	0.000000	0.000000
1580127977813	1580127977813	0.090	8.782	7.592	0.083	0.137	-0.051	0.000000	0.000000
1580127977834	1580127977833	0.083	8.608	7.637	-0.063	0.102	0.008	0.000000	0.000000
1580127977860	1580127977853	-0.068	8.354	7.771	-0.118	0.078	0.057	0.000000	0.000000
1580127977875	1580127977875	0.100	7.939	7.757	-0.098	0.004	0.077	0.000000	0.000000
1580127977893	1580127977893	0.368	8.013	7.903	-0.079	-0.053	0.044	0.000000	0.000000
1580127977913	1580127977912	0.433	8.380	8.009	-0.058	-0.048	0.010	0.000000	0.000000
1580127977937	1580127977937	0.457	8.667	8.100	-0.022	-0.041	-0.006	0.000000	0.000000
1580127977958	1580127977955	0.430	8.861	8.258	0.011	-0.005	-0.025	0.000000	0.000000
1580127977977	1580127977977	0.428	9.202	8.231	-0.003	0.012	-0.058	0.000000	0.000000
1580127977997	1580127977993	0.378	9.135	8.212	-0.029	0.000	-0.063	0.000000	0.000000
1580127978015	1580127978012	0.270	8.914	8.183	-0.053	0.026	-0.065	0.000000	0.000000
1580127978035	1580127978034	0.279	8.897	8.148	-0.075	0.030	-0.079	0.000000	0.000000
1580127978057	1580127978055	0.327	8.780	8.121	-0.117	0.025	-0.076	0.000000	0.000000
1580127978072	1580127978072	0.188	8.730	8.090	-0.137	0.053	-0.060	0.000000	0.000000
1580127978092	1580127978091	0.030	8.826	8.167	-0.106	0.049	-0.051	0.000000	0.000000
1580127978111	1580127978110	0.006	8.775	8.215	-0.067	0.016	-0.035	0.000000	0.000000
1580127978133	1580127978131	-0.001	8.749	8.248	-0.054	-0.011	-0.027	0.000000	0.000000
1580127978157	1580127978151	0.081	8.639	8.227	-0.087	-0.035	-0.021	0.000000	0.000000
1580127978172	1580127978170	0.143	8.665	8.162	-0.102	-0.025	-0.022	0.000000	0.000000
1580127978191	1580127978190	0.054	8.881	8.107	-0.072	0.010	-0.034	0.000000	0.000000
1580127978212	1580127978210	0.088	8.948	8.143	-0.044	-0.003	-0.041	0.000000	0.000000
1580127978231	1580127978230	0.157	8.933	8.306	-0.030	-0.051	-0.026	0.000000	0.000000
1580127978250	1580127978249	0.102	8.782	8.356	-0.001	-0.065	-0.001	0.000000	0.000000
1580127978271	1580127978271	-0.003	8.665	8.416	0.046	-0.094	0.008	0.000000	0.000000
1580127978291	1580127978289	0.071	8.540	8.500	0.073	-0.172	-0.002	0.000000	0.000000
1580127978310	1580127978309	0.215	8.342	8.394	0.064	-0.213	-0.016	0.000000	0.000000
1580127978330	1580127978329	0.430	8.301	8.188	0.064	-0.222	-0.026	0.000000	0.000000
1580127978357	1580127978350	0.526	8.490	7.977	0.073	-0.208	-0.021	0.000000	0.000000
1580127978371	1580127978369	0.256	8.802	7.997	0.095	-0.167	-0.036	0.000000	0.000000
1580127978391	1580127978389	0.095	8.818	8.009	0.106	-0.148	-0.054	0.000000	0.000000
1580127978410	1580127978409	0.131	8.622	8.033	0.092	-0.162	-0.046	0.000000	0.000000
1580127978430	1580127978429	0.047	8.421	8.095	0.029	-0.136	-0.056	0.000000	0.000000
1580127978453	1580127978450	-0.089	8.181	8.085	-0.051	-0.106	-0.065	0.000000	0.000000
1580127978469	1580127978468	-0.099	7.994	8.023	-0.083	-0.098	-0.077	0.000000	0.000000
1580127978496	1580127978491	-0.147	8.061	8.124	-0.082	-0.090	-0.064	0.000000	0.000000
1580127978509	1580127978508	-0.109	8.057	8.080	-0.083	-0.065	-0.051	0.000000	0.000000
1580127978529	1580127978528	0.145	7.721	7.896	-0.114	-0.076	-0.023	0.000000	0.000000
1580127978551	1580127978549	0.143	7.443	7.752	-0.133	-0.082	0.046	0.000000	0.000000
1580127978573	1580127978568	-0.147	7.319	7.771	-0.114	-0.102	0.083	0.000000	0.000000
1580127978589	1580127978588	-0.039	7.096	7.628	-0.047	-0.161	0.027	0.000000	0.000000
1580127978609	1580127978608	0.311	6.844	7.403	0.098	-0.214	-0.056	0.000000	0.000000
1580127978629	1580127978628	0.478	6.890	7.501	0.280	-0.240	-0.129	0.000000	0.000000
1580127978649	1580127978648	0.390	7.218	7.544	0.262	-0.089	-0.191	0.000000	0.000000
1580127978671	1580127978670	-0.123	6.914	7.803	-0.038	0.055	-0.044	0.000000	0.000000
1580127978689	1580127978687	-0.470	5.687	7.807	-0.436	0.034	0.148	0.000000	0.000000
1580127978708	1580127978707	-0.549	4.861	7.244	-0.742	0.030	0.176	0.000000	0.000000
1580127978729	1580127978728	-0.633	5.002	6.521	-1.352	-0.053	-0.134	0.000000	0.000000
1580127978750	1580127978748	-0.422	4.566	6.231	-0.905	-0.207	-0.129	0.000000	0.000000
1580127978772	1580127978767	-0.497	3.567	5.831	-0.441	-0.079	0.169	0.000000	0.000000
1580127978789	1580127978787	-0.789	4.703	5.230	-0.430	-0.079	-0.428	0.000000	0.000000
1580127978814	1580127978812	-0.454	4.530	5.299	0.199	-0.605	-0.192	0.000000	0.000000
1580127978829	1580127978828	-0.061	4.391	5.179	0.083	-0.774	-0.362	0.000000	0.000000
1580127978847	1580127978847	0.596	5.201	4.966	-0.173	-0.573	-0.563	0.000000	0.000000
1580127978867	1580127978866	0.703	5.651	4.806	-0.341	-0.253	-0.370	0.000000	0.000000
1580127978889	1580127978888	0.603	5.491	4.717	-0.623	-0.113	-0.398	0.000000	0.000000
1580127978909	1580127978909	0.816	4.873	4.712	-0.729	-0.208	-0.395	0.000000	0.000000
1580127978928	1580127978926	0.814	4.633	4.839	-0.687	-0.116	-0.451	0.000000	0.000000
1580127978953	1580127978948	0.459	4.866	5.096	-0.471	-0.020	-0.509	0.000000	0.000000
1580127978975	1580127978972	0.212	4.724	5.292	-0.150	-0.084	-0.347	0.000000	0.000000
1580127978989	1580127978987	0.129	4.801	5.436	0.147	-0.201	-0.264	0.000000	0.000000
1580127979007	1580127979006	0.057	5.247	5.589	0.423	-0.303	-0.154	0.000000	0.000000
1580127979027	1580127979026	0.129	5.841	5.843	0.567	-0.402	-0.094	0.000000	0.000000
1580127979048	1580127979046	0.193	6.207	5.992	0.492	-0.489	-0.050	0.000000	0.000000
1580127979068	1580127979068	0.064	6.195	5.953	0.291	-0.472	-0.009	0.000000	0.000000
1580127979090	1580127979088	-0.061	6.246	5.956	0.037	-0.471	-0.047	0.000000	0.000000
1580127979107	1580127979106	0.047	6.186	6.013	-0.139	-0.603	-0.063	0.000000	0.000000
1580127979127	1580127979127	0.359	6.133	6.027	-0.209	-0.662	-0.094	0.000000	0.000000
1580127979148	1580127979147	0.526	6.116	6.154	-0.180	-0.623	-0.129	0.000000	0.000000
1580127979173	1580127979170	0.533	6.222	6.200	-0.117	-0.558	-0.118	0.000000	0.000000
1580127979197	1580127979192	0.605	6.365	6.186	-0.034	-0.462	-0.155	0.000000	0.000000
1580127979207	1580127979205	0.694	6.535	6.245	0.025	-0.408	-0.184	0.000000	0.000000
1580127979227	1580127979225	0.790	6.655	6.298	0.070	-0.358	-0.171	0.000000	0.000000
1580127979247	1580127979246	0.869	6.670	6.363	0.108	-0.231	-0.183	0.000000	0.000000
1580127979267	1580127979266	0.986	6.670	6.466	0.141	-0.083	-0.207	0.000000	0.000000
1580127979286	1580127979286	1.039	6.725	6.531	0.197	0.036	-0.223	0.000000	0.000000
1580127979307	1580127979306	1.003	6.806	6.490	0.247	0.133	-0.227	0.000000	0.000000
1580127979326	1580127979325	0.986	6.909	6.593	0.263	0.219	-0.249	0.000000	0.000000
1580127979346	1580127979345	0.945	7.043	6.763	0.213	0.245	-0.220	0.000000	0.000000
1580127979367	1580127979367	0.840	7.376	6.911	0.105	0.268	-0.202	0.000000	0.000000
1580127979391	1580127979391	0.682	7.508	7.093	0.034	0.340	-0.201	0.000000	0.000000
1580127979408	1580127979405	0.586	7.371	7.173	0.002	0.391	-0.174	0.000000	0.000000
1580127979425	1580127979425	0.548	7.206	7.235	0.020	0.387	-0.111	0.000000	0.000000
1580127979447	1580127979444	0.519	7.225	7.398	0.082	0.380	-0.057	0.000000	0.000000
1580127979465	1580127979464	0.423	7.218	7.506	0.154	0.385	0.004	0.000000	0.000000
1580127979488	1580127979485	0.313	7.228	7.517	0.181	0.357	0.056	0.000000	0.000000
1580127979507	1580127979505	0.258	7.352	7.553	0.161	0.283	0.074	0.000000	0.000000
1580127979526	1580127979525	0.325	7.398	7.561	0.123	0.188	0.075	0.000000	0.000000
1580127979545	1580127979544	0.385	7.218	7.508	0.096	0.094	0.096	0.000000	0.000000
1580127979565	1580127979564	0.421	7.110	7.338	0.098	0.018	0.109	0.000000	0.000000
1580127979586	1580127979586	0.404	6.976	7.158	0.140	-0.054	0.115	0.000000	0.000000
1580127979615	1580127979609	0.385	6.909	7.000	0.161	-0.133	0.135	0.000000	0.000000
1580127979625	1580127979624	0.375	6.859	6.849	0.157	-0.203	0.157	0.000000	0.000000
1580127979646	1580127979646	0.306	6.761	6.715	0.120	-0.259	0.179	0.000000	0.000000
1580127979665	1580127979664	0.287	6.770	6.643	0.109	-0.282	0.182	0.000000	0.000000
1580127979684	1580127979683	0.406	6.830	6.631	0.126	-0.295	0.179	0.000000	0.000000
1580127979704	1580127979704	0.426	6.780	6.624	0.173	-0.276	0.181	0.000000	0.000000
1580127979725	1580127979724	0.517	6.876	6.535	0.231	-0.236	0.157	0.000000	0.000000
1580127979743	1580127979743	0.651	7.268	6.672	0.218	-0.202	0.145	0.000000	0.000000
1580127979764	1580127979763	0.612	7.513	6.782	0.143	-0.186	0.161	0.000000	0.000000
1580127979784	1580127979784	0.651	7.201	6.777	0.159	-0.176	0.152	0.000000	0.000000
1580127979809	1580127979809	0.775	6.967	6.715	0.297	-0.211	0.130	0.000000	0.000000
1580127979824	1580127979823	0.771	6.820	6.674	0.587	-0.359	0.125	0.000000	0.000000
1580127979844	1580127979844	0.842	6.979	6.665	0.943	-0.581	0.078	0.000000	0.000000
1580127979864	1580127979863	1.120	7.161	6.543	1.243	-0.749	-0.005	0.000000	0.000000
1580127979884	1580127979883	1.425	7.599	6.286	1.339	-0.812	-0.062	0.000000	0.000000
1580127979905	1580127979905	1.487	8.021	5.982	1.200	-0.797	-0.052	0.000000	0.000000
1580127979926	1580127979923	1.508	8.109	5.570	0.920	-0.792	0.021	0.000000	0.000000
1580127979944	1580127979942	1.592	8.191	5.309	0.604	-0.788	0.086	0.000000	0.000000
1580127979964	1580127979962	1.683	8.356	5.211	0.267	-0.786	0.140	0.000000	0.000000
1580127979983	1580127979982	1.779	8.358	5.156	-0.008	-0.763	0.194	0.000000	0.000000
1580127980004	1580127980004	1.887	8.176	5.031	-0.065	-0.686	0.214	0.000000	0.000000
1580127980027	1580127980027	2.050	8.150	4.873	0.046	-0.579	0.214	0.000000	0.000000
1580127980043	1580127980042	2.155	8.483	4.514	0.117	-0.473	0.200	0.000000	0.000000
1580127980063	1580127980063	2.275	8.713	4.375	0.125	-0.440	0.151	0.000000	0.000000
1580127980083	1580127980082	2.721	8.610	4.231	0.029	-0.480	0.095	0.000000	0.000000
1580127980103	1580127980102	3.262	8.390	4.202	-0.087	-0.473	0.037	0.000000	0.000000
1580127980123	1580127980122	3.607	8.732	4.257	-0.398	-0.379	-0.080	0.000000	0.000000
1580127980143	1580127980142	3.765	8.516	4.257	-0.943	-0.200	-0.084	0.000000	0.000000
1580127980163	1580127980162	3.614	8.284	4.387	-1.511	-0.094	-0.029	0.000000	0.000000
1580127980182	1580127980181	3.298	8.025	4.387	-2.228	-0.081	-0.039	0.000000	0.000000
1580127980203	1580127980203	2.891	7.216	4.415	-2.876	-0.080	-0.111	0.000000	0.000000
1580127980226	1580127980226	2.471	6.265	4.537	-3.013	0.046	-0.229	0.000000	0.000000
1580127980244	1580127980241	1.916	5.937	4.966	-2.670	0.237	-0.307	0.000000	0.000000
1580127980264	1580127980262	1.355	5.862	5.290	-2.201	0.349	-0.267	0.000000	0.000000
1580127980282	1580127980282	0.615	5.692	5.397	-2.104	0.418	-0.165	0.000000	0.000000
1580127980302	1580127980301	-0.233	5.115	5.275	-2.391	0.464	-0.011	0.000000	0.000000
1580127980323	1580127980323	-0.794	4.214	4.997	-2.511	0.554	0.093	0.000000	0.000000
1580127980347	1580127980343	-1.045	3.694	5.421	-2.565	0.754	0.357	0.000000	0.000000
1580127980362	1580127980361	-0.954	4.073	5.716	-3.526	1.434	0.612	0.000000	0.000000
1580127980382	1580127980380	-0.660	2.121	6.914	-5.243	2.887	1.248	0.000000	0.000000
1580127980401	1580127980401	-2.039	-1.547	4.945	-7.031	4.838	0.199	0.000000	0.000000
1580127980422	1580127980422	-1.682	4.573	-10.370	-9.109	3.729	-0.650	0.000000	0.000000
1580127980446	1580127980446	-7.254	0.113	0.621	-3.030	-1.227	1.366	0.000000	0.000000
1580127980461	1580127980461	-3.345	-6.748	14.611	0.388	-4.123	2.328	0.000000	0.000000
1580127980482	1580127980481	5.427	-8.532	6.789	-0.817	0.893	1.107	0.000000	0.000000
1580127980501	1580127980500	0.054	-4.546	8.480	-0.251	2.456	-2.632	0.000000	0.000000
1580127980525	1580127980525	0.816	-0.713	11.506	1.730	0.004	-0.654	0.000000	0.000000
1580127980540	1580127980540	2.893	0.722	9.729	2.275	-1.603	0.626	0.000000	0.000000
1580127980561	1580127980560	0.926	0.401	8.967	1.091	-0.767	0.486	0.000000	0.000000
1580127980580	1580127980580	0.308	0.453	10.486	0.538	-0.277	0.300	0.000000	0.000000
1580127980600	1580127980600	0.483	0.700	10.181	-0.137	-0.257	0.313	0.000000	0.000000
1580127980622	1580127980622	0.890	-1.010	9.010	-0.685	-0.386	0.358	0.000000	0.000000
1580127980644	1580127980644	0.553	-1.822	8.524	-0.674	-0.377	0.432	0.000000	0.000000
1580127980663	1580127980661	-0.188	-1.463	8.883	-0.102	-0.179	0.511	0.000000	0.000000
1580127980680	1580127980680	-0.660	-1.616	9.211	0.125	0.078	0.261	0.000000	0.000000
1580127980700	1580127980700	0.033	-1.734	9.118	-0.037	0.073	-0.095	0.000000	0.000000
1580127980720	1580127980720	0.629	-1.624	8.979	-0.069	-0.002	-0.108	0.000000	0.000000
1580127980742	1580127980740	0.469	-1.501	9.261	0.300	-0.017	0.076	0.000000	0.000000
1580127980765	1580127980764	0.054	-0.792	10.205	0.817	-0.011	0.141	0.000000	0.000000
1580127980782	1580127980780	0.165	0.036	11.080	0.980	0.031	0.030	0.000000	0.000000
1580127980800	1580127980800	0.435	0.671	11.602	0.896	0.107	-0.041	0.000000	0.000000
1580127980821	1580127980821	0.327	0.793	12.342	0.833	0.098	0.044	0.000000	0.000000
1580127980842	1580127980841	0.418	0.820	12.965	0.605	0.080	0.073	0.000000	0.000000
1580127980870	1580127980863	0.469	0.808	13.341	0.242	0.199	0.054	0.000000	0.000000
1580127980885	1580127980885	0.416	0.868	13.149	-0.102	0.298	0.069	0.000000	0.000000
1580127980903	1580127980903	0.258	0.626	12.749	-0.361	0.291	0.108	0.000000	0.000000
1580127980921	1580127980921	0.145	0.154	12.258	-0.495	0.237	0.111	0.000000	0.000000
1580127980944	1580127980941	0.284	0.039	11.923	-0.414	0.200	0.062	0.000000	0.000000
1580127980961	1580127980960	0.404	0.271	11.956	-0.267	0.186	0.037	0.000000	0.000000
1580127980981	1580127980979	0.289	0.278	11.873	-0.246	0.137	0.083	0.000000	0.000000
1580127980999	1580127980998	0.126	-0.112	11.722	-0.297	0.079	0.100	0.000000	0.000000
1580127981025	1580127981023	0.052	-0.550	11.726	-0.370	0.059	0.056	0.000000	0.000000
1580127981041	1580127981041	-0.008	-0.836	11.736	-0.425	0.084	0.050	0.000000	0.000000
1580127981064	1580127981064	-0.192	-0.869	11.952	-0.413	0.116	0.074	0.000000	0.000000
1580127981083	1580127981080	-0.300	-0.850	12.268	-0.397	0.110	0.064	0.000000	0.000000
1580127981101	1580127981100	-0.348	-0.819	12.936	-0.369	0.104	0.045	0.000000	0.000000
1580127981119	1580127981119	-0.370	-0.814	13.061	-0.386	0.114	0.069	0.000000	0.000000
1580127981139	1580127981139	-0.264	-0.788	13.113	-0.329	0.239	0.135	0.000000	0.000000
1580127981161	1580127981161	-0.401	-0.740	13.305	-0.230	0.415	0.267	0.000000	0.000000
1580127981181	1580127981178	-0.374	-0.608	12.929	-0.155	0.395	0.236	0.000000	0.000000
1580127981199	1580127981199	-0.216	-0.586	12.560	-0.148	0.305	0.116	0.000000	0.000000
1580127981219	1580127981218	-0.243	-0.704	12.261	-0.180	0.242	0.077	0.000000	0.000000
1580127981239	1580127981238	-0.264	-1.030	12.028	-0.121	0.191	0.058	0.000000	0.000000
1580127981259	1580127981258	-0.145	-1.063	11.793	-0.050	0.144	0.005	0.000000	0.000000
1580127981287	1580127981282	-0.195	-0.996	11.750	-0.039	0.119	-0.065	0.000000	0.000000
1580127981299	1580127981299	-0.312	-1.111	11.631	-0.153	0.090	-0.166	0.000000	0.000000
1580127981321	1580127981319	-0.410	-1.346	11.391	-0.320	0.086	-0.327	0.000000	0.000000
1580127981339	1580127981338	-0.645	-1.449	11.077	-0.435	0.086	-0.528	0.000000	0.000000
1580127981360	1580127981358	-0.640	-1.303	10.692	-0.520	0.104	-0.739	0.000000	0.000000
1580127981378	1580127981378	-0.837	-1.569	10.452	-0.554	0.165	-0.818	0.000000	0.000000
1580127981404	1580127981398	-1.848	-1.813	9.604	-0.609	0.286	-0.859	0.000000	0.000000
1580127981418	1580127981418	-2.339	-1.978	8.433	-0.688	0.444	-1.176	0.000000	0.000000
1580127981438	1580127981438	-0.916	-0.100	6.883	-0.430	0.539	-1.342	0.000000	0.000000
1580127981462	1580127981457	-0.389	-3.828	8.013	0.325	0.967	1.353	0.000000	0.000000
1580127981485	1580127981485	-2.150	-3.178	6.897	-0.831	0.594	2.224	0.000000	0.000000
1580127981499	1580127981496	-3.084	-0.352	5.874	-0.286	-0.114	0.726	0.000000	0.000000
1580127981518	1580127981517	-3.230	-1.588	5.666	-1.163	0.227	1.642	0.000000	0.000000
1580127981538	1580127981536	-3.618	-3.502	6.303	-1.729	0.427	1.892	0.000000	0.000000
1580127981558	1580127981557	-3.726	-2.965	5.766	-2.219	0.145	1.736	0.000000	0.000000
1580127981579	1580127981579	-4.188	-4.151	5.654	-2.441	0.278	2.346	0.000000	0.000000
1580127981598	1580127981596	-4.528	-4.125	5.441	-2.680	0.534	2.312	0.000000	0.000000
1580127981617	1580127981617	-4.952	-4.218	5.038	-3.082	0.830	2.349	0.000000	0.000000
1580127981637	1580127981636	-5.295	-5.461	4.825	-3.495	1.096	2.521	0.000000	0.000000
1580127981658	1580127981655	-5.978	-7.152	4.576	-3.523	1.336	2.709	0.000000	0.000000
1580127981681	1580127981676	-6.397	-7.751	3.987	-3.537	1.588	2.930	0.000000	0.000000
1580127981700	1580127981696	-6.270	-7.181	3.515	-3.677	1.828	3.169	0.000000	0.000000
1580127981718	1580127981715	-6.323	-6.618	3.385	-3.679	1.950	3.108	0.000000	0.000000
1580127981737	1580127981735	-6.663	-7.093	3.198	-3.707	2.077	2.948	0.000000	0.000000
1580127981757	1580127981755	-7.024	-7.565	2.540	-3.823	2.247	3.007	0.000000	0.000000
1580127981779	1580127981776	-7.724	-8.106	2.463	-3.680	2.286	3.145	0.000000	0.000000
1580127981796	1580127981795	-8.608	-10.209	3.222	-3.073	2.188	3.172	0.000000	0.000000
1580127981817	1580127981814	-8.498	-10.751	3.594	-2.401	2.378	3.210	0.000000	0.000000
1580127981837	1580127981834	-8.272	-8.614	3.558	-1.832	2.682	3.273	0.000000	0.000000
1580127981857	1580127981854	-8.682	-7.687	3.455	-1.269	2.655	3.036	0.000000	0.000000
1580127981879	1580127981879	-8.879	-7.617	3.033	-0.770	2.499	2.446	0.000000	0.000000
1580127981896	1580127981896	-9.029	-6.470	3.203	-0.522	1.972	1.601	0.000000	0.000000
1580127981916	1580127981915	-9.346	-6.158	3.735	-0.733	0.898	0.850	0.000000	0.000000
1580127981936	1580127981934	-8.407	-8.218	4.135	-1.118	0.058	0.516	0.000000	0.000000
1580127981958	1580127981957	-7.024	-9.361	4.147	-1.262	0.093	0.601	0.000000	0.000000
1580127981976	1580127981973	-7.185	-7.838	3.740	-1.103	0.622	0.699	0.000000	0.000000
1580127981998	1580127981998	-7.719	-6.791	2.980	-1.170	0.725	0.415	0.000000	0.000000
1580127982017	1580127982017	-7.556	-6.934	2.875	-1.411	0.437	-0.095	0.000000	0.000000
1580127982035	1580127982034	-6.950	-6.764	3.024	-1.427	0.279	-0.358	0.000000	0.000000
1580127982053	1580127982053	-6.596	-5.864	2.513	-1.118	0.548	-0.428	0.000000	0.000000
1580127982074	1580127982072	-7.460	-5.622	1.855	-0.909	0.858	-0.530	0.000000	0.000000
1580127982097	1580127982096	-8.634	-5.679	2.092	-0.945	0.535	-0.791	0.000000	0.000000
1580127982117	1580127982114	-8.426	-6.137	2.566	-1.134	0.012	-1.112	0.000000	0.000000
1580127982133	1580127982133	-8.385	-6.379	2.703	-1.112	-0.231	-1.162	0.000000	0.000000
1580127982153	1580127982153	-8.601	-5.955	2.185	-1.058	-0.164	-1.052	0.000000	0.000000
1580127982174	1580127982173	-9.429	-4.355	1.948	-1.876	-0.406	-0.920	0.000000	0.000000
1580127982194	1580127982193	-9.731	-3.741	1.392	-3.384	-0.883	-1.268	0.000000	0.000000
1580127982214	1580127982214	-9.968	-3.926	0.772	-4.564	-1.438	-1.701	0.000000	0.000000
1580127982239	1580127982233	-10.254	-3.964	-0.218	-4.295	-1.781	-1.624	0.000000	0.000000
1580127982253	1580127982252	-10.572	-2.771	-0.043	-1.531	-1.478	-1.054	0.000000	0.000000
1580127982273	1580127982272	-11.712	-0.689	-0.479	-1.171	-1.005	-0.806	0.000000	0.000000
1580127982297	1580127982297	-11.343	-3.624	-1.485	-2.412	-1.030	-1.123	0.000000	0.000000
1580127982316	1580127982314	-9.401	-7.938	-1.801	-2.881	-0.970	-1.404	0.000000	0.000000
1580127982334	1580127982334	-8.910	-7.588	-2.278	-3.332	-0.738	-1.128	0.000000	0.000000
1580127982353	1580127982352	-8.433	-5.730	-2.699	-3.628	-0.858	-1.478	0.000000	0.000000
1580127982372	1580127982372	-5.371	-7.620	-3.131	-4.277	-1.257	-1.754	0.000000	0.000000
1580127982393	1580127982392	-4.854	-8.372	-3.190	-4.675	-0.756	-1.441	0.000000	0.000000
1580127982414	1580127982413	-5.994	-4.817	-2.905	-4.951	-0.685	-1.459	0.000000	0.000000
1580127982432	1580127982431	-4.694	-4.069	-3.147	-5.107	-0.938	-1.325	0.000000	0.000000
1580127982456	1580127982453	-5.388	-5.140	-3.394	-4.704	-1.052	-1.124	0.000000	0.000000
1580127982472	1580127982471	-5.247	-5.837	-3.284	-3.693	-1.575	-0.875	0.000000	0.000000
1580127982499	1580127982493	-3.838	-7.301	-4.082	-1.750	-1.778	-0.241	0.000000	0.000000
1580127982513	1580127982511	-5.918	-6.338	-4.192	-0.032	-1.618	0.306	0.000000	0.000000
1580127982534	1580127982534	-8.215	-2.155	-2.620	-0.248	-1.902	0.350	0.000000	0.000000
1580127982553	1580127982551	-7.748	-1.180	-0.656	-1.131	-1.642	0.226	0.000000	0.000000
1580127982572	1580127982571	-8.409	-3.547	-0.761	-1.539	-0.692	0.184	0.000000	0.000000
1580127982592	1580127982591	-9.303	-4.110	-3.293	-1.759	-0.103	0.225	0.000000	0.000000
1580127982612	1580127982612	-10.151	-3.643	-4.359	-2.368	0.067	0.281	0.000000	0.000000
1580127982632	1580127982632	-9.573	-5.550	-5.088	-2.314	-0.158	0.105	0.000000	0.000000
1580127982652	1580127982651	-8.584	-7.706	-5.960	-1.419	0.045	-0.046	0.000000	0.000000
1580127982671	1580127982671	-10.079	-7.042	-7.260	-0.525	0.470	0.035	0.000000	0.000000
1580127982691	1580127982691	-11.712	-4.515	-7.452	0.009	0.342	-0.272	0.000000	0.000000
1580127982716	1580127982711	-11.633	-4.498	-7.052	-0.615	-0.336	-0.695	0.000000	0.000000
1580127982737	1580127982733	-10.553	-6.125	-6.369	-1.406	-0.462	-1.097	0.000000	0.000000
1580127982753	1580127982753	-9.477	-6.269	-5.801	-1.540	0.279	-1.277	0.000000	0.000000
1580127982772	1580127982770	-9.180	-6.352	-7.287	-1.389	1.355	-1.166	0.000000	0.000000
1580127982790	1580127982790	-8.569	-6.194	-7.598	-1.648	1.847	-1.224	0.000000	0.000000
1580127982810	1580127982810	-5.812	-5.119	-7.210	-2.428	2.195	-1.178	0.000000	0.000000
1580127982832	1580127982832	-4.698	-4.199	-7.251	-2.940	3.125	-0.926	0.000000	0.000000
1580127982854	1580127982850	-4.334	-3.612	-6.894	-3.081	3.555	-0.746	0.000000	0.000000
1580127982871	1580127982870	-3.498	-3.003	-6.293	-2.380	3.167	-0.484	0.000000	0.000000
1580127982890	1580127982890	-3.405	-1.873	-4.582	-1.099	2.569	0.067	0.000000	0.000000
1580127982911	1580127982910	-3.743	-0.503	-2.690	-0.100	2.118	0.711	0.000000	0.000000
1580127982934	1580127982934	-4.068	0.520	-1.724	0.308	1.746	1.096	0.000000	0.000000
1580127982954	1580127982951	-5.381	0.777	-1.406	0.543	0.848	1.129	0.000000	0.000000
1580127982970	1580127982969	-5.424	-0.546	-2.704	0.981	-0.236	0.899	0.000000	0.000000
1580127982996	1580127982991	-4.619	-3.741	-5.797	1.458	-0.723	0.903	0.000000	0.000000
1580127983010	1580127983008	-4.686	-6.034	-7.399	3.521	-1.378	1.447	0.000000	0.000000
1580127983039	1580127983032	-4.861	-10.329	-6.554	7.121	-2.111	2.433	0.000000	0.000000
1580127983051	1580127983048	-4.078	-6.448	-7.653	8.456	-1.986	3.188	0.000000	0.000000
1580127983072	1580127983070	-5.120	-1.389	-8.403	9.354	-0.713	3.900	0.000000	0.000000
1580127983089	1580127983088	-6.861	-2.127	-7.550	9.929	0.137	3.644	0.000000	0.000000
1580127983109	1580127983108	-5.714	-2.594	-5.308	9.045	0.708	3.947	0.000000	0.000000
1580127983133	1580127983130	-5.254	-0.213	-2.443	7.044	1.929	3.997	0.000000	0.000000
1580127983153	1580127983150	-6.449	-2.009	-3.013	4.858	3.196	3.584	0.000000	0.000000
1580127983173	1580127983169	-7.156	-10.200	-3.638	4.473	3.530	2.920	0.000000	0.000000
1580127983191	1580127983189	-5.987	-12.674	-2.812	4.061	3.374	2.743	0.000000	0.000000
1580127983209	1580127983209	-7.381	-6.197	-2.096	3.654	2.735	1.902	0.000000	0.000000
1580127983229	1580127983229	-6.751	-6.602	-1.133	2.966	1.701	0.407	0.000000	0.000000
1580127983250	1580127983250	-5.482	-9.189	-0.622	1.875	1.141	-0.362	0.000000	0.000000
1580127983271	1580127983269	-5.915	-5.770	-1.791	1.577	1.196	-0.494	0.000000	0.000000
1580127983290	1580127983290	-7.372	-1.523	-2.963	1.240	0.552	-0.788	0.000000	0.000000
1580127983309	1580127983309	-8.387	1.517	-2.721	0.421	-0.593	-1.101	0.000000	0.000000
1580127983329	1580127983329	-8.919	2.439	-2.472	0.524	-0.702	-0.848	0.000000	0.000000
1580127983359	1580127983349	-9.449	-0.776	-2.702	1.486	0.395	-0.336	0.000000	0.000000
1580127983372	1580127983369	-7.477	-5.936	-2.148	1.302	0.438	-0.284	0.000000	0.000000
1580127983389	1580127983389	-6.608	-7.828	-1.185	0.971	0.627	-0.138	0.000000	0.000000
1580127983408	1580127983408	-7.051	-6.716	-0.994	1.161	0.789	-0.053	0.000000	0.000000
1580127983430	1580127983428	-6.531	-6.254	-1.202	0.844	0.633	-0.092	0.000000	0.000000
1580127983459	1580127983457	-6.799	-6.415	-1.710	0.408	0.650	-0.297	0.000000	0.000000
1580127983470	1580127983470	-8.011	-6.314	-2.282	0.429	0.694	-0.435	0.000000	0.000000
1580127983489	1580127983488	-8.713	-5.538	-2.524	0.600	0.562	-0.428	0.000000	0.000000
1580127983510	1580127983508	-8.946	-5.562	-2.462	0.471	0.355	-0.398	0.000000	0.000000
1580127983529	1580127983528	-8.799	-6.594	-2.206	0.246	0.104	-0.380	0.000000	0.000000
1580127983551	1580127983550	-8.241	-7.548	-1.969	0.215	-0.066	-0.357	0.000000	0.000000
1580127983573	1580127983568	-7.985	-7.742	-1.461	0.173	-0.088	-0.375	0.000000	0.000000
1580127983591	1580127983588	-8.062	-7.713	-1.030	0.095	-0.095	-0.392	0.000000	0.000000
1580127983608	1580127983607	-8.119	-7.550	-0.754	0.080	-0.120	-0.358	0.000000	0.000000
1580127983629	1580127983627	-8.153	-7.684	-0.783	0.117	-0.124	-0.282	0.000000	0.000000
1580127983649	1580127983647	-8.280	-7.969	-0.991	0.209	-0.134	-0.264	0.000000	0.000000
1580127983668	1580127983668	-8.294	-8.151	-1.152	0.394	-0.147	-0.294	0.000000	0.000000
1580127983688	1580127983687	-7.963	-8.137	-1.032	0.498	-0.097	-0.282	0.000000	0.000000
1580127983709	1580127983709	-8.007	-8.087	-1.149	0.442	0.000	-0.239	0.000000	0.000000
1580127983727	1580127983726	-8.378	-7.957	-1.799	0.416	0.046	-0.245	0.000000	0.000000
1580127983749	1580127983747	-8.095	-8.063	-2.029	0.387	0.048	-0.223	0.000000	0.000000
1580127983772	1580127983767	-7.710	-8.444	-1.569	0.250	0.063	-0.154	0.000000	0.000000
1580127983790	1580127983787	-7.813	-8.647	-1.142	0.119	0.006	-0.109	0.000000	0.000000
1580127983807	1580127983806	-8.148	-8.355	-1.312	0.117	-0.068	-0.144	0.000000	0.000000
1580127983826	1580127983826	-8.272	-8.290	-1.451	0.211	-0.046	-0.173	0.000000	0.000000
1580127983848	1580127983846	-8.344	-8.499	-1.224	0.204	0.017	-0.170	0.000000	0.000000
1580127983869	1580127983869	-8.402	-8.619	-1.181	0.157	0.012	-0.155	0.000000	0.000000
1580127983888	1580127983887	-8.493	-8.736	-1.276	0.151	-0.012	-0.141	0.000000	0.000000
1580127983907	1580127983907	-8.603	-8.918	-1.360	0.130	-0.023	-0.098	0.000000	0.000000
1580127983926	1580127983926	-8.701	-9.052	-1.327	0.072	-0.060	-0.046	0.000000	0.000000
1580127983948	1580127983945	-8.852	-9.057	-1.092	0.017	-0.100	-0.016	0.000000	0.000000
1580127983969	1580127983968	-8.732	-9.150	-1.042	0.033	-0.082	-0.016	0.000000	0.000000
1580127983996	1580127983987	-8.716	-9.249	-1.260	0.064	0.017	-0.036	0.000000	0.000000
1580127984010	1580127984006	-8.807	-9.337	-1.260	0.028	0.112	-0.039	0.000000	0.000000
1580127984026	1580127984025	-8.632	-9.174	-1.228	-0.019	0.144	-0.019	0.000000	0.000000
1580127984045	1580127984045	-8.256	-9.081	-1.243	-0.064	0.147	0.058	0.000000	0.000000
1580127984065	1580127984064	-8.059	-9.016	-1.413	-0.110	0.127	0.126	0.000000	0.000000
1580127984084	1580127984083	-7.822	-8.968	-1.470	-0.154	0.081	0.179	0.000000	0.000000
1580127984105	1580127984105	-7.844	-8.997	-1.308	-0.218	0.028	0.226	0.000000	0.000000
1580127984125	1580127984124	-8.208	-8.980	-1.226	-0.244	-0.038	0.269	0.000000	0.000000
1580127984144	1580127984144	-8.502	-9.009	-1.343	-0.235	-0.096	0.335	0.000000	0.000000
1580127984165	1580127984164	-8.617	-8.815	-1.379	-0.297	-0.179	0.454	0.000000	0.000000
1580127984185	1580127984184	-8.500	-8.530	-1.296	-0.430	-0.282	0.580	0.000000	0.000000
1580127984206	1580127984206	-8.239	-8.161	-1.490	-0.537	-0.398	0.716	0.000000	0.000000
1580127984227	1580127984224	-8.011	-7.641	-1.746	-0.627	-0.491	0.802	0.000000	0.000000
1580127984245	1580127984243	-7.932	-7.174	-1.892	-0.674	-0.530	0.840	0.000000	0.000000
1580127984264	1580127984264	-7.877	-6.637	-1.791	-0.709	-0.556	0.829	0.000000	0.000000
1580127984284	1580127984283	-7.975	-6.146	-1.830	-0.751	-0.620	0.811	0.000000	0.000000
1580127984304	1580127984304	-8.071	-5.670	-2.163	-0.796	-0.691	0.840	0.000000	0.000000
1580127984330	1580127984323	-8.423	-5.452	-2.347	-0.971	-0.779	0.857	0.000000	0.000000
1580127984343	1580127984343	-8.608	-5.387	-2.426	-1.259	-0.931	0.834	0.000000	0.000000
1580127984363	1580127984363	-8.864	-5.133	-2.654	-1.575	-1.088	0.861	0.000000	0.000000
1580127984387	1580127984387	-8.804	-4.470	-3.193	-2.098	-1.214	0.890	0.000000	0.000000
1580127984405	1580127984404	-8.632	-3.739	-3.459	-2.743	-1.277	0.956	0.000000	0.000000
1580127984426	1580127984424	-8.395	-3.490	-3.523	-3.329	-1.429	0.978	0.000000	0.000000
1580127984444	1580127984443	-8.066	-3.722	-3.734	-3.688	-1.465	0.848	0.000000	0.000000
1580127984464	1580127984462	-7.789	-3.820	-3.993	-4.093	-1.401	0.735	0.000000	0.000000
1580127984484	1580127984482	-7.240	-4.153	-4.673	-4.494	-1.156	0.619	0.000000	0.000000
1580127984504	1580127984504	-7.173	-4.072	-4.910	-5.136	-0.817	0.449	0.000000	0.000000
1580127984526	1580127984524	-6.804	-3.849	-4.862	-6.336	-1.023	0.272	0.000000	0.000000
1580127984548	1580127984543	-5.851	-5.404	-4.386	-7.328	-1.232	-0.043	0.000000	0.000000
1580127984563	1580127984562	-5.496	-4.757	-3.207	-8.703	-1.387	-0.419	0.000000	0.000000
1580127984583	1580127984582	-4.603	-1.482	-2.936	-10.404	-1.531	-0.767	0.000000	0.000000
1580127984611	1580127984603	-3.323	-0.136	-3.986	-11.659	-0.792	-0.909	0.000000	0.000000
1580127984625	1580127984624	-3.366	-0.052	-6.005	-12.421	0.951	-0.882	0.000000	0.000000
1580127984642	1580127984642	-6.761	-2.143	-6.937	-11.023	2.094	-1.431	0.000000	0.000000
1580127984662	1580127984662	-7.456	-6.079	-4.568	-6.419	1.159	-2.106	0.000000	0.000000
1580127984683	1580127984681	-5.412	-7.251	-0.725	-3.208	0.687	-1.535	0.000000	0.000000
1580127984703	1580127984702	-6.629	-5.179	0.858	-1.627	0.876	-0.600	0.000000	0.000000
1580127984722	1580127984722	-7.932	-2.800	0.079	-0.018	0.984	-0.284	0.000000	0.000000
1580127984749	1580127984741	-8.569	-0.771	-2.489	0.108	0.906	0.039	0.000000	0.000000
1580127984762	1580127984761	-8.831	-1.753	-5.909	0.782	0.728	0.432	0.000000	0.000000
1580127984782	1580127984781	-9.250	-3.851	-6.935	1.974	0.384	0.579	0.000000	0.000000
1580127984806	1580127984803	-8.862	-2.591	-5.629	2.035	0.003	0.578	0.000000	0.000000
1580127984828	1580127984823	-8.383	-1.384	-5.471	1.931	0.102	0.548	0.000000	0.000000
1580127984843	1580127984843	-8.651	-1.604	-6.307	2.233	0.128	0.549	0.000000	0.000000
1580127984862	1580127984861	-7.894	-0.426	-6.187	2.862	-0.240	0.716	0.000000	0.000000
1580127984882	1580127984881	-7.228	1.181	-5.845	3.005	-0.461	0.802	0.000000	0.000000
1580127984902	1580127984901	-7.688	1.680	-6.039	2.685	-0.459	0.454	0.000000	0.000000
1580127984923	1580127984923	-8.026	1.847	-6.465	1.827	-0.586	-0.121	0.000000	0.000000
1580127984941	1580127984941	-8.548	0.688	-6.678	1.342	-0.948	-0.537	0.000000	0.000000
1580127984962	1580127984961	-8.483	-0.402	-7.318	1.645	-1.797	-0.877	0.000000	0.000000
1580127984981	1580127984980	-8.955	0.195	-6.202	1.176	-2.385	-1.171	0.000000	0.000000
1580127985001	1580127984999	-9.901	-0.771	-2.433	0.191	-1.809	-1.129	0.000000	0.000000
1580127985025	1580127985024	-10.091	-2.613	-1.085	-0.226	-0.681	-0.552	0.000000	0.000000
1580127985043	1580127985041	-11.291	-2.067	-2.419	-0.108	0.289	-0.206	0.000000	0.000000
1580127985061	1580127985061	-11.732	-1.039	-3.744	-0.106	0.516	-0.240	0.000000	0.000000
1580127985081	1580127985080	-10.237	-1.372	-3.720	-0.491	0.342	-0.418	0.000000	0.000000
1580127985101	1580127985101	-8.962	-2.405	-3.586	-0.890	0.450	-0.432	0.000000	0.000000
1580127985122	1580127985122	-9.065	-2.421	-4.185	-1.145	0.764	-0.327	0.000000	0.000000
1580127985141	1580127985140	-9.482	-1.925	-5.239	-1.498	0.849	-0.225	0.000000	0.000000
1580127985161	1580127985160	-9.851	-2.110	-6.417	-1.593	0.781	-0.403	0.000000	0.000000
1580127985180	1580127985180	-9.777	-3.171	-6.039	-1.051	0.622	-0.749	0.000000	0.000000
1580127985200	1580127985199	-8.325	-2.659	-4.314	-1.391	0.971	-0.403	0.000000	0.000000
1580127985222	1580127985221	-9.959	-1.583	-5.284	-2.267	2.215	0.105	0.000000	0.000000
1580127985246	1580127985241	-11.861	-1.394	-6.949	-2.382	2.308	-0.413	0.000000	0.000000
1580127985269	1580127985260	-9.966	-2.517	-7.792	-2.446	1.872	-0.826	0.000000	0.000000
1580127985280	1580127985279	-9.585	-3.114	-9.117	-1.954	1.936	-0.788	0.000000	0.000000
1580127985301	1580127985299	-9.080	-2.596	-9.469	-1.204	1.615	-0.664	0.000000	0.000000
1580127985320	1580127985320	-7.595	-2.223	-9.833	-1.066	1.516	-0.765	0.000000	0.000000
1580127985341	1580127985341	-6.960	-1.315	-10.410	-1.745	1.692	-1.163	0.000000	0.000000
1580127985361	1580127985360	-6.030	-1.365	-8.585	-2.103	1.337	-1.657	0.000000	0.000000
1580127985381	1580127985380	-3.982	-2.714	-5.687	-1.810	0.965	-1.509	0.000000	0.000000
1580127985400	1580127985399	-2.844	-1.743	-3.133	-1.132	0.634	-0.912	0.000000	0.000000
1580127985421	1580127985420	-2.885	-0.481	-3.353	-0.468	0.566	-0.413	0.000000	0.000000
1580127985442	1580127985440	-3.457	-0.170	-4.680	-0.170	0.390	-0.325	0.000000	0.000000
1580127985461	1580127985460	-3.721	-0.476	-6.659	0.050	0.199	-0.119	0.000000	0.000000
1580127985482	1580127985480	-4.943	-2.086	-6.408	0.442	0.107	0.375	0.000000	0.000000
1580127985501	1580127985499	-6.380	-5.114	-4.958	1.150	-0.213	1.035	0.000000	0.000000
1580127985525	1580127985525	-7.278	-6.877	-3.370	2.118	-0.782	1.666	0.000000	0.000000
1580127985548	1580127985548	-7.154	-5.519	-4.084	3.433	-0.938	2.099	0.000000	0.000000
1580127985561	1580127985560	-7.015	-4.084	-6.063	5.627	-1.031	3.028	0.000000	0.000000
1580127985584	1580127985583	-6.576	-2.558	-8.329	7.803	-1.470	3.101	0.000000	0.000000
1580127985601	1580127985599	-7.171	-1.743	-8.849	8.869	-2.223	2.659	0.000000	0.000000
1580127985620	1580127985620	-7.901	-2.493	-8.293	8.592	-2.873	1.920	0.000000	0.000000
1580127985641	1580127985639	-6.581	-5.516	-7.476	8.290	-2.329	1.618	0.000000	0.000000
1580127985665	1580127985665	-4.686	-7.701	-5.984	8.597	-0.613	1.873	0.000000	0.000000
1580127985680	1580127985680	-5.910	-6.546	-5.090	7.579	1.202	2.266	0.000000	0.000000
1580127985700	1580127985699	-8.033	-5.650	-5.655	6.623	2.069	2.458	0.000000	0.000000
1580127985720	1580127985719	-7.398	-7.160	-4.937	6.696	1.994	1.946	0.000000	0.000000
1580127985742	1580127985738	-6.423	-7.907	-4.680	5.972	2.130	1.489	0.000000	0.000000
1580127985760	1580127985760	-7.868	-6.867	-4.108	5.487	2.347	1.297	0.000000	0.000000
1580127985779	1580127985779	-8.610	-5.109	-3.519	5.022	2.025	1.030	0.000000	0.000000
1580127985804	1580127985804	-7.875	-3.607	-3.142	3.882	1.589	0.462	0.000000	0.000000
1580127985819	1580127985818	-8.145	-2.211	-3.188	2.306	1.316	-0.211	0.000000	0.000000
1580127985840	1580127985838	-9.283	-0.977	-3.784	1.011	0.978	-0.500	0.000000	0.000000
1580127985863	1580127985861	-10.225	1.035	-3.921	0.387	0.280	-0.506	0.000000	0.000000
1580127985879	1580127985879	-9.803	0.405	-4.424	1.633	0.425	-0.085	0.000000	0.000000
1580127985898	1580127985898	-9.635	-1.547	-5.392	2.407	1.184	0.052	0.000000	0.000000
1580127985919	1580127985918	-8.847	-4.388	-5.210	1.654	1.179	-0.302	0.000000	0.000000
1580127985939	1580127985938	-6.936	-6.487	-2.881	1.099	0.703	-0.542	0.000000	0.000000
1580127985964	1580127985964	-5.223	-6.520	-1.358	0.562	0.750	-0.622	0.000000	0.000000
1580127985980	1580127985977	-5.086	-6.985	-1.413	0.043	1.114	-0.526	0.000000	0.000000
1580127986001	1580127985997	-6.162	-5.159	-1.518	0.000	1.292	-0.473	0.000000	0.000000
