1580128115457	1580128115454	-1.098	6.801	6.840	-0.036	0.001	0.060	0.000000	0.000000
1580128115472	1580128115472	-1.072	6.900	6.813	-0.078	0.004	0.045	0.000000	0.000000
1580128115492	1580128115491	-1.072	6.868	6.859	-0.079	0.000	0.060	0.000000	0.000000
1580128115512	1580128115511	-1.108	6.864	6.866	-0.065	-0.015	0.069	0.000000	0.000000
1580128115531	1580128115530	-1.067	6.952	6.849	-0.032	-0.009	0.056	0.000000	0.000000
1580128115555	1580128115552	-1.012	7.026	6.861	-0.037	0.002	0.027	0.000000	0.000000
1580128115573	1580128115570	-0.961	7.055	6.856	-0.023	-0.016	0.041	0.000000	0.000000
1580128115592	1580128115591	-1.012	6.933	6.847	-0.019	-0.029	0.072	0.000000	0.000000
1580128115612	1580128115611	-1.038	6.847	6.902	-0.009	-0.028	0.063	0.000000	0.000000
1580128115632	1580128115631	-0.961	6.943	6.892	0.000	-0.015	0.023	0.000000	0.000000
1580128115652	1580128115652	-0.921	7.036	6.875	-0.016	-0.007	0.007	0.000000	0.000000
1580128115671	1580128115670	-0.981	7.005	6.830	-0.029	-0.038	0.046	0.000000	0.000000
1580128115691	1580128115690	-1.012	6.923	6.741	-0.030	-0.068	0.054	0.000000	0.000000
1580128115711	1580128115710	-0.906	6.866	6.710	-0.015	-0.063	0.023	0.000000	0.000000
1580128115732	1580128115732	-0.901	6.955	6.732	0.008	-0.046	0.009	0.000000	0.000000
1580128115754	1580128115752	-0.949	7.022	6.710	-0.009	-0.048	0.012	0.000000	0.000000
1580128115772	1580128115770	-0.964	7.129	6.713	-0.040	-0.068	-0.001	0.000000	0.000000
1580128115790	1580128115790	-0.894	7.185	6.614	-0.080	-0.063	-0.020	0.000000	0.000000
1580128115811	1580128115810	-0.772	7.101	6.557	-0.106	-0.062	-0.020	0.000000	0.000000
1580128115832	1580128115830	-0.839	7.115	6.543	-0.079	-0.062	0.023	0.000000	0.000000
1580128115850	1580128115850	-1.000	7.103	6.564	-0.077	-0.050	0.042	0.000000	0.000000
1580128115870	1580128115869	-0.940	6.957	6.535	-0.138	-0.061	0.012	0.000000	0.000000
1580128115891	1580128115889	-0.830	6.847	6.396	-0.200	-0.070	0.023	0.000000	0.000000
1580128115910	1580128115910	-0.806	6.672	6.217	-0.259	-0.077	0.054	0.000000	0.000000
1580128115930	1580128115929	-0.767	6.545	6.262	-0.288	-0.090	0.064	0.000000	0.000000
1580128115954	1580128115953	-0.765	6.557	6.483	-0.283	-0.080	0.052	0.000000	0.000000
1580128115970	1580128115969	-0.861	6.571	6.720	-0.251	-0.047	0.021	0.000000	0.000000
1580128115990	1580128115989	-0.923	6.538	6.919	-0.198	-0.029	-0.001	0.000000	0.000000
1580128116010	1580128116009	-0.794	6.502	6.998	-0.144	-0.021	-0.034	0.000000	0.000000
1580128116030	1580128116029	-0.597	6.375	6.921	-0.161	-0.009	-0.044	0.000000	0.000000
1580128116050	1580128116049	-0.592	6.291	6.856	-0.242	-0.013	-0.026	0.000000	0.000000
1580128116070	1580128116068	-0.707	6.145	6.763	-0.333	-0.029	-0.002	0.000000	0.000000
1580128116089	1580128116088	-0.751	6.114	6.602	-0.382	-0.038	0.008	0.000000	0.000000
1580128116110	1580128116108	-0.681	6.234	6.509	-0.379	-0.017	-0.012	0.000000	0.000000
1580128116130	1580128116128	-0.590	6.102	6.507	-0.365	0.004	0.008	0.000000	0.000000
1580128116149	1580128116148	-0.650	5.881	6.705	-0.325	-0.014	0.079	0.000000	0.000000
1580128116173	1580128116172	-0.765	5.764	6.796	-0.306	-0.030	0.112	0.000000	0.000000
1580128116190	1580128116188	-0.739	5.663	6.693	-0.337	-0.028	0.097	0.000000	0.000000
1580128116209	1580128116208	-0.614	5.661	6.456	-0.383	-0.015	0.094	0.000000	0.000000
1580128116229	1580128116228	-0.592	5.572	6.296	-0.403	0.005	0.138	0.000000	0.000000
1580128116248	1580128116248	-0.648	5.350	6.214	-0.414	-0.015	0.190	0.000000	0.000000
1580128116269	1580128116269	-0.825	5.072	6.061	-0.422	-0.056	0.243	0.000000	0.000000
1580128116290	1580128116288	-0.820	4.751	6.111	-0.415	-0.061	0.215	0.000000	0.000000
1580128116309	1580128116308	-0.693	4.585	6.289	-0.359	-0.018	0.134	0.000000	0.000000
1580128116329	1580128116328	-0.516	4.449	6.322	-0.294	0.031	0.086	0.000000	0.000000
1580128116351	1580128116351	-0.396	4.435	6.231	-0.345	0.054	0.035	0.000000	0.000000
1580128116374	1580128116369	-0.322	4.494	6.212	-0.451	0.109	-0.007	0.000000	0.000000
1580128116390	1580128116389	-0.365	4.437	6.265	-0.477	0.193	-0.034	0.000000	0.000000
1580128116408	1580128116408	-0.557	4.248	6.370	-0.391	0.212	-0.020	0.000000	0.000000
1580128116429	1580128116427	-0.619	4.159	6.435	-0.321	0.150	-0.022	0.000000	0.000000
1580128116448	1580128116447	-0.530	4.279	6.543	-0.328	0.112	-0.079	0.000000	0.000000
1580128116468	1580128116467	-0.523	4.461	6.734	-0.393	0.118	-0.111	0.000000	0.000000
1580128116488	1580128116488	-0.545	4.712	6.794	-0.428	0.040	-0.093	0.000000	0.000000
1580128116509	1580128116507	-0.525	4.887	6.938	-0.394	-0.188	-0.067	0.000000	0.000000
1580128116528	1580128116527	-0.494	4.478	7.357	-0.319	-0.425	0.032	0.000000	0.000000
1580128116552	1580128116552	-0.358	3.393	7.910	-0.171	-0.401	0.249	0.000000	0.000000
1580128116571	1580128116570	-0.657	2.954	8.567	0.026	-0.118	0.354	0.000000	0.000000
1580128116590	1580128116590	-1.067	3.505	8.907	0.020	0.051	0.267	0.000000	0.000000
1580128116608	1580128116608	-0.897	4.447	8.916	-0.268	-0.077	0.105	0.000000	0.000000
1580128116628	1580128116628	-0.386	4.547	8.792	-0.635	-0.259	-0.030	0.000000	0.000000
1580128116647	1580128116648	-0.053	3.836	8.370	-0.668	-0.404	-0.058	0.000000	0.000000
1580128116674	1580128116674	-0.159	3.321	8.363	-0.276	-0.314	-0.003	0.000000	0.000000
1580128116688	1580128116688	-0.501	4.078	8.790	0.160	-0.056	-0.135	0.000000	0.000000
1580128116710	1580128116710	-0.557	5.007	9.237	0.229	0.019	-0.196	0.000000	0.000000
1580128116728	1580128116728	-0.379	5.043	9.546	-0.040	-0.097	-0.116	0.000000	0.000000
1580128116747	1580128116747	-0.386	4.677	9.535	-0.270	-0.178	-0.062	0.000000	0.000000
1580128116772	1580128116772	-0.473	4.497	9.374	-0.310	-0.163	-0.061	0.000000	0.000000
1580128116793	1580128116787	-0.569	4.667	9.357	-0.239	-0.123	-0.072	0.000000	0.000000
1580128116810	1580128116807	-0.662	4.844	9.491	-0.204	-0.089	-0.072	0.000000	0.000000
1580128116827	1580128116827	-0.784	4.789	9.719	-0.213	-0.079	-0.060	0.000000	0.000000
1580128116847	1580128116847	-0.782	4.847	9.796	-0.211	-0.085	-0.081	0.000000	0.000000
1580128116873	1580128116866	-0.504	5.204	9.899	-0.198	-0.091	-0.139	0.000000	0.000000
1580128116891	1580128116886	-0.159	5.156	10.016	-0.152	-0.095	-0.125	0.000000	0.000000
1580128116906	1580128116905	0.009	5.043	10.325	-0.082	-0.073	-0.080	0.000000	0.000000
1580128116926	1580128116925	-0.125	5.208	10.725	-0.088	-0.036	-0.044	0.000000	0.000000
1580128116945	1580128116945	-0.214	5.338	11.116	-0.164	-0.044	-0.022	0.000000	0.000000
1580128116965	1580128116965	-0.159	5.314	11.240	-0.177	-0.069	-0.024	0.000000	0.000000
1580128116986	1580128116985	-0.197	5.304	11.238	-0.098	-0.057	-0.024	0.000000	0.000000
1580128117005	1580128117005	-0.288	5.467	11.326	0.012	-0.033	-0.068	0.000000	0.000000
1580128117026	1580128117026	-0.348	5.723	11.427	0.081	-0.035	-0.119	0.000000	0.000000
1580128117045	1580128117045	-0.384	5.735	11.391	0.106	-0.035	-0.106	0.000000	0.000000
1580128117066	1580128117066	-0.425	5.457	11.346	0.107	-0.023	-0.065	0.000000	0.000000
1580128117092	1580128117092	-0.533	5.158	11.324	0.099	-0.015	-0.053	0.000000	0.000000
1580128117106	1580128117105	-0.554	5.103	11.403	0.086	-0.008	-0.092	0.000000	0.000000
1580128117125	1580128117125	-0.418	5.177	11.472	0.085	-0.022	-0.111	0.000000	0.000000
1580128117145	1580128117144	-0.360	5.316	11.463	0.090	-0.063	-0.083	0.000000	0.000000
1580128117166	1580128117165	-0.257	5.601	11.393	0.081	-0.122	-0.074	0.000000	0.000000
1580128117187	1580128117185	-0.113	5.834	11.262	0.093	-0.151	-0.065	0.000000	0.000000
1580128117206	1580128117205	0.088	5.814	11.108	0.126	-0.163	-0.038	0.000000	0.000000
1580128117226	1580128117224	0.284	5.587	11.101	0.143	-0.164	-0.018	0.000000	0.000000
1580128117245	1580128117245	0.215	5.383	11.120	0.125	-0.121	-0.004	0.000000	0.000000
1580128117266	1580128117265	0.200	5.321	11.116	0.076	-0.094	-0.032	0.000000	0.000000
1580128117291	1580128117291	0.052	5.266	10.886	0.027	-0.073	-0.004	0.000000	0.000000
1580128117305	1580128117305	-0.216	5.132	10.610	-0.045	-0.057	0.056	0.000000	0.000000
1580128117325	1580128117324	-0.384	4.962	10.471	-0.102	-0.044	0.061	0.000000	0.000000
1580128117346	1580128117344	-0.504	5.112	10.490	-0.047	-0.002	0.036	0.000000	0.000000
1580128117364	1580128117364	-0.456	5.342	10.457	0.081	0.047	0.015	0.000000	0.000000
1580128117393	1580128117392	-0.283	5.275	10.430	0.146	0.078	0.014	0.000000	0.000000
1580128117412	1580128117409	-0.133	5.089	10.232	0.125	0.102	0.004	0.000000	0.000000
1580128117424	1580128117424	-0.065	4.815	9.982	0.026	0.104	-0.001	0.000000	0.000000
1580128117444	1580128117444	-0.152	4.557	9.712	-0.041	0.104	0.024	0.000000	0.000000
1580128117465	1580128117464	-0.233	4.288	9.535	-0.005	0.103	0.044	0.000000	0.000000
1580128117489	1580128117489	-0.291	4.126	9.489	0.053	0.097	0.045	0.000000	0.000000
1580128117505	1580128117505	-0.336	4.248	9.290	0.063	0.074	0.038	0.000000	0.000000
1580128117524	1580128117523	-0.279	4.344	8.964	0.008	0.026	0.038	0.000000	0.000000
1580128117553	1580128117552	-0.255	4.202	8.770	-0.012	-0.019	0.060	0.000000	0.000000
1580128117575	1580128117572	-0.207	4.087	8.572	0.029	-0.047	0.080	0.000000	0.000000
1580128117585	1580128117585	-0.128	4.032	8.373	0.063	-0.042	0.079	0.000000	0.000000
1580128117608	1580128117604	-0.164	3.711	8.217	0.042	-0.018	0.097	0.000000	0.000000
1580128117624	1580128117621	-0.295	3.347	7.894	-0.019	-0.019	0.138	0.000000	0.000000
1580128117648	1580128117646	-0.420	3.378	7.707	-0.061	-0.014	0.117	0.000000	0.000000
1580128117664	1580128117661	-0.262	3.321	7.743	-0.001	-0.007	0.068	0.000000	0.000000
1580128117684	1580128117681	-0.125	3.266	7.460	0.050	-0.036	0.069	0.000000	0.000000
1580128117709	1580128117703	-0.089	3.366	6.988	-0.026	-0.074	0.094	0.000000	0.000000
1580128117723	1580128117721	-0.027	3.407	6.701	-0.127	-0.076	0.070	0.000000	0.000000
1580128117742	1580128117741	0.054	3.246	6.566	-0.121	-0.039	0.024	0.000000	0.000000
1580128117763	1580128117761	0.050	3.175	6.459	-0.023	-0.006	0.029	0.000000	0.000000
1580128117783	1580128117781	-0.087	3.440	6.528	0.089	0.037	-0.012	0.000000	0.000000
1580128117803	1580128117803	-0.204	3.812	6.562	0.150	0.091	-0.080	0.000000	0.000000
1580128117822	1580128117821	-0.109	4.003	6.571	0.178	0.104	-0.117	0.000000	0.000000
1580128117842	1580128117840	0.078	3.809	6.593	0.215	0.106	-0.156	0.000000	0.000000
1580128117863	1580128117860	0.042	3.582	6.624	0.310	0.157	-0.182	0.000000	0.000000
1580128117882	1580128117880	-0.185	3.893	6.875	0.466	0.238	-0.250	0.000000	0.000000
1580128117908	1580128117906	-0.293	4.351	7.285	0.572	0.282	-0.345	0.000000	0.000000
1580128117922	1580128117920	-0.374	4.748	7.391	0.603	0.258	-0.370	0.000000	0.000000
1580128117942	1580128117940	-0.305	4.669	7.240	0.544	0.161	-0.321	0.000000	0.000000
1580128117962	1580128117960	-0.140	4.346	6.981	0.469	0.086	-0.271	0.000000	0.000000
1580128117981	1580128117980	-0.286	4.415	6.854	0.470	0.077	-0.226	0.000000	0.000000
1580128118002	1580128118002	-0.525	4.657	6.837	0.489	0.050	-0.187	0.000000	0.000000
1580128118023	1580128118023	-0.672	4.914	6.772	0.461	-0.003	-0.146	0.000000	0.000000
1580128118046	1580128118040	-0.736	5.170	6.765	0.404	-0.049	-0.120	0.000000	0.000000
1580128118062	1580128118059	-0.789	5.362	6.811	0.390	-0.074	-0.098	0.000000	0.000000
1580128118081	1580128118079	-0.830	5.477	6.885	0.424	-0.093	-0.074	0.000000	0.000000
1580128118104	1580128118104	-0.787	5.522	6.988	0.414	-0.104	-0.065	0.000000	0.000000
1580128118121	1580128118119	-0.772	5.548	6.971	0.341	-0.099	-0.067	0.000000	0.000000
1580128118140	1580128118139	-0.813	5.675	7.005	0.257	-0.099	-0.075	0.000000	0.000000
1580128118161	1580128118159	-0.897	5.747	6.990	0.183	-0.104	-0.074	0.000000	0.000000
1580128118181	1580128118179	-0.990	5.709	7.024	0.146	-0.112	-0.063	0.000000	0.000000
1580128118200	1580128118200	-0.959	5.623	7.060	0.127	-0.114	-0.076	0.000000	0.000000
1580128118222	1580128118221	-0.892	5.793	7.161	0.126	-0.100	-0.116	0.000000	0.000000
1580128118244	1580128118239	-0.875	6.044	7.355	0.114	-0.073	-0.140	0.000000	0.000000
1580128118261	1580128118259	-0.870	6.229	7.472	0.083	-0.065	-0.136	0.000000	0.000000
1580128118280	1580128118278	-0.868	6.382	7.460	0.040	-0.046	-0.116	0.000000	0.000000
1580128118302	1580128118298	-0.904	6.411	7.477	-0.002	0.002	-0.085	0.000000	0.000000
1580128118325	1580128118325	-0.959	6.413	7.606	-0.003	0.063	-0.070	0.000000	0.000000
1580128118342	1580128118338	-0.969	6.361	7.695	0.032	0.104	-0.044	0.000000	0.000000
1580128118360	1580128118358	-0.925	6.205	7.750	0.078	0.118	0.002	0.000000	0.000000
1580128118380	1580128118378	-0.870	6.044	7.769	0.129	0.122	0.047	0.000000	0.000000
1580128118400	1580128118398	-0.885	6.092	7.738	0.178	0.149	0.064	0.000000	0.000000
1580128118420	1580128118420	-0.930	6.114	7.628	0.185	0.176	0.089	0.000000	0.000000
1580128118442	1580128118440	-0.957	6.013	7.513	0.148	0.163	0.112	0.000000	0.000000
1580128118460	1580128118458	-0.933	5.958	7.450	0.138	0.164	0.119	0.000000	0.000000
1580128118479	1580128118478	-0.959	6.059	7.403	0.146	0.199	0.099	0.000000	0.000000
1580128118499	1580128118497	-0.985	6.157	7.347	0.123	0.202	0.092	0.000000	0.000000
1580128118525	1580128118525	-1.033	6.272	7.228	0.050	0.155	0.107	0.000000	0.000000
1580128118544	1580128118542	-1.064	6.298	7.096	-0.050	0.089	0.103	0.000000	0.000000
1580128118558	1580128118557	-0.997	6.147	6.986	-0.096	0.085	0.088	0.000000	0.000000
1580128118578	1580128118576	-1.014	5.929	6.808	-0.032	0.140	0.119	0.000000	0.000000
1580128118598	1580128118597	-1.175	5.929	6.749	0.087	0.150	0.138	0.000000	0.000000
1580128118619	1580128118619	-1.354	5.846	6.658	0.206	0.167	0.204	0.000000	0.000000
1580128118640	1580128118638	-1.460	5.774	6.377	0.363	0.212	0.271	0.000000	0.000000
1580128118663	1580128118658	-1.709	5.819	5.929	0.435	0.286	0.281	0.000000	0.000000
1580128118679	1580128118677	-1.896	5.817	6.097	0.332	0.488	0.242	0.000000	0.000000
1580128118699	1580128118697	-1.809	5.901	6.406	0.342	0.673	0.127	0.000000	0.000000
1580128118719	1580128118719	-1.896	5.817	6.509	0.614	0.724	0.214	0.000000	0.000000
1580128118741	1580128118737	-2.181	5.786	6.868	0.848	0.706	0.282	0.000000	0.000000
1580128118758	1580128118756	-2.396	6.126	7.036	0.787	0.748	0.183	0.000000	0.000000
1580128118778	1580128118776	-2.315	6.274	7.161	0.562	0.845	0.008	0.000000	0.000000
1580128118798	1580128118796	-1.975	6.739	7.300	0.309	0.812	-0.154	0.000000	0.000000
1580128118819	1580128118817	-1.984	6.940	8.004	0.027	0.754	-0.210	0.000000	0.000000
1580128118838	1580128118838	-3.604	6.698	10.579	-0.965	0.073	-1.974	0.000000	0.000000
1580128118861	1580128118861	-1.649	9.793	9.249	-2.409	-0.746	-3.291	0.000000	0.000000
1580128118877	1580128118876	0.526	9.285	11.262	-1.214	-0.447	-0.239	0.000000	0.000000
1580128118897	1580128118896	-0.039	11.813	13.202	-1.900	-1.588	1.586	0.000000	0.000000
1580128118920	1580128118919	-0.571	8.545	9.829	-4.581	-2.731	2.535	0.000000	0.000000
1580128118941	1580128118941	0.840	0.154	4.284	-4.555	-0.901	2.528	0.000000	0.000000
1580128118959	1580128118956	1.305	5.893	-2.012	0.480	2.976	3.262	0.000000	0.000000
1580128118977	1580128118975	-6.533	0.010	18.554	11.878	5.857	6.107	0.000000	0.000000
1580128118997	1580128118995	-2.238	9.793	9.082	2.885	-0.965	-0.540	0.000000	0.000000
1580128119017	1580128119016	3.372	11.523	4.744	2.574	-3.856	-2.846	0.000000	0.000000
1580128119037	1580128119037	0.814	9.245	4.322	4.657	-2.259	-0.539	0.000000	0.000000
1580128119061	1580128119061	-1.254	9.127	3.045	-0.956	1.068	1.101	0.000000	0.000000
1580128119081	1580128119076	-1.098	5.992	7.002	-1.016	2.271	0.021	0.000000	0.000000
1580128119097	1580128119095	-1.845	7.393	6.729	-0.211	1.534	-0.571	0.000000	0.000000
1580128119117	1580128119115	-0.863	8.790	5.544	-0.351	0.426	-0.710	0.000000	0.000000
1580128119137	1580128119137	0.064	7.218	5.625	-0.130	-0.193	0.179	0.000000	0.000000
1580128119160	1580128119156	-0.722	7.206	5.968	0.442	-0.259	0.947	0.000000	0.000000
1580128119177	1580128119174	-1.745	7.716	5.613	0.496	0.044	0.738	0.000000	0.000000
1580128119196	1580128119194	-1.517	7.125	5.350	0.223	0.361	0.303	0.000000	0.000000
1580128119216	1580128119215	-0.851	7.055	5.536	0.255	0.422	0.058	0.000000	0.000000
1580128119237	1580128119237	-0.657	7.398	5.268	0.208	0.342	0.047	0.000000	0.000000
1580128119258	1580128119255	-0.688	7.149	5.189	0.077	0.195	0.181	0.000000	0.000000
1580128119280	1580128119274	-0.564	6.940	5.029	-0.045	0.035	0.141	0.000000	0.000000
1580128119296	1580128119294	-0.171	6.820	4.633	-0.194	0.020	-0.063	0.000000	0.000000
1580128119316	1580128119314	0.215	6.602	4.339	-0.221	0.120	-0.221	0.000000	0.000000
1580128119337	1580128119336	0.404	6.543	4.336	-0.149	0.162	-0.311	0.000000	0.000000
1580128119364	1580128119358	0.404	6.523	4.446	-0.113	0.111	-0.332	0.000000	0.000000
1580128119377	1580128119374	0.174	6.519	4.540	-0.104	0.066	-0.300	0.000000	0.000000
1580128119396	1580128119394	-0.312	6.622	4.475	-0.115	0.102	-0.294	0.000000	0.000000
1580128119415	1580128119414	-0.854	6.674	4.676	-0.119	0.153	-0.360	0.000000	0.000000
1580128119435	1580128119433	-1.230	6.799	4.847	-0.099	0.163	-0.482	0.000000	0.000000
1580128119456	1580128119454	-1.407	6.713	4.777	-0.047	0.160	-0.538	0.000000	0.000000
1580128119477	1580128119473	-1.397	6.394	4.789	0.004	0.100	-0.480	0.000000	0.000000
1580128119495	1580128119494	-1.199	6.157	4.914	0.062	-0.012	-0.320	0.000000	0.000000
1580128119518	1580128119514	-1.258	6.032	5.084	0.085	-0.091	-0.054	0.000000	0.000000
1580128119536	1580128119536	-1.620	5.721	4.894	0.077	-0.153	0.309	0.000000	0.000000
1580128119562	1580128119555	-1.850	5.422	5.091	0.058	-0.255	0.604	0.000000	0.000000
1580128119578	1580128119575	-2.054	5.359	5.278	0.066	-0.326	0.775	0.000000	0.000000
1580128119594	1580128119594	-2.269	5.419	5.378	0.157	-0.294	0.887	0.000000	0.000000
1580128119616	1580128119614	-2.178	5.601	5.302	0.488	-0.188	0.788	0.000000	0.000000
1580128119634	1580128119634	-1.881	6.159	5.091	1.067	-0.009	0.543	0.000000	0.000000
1580128119657	1580128119657	-1.891	7.026	5.182	1.641	0.111	0.401	0.000000	0.000000
1580128119678	1580128119678	-1.836	7.573	5.122	1.891	-0.020	0.423	0.000000	0.000000
1580128119700	1580128119694	-1.467	7.652	5.112	1.587	-0.214	0.376	0.000000	0.000000
1580128119713	1580128119713	-1.060	7.542	5.172	0.944	-0.140	0.195	0.000000	0.000000
1580128119734	1580128119733	-0.767	7.180	5.041	0.450	0.070	0.080	0.000000	0.000000
1580128119762	1580128119756	-0.540	7.053	5.084	0.249	0.135	0.014	0.000000	0.000000
1580128119777	1580128119773	-0.506	7.268	5.323	0.291	0.128	0.042	0.000000	0.000000
1580128119794	1580128119793	-0.652	7.585	5.467	0.298	0.106	0.126	0.000000	0.000000
1580128119815	1580128119813	-0.789	7.884	5.438	0.112	0.048	0.133	0.000000	0.000000
1580128119834	1580128119833	-0.885	7.966	5.412	-0.116	-0.004	0.104	0.000000	0.000000
1580128119857	1580128119858	-0.890	8.045	5.438	-0.223	-0.062	0.027	0.000000	0.000000
1580128119876	1580128119872	-0.985	8.505	5.568	-0.162	-0.124	-0.126	0.000000	0.000000
1580128119897	1580128119892	-1.067	8.861	5.568	0.066	-0.191	-0.259	0.000000	0.000000
1580128119913	1580128119912	-1.117	9.003	5.402	0.309	-0.285	-0.305	0.000000	0.000000
1580128119934	1580128119932	-1.175	9.252	5.390	0.375	-0.350	-0.336	0.000000	0.000000
1580128119953	1580128119952	-1.136	9.350	5.429	0.263	-0.332	-0.391	0.000000	0.000000
1580128119975	1580128119975	-1.067	9.475	5.450	0.150	-0.249	-0.452	0.000000	0.000000
1580128119994	1580128119994	-1.335	9.484	5.299	0.175	-0.197	-0.441	0.000000	0.000000
1580128120015	1580128120012	-1.656	9.353	4.952	0.326	-0.249	-0.301	0.000000	0.000000
1580128120032	1580128120032	-1.773	9.784	5.045	0.404	-0.253	-0.267	0.000000	0.000000
1580128120054	1580128120053	-1.716	10.208	5.170	0.212	-0.219	-0.272	0.000000	0.000000
1580128120073	1580128120071	-1.668	9.987	4.997	-0.032	-0.270	-0.141	0.000000	0.000000
1580128120093	1580128120091	-1.704	9.688	4.734	-0.128	-0.286	-0.062	0.000000	0.000000
1580128120112	1580128120112	-1.496	9.853	4.758	-0.095	-0.188	-0.176	0.000000	0.000000
1580128120132	1580128120132	-1.213	10.102	4.736	-0.040	-0.088	-0.264	0.000000	0.000000
1580128120152	1580128120151	-1.122	10.102	4.703	0.016	-0.053	-0.204	0.000000	0.000000
1580128120177	1580128120172	-1.143	10.078	4.897	0.060	0.015	-0.141	0.000000	0.000000
1580128120196	1580128120191	-1.299	10.119	5.297	0.053	0.127	-0.111	0.000000	0.000000
1580128120213	1580128120211	-1.575	10.505	5.774	0.010	0.223	-0.091	0.000000	0.000000
1580128120232	1580128120231	-1.690	10.560	5.639	-0.026	0.255	-0.042	0.000000	0.000000
1580128120253	1580128120251	-1.721	10.550	5.649	-0.080	0.230	-0.030	0.000000	0.000000
1580128120281	1580128120281	-1.903	10.526	5.917	-0.184	0.194	-0.032	0.000000	0.000000
1580128120293	1580128120291	-1.972	10.555	6.075	-0.265	0.134	-0.057	0.000000	0.000000
1580128120315	1580128120315	-2.092	10.737	6.487	-0.208	0.124	-0.122	0.000000	0.000000
1580128120331	1580128120331	-2.241	10.895	6.483	0.015	0.128	-0.157	0.000000	0.000000
1580128120352	1580128120351	-2.200	11.072	6.037	0.193	0.091	-0.172	0.000000	0.000000
1580128120371	1580128120371	-2.087	11.171	5.920	0.131	0.015	-0.159	0.000000	0.000000
1580128120393	1580128120393	-1.991	11.089	5.948	-0.040	-0.082	-0.097	0.000000	0.000000
1580128120414	1580128120410	-1.967	10.833	5.984	-0.099	-0.132	-0.019	0.000000	0.000000
1580128120432	1580128120430	-1.821	10.457	5.704	-0.057	-0.127	0.036	0.000000	0.000000
1580128120451	1580128120450	-1.553	10.335	5.455	-0.049	-0.090	0.070	0.000000	0.000000
1580128120472	1580128120470	-1.560	10.213	5.445	-0.088	-0.056	0.134	0.000000	0.000000
1580128120493	1580128120492	-1.635	9.875	5.330	-0.068	-0.039	0.184	0.000000	0.000000
1580128120512	1580128120509	-1.481	9.793	5.225	-0.020	-0.014	0.126	0.000000	0.000000
1580128120530	1580128120529	-1.393	9.796	5.376	-0.010	-0.007	0.088	0.000000	0.000000
1580128120553	1580128120549	-1.546	9.630	5.510	0.017	-0.021	0.138	0.000000	0.000000
1580128120571	1580128120569	-1.591	9.518	5.493	0.061	0.006	0.124	0.000000	0.000000
1580128120591	1580128120591	-1.424	9.518	5.431	0.035	0.040	0.089	0.000000	0.000000
1580128120612	1580128120610	-1.407	9.585	5.369	-0.084	0.052	0.078	0.000000	0.000000
1580128120630	1580128120628	-1.364	9.468	5.338	-0.183	0.030	0.055	0.000000	0.000000
1580128120650	1580128120648	-1.340	9.302	5.556	-0.145	0.032	0.034	0.000000	0.000000
1580128120677	1580128120671	-1.369	9.240	5.508	-0.051	0.048	0.051	0.000000	0.000000
1580128120690	1580128120688	-1.352	9.089	5.093	-0.048	0.034	0.095	0.000000	0.000000
1580128120709	1580128120707	-1.352	8.734	4.842	-0.180	-0.011	0.167	0.000000	0.000000
1580128120730	1580128120728	-1.258	8.121	4.454	-0.366	-0.083	0.256	0.000000	0.000000
1580128120750	1580128120748	-1.043	7.568	4.125	-0.596	-0.104	0.261	0.000000	0.000000
1580128120773	1580128120772	-1.012	7.297	4.358	-0.761	-0.080	0.238	0.000000	0.000000
1580128120790	1580128120790	-1.177	7.362	4.691	-0.646	-0.012	0.205	0.000000	0.000000
1580128120811	1580128120808	-1.119	7.398	4.739	-0.336	0.086	0.110	0.000000	0.000000
1580128120829	1580128120827	-1.067	7.534	4.751	-0.058	0.141	0.064	0.000000	0.000000
1580128120849	1580128120847	-1.122	7.649	4.777	0.043	0.147	0.085	0.000000	0.000000
1580128120869	1580128120867	-0.995	7.417	4.676	-0.051	0.128	0.119	0.000000	0.000000
1580128120889	1580128120889	-0.645	7.144	4.614	-0.225	0.101	0.144	0.000000	0.000000
1580128120909	1580128120907	-0.530	6.969	4.894	-0.374	0.090	0.169	0.000000	0.000000
1580128120929	1580128120927	-0.698	6.806	5.062	-0.350	0.093	0.186	0.000000	0.000000
1580128120949	1580128120947	-0.717	6.636	4.835	-0.227	0.069	0.190	0.000000	0.000000
1580128120969	1580128120967	-0.592	6.564	4.712	-0.192	0.001	0.191	0.000000	0.000000
1580128120989	1580128120989	-0.463	6.490	4.629	-0.326	-0.091	0.210	0.000000	0.000000
1580128121013	1580128121011	-0.317	6.217	4.456	-0.578	-0.191	0.259	0.000000	0.000000
1580128121030	1580128121027	-0.195	5.893	4.403	-0.802	-0.255	0.307	0.000000	0.000000
1580128121048	1580128121046	-0.231	5.723	4.461	-0.898	-0.254	0.323	0.000000	0.000000
1580128121069	1580128121067	-0.188	5.850	4.700	-0.875	-0.198	0.233	0.000000	0.000000
1580128121089	1580128121086	-0.192	5.877	5.088	-0.712	-0.126	0.146	0.000000	0.000000
1580128121108	1580128121107	-0.377	5.769	5.280	-0.311	-0.050	0.116	0.000000	0.000000
1580128121128	1580128121126	-0.564	5.999	5.330	0.243	0.062	0.014	0.000000	0.000000
1580128121148	1580128121146	-0.684	6.521	5.251	0.599	0.135	-0.125	0.000000	0.000000
1580128121168	1580128121166	-0.731	6.888	5.129	0.606	0.086	-0.206	0.000000	0.000000
1580128121188	1580128121186	-0.679	7.079	5.045	0.443	0.002	-0.234	0.000000	0.000000
1580128121213	1580128121207	-0.600	7.237	4.894	0.291	-0.051	-0.243	0.000000	0.000000
1580128121228	1580128121226	-0.489	7.527	4.739	0.177	-0.079	-0.275	0.000000	0.000000
1580128121248	1580128121246	-0.408	7.616	4.681	0.099	-0.098	-0.274	0.000000	0.000000
1580128121267	1580128121265	-0.473	7.585	4.621	0.098	-0.085	-0.253	0.000000	0.000000
1580128121290	1580128121287	-0.624	7.623	4.540	0.184	-0.030	-0.253	0.000000	0.000000
1580128121308	1580128121308	-0.722	7.841	4.621	0.269	0.024	-0.309	0.000000	0.000000
1580128121327	1580128121326	-0.803	8.042	4.686	0.297	0.050	-0.337	0.000000	0.000000
1580128121348	1580128121348	-0.904	8.138	4.636	0.279	0.065	-0.322	0.000000	0.000000
1580128121367	1580128121365	-0.945	8.109	4.595	0.232	0.090	-0.309	0.000000	0.000000
1580128121387	1580128121385	-1.021	8.176	4.631	0.211	0.103	-0.289	0.000000	0.000000
1580128121410	1580128121406	-1.139	8.207	4.672	0.214	0.102	-0.251	0.000000	0.000000
1580128121427	1580128121425	-1.275	8.234	4.686	0.216	0.085	-0.202	0.000000	0.000000
1580128121447	1580128121445	-1.443	8.397	4.698	0.221	0.069	-0.160	0.000000	0.000000
1580128121466	1580128121465	-1.608	8.399	4.708	0.218	0.044	-0.090	0.000000	0.000000
1580128121486	1580128121485	-1.699	8.526	4.784	0.180	0.002	-0.041	0.000000	0.000000
1580128121507	1580128121507	-1.635	8.658	4.916	0.085	-0.012	-0.031	0.000000	0.000000
1580128121526	1580128121525	-1.524	8.610	4.909	-0.001	0.012	-0.022	0.000000	0.000000
1580128121546	1580128121544	-1.500	8.579	4.832	-0.003	0.054	-0.005	0.000000	0.000000
1580128121566	1580128121564	-1.457	8.576	4.746	0.044	0.090	-0.008	0.000000	0.000000
1580128121585	1580128121584	-1.316	8.593	4.858	0.086	0.102	-0.012	0.000000	0.000000
1580128121607	1580128121607	-1.227	8.476	4.959	0.139	0.106	0.028	0.000000	0.000000
1580128121634	1580128121629	-1.196	8.330	4.926	0.191	0.123	0.083	0.000000	0.000000
1580128121646	1580128121645	-1.112	8.236	4.873	0.166	0.127	0.112	0.000000	0.000000
1580128121666	1580128121664	-1.050	8.181	4.890	0.056	0.096	0.138	0.000000	0.000000
1580128121685	1580128121683	-1.088	8.069	5.024	-0.041	0.063	0.158	0.000000	0.000000
1580128121709	1580128121704	-1.088	7.985	5.065	-0.065	0.041	0.142	0.000000	0.000000
1580128121725	1580128121724	-1.057	8.011	5.086	-0.016	0.029	0.104	0.000000	0.000000
1580128121746	1580128121744	-1.062	8.059	5.124	0.042	0.024	0.068	0.000000	0.000000
1580128121765	1580128121763	-1.072	8.104	5.122	0.072	0.018	0.045	0.000000	0.000000
1580128121785	1580128121783	-1.151	8.186	5.103	0.064	0.030	0.025	0.000000	0.000000
1580128121806	1580128121804	-1.215	8.282	5.124	0.056	0.024	0.006	0.000000	0.000000
1580128121825	1580128121825	-1.239	8.320	5.081	0.058	0.001	0.002	0.000000	0.000000
1580128121845	1580128121843	-1.254	8.387	4.988	0.068	-0.011	-0.007	0.000000	0.000000
1580128121865	1580128121863	-1.261	8.485	4.971	0.046	-0.024	-0.021	0.000000	0.000000
1580128121885	1580128121883	-1.242	8.605	4.911	-0.001	-0.047	-0.030	0.000000	0.000000
1580128121905	1580128121905	-1.227	8.519	4.803	-0.024	-0.057	-0.012	0.000000	0.000000
1580128121925	1580128121925	-1.141	8.528	4.825	-0.017	-0.055	-0.021	0.000000	0.000000
1580128121945	1580128121943	-1.172	8.543	4.894	-0.010	-0.013	-0.020	0.000000	0.000000
1580128121964	1580128121963	-1.230	8.471	4.875	0.031	0.019	-0.007	0.000000	0.000000
1580128121985	1580128121983	-1.203	8.430	4.897	0.066	0.025	-0.009	0.000000	0.000000
1580128122005	1580128122002	-1.218	8.445	5.031	0.061	0.020	-0.006	0.000000	0.000000
1580128122027	1580128122027	-1.196	8.399	5.012	0.020	-0.002	-0.002	0.000000	0.000000
1580128122047	1580128122042	-1.182	8.308	4.993	0.003	-0.029	0.011	0.000000	0.000000
1580128122064	1580128122062	-1.184	8.267	4.976	0.009	-0.055	0.029	0.000000	0.000000
1580128122085	1580128122083	-1.177	8.184	4.885	-0.013	-0.070	0.031	0.000000	0.000000
1580128122105	1580128122102	-1.131	8.073	4.777	-0.068	-0.082	0.013	0.000000	0.000000
1580128122129	1580128122128	-1.072	8.021	4.710	-0.093	-0.099	-0.019	0.000000	0.000000
1580128122143	1580128122142	-1.045	8.035	4.744	-0.066	-0.103	-0.055	0.000000	0.000000
1580128122163	1580128122162	-1.072	8.152	4.791	0.011	-0.090	-0.085	0.000000	0.000000
1580128122183	1580128122182	-1.134	8.322	4.868	0.065	-0.060	-0.117	0.000000	0.000000
1580128122204	1580128122202	-1.160	8.421	4.942	0.049	-0.049	-0.130	0.000000	0.000000
1580128122223	1580128122222	-1.143	8.471	4.863	0.025	-0.061	-0.117	0.000000	0.000000
1580128122247	1580128122247	-1.222	8.488	4.839	0.028	-0.053	-0.098	0.000000	0.000000
1580128122263	1580128122262	-1.299	8.545	4.830	0.042	-0.050	-0.087	0.000000	0.000000
1580128122283	1580128122281	-1.222	8.560	4.873	0.020	-0.051	-0.078	0.000000	0.000000
1580128122303	1580128122301	-1.208	8.502	4.981	-0.014	-0.032	-0.061	0.000000	0.000000
1580128122325	1580128122325	-1.325	8.512	4.902	-0.015	-0.015	-0.048	0.000000	0.000000
1580128122343	1580128122341	-1.393	8.461	4.837	0.001	-0.028	-0.062	0.000000	0.000000
1580128122363	1580128122361	-1.429	8.514	4.880	0.013	-0.037	-0.090	0.000000	0.000000
1580128122382	1580128122381	-1.462	8.528	4.767	0.042	-0.037	-0.102	0.000000	0.000000
1580128122403	1580128122401	-1.349	8.581	4.624	0.076	-0.058	-0.124	0.000000	0.000000
1580128122423	1580128122423	-1.261	8.459	4.432	0.132	-0.067	-0.089	0.000000	0.000000
1580128122444	1580128122444	-1.177	8.296	4.166	0.175	-0.069	-0.032	0.000000	0.000000
1580128122467	1580128122461	-0.990	8.277	4.034	0.067	-0.057	-0.020	0.000000	0.000000
1580128122482	1580128122480	-0.897	8.073	4.090	-0.157	-0.050	0.020	0.000000	0.000000
1580128122502	1580128122500	-0.868	7.640	4.216	-0.288	-0.060	0.075	0.000000	0.000000
1580128122524	1580128122520	-0.863	7.398	4.317	-0.247	0.005	0.062	0.000000	0.000000
1580128122548	1580128122546	-0.973	7.412	4.358	-0.144	0.109	0.009	0.000000	0.000000
1580128122564	1580128122561	-1.069	7.410	4.228	-0.121	0.141	-0.052	0.000000	0.000000
1580128122582	1580128122581	-1.177	7.242	4.178	-0.143	0.090	-0.077	0.000000	0.000000
1580128122603	1580128122600	-1.222	7.213	4.133	-0.114	0.036	-0.109	0.000000	0.000000
1580128122624	1580128122621	-1.136	7.398	4.037	-0.089	0.005	-0.171	0.000000	0.000000
1580128122641	1580128122641	-1.038	7.479	3.891	-0.066	-0.029	-0.185	0.000000	0.000000
1580128122663	1580128122661	-0.971	7.216	3.687	0.007	-0.080	-0.130	0.000000	0.000000
1580128122681	1580128122681	-0.897	6.885	3.527	0.148	-0.131	-0.044	0.000000	0.000000
1580128122701	1580128122700	-0.906	6.787	3.512	0.244	-0.115	0.023	0.000000	0.000000
1580128122725	1580128122720	-0.899	6.691	3.541	0.177	-0.070	0.062	0.000000	0.000000
1580128122750	1580128122744	-0.832	6.511	3.579	0.035	-0.053	0.078	0.000000	0.000000
1580128122762	1580128122762	-0.806	6.464	3.867	-0.073	-0.003	0.045	0.000000	0.000000
1580128122782	1580128122779	-0.959	6.514	4.291	-0.077	0.113	-0.030	0.000000	0.000000
1580128122801	1580128122800	-1.069	6.600	4.648	0.117	0.216	-0.128	0.000000	0.000000
1580128122821	1580128122819	-1.043	6.794	4.880	0.419	0.291	-0.222	0.000000	0.000000
1580128122842	1580128122839	-1.203	7.223	5.048	0.584	0.341	-0.247	0.000000	0.000000
1580128122865	1580128122865	-1.491	7.573	5.179	0.374	0.293	-0.196	0.000000	0.000000
1580128122880	1580128122880	-1.718	7.728	5.242	-0.146	0.148	-0.106	0.000000	0.000000
1580128122902	1580128122899	-1.979	7.831	5.455	-0.651	0.022	-0.008	0.000000	0.000000
1580128122921	1580128122919	-2.068	7.601	5.393	-0.854	-0.107	0.060	0.000000	0.000000
1580128122943	1580128122942	-1.927	7.252	5.179	-0.533	-0.246	0.099	0.000000	0.000000
1580128122961	1580128122961	-1.929	7.304	5.134	0.085	-0.293	0.103	0.000000	0.000000
1580128122980	1580128122979	-2.073	7.630	5.088	0.508	-0.240	0.091	0.000000	0.000000
1580128123000	1580128122998	-2.066	8.001	5.012	0.520	-0.148	0.039	0.000000	0.000000
1580128123021	1580128123018	-1.967	8.040	4.906	0.337	-0.058	-0.004	0.000000	0.000000
1580128123041	1580128123040	-1.999	7.920	4.861	0.277	-0.003	-0.007	0.000000	0.000000
1580128123061	1580128123059	-2.159	8.030	4.851	0.351	0.015	0.002	0.000000	0.000000
1580128123079	1580128123078	-2.277	8.179	4.815	0.409	0.028	-0.006	0.000000	0.000000
1580128123099	1580128123098	-2.288	8.337	4.753	0.402	0.010	-0.020	0.000000	0.000000
1580128123119	1580128123118	-2.126	8.524	4.581	0.287	-0.039	-0.016	0.000000	0.000000
1580128123139	1580128123138	-1.864	8.509	4.252	0.107	-0.070	0.048	0.000000	0.000000
1580128123163	1580128123163	-1.706	8.421	4.164	-0.140	-0.091	0.127	0.000000	0.000000
1580128123181	1580128123177	-1.661	8.469	4.420	-0.614	-0.117	0.185	0.000000	0.000000
1580128123199	1580128123197	-1.685	8.598	4.667	-1.226	-0.176	0.239	0.000000	0.000000
1580128123219	1580128123217	-1.716	8.243	5.263	-1.554	-0.245	0.293	0.000000	0.000000
1580128123241	1580128123239	-1.476	7.829	5.563	-1.236	-0.253	0.281	0.000000	0.000000
1580128123259	1580128123257	-1.172	8.045	5.678	-0.383	-0.088	0.145	0.000000	0.000000
1580128123278	1580128123277	-1.040	8.945	5.965	0.337	0.109	-0.014	0.000000	0.000000
1580128123299	1580128123297	-1.153	9.662	6.540	0.600	0.239	-0.089	0.000000	0.000000
1580128123319	1580128123317	-1.395	10.042	6.875	0.577	0.314	-0.104	0.000000	0.000000
1580128123341	1580128123337	-1.757	10.395	7.242	0.601	0.369	-0.110	0.000000	0.000000
1580128123361	1580128123361	-2.193	10.713	7.300	0.752	0.377	-0.077	0.000000	0.000000
1580128123378	1580128123378	-2.176	10.862	7.127	0.822	0.297	-0.050	0.000000	0.000000
1580128123398	1580128123396	-2.032	11.025	6.995	0.666	0.179	0.023	0.000000	0.000000
1580128123418	1580128123416	-1.903	10.876	6.758	0.302	0.050	0.152	0.000000	0.000000
1580128123438	1580128123436	-1.565	10.287	6.325	-0.105	-0.068	0.263	0.000000	0.000000
1580128123458	1580128123458	-1.251	9.808	5.999	-0.343	-0.140	0.325	0.000000	0.000000
1580128123477	1580128123477	-1.146	9.472	5.692	-0.377	-0.182	0.358	0.000000	0.000000
1580128123497	1580128123496	-0.904	9.139	5.426	-0.261	-0.207	0.324	0.000000	0.000000
1580128123517	1580128123516	-0.703	9.065	5.395	-0.104	-0.159	0.228	0.000000	0.000000
1580128123538	1580128123536	-0.854	9.197	5.575	0.036	-0.055	0.155	0.000000	0.000000
1580128123560	1580128123556	-1.084	9.300	5.635	0.163	0.036	0.102	0.000000	0.000000
1580128123579	1580128123577	-1.110	9.422	5.412	0.225	0.097	0.025	0.000000	0.000000
1580128123597	1580128123596	-1.057	9.652	5.589	0.174	0.126	-0.039	0.000000	0.000000
1580128123617	1580128123615	-1.266	9.875	5.891	0.050	0.145	-0.045	0.000000	0.000000
1580128123637	1580128123635	-1.560	10.006	6.023	0.009	0.151	-0.031	0.000000	0.000000
1580128123657	1580128123657	-1.630	10.059	5.977	0.099	0.128	-0.039	0.000000	0.000000
1580128123677	1580128123675	-1.385	10.155	6.004	0.169	0.079	-0.054	0.000000	0.000000
1580128123697	1580128123695	-1.232	10.332	5.992	0.079	0.067	-0.031	0.000000	0.000000
1580128123719	1580128123717	-1.256	10.375	5.872	-0.127	0.031	0.034	0.000000	0.000000
1580128123737	1580128123735	-1.254	10.402	5.996	-0.449	-0.032	0.066	0.000000	0.000000
1580128123757	1580128123755	-1.273	10.260	6.222	-0.737	-0.103	0.149	0.000000	0.000000
1580128123779	1580128123779	-1.234	9.822	6.327	-0.744	-0.161	0.228	0.000000	0.000000
1580128123798	1580128123795	-1.256	9.309	6.389	-0.459	-0.170	0.270	0.000000	0.000000
1580128123817	1580128123815	-1.438	9.079	6.442	-0.062	-0.110	0.283	0.000000	0.000000
1580128123836	1580128123835	-1.366	9.008	6.298	0.200	-0.025	0.230	0.000000	0.000000
1580128123856	1580128123855	-1.151	9.036	6.200	0.190	0.043	0.159	0.000000	0.000000
1580128123875	1580128123875	-1.165	8.955	6.243	0.048	0.073	0.135	0.000000	0.000000
1580128123898	1580128123898	-1.316	8.960	6.327	0.040	0.076	0.107	0.000000	0.000000
1580128123916	1580128123914	-1.388	9.067	6.325	0.249	0.090	0.047	0.000000	0.000000
1580128123936	1580128123934	-1.230	9.300	6.205	0.430	0.075	0.007	0.000000	0.000000
1580128123960	1580128123958	-1.119	9.460	6.102	0.353	0.062	0.028	0.000000	0.000000
1580128123977	1580128123976	-1.131	9.422	6.090	0.091	0.033	0.087	0.000000	0.000000
1580128123997	1580128123993	-0.995	9.005	5.982	-0.101	0.006	0.109	0.000000	0.000000
1580128124015	1580128124014	-0.770	8.608	5.654	-0.112	0.004	0.100	0.000000	0.000000
1580128124035	1580128124034	-0.626	8.399	5.328	-0.083	-0.007	0.084	0.000000	0.000000
1580128124055	1580128124053	-0.530	8.265	5.218	-0.124	-0.020	0.047	0.000000	0.000000
1580128124076	1580128124076	-0.595	8.128	5.163	-0.135	-0.004	0.030	0.000000	0.000000
1580128124097	1580128124096	-0.863	7.978	5.041	-0.020	0.035	0.054	0.000000	0.000000
1580128124118	1580128124118	-0.961	7.776	4.741	0.125	0.058	0.087	0.000000	0.000000
1580128124135	1580128124133	-0.913	7.743	4.516	0.126	0.067	0.095	0.000000	0.000000
1580128124155	1580128124153	-0.909	7.771	4.461	-0.086	0.065	0.100	0.000000	0.000000
1580128124179	1580128124179	-0.846	7.573	4.396	-0.393	0.052	0.099	0.000000	0.000000
1580128124196	1580128124195	-0.679	7.247	4.372	-0.529	0.060	0.088	0.000000	0.000000
1580128124214	1580128124213	-0.564	7.041	4.181	-0.358	0.112	0.096	0.000000	0.000000
1580128124234	1580128124233	-0.415	6.943	4.085	-0.037	0.143	0.117	0.000000	0.000000
1580128124254	1580128124252	-0.274	6.900	4.042	0.209	0.149	0.137	0.000000	0.000000
1580128124274	1580128124272	-0.363	6.684	3.934	0.261	0.148	0.205	0.000000	0.000000
1580128124294	1580128124293	-0.470	6.473	3.809	0.182	0.117	0.230	0.000000	0.000000
1580128124314	1580128124312	-0.327	6.317	3.855	0.116	0.080	0.204	0.000000	0.000000
1580128124334	1580128124332	-0.209	6.526	4.010	0.079	0.084	0.154	0.000000	0.000000
1580128124354	1580128124352	-0.339	6.622	4.178	0.037	0.083	0.161	0.000000	0.000000
1580128124374	1580128124373	-0.494	6.509	4.236	0.029	0.062	0.159	0.000000	0.000000
1580128124397	1580128124397	-0.540	6.452	4.099	0.126	0.049	0.118	0.000000	0.000000
1580128124416	1580128124413	-0.612	6.418	4.001	0.229	0.011	0.086	0.000000	0.000000
1580128124434	1580128124432	-0.609	6.380	4.054	0.288	-0.058	0.078	0.000000	0.000000
1580128124454	1580128124452	-0.557	6.619	4.142	0.309	-0.067	0.022	0.000000	0.000000
1580128124473	1580128124472	-0.564	6.995	4.152	0.311	-0.040	-0.041	0.000000	0.000000
1580128124494	1580128124494	-0.552	7.256	4.015	0.321	-0.062	-0.081	0.000000	0.000000
1580128124514	1580128124514	-0.492	7.431	3.757	0.384	-0.088	-0.105	0.000000	0.000000
1580128124533	1580128124531	-0.370	7.745	3.563	0.495	-0.107	-0.109	0.000000	0.000000
1580128124553	1580128124552	-0.288	8.334	3.555	0.545	-0.107	-0.108	0.000000	0.000000
1580128124572	1580128124572	-0.372	8.718	3.661	0.412	-0.110	-0.047	0.000000	0.000000
1580128124598	1580128124597	-0.463	8.591	3.673	0.184	-0.124	0.046	0.000000	0.000000
1580128124615	1580128124614	-0.542	8.478	3.663	0.036	-0.083	0.066	0.000000	0.000000
1580128124633	1580128124631	-0.590	8.416	3.661	0.010	-0.016	0.047	0.000000	0.000000
1580128124652	1580128124651	-0.557	8.437	3.740	0.036	0.008	0.005	0.000000	0.000000
1580128124675	1580128124673	-0.533	8.521	3.874	0.079	0.029	-0.058	0.000000	0.000000
1580128124693	1580128124693	-0.566	8.538	3.972	0.171	0.048	-0.089	0.000000	0.000000
1580128124712	1580128124711	-0.626	8.533	3.951	0.278	0.045	-0.092	0.000000	0.000000
1580128124734	1580128124730	-0.655	8.603	4.068	0.291	0.041	-0.105	0.000000	0.000000
1580128124751	1580128124751	-0.672	8.663	4.078	0.225	0.046	-0.107	0.000000	0.000000
1580128124773	1580128124771	-0.700	8.727	4.128	0.169	0.035	-0.098	0.000000	0.000000
1580128124793	1580128124793	-0.736	8.754	4.111	0.147	0.029	-0.081	0.000000	0.000000
1580128124813	1580128124810	-0.787	8.770	4.054	0.173	0.000	-0.055	0.000000	0.000000
1580128124832	1580128124830	-0.760	8.806	3.946	0.212	-0.034	-0.037	0.000000	0.000000
1580128124851	1580128124850	-0.717	8.826	3.895	0.208	-0.042	-0.014	0.000000	0.000000
1580128124872	1580128124870	-0.688	8.881	3.881	0.136	-0.055	0.012	0.000000	0.000000
1580128124892	1580128124892	-0.667	8.952	3.821	0.075	-0.044	0.008	0.000000	0.000000
1580128124911	1580128124910	-0.640	8.979	3.730	0.102	-0.041	-0.003	0.000000	0.000000
1580128124932	1580128124930	-0.597	9.094	3.644	0.192	-0.055	-0.018	0.000000	0.000000
1580128124951	1580128124950	-0.485	9.300	3.548	0.214	-0.066	-0.054	0.000000	0.000000
1580128124971	1580128124969	-0.343	9.341	3.579	0.151	-0.076	-0.062	0.000000	0.000000
1580128124992	1580128124989	-0.339	9.221	3.563	0.086	-0.050	-0.039	0.000000	0.000000
1580128125016	1580128125016	-0.418	9.168	3.558	0.117	0.006	-0.021	0.000000	0.000000
1580128125034	1580128125033	-0.456	9.202	3.606	0.143	0.028	-0.016	0.000000	0.000000
1580128125051	1580128125049	-0.590	9.132	3.685	0.155	0.050	0.003	0.000000	0.000000
1580128125072	1580128125070	-0.734	9.125	3.749	0.181	0.048	0.004	0.000000	0.000000
1580128125092	1580128125090	-0.691	9.103	3.661	0.213	0.022	0.007	0.000000	0.000000
1580128125111	1580128125110	-0.684	9.055	3.651	0.191	-0.009	0.032	0.000000	0.000000
1580128125132	1580128125129	-0.684	8.993	3.610	0.106	-0.046	0.057	0.000000	0.000000
1580128125151	1580128125150	-0.540	8.998	3.517	-0.002	-0.069	0.044	0.000000	0.000000
1580128125172	1580128125169	-0.516	8.866	3.481	-0.058	-0.064	0.040	0.000000	0.000000
1580128125190	1580128125189	-0.513	8.780	3.321	-0.019	-0.066	0.042	0.000000	0.000000
1580128125219	1580128125210	-0.473	8.826	3.414	0.023	-0.049	0.005	0.000000	0.000000
1580128125233	1580128125230	-0.578	8.787	3.440	0.065	-0.008	0.007	0.000000	0.000000
1580128125250	1580128125249	-0.643	8.828	3.445	0.113	0.024	-0.012	0.000000	0.000000
1580128125270	1580128125269	-0.691	8.919	3.481	0.117	0.048	-0.036	0.000000	0.000000
1580128125293	1580128125290	-0.748	9.015	3.467	0.099	0.048	-0.018	0.000000	0.000000
1580128125310	1580128125309	-0.746	8.988	3.467	0.046	0.038	-0.013	0.000000	0.000000
1580128125330	1580128125329	-0.660	8.984	3.476	-0.010	0.024	-0.012	0.000000	0.000000
1580128125350	1580128125348	-0.686	8.950	3.476	-0.056	0.009	0.004	0.000000	0.000000
1580128125369	1580128125369	-0.698	8.974	3.445	-0.083	0.003	-0.009	0.000000	0.000000
1580128125389	1580128125388	-0.688	8.976	3.448	-0.054	0.011	-0.022	0.000000	0.000000
