1582082212734	1582082212727	-0.782	-5.409	6.650	-1.017	0.428	1.130	0.000000	0.000000
1582082212751	1582082212748	-2.720	-5.356	6.423	-1.769	0.912	1.021	0.000000	0.000000
1582082212765	1582082212764	-3.879	-5.044	5.323	-2.785	0.801	0.884	0.000000	0.000000
1582082212785	1582082212784	-3.977	-4.628	4.233	-3.185	0.233	0.818	0.000000	0.000000
1582082212805	1582082212804	-3.917	-6.134	3.543	-3.186	-0.193	0.936	0.000000	0.000000
1582082212825	1582082212824	-3.129	-8.808	2.446	-2.525	-0.306	1.103	0.000000	0.000000
1582082212845	1582082212844	-3.101	-10.504	2.168	-1.701	0.383	1.118	0.000000	0.000000
1582082212865	1582082212863	-5.019	-11.103	2.197	-1.591	1.191	0.980	0.000000	0.000000
1582082212885	1582082212883	-6.823	-11.805	2.173	-2.164	1.416	0.644	0.000000	0.000000
1582082212905	1582082212903	-7.130	-11.337	0.863	-3.155	1.417	0.045	0.000000	0.000000
1582082212928	1582082212924	-7.973	-12.025	-1.423	-3.800	1.656	-0.642	0.000000	0.000000
1582082212946	1582082212944	-9.913	-14.214	-5.023	-4.712	2.036	-1.621	0.000000	0.000000
1582082212965	1582082212963	-13.907	-13.721	-13.393	-7.623	2.306	-2.476	0.000000	0.000000
1582082212984	1582082212983	-21.254	-19.949	-21.626	-10.089	1.923	-2.422	0.000000	0.000000
1582082213006	1582082213004	-13.440	-21.863	-23.265	-8.769	0.797	-2.351	0.000000	0.000000
1582082213025	1582082213024	-12.443	-18.294	-24.364	-4.600	3.734	-1.850	0.000000	0.000000
1582082213044	1582082213043	-15.957	-20.206	-14.016	-2.401	5.592	-0.853	0.000000	0.000000
1582082213070	1582082213063	-13.372	-13.345	0.698	-0.844	5.615	0.914	0.000000	0.000000
1582082213084	1582082213083	-12.618	0.614	3.553	0.608	6.185	2.770	0.000000	0.000000
1582082213104	1582082213103	-7.935	7.259	5.982	1.435	4.046	5.046	0.000000	0.000000
1582082213124	1582082213123	-12.944	4.518	7.486	1.779	2.385	8.328	0.000000	0.000000
1582082213149	1582082213145	-21.785	-9.934	8.557	2.569	0.849	10.822	0.000000	0.000000
1582082213165	1582082213162	-17.390	-18.268	3.845	1.540	1.869	10.348	0.000000	0.000000
1582082213183	1582082213182	-15.095	-13.065	-2.247	-1.760	2.791	8.991	0.000000	0.000000
1582082213203	1582082213202	-14.220	-17.935	-8.393	-2.929	3.789	7.485	0.000000	0.000000
1582082213226	1582082213224	-17.876	-16.260	-8.571	-4.187	4.627	7.022	0.000000	0.000000
1582082213243	1582082213242	-18.573	-15.930	-9.998	-4.265	4.353	6.737	0.000000	0.000000
1582082213269	1582082213262	-16.405	-16.373	-12.940	-4.835	4.075	5.883	0.000000	0.000000
1582082213283	1582082213282	-17.802	-17.118	-12.253	-4.749	4.621	5.288	0.000000	0.000000
1582082213303	1582082213302	-18.930	-10.751	-9.419	-4.962	4.424	4.722	0.000000	0.000000
1582082213323	1582082213322	-15.648	-9.177	-9.122	-4.471	3.876	4.363	0.000000	0.000000
1582082213349	1582082213345	-14.347	-1.818	-8.465	-3.936	3.773	4.077	0.000000	0.000000
1582082213363	1582082213361	-17.200	-5.471	-8.013	-3.344	3.820	3.534	0.000000	0.000000
1582082213383	1582082213382	-12.843	-6.721	-4.151	-3.139	3.194	3.240	0.000000	0.000000
1582082213403	1582082213401	-11.334	4.264	-6.223	-4.121	3.121	3.383	0.000000	0.000000
1582082213423	1582082213421	-9.647	2.322	-5.552	-2.674	2.528	2.596	0.000000	0.000000
1582082213442	1582082213441	-9.166	-1.121	-5.092	-1.553	2.085	1.675	0.000000	0.000000
1582082213468	1582082213461	-3.005	1.742	-5.828	-1.804	0.773	1.683	0.000000	0.000000
1582082213482	1582082213481	-4.825	1.826	-6.194	-1.971	1.297	1.688	0.000000	0.000000
1582082213502	1582082213501	-8.150	-1.396	-4.014	-1.611	1.466	1.380	0.000000	0.000000
1582082213522	1582082213521	-1.625	2.061	-6.494	-1.779	-0.012	1.100	0.000000	0.000000
1582082213548	1582082213548	1.499	8.476	-4.970	-1.637	0.366	0.839	0.000000	0.000000
1582082213563	1582082213562	-5.233	9.039	-3.396	-1.805	1.464	0.533	0.000000	0.000000
1582082213586	1582082213584	-7.707	2.348	-4.436	-1.793	0.451	-0.331	0.000000	0.000000
1582082213604	1582082213601	-6.085	1.962	-4.465	-1.680	-1.414	-1.048	0.000000	0.000000
1582082213622	1582082213621	-4.078	4.303	-5.159	-2.004	-2.420	-1.096	0.000000	0.000000
1582082213644	1582082213644	-4.303	8.816	-2.965	-2.005	-2.246	-0.987	0.000000	0.000000
1582082213666	1582082213662	-11.454	8.814	-1.298	-1.591	-1.970	-0.867	0.000000	0.000000
1582082213685	1582082213685	-12.970	6.979	-3.761	-1.527	-3.330	-1.450	0.000000	0.000000
1582082213702	1582082213701	-10.855	8.040	-4.371	-0.522	-4.777	-1.913	0.000000	0.000000
1582082213722	1582082213722	-9.722	5.869	-4.874	0.319	-4.815	-1.672	0.000000	0.000000
1582082213745	1582082213744	-11.161	5.824	-6.151	0.460	-4.668	-1.106	0.000000	0.000000
1582082213763	1582082213762	-12.012	6.947	-4.925	0.430	-5.030	-0.419	0.000000	0.000000
1582082213782	1582082213782	-10.939	7.261	-4.271	0.246	-5.237	-0.148	0.000000	0.000000
1582082213802	1582082213802	-11.451	7.125	-2.948	-0.104	-4.953	0.014	0.000000	0.000000
1582082213822	1582082213821	-12.292	5.201	-2.206	-0.078	-5.228	0.156	0.000000	0.000000
1582082213841	1582082213841	-12.532	2.906	-2.556	0.433	-5.949	0.083	0.000000	0.000000
1582082213865	1582082213860	-12.635	1.138	-3.725	1.234	-6.653	0.394	0.000000	0.000000
1582082213882	1582082213882	-13.428	-2.426	-5.152	3.290	-7.602	0.845	0.000000	0.000000
1582082213902	1582082213902	-12.163	-5.387	-6.542	5.787	-8.826	1.308	0.000000	0.000000
1582082213928	1582082213928	-8.165	-5.492	-9.402	7.425	-9.347	1.807	0.000000	0.000000
1582082213940	1582082213939	-4.969	-5.078	-11.373	8.176	-8.930	1.920	0.000000	0.000000
1582082213960	1582082213959	-2.954	-4.280	-10.755	8.391	-7.993	1.422	0.000000	0.000000
1582082213981	1582082213980	-1.953	-7.217	-11.800	8.678	-6.666	1.068	0.000000	0.000000
1582082214000	1582082213999	-2.188	-7.358	-12.789	8.399	-5.921	0.836	0.000000	0.000000
1582082214020	1582082214019	-3.103	-1.312	-12.332	7.054	-6.023	0.408	0.000000	0.000000
1582082214041	1582082214040	-3.163	1.155	-12.792	5.290	-6.109	0.145	0.000000	0.000000
1582082214062	1582082214060	-2.619	-1.272	-14.890	4.181	-5.482	0.065	0.000000	0.000000
1582082214082	1582082214080	-2.035	0.547	-15.702	2.667	-4.805	0.223	0.000000	0.000000
1582082214102	1582082214098	-2.665	5.268	-11.857	0.607	-4.578	0.177	0.000000	0.000000
1582082214120	1582082214118	-4.188	5.213	-5.013	-1.331	-5.291	-0.414	0.000000	0.000000
1582082214139	1582082214138	-7.187	2.779	2.053	-2.105	-5.735	-0.679	0.000000	0.000000
1582082214161	1582082214159	-13.181	1.850	6.523	-1.986	-6.227	-0.477	0.000000	0.000000
1582082214179	1582082214178	-8.735	5.091	9.635	-0.160	-7.554	0.253	0.000000	0.000000
1582082214199	1582082214198	-9.446	8.914	11.288	-0.074	-6.469	0.910	0.000000	0.000000
1582082214221	1582082214219	-14.393	8.720	9.671	-1.837	-5.335	1.518	0.000000	0.000000
1582082214240	1582082214239	-15.018	4.384	10.653	-1.547	-5.337	1.876	0.000000	0.000000
1582082214259	1582082214257	-12.826	2.990	10.438	-1.175	-5.218	1.936	0.000000	0.000000
1582082214286	1582082214278	-9.556	8.411	13.961	-0.330	-5.011	1.737	0.000000	0.000000
1582082214302	1582082214299	-6.361	13.504	12.984	0.240	-3.769	2.020	0.000000	0.000000
1582082214320	1582082214320	-7.973	8.289	10.998	-0.636	-2.185	2.297	0.000000	0.000000
1582082214340	1582082214339	-6.313	8.464	10.689	-0.491	-2.246	2.086	0.000000	0.000000
1582082214359	1582082214358	-4.780	8.658	10.066	-0.766	-2.007	2.128	0.000000	0.000000
1582082214380	1582082214380	-4.648	6.696	7.470	-1.730	-1.547	2.326	0.000000	0.000000
1582082214404	1582082214404	-4.773	6.073	6.990	-2.238	-1.499	2.377	0.000000	0.000000
1582082214422	1582082214420	-3.740	6.375	7.302	-1.996	-1.394	1.962	0.000000	0.000000
1582082214439	1582082214438	-3.108	4.346	7.726	-1.554	-1.352	1.819	0.000000	0.000000
1582082214458	1582082214458	-3.913	3.440	7.644	-1.203	-0.957	1.879	0.000000	0.000000
1582082214481	1582082214481	-3.637	4.710	7.652	-1.265	-0.736	1.719	0.000000	0.000000
1582082214501	1582082214498	-2.106	5.029	7.240	-1.807	-0.810	1.517	0.000000	0.000000
1582082214519	1582082214519	-1.831	3.270	6.990	-2.047	-0.557	1.502	0.000000	0.000000
1582082214539	1582082214538	-1.409	2.719	5.400	-2.574	-0.109	1.373	0.000000	0.000000
1582082214558	1582082214558	-1.369	3.807	4.355	-2.520	0.249	1.285	0.000000	0.000000
1582082214580	1582082214577	-3.060	3.045	5.457	-1.724	0.223	1.435	0.000000	0.000000
1582082214603	1582082214603	-2.844	2.559	5.680	-1.647	0.210	1.037	0.000000	0.000000
1582082214620	1582082214620	-1.661	3.198	5.659	-1.818	0.081	0.651	0.000000	0.000000
1582082214638	1582082214638	-1.033	2.755	6.083	-1.791	-0.191	0.581	0.000000	0.000000
1582082214660	1582082214659	-0.461	1.914	5.570	-2.175	-0.390	0.528	0.000000	0.000000
1582082214682	1582082214677	-0.633	0.487	6.339	-2.360	-0.306	0.449	0.000000	0.000000
1582082214702	1582082214702	-1.515	-0.598	7.244	-2.579	-0.120	0.360	0.000000	0.000000
1582082214718	1582082214717	-1.393	-0.723	7.580	-2.862	-0.164	0.177	0.000000	0.000000
1582082214741	1582082214741	-0.918	-1.803	7.728	-2.752	-0.356	0.208	0.000000	0.000000
1582082214757	1582082214757	0.404	-2.405	7.745	-2.378	-0.403	0.299	0.000000	0.000000
1582082214778	1582082214776	0.929	-2.570	9.019	-1.721	0.058	0.546	0.000000	0.000000
1582082214798	1582082214797	-0.870	-2.951	9.963	-1.889	0.717	0.540	0.000000	0.000000
1582082214820	1582082214820	-1.881	-1.954	10.088	-2.450	0.693	0.163	0.000000	0.000000
1582082214842	1582082214838	-1.714	-0.366	9.443	-2.545	0.148	-0.030	0.000000	0.000000
1582082214858	1582082214856	-2.811	0.147	8.706	-2.201	-0.402	-0.095	0.000000	0.000000
1582082214877	1582082214876	-1.563	-0.989	8.854	-2.199	-1.104	-0.148	0.000000	0.000000
1582082214901	1582082214896	0.696	-3.032	8.631	-1.816	-1.716	0.414	0.000000	0.000000
1582082214917	1582082214916	1.434	-3.950	7.537	-2.044	-0.999	0.777	0.000000	0.000000
1582082214942	1582082214936	0.543	-2.951	6.696	-2.466	0.006	0.740	0.000000	0.000000
1582082214957	1582082214956	-1.069	-1.317	7.060	-2.033	0.059	0.974	0.000000	0.000000
1582082214977	1582082214976	-0.981	-2.606	6.638	-2.041	-0.404	1.034	0.000000	0.000000
1582082215000	1582082214997	0.251	-5.715	5.457	-2.216	-0.645	1.090	0.000000	0.000000
1582082215017	1582082215017	0.871	-7.370	5.081	-1.587	-0.519	1.214	0.000000	0.000000
1582082215038	1582082215036	-0.125	-7.622	6.083	-1.001	0.100	1.325	0.000000	0.000000
1582082215056	1582082215055	-1.946	-7.845	6.154	-1.573	0.639	1.190	0.000000	0.000000
1582082215078	1582082215075	-2.804	-7.473	4.691	-2.536	0.629	0.864	0.000000	0.000000
1582082215096	1582082215095	-3.026	-7.083	4.030	-3.063	0.261	0.512	0.000000	0.000000
1582082215117	1582082215116	-2.626	-7.632	3.464	-3.130	-0.222	0.240	0.000000	0.000000
1582082215137	1582082215137	-1.987	-8.657	3.158	-3.191	-0.424	0.112	0.000000	0.000000
1582082215157	1582082215156	-1.409	-9.469	3.153	-2.999	-0.197	0.183	0.000000	0.000000
1582082215177	1582082215175	-1.814	-9.852	2.506	-3.012	0.454	0.264	0.000000	0.000000
1582082215195	1582082215195	-2.978	-10.212	1.466	-2.950	1.111	0.202	0.000000	0.000000
1582082215224	1582082215215	-4.301	-10.161	0.374	-3.085	1.166	0.136	0.000000	0.000000
1582082215238	1582082215235	-5.024	-12.049	-1.985	-3.778	1.160	-0.235	0.000000	0.000000
1582082215255	1582082215254	-6.018	-14.152	-6.374	-5.824	1.720	-1.181	0.000000	0.000000
1582082215275	1582082215275	-10.438	-16.112	-13.426	-9.409	2.041	-2.559	0.000000	0.000000
1582082215296	1582082215294	-15.231	-21.832	-21.710	-12.167	1.244	-3.307	0.000000	0.000000
1582082215316	1582082215314	-10.052	-26.582	-25.440	-11.300	1.880	-3.278	0.000000	0.000000
1582082215336	1582082215336	-9.185	-11.357	-25.715	-8.231	4.349	-2.154	0.000000	0.000000
1582082215356	1582082215356	-14.934	-0.673	-20.941	-3.737	6.602	-0.131	0.000000	0.000000
1582082215375	1582082215374	-11.906	-9.114	-6.455	0.087	7.017	1.281	0.000000	0.000000
1582082215394	1582082215394	-15.416	-7.392	0.990	1.466	6.278	3.540	0.000000	0.000000
1582082215418	1582082215418	-9.453	1.304	3.524	1.892	3.604	5.434	0.000000	0.000000
1582082215437	1582082215435	-8.821	1.831	6.063	3.006	1.391	7.733	0.000000	0.000000
1582082215458	1582082215454	-11.794	-6.230	7.515	2.521	0.023	9.876	0.000000	0.000000
1582082215476	1582082215475	-17.531	-8.058	6.571	2.060	0.308	11.436	0.000000	0.000000
1582082215495	1582082215493	-16.535	-20.079	0.678	0.606	1.291	10.565	0.000000	0.000000
1582082215515	1582082215514	-13.315	-25.301	-5.095	-2.434	2.616	8.436	0.000000	0.000000
1582082215535	1582082215535	-12.395	-16.524	-6.978	-2.523	3.477	8.126	0.000000	0.000000
1582082215555	1582082215554	-20.705	-10.279	-6.137	-5.079	4.548	6.748	0.000000	0.000000
1582082215575	1582082215574	-20.581	-20.426	-10.022	-5.210	3.698	6.054	0.000000	0.000000
1582082215594	1582082215594	-17.514	-14.492	-11.160	-3.909	3.027	6.504	0.000000	0.000000
1582082215613	1582082215613	-19.136	-16.399	-10.717	-4.413	3.755	5.557	0.000000	0.000000
1582082215637	1582082215637	-17.775	-9.426	-10.736	-5.283	3.491	4.749	0.000000	0.000000
1582082215654	1582082215653	-16.621	-13.366	-11.486	-4.850	3.048	3.659	0.000000	0.000000
1582082215675	1582082215672	-13.511	-9.409	-7.842	-4.218	2.512	3.592	0.000000	0.000000
1582082215693	1582082215693	-11.511	-2.026	-10.271	-4.504	2.288	3.006	0.000000	0.000000
1582082215714	1582082215713	-9.933	-11.675	-7.545	-2.769	2.680	2.514	0.000000	0.000000
1582082215735	1582082215733	-11.734	-0.337	-4.934	-3.692	2.700	2.841	0.000000	0.000000
1582082215759	1582082215758	-11.940	1.431	-4.510	-3.512	1.279	2.488	0.000000	0.000000
1582082215774	1582082215774	-8.014	3.313	-6.738	-2.332	-0.055	1.601	0.000000	0.000000
1582082215793	1582082215793	-5.779	-0.177	-7.035	-1.155	-0.041	1.338	0.000000	0.000000
1582082215813	1582082215812	-6.768	0.314	-5.368	-1.252	1.054	1.248	0.000000	0.000000
1582082215832	1582082215832	-9.738	3.697	-4.074	-1.273	1.381	1.281	0.000000	0.000000
1582082215857	1582082215857	-6.861	7.288	-3.461	-0.969	0.041	1.254	0.000000	0.000000
1582082215873	1582082215872	-4.897	6.317	-5.663	-1.481	-0.640	1.175	0.000000	0.000000
1582082215895	1582082215892	-5.491	3.311	-5.466	-2.010	-0.933	1.395	0.000000	0.000000
1582082215913	1582082215912	-6.133	1.788	-4.800	-1.439	-0.996	1.308	0.000000	0.000000
1582082215933	1582082215931	-7.944	3.625	-3.147	-1.572	-0.779	0.903	0.000000	0.000000
1582082215957	1582082215957	-7.710	4.499	-4.764	-2.194	-1.225	0.358	0.000000	0.000000
1582082215974	1582082215974	-8.783	6.423	-3.262	-2.116	-1.483	0.021	0.000000	0.000000
1582082215993	1582082215992	-10.426	5.671	-3.686	-1.844	-2.343	-0.560	0.000000	0.000000
1582082216013	1582082216011	-9.954	2.334	-3.957	-2.150	-2.941	-0.598	0.000000	0.000000
1582082216031	1582082216031	-11.966	5.002	-5.452	-0.454	-3.173	-0.606	0.000000	0.000000
1582082216053	1582082216053	-10.651	5.577	-7.114	0.452	-4.116	-1.049	0.000000	0.000000
1582082216072	1582082216072	-6.265	2.947	-6.626	0.221	-4.857	-0.672	0.000000	0.000000
1582082216097	1582082216097	-9.044	7.216	-4.575	-0.692	-3.879	0.074	0.000000	0.000000
1582082216111	1582082216111	-11.597	6.828	-2.220	-0.115	-4.108	0.405	0.000000	0.000000
1582082216131	1582082216130	-10.493	2.664	-1.978	0.454	-5.429	0.525	0.000000	0.000000
1582082216156	1582082216154	-11.343	0.757	-1.554	1.162	-6.127	0.714	0.000000	0.000000
1582082216177	1582082216171	-12.817	-1.056	-1.341	2.001	-7.058	0.691	0.000000	0.000000
1582082216195	1582082216192	-12.951	-2.167	-2.671	3.128	-8.274	0.634	0.000000	0.000000
1582082216211	1582082216211	-11.171	-4.551	-4.407	5.840	-9.241	0.978	0.000000	0.000000
1582082216231	1582082216230	-8.814	-4.498	-6.369	7.624	-9.277	1.391	0.000000	0.000000
1582082216252	1582082216250	-6.737	-4.108	-9.124	8.531	-8.349	1.789	0.000000	0.000000
1582082216271	1582082216272	-5.455	-3.674	-10.672	8.880	-7.434	1.926	0.000000	0.000000
1582082216292	1582082216290	-4.090	-3.174	-11.589	8.125	-6.953	1.564	0.000000	0.000000
1582082216312	1582082216311	-3.422	-3.784	-11.414	6.867	-6.680	0.717	0.000000	0.000000
1582082216331	1582082216329	-2.729	-3.415	-12.777	5.973	-6.195	0.041	0.000000	0.000000
1582082216350	1582082216349	-1.623	-3.174	-14.581	5.746	-4.960	-0.004	0.000000	0.000000
1582082216376	1582082216369	-1.661	0.089	-14.696	3.885	-3.920	0.247	0.000000	0.000000
1582082216393	1582082216392	-2.478	4.674	-13.271	1.097	-3.744	-0.038	0.000000	0.000000
1582082216411	1582082216411	-2.849	6.504	-9.304	-1.928	-4.307	-1.177	0.000000	0.000000
1582082216431	1582082216430	-4.428	2.348	-4.386	-2.996	-4.861	-2.149	0.000000	0.000000
1582082216449	1582082216449	-6.845	-1.940	0.719	-2.028	-5.218	-1.850	0.000000	0.000000
1582082216471	1582082216471	-12.268	-1.904	6.624	-1.033	-5.386	-0.552	0.000000	0.000000
1582082216495	1582082216493	-8.407	8.651	8.423	0.488	-6.352	-0.451	0.000000	0.000000
1582082216514	1582082216514	-13.039	6.305	9.161	0.997	-5.856	0.190	0.000000	0.000000
1582082216529	1582082216527	-14.688	4.327	9.005	-0.310	-5.438	0.393	0.000000	0.000000
1582082216549	1582082216548	-14.565	6.514	9.412	-0.393	-5.611	0.565	0.000000	0.000000
1582082216571	1582082216568	-14.671	6.066	9.582	0.054	-5.338	1.084	0.000000	0.000000
1582082216604	1582082216592	-13.059	8.009	12.129	-0.050	-4.841	1.109	0.000000	0.000000
1582082216612	1582082216608	-8.716	9.971	11.798	0.015	-4.343	1.605	0.000000	0.000000
1582082216630	1582082216629	-9.595	6.190	9.326	-0.001	-3.393	1.912	0.000000	0.000000
1582082216650	1582082216648	-5.139	8.140	10.802	0.136	-3.355	1.778	0.000000	0.000000
1582082216670	1582082216668	-4.145	7.122	10.692	-0.548	-2.651	2.248	0.000000	0.000000
1582082216697	1582082216688	-4.250	5.489	8.603	-0.574	-2.194	2.295	0.000000	0.000000
1582082216710	1582082216709	-4.571	5.580	8.389	-0.059	-2.118	2.147	0.000000	0.000000
1582082216728	1582082216727	-4.088	6.562	7.661	-0.014	-1.792	1.901	0.000000	0.000000
1582082216748	1582082216747	-4.361	5.644	8.030	-0.241	-1.622	2.099	0.000000	0.000000
1582082216768	1582082216766	-3.371	6.377	8.136	-1.102	-1.470	1.974	0.000000	0.000000
1582082216789	1582082216789	-2.935	6.480	7.970	-1.876	-1.101	2.097	0.000000	0.000000
1582082216807	1582082216807	-3.110	5.517	6.957	-2.145	-0.819	2.361	0.000000	0.000000
1582082216828	1582082216827	-2.382	4.626	6.303	-2.292	-0.584	2.226	0.000000	0.000000
1582082216848	1582082216847	-2.356	4.166	5.924	-2.646	-0.203	2.078	0.000000	0.000000
1582082216869	1582082216867	-1.944	3.637	4.835	-2.815	0.070	1.846	0.000000	0.000000
1582082216887	1582082216887	-1.826	2.942	4.597	-2.551	0.191	1.766	0.000000	0.000000
1582082216911	1582082216911	-2.674	2.755	5.026	-2.217	0.557	1.627	0.000000	0.000000
1582082216929	1582082216929	-2.509	1.835	4.787	-1.962	0.508	1.515	0.000000	0.000000
1582082216947	1582082216947	-1.711	0.997	5.414	-1.928	0.263	1.045	0.000000	0.000000
1582082216970	1582082216969	-1.752	1.416	5.932	-2.289	0.181	0.600	0.000000	0.000000
1582082216991	1582082216990	-1.833	0.722	5.659	-2.474	0.058	0.407	0.000000	0.000000
1582082217013	1582082217013	-2.008	-1.219	6.238	-2.417	-0.059	0.172	0.000000	0.000000
1582082217028	1582082217026	-1.172	0.015	5.982	-2.954	-0.283	0.109	0.000000	0.000000
1582082217049	1582082217047	-1.098	1.186	6.899	-2.687	-0.458	0.438	0.000000	0.000000
1582082217068	1582082217067	-0.808	0.053	8.097	-2.136	-0.179	0.411	0.000000	0.000000
1582082217087	1582082217086	0.004	-1.660	9.233	-1.596	-0.022	0.417	0.000000	0.000000
1582082217112	1582082217112	-0.075	-2.862	10.133	-0.974	0.140	0.555	0.000000	0.000000
1582082217127	1582082217126	0.866	-1.075	9.959	-1.201	0.285	0.394	0.000000	0.000000
1582082217148	1582082217146	-0.365	-0.601	9.566	-1.820	0.688	0.581	0.000000	0.000000
1582082217167	1582082217165	-2.320	-2.618	9.990	-1.882	1.182	0.580	0.000000	0.000000
1582082217187	1582082217186	-4.315	-1.022	8.119	-1.339	0.831	0.463	0.000000	0.000000
1582082217207	1582082217208	-1.524	-1.765	8.452	-1.134	-0.259	0.482	0.000000	0.000000
1582082217227	1582082217227	-1.184	-3.648	8.873	-1.047	-0.058	0.860	0.000000	0.000000
1582082217248	1582082217246	-2.344	-3.528	8.418	-1.526	0.530	0.948	0.000000	0.000000
1582082217267	1582082217266	-2.377	-2.328	7.196	-2.495	0.376	0.871	0.000000	0.000000
1582082217286	1582082217285	-1.124	-1.743	7.173	-2.379	0.071	0.852	0.000000	0.000000
1582082217308	1582082217308	-0.322	-3.423	7.716	-1.582	-0.042	0.919	0.000000	0.000000
1582082217332	1582082217326	-0.125	-4.920	6.681	-1.492	-0.271	0.879	0.000000	0.000000
1582082217349	1582082217346	0.095	-5.787	6.478	-1.330	-0.312	0.849	0.000000	0.000000
1582082217367	1582082217365	-0.171	-5.349	7.108	-1.117	-0.012	0.840	0.000000	0.000000
1582082217386	1582082217386	-0.976	-4.247	6.674	-1.449	0.569	0.797	0.000000	0.000000
1582082217406	1582082217405	-2.121	-3.456	6.847	-1.681	1.047	0.788	0.000000	0.000000
1582082217428	1582082217426	-3.695	-4.299	6.380	-2.284	1.294	0.919	0.000000	0.000000
1582082217448	1582082217448	-4.864	-5.619	4.806	-3.000	1.053	0.800	0.000000	0.000000
1582082217467	1582082217466	-5.151	-6.326	3.927	-3.013	0.415	0.793	0.000000	0.000000
1582082217485	1582082217484	-4.428	-6.820	4.315	-2.347	-0.175	0.955	0.000000	0.000000
1582082217505	1582082217505	-3.802	-8.056	4.590	-1.711	-0.057	1.091	0.000000	0.000000
1582082217529	1582082217526	-4.394	-9.747	4.293	-1.243	0.725	1.301	0.000000	0.000000
1582082217550	1582082217547	-6.713	-10.741	4.767	-0.776	1.114	1.109	0.000000	0.000000
1582082217566	1582082217564	-8.066	-11.385	5.005	-1.218	0.847	0.506	0.000000	0.000000
1582082217584	1582082217584	-8.316	-11.845	3.227	-3.011	0.517	-0.317	0.000000	0.000000
1582082217606	1582082217604	-8.320	-11.632	-1.720	-5.472	0.709	-1.150	0.000000	0.000000
1582082217624	1582082217624	-10.048	-12.207	-7.294	-9.039	1.445	-2.103	0.000000	0.000000
1582082217645	1582082217644	-13.852	-12.533	-13.275	-13.068	2.382	-2.811	0.000000	0.000000
1582082217666	1582082217665	-16.664	-19.588	-20.912	-12.204	3.556	-2.218	0.000000	0.000000
1582082217684	1582082217683	-18.089	-23.181	-27.392	-10.242	5.300	-2.217	0.000000	0.000000
1582082217705	1582082217703	-19.538	-16.198	-21.114	-4.234	6.373	-0.265	0.000000	0.000000
1582082217727	1582082217727	-23.340	-17.693	-6.537	0.565	7.788	0.608	0.000000	0.000000
1582082217747	1582082217747	-18.805	-6.578	2.238	-0.367	6.925	1.602	0.000000	0.000000
1582082217766	1582082217764	-12.596	-0.814	2.600	2.405	5.113	3.175	0.000000	0.000000
1582082217785	1582082217785	-8.143	7.795	3.967	2.981	2.381	5.258	0.000000	0.000000
1582082217804	1582082217803	-9.183	2.849	7.414	3.309	0.087	7.785	0.000000	0.000000
1582082217825	1582082217823	-7.130	-3.732	9.822	3.126	-0.345	9.145	0.000000	0.000000
1582082217844	1582082217844	-15.672	-11.802	2.274	0.966	0.652	10.611	0.000000	0.000000
1582082217867	1582082217866	-14.968	-19.748	-4.874	-0.689	1.480	9.498	0.000000	0.000000
1582082217886	1582082217883	-12.941	-23.281	-11.431	-2.942	2.853	7.870	0.000000	0.000000
1582082217904	1582082217903	-14.218	-19.039	-10.058	-3.601	4.115	6.930	0.000000	0.000000
1582082217924	1582082217923	-18.166	-12.995	-6.970	-5.143	4.652	6.417	0.000000	0.000000
1582082217949	1582082217947	-22.624	-13.096	-9.972	-4.608	4.689	6.060	0.000000	0.000000
1582082217963	1582082217962	-20.183	-14.737	-7.505	-2.602	3.970	5.606	0.000000	0.000000
1582082217986	1582082217986	-18.386	-8.202	-7.193	-4.288	3.888	4.557	0.000000	0.000000
1582082218005	1582082218003	-16.978	-4.287	-8.983	-5.214	3.190	3.717	0.000000	0.000000
1582082218023	1582082218022	-16.204	-7.076	-7.967	-4.447	2.613	3.198	0.000000	0.000000
1582082218046	1582082218043	-15.049	-8.221	-6.798	-3.692	2.331	3.247	0.000000	0.000000
1582082218066	1582082218064	-11.815	-1.224	-5.241	-2.705	1.962	3.330	0.000000	0.000000
1582082218084	1582082218084	-13.095	2.065	-4.752	-3.814	1.790	2.634	0.000000	0.000000
1582082218104	1582082218102	-11.950	0.214	-4.855	-3.305	0.780	2.163	0.000000	0.000000
1582082218123	1582082218122	-7.274	-2.012	-4.752	-2.064	0.465	1.892	0.000000	0.000000
1582082218142	1582082218142	-8.591	1.536	-5.174	-2.373	1.301	1.869	0.000000	0.000000
1582082218163	1582082218163	-9.096	5.055	-3.842	-2.863	0.818	1.790	0.000000	0.000000
1582082218182	1582082218182	-8.134	6.147	-4.367	-2.924	-0.005	1.350	0.000000	0.000000
1582082218204	1582082218203	-6.979	3.093	-5.639	-2.507	-0.652	1.064	0.000000	0.000000
1582082218222	1582082218221	-7.329	3.673	-5.437	-2.651	-0.849	0.954	0.000000	0.000000
1582082218242	1582082218241	-9.638	6.449	-5.121	-2.547	-1.249	0.379	0.000000	0.000000
1582082218266	1582082218264	-8.541	4.123	-4.671	-2.400	-1.933	-0.369	0.000000	0.000000
1582082218284	1582082218282	-10.440	3.797	-3.732	-2.023	-2.637	-0.537	0.000000	0.000000
1582082218303	1582082218301	-11.116	2.671	-2.584	-1.441	-4.376	-0.749	0.000000	0.000000
1582082218322	1582082218321	-10.651	5.481	0.408	-0.342	-4.997	-0.508	0.000000	0.000000
1582082218342	1582082218341	-8.627	4.744	0.571	-0.228	-4.465	-0.243	0.000000	0.000000
1582082218363	1582082218363	-8.658	2.192	-0.658	-0.669	-3.661	-0.377	0.000000	0.000000
1582082218382	1582082218381	-11.566	1.821	0.470	-0.396	-3.578	-0.046	0.000000	0.000000
1582082218412	1582082218410	-10.385	4.106	1.867	0.346	-4.613	-0.009	0.000000	0.000000
1582082218421	1582082218420	-9.614	3.800	2.564	0.917	-5.149	-0.008	0.000000	0.000000
1582082218440	1582082218439	-11.729	0.987	1.958	1.311	-5.341	0.063	0.000000	0.000000
1582082218463	1582082218461	-13.689	-1.995	1.019	2.320	-6.319	0.003	0.000000	0.000000
1582082218492	1582082218482	-12.975	-3.480	-1.111	3.865	-7.460	0.008	0.000000	0.000000
1582082218504	1582082218500	-12.472	-3.696	-3.610	5.404	-8.093	0.365	0.000000	0.000000
1582082218520	1582082218520	-11.672	-4.762	-6.175	7.255	-8.464	0.592	0.000000	0.000000
1582082218540	1582082218539	-9.398	-5.940	-9.057	8.812	-8.571	0.674	0.000000	0.000000
1582082218560	1582082218558	-6.907	-5.521	-10.533	9.071	-7.995	0.621	0.000000	0.000000
1582082218582	1582082218580	-6.909	-5.004	-11.412	8.937	-6.984	0.566	0.000000	0.000000
1582082218600	1582082218598	-6.723	-4.989	-11.510	8.954	-6.811	0.231	0.000000	0.000000
1582082218626	1582082218619	-5.616	-3.607	-12.380	8.096	-6.489	0.300	0.000000	0.000000
1582082218640	1582082218639	-3.515	-4.077	-17.422	7.478	-5.111	0.691	0.000000	0.000000
1582082218660	1582082218659	-1.807	-3.904	-18.840	5.836	-3.382	1.359	0.000000	0.000000
1582082218681	1582082218680	-3.973	4.020	-15.539	0.992	-3.299	1.573	0.000000	0.000000
1582082218706	1582082218702	-5.309	5.481	-8.870	-1.479	-4.994	-0.135	0.000000	0.000000
1582082218720	1582082218719	-4.111	1.325	-4.323	-2.676	-5.428	-0.860	0.000000	0.000000
1582082218740	1582082218739	-12.031	2.386	-0.517	-2.640	-5.076	-0.418	0.000000	0.000000
1582082218760	1582082218759	-13.485	2.360	2.106	-1.046	-6.585	-0.562	0.000000	0.000000
1582082218780	1582082218780	-7.103	6.044	4.875	0.141	-7.340	-0.304	0.000000	0.000000
1582082218803	1582082218803	-12.901	6.499	7.525	-0.274	-6.189	0.625	0.000000	0.000000
1582082218821	1582082218820	-12.802	6.816	8.183	-0.980	-5.404	0.808	0.000000	0.000000
1582082218840	1582082218838	-12.524	6.847	8.960	-0.564	-4.958	1.255	0.000000	0.000000
1582082218860	1582082218858	-12.776	8.653	7.249	-0.743	-4.364	1.514	0.000000	0.000000
1582082218881	1582082218881	-10.345	9.535	9.999	-0.253	-4.629	1.927	0.000000	0.000000
1582082218903	1582082218903	-9.288	10.124	10.121	-0.978	-4.321	2.270	0.000000	0.000000
1582082218919	1582082218918	-8.589	7.858	9.997	-2.827	-3.603	2.314	0.000000	0.000000
1582082218940	1582082218940	-5.657	7.031	9.815	-2.099	-3.409	2.582	0.000000	0.000000
1582082218960	1582082218958	-5.436	6.293	9.587	-0.893	-2.590	2.493	0.000000	0.000000
1582082218979	1582082218978	-4.619	6.073	9.769	-0.812	-2.248	2.293	0.000000	0.000000
1582082219000	1582082218998	-4.670	6.178	7.429	-1.453	-1.759	2.374	0.000000	0.000000
1582082219020	1582082219019	-4.746	5.608	6.406	-1.893	-1.368	2.203	0.000000	0.000000
1582082219039	1582082219038	-3.788	5.532	5.651	-2.208	-1.471	1.821	0.000000	0.000000
1582082219059	1582082219058	-2.586	4.732	5.548	-2.366	-1.463	1.592	0.000000	0.000000
1582082219079	1582082219077	-2.669	3.711	6.142	-2.362	-1.032	1.618	0.000000	0.000000
1582082219103	1582082219103	-2.739	3.036	7.141	-2.361	-0.467	1.410	0.000000	0.000000
1582082219119	1582082219117	-2.138	3.083	7.153	-2.789	-0.206	1.002	0.000000	0.000000
1582082219139	1582082219137	-1.445	4.638	6.765	-3.750	-0.302	0.720	0.000000	0.000000
1582082219159	1582082219157	-1.201	4.641	5.560	-4.145	-0.225	0.780	0.000000	0.000000
1582082219178	1582082219177	-2.281	0.990	6.016	-3.045	0.195	1.046	0.000000	0.000000
1582082219198	1582082219198	-3.012	-2.060	7.345	-2.045	0.253	1.267	0.000000	0.000000
1582082219233	1582082219233	-2.923	-1.269	7.585	-2.024	-0.014	1.158	0.000000	0.000000
1582082219241	1582082219240	-1.776	1.234	7.611	-1.887	-0.484	0.653	0.000000	0.000000
1582082219257	1582082219255	-0.643	0.971	7.091	-1.598	-0.988	0.507	0.000000	0.000000
1582082219277	1582082219276	-0.353	-0.577	6.840	-2.381	-0.999	0.421	0.000000	0.000000
1582082219300	1582082219300	-0.286	-1.171	5.764	-3.358	-0.929	0.365	0.000000	0.000000
1582082219316	1582082219316	0.536	-2.649	5.362	-2.655	-0.765	0.472	0.000000	0.000000
1582082219339	1582082219338	0.200	-2.838	6.818	-1.406	-0.231	0.560	0.000000	0.000000
1582082219356	1582082219355	-1.187	-2.263	9.249	-0.768	0.172	0.484	0.000000	0.000000
1582082219376	1582082219375	-1.026	-3.063	10.208	-1.196	0.069	0.544	0.000000	0.000000
1582082219396	1582082219394	-1.187	-3.073	8.770	-1.967	0.125	0.431	0.000000	0.000000
1582082219417	1582082219416	-1.613	0.300	8.512	-2.506	-0.017	0.130	0.000000	0.000000
1582082219436	1582082219435	-1.599	2.125	8.828	-3.197	-0.847	0.323	0.000000	0.000000
1582082219456	1582082219454	0.550	-1.164	6.998	-3.379	-1.124	0.747	0.000000	0.000000
1582082219476	1582082219474	1.118	-4.810	6.039	-2.308	-0.799	1.432	0.000000	0.000000
1582082219495	1582082219494	-0.619	-5.742	8.011	-1.192	-0.106	1.897	0.000000	0.000000
1582082219516	1582082219514	-2.195	-4.678	8.159	-1.716	-0.054	1.760	0.000000	0.000000
1582082219537	1582082219535	-1.862	-4.546	7.860	-1.479	-0.356	1.617	0.000000	0.000000
1582082219564	1582082219562	-0.993	-6.573	7.331	-0.918	-0.435	1.606	0.000000	0.000000
1582082219577	1582082219575	-1.127	-6.561	7.558	-0.461	-0.533	1.503	0.000000	0.000000
1582082219597	1582082219596	-0.638	-6.714	7.125	-0.479	-0.558	1.332	0.000000	0.000000
1582082219617	1582082219615	-0.856	-6.350	5.994	-1.062	0.259	1.152	0.000000	0.000000
1582082219636	1582082219635	-2.586	-5.780	5.280	-1.851	0.744	1.175	0.000000	0.000000
1582082219655	1582082219654	-4.713	-4.989	4.667	-2.759	0.356	0.975	0.000000	0.000000
1582082219675	1582082219673	-3.953	-5.274	3.963	-3.015	-0.574	0.769	0.000000	0.000000
1582082219695	1582082219693	-2.238	-7.011	2.537	-3.203	-0.903	0.695	0.000000	0.000000
1582082219715	1582082219714	-1.335	-8.580	2.152	-3.056	-0.538	0.761	0.000000	0.000000
1582082219736	1582082219736	-1.196	-9.938	2.231	-2.922	0.133	0.929	0.000000	0.000000
1582082219761	1582082219760	-3.172	-10.070	1.646	-3.041	0.773	1.075	0.000000	0.000000
1582082219775	1582082219774	-4.385	-10.609	1.284	-2.385	0.782	1.017	0.000000	0.000000
1582082219796	1582082219794	-3.750	-12.993	-0.141	-1.412	0.716	0.865	0.000000	0.000000
1582082219815	1582082219815	-4.274	-14.840	-0.273	-0.505	0.905	0.411	0.000000	0.000000
1582082219839	1582082219839	-5.889	-15.465	-0.687	-0.820	1.344	-0.544	0.000000	0.000000
1582082219859	1582082219854	-8.943	-14.864	-2.841	-2.770	2.396	-1.609	0.000000	0.000000
1582082219877	1582082219876	-14.391	-12.245	-7.845	-5.543	3.037	-2.393	0.000000	0.000000
1582082219894	1582082219894	-16.484	-11.833	-13.302	-7.796	1.801	-2.699	0.000000	0.000000
1582082219920	1582082219919	-10.021	-17.288	-14.861	-8.705	1.470	-2.749	0.000000	0.000000
1582082219936	1582082219934	-8.222	-18.974	-19.331	-7.885	3.398	-2.021	0.000000	0.000000
1582082219963	1582082219956	-14.256	-18.545	-20.919	-3.605	5.586	-0.670	0.000000	0.000000
1582082219974	1582082219973	-14.479	-15.527	-10.176	-1.883	5.583	0.395	0.000000	0.000000
1582082219995	1582082219994	-13.775	-5.179	-1.243	-0.625	5.393	1.844	0.000000	0.000000
1582082220014	1582082220013	-13.895	-2.946	1.567	1.418	5.049	3.649	0.000000	0.000000
1582082220039	1582082220039	-11.296	0.444	2.693	1.536	3.466	6.077	0.000000	0.000000
1582082220057	1582082220053	-14.168	7.266	5.814	1.985	0.811	8.651	0.000000	0.000000
1582082220075	1582082220073	-19.337	-5.722	9.743	1.668	0.714	9.697	0.000000	0.000000
1582082220093	1582082220093	-20.993	-19.051	2.863	-0.231	1.496	10.360	0.000000	0.000000
1582082220115	1582082220114	-16.295	-20.158	-4.942	-1.794	1.405	9.675	0.000000	0.000000
1582082220135	1582082220134	-14.925	-25.708	-8.405	-3.070	2.672	8.326	0.000000	0.000000
1582082220160	1582082220154	-15.289	-20.826	-10.636	-3.950	3.939	7.534	0.000000	0.000000
1582082220173	1582082220172	-16.604	-15.264	-11.270	-5.616	4.632	6.536	0.000000	0.000000
1582082220196	1582082220192	-16.705	-13.156	-9.833	-4.519	4.452	6.089	0.000000	0.000000
1582082220213	1582082220213	-20.111	-11.668	-8.580	-4.347	4.399	5.935	0.000000	0.000000
1582082220237	1582082220236	-20.238	-7.157	-6.273	-3.983	3.612	5.232	0.000000	0.000000
1582082220258	1582082220258	-16.609	-9.903	-8.734	-4.525	3.510	4.035	0.000000	0.000000
1582082220275	1582082220273	-17.421	-5.356	-9.062	-5.010	3.240	3.244	0.000000	0.000000
1582082220294	1582082220292	-14.134	-8.039	-8.163	-3.351	2.486	3.573	0.000000	0.000000
1582082220314	1582082220312	-12.948	-2.723	-5.588	-2.432	2.669	3.614	0.000000	0.000000
1582082220333	1582082220333	-10.819	3.409	-4.556	-2.495	2.399	2.275	0.000000	0.000000
1582082220357	1582082220357	-10.146	0.511	-4.228	-2.977	2.067	1.077	0.000000	0.000000
1582082220375	1582082220374	-8.316	0.738	-5.485	-2.518	0.685	1.347	0.000000	0.000000
1582082220392	1582082220392	-4.844	3.531	-4.484	-0.991	0.321	1.913	0.000000	0.000000
1582082220412	1582082220411	-9.509	1.740	-2.558	-1.225	1.297	1.846	0.000000	0.000000
1582082220433	1582082220432	-9.940	0.166	-2.002	-0.847	0.606	1.526	0.000000	0.000000
1582082220457	1582082220457	-3.735	8.449	-3.159	-1.905	-0.955	1.146	0.000000	0.000000
1582082220472	1582082220472	-3.388	11.049	-3.425	-2.773	-0.868	0.572	0.000000	0.000000
1582082220498	1582082220497	-6.490	4.389	-4.520	-3.759	-0.397	0.276	0.000000	0.000000
1582082220512	1582082220511	-8.665	3.081	-3.904	-3.259	-0.913	0.026	0.000000	0.000000
1582082220533	1582082220531	-9.401	5.388	-2.814	-2.781	-2.120	-0.266	0.000000	0.000000
1582082220553	1582082220551	-7.053	7.194	-3.164	-2.757	-3.211	-0.582	0.000000	0.000000
1582082220577	1582082220571	-9.523	4.358	-2.275	-1.827	-3.292	-0.480	0.000000	0.000000
1582082220596	1582082220592	-8.385	4.609	-1.861	-1.095	-3.253	-0.446	0.000000	0.000000
1582082220613	1582082220611	-8.711	7.309	-3.095	-1.278	-3.286	-0.175	0.000000	0.000000
1582082220630	1582082220629	-11.310	6.361	-2.421	-1.129	-3.677	-0.019	0.000000	0.000000
1582082220654	1582082220653	-10.754	4.631	-1.260	-1.094	-4.405	-0.214	0.000000	0.000000
1582082220672	1582082220669	-9.801	4.734	0.111	-0.681	-4.850	-0.176	0.000000	0.000000
1582082220691	1582082220689	-10.364	5.266	0.971	-0.440	-4.905	-0.252	0.000000	0.000000
1582082220710	1582082220710	-12.412	4.411	0.719	-0.317	-4.871	-0.201	0.000000	0.000000
1582082220731	1582082220730	-14.242	2.075	-0.486	0.440	-5.061	-0.065	0.000000	0.000000
1582082220757	1582082220750	-14.388	0.738	-2.486	1.618	-5.839	0.128	0.000000	0.000000
1582082220774	1582082220772	-13.507	0.621	-5.471	2.818	-6.965	0.190	0.000000	0.000000
1582082220794	1582082220790	-12.534	-1.042	-7.735	4.465	-8.463	0.024	0.000000	0.000000
1582082220810	1582082220810	-9.911	-2.690	-10.401	6.254	-9.985	-0.110	0.000000	0.000000
1582082220830	1582082220829	-6.334	-3.995	-13.129	8.669	-10.666	0.167	0.000000	0.000000
1582082220850	1582082220850	-4.080	-3.135	-13.402	10.597	-10.104	0.548	0.000000	0.000000
1582082220871	1582082220872	-3.199	1.723	-11.088	9.841	-8.700	0.675	0.000000	0.000000
1582082220892	1582082220892	-3.101	0.470	-6.836	8.387	-7.102	0.669	0.000000	0.000000
1582082220913	1582082220911	-3.750	-9.325	-10.681	7.678	-5.632	0.821	0.000000	0.000000
1582082220930	1582082220930	-2.957	-7.452	-18.857	5.664	-5.217	0.634	0.000000	0.000000
1582082220950	1582082220949	-0.552	2.252	-21.240	3.493	-4.844	0.150	0.000000	0.000000
1582082220971	1582082220969	0.160	3.258	-16.073	1.298	-4.741	-0.515	0.000000	0.000000
1582082220992	1582082220992	-1.484	3.572	-8.870	-1.643	-4.988	-1.307	0.000000	0.000000
1582082221010	1582082221010	-3.965	4.008	-3.562	-2.718	-4.837	-1.917	0.000000	0.000000
1582082221031	1582082221029	-9.530	-0.467	1.780	-1.966	-4.683	-1.598	0.000000	0.000000
1582082221051	1582082221049	-10.040	1.747	5.223	-0.747	-5.975	-0.888	0.000000	0.000000
1582082221075	1582082221071	-9.643	5.230	6.691	-0.368	-5.690	-0.321	0.000000	0.000000
1582082221091	1582082221088	-13.717	5.529	6.372	-0.914	-5.155	0.417	0.000000	0.000000
1582082221111	1582082221111	-15.500	6.595	7.031	-1.142	-4.945	0.568	0.000000	0.000000
1582082221129	1582082221128	-15.263	6.056	8.193	-0.826	-5.038	0.924	0.000000	0.000000
1582082221150	1582082221148	-13.986	5.786	11.197	-1.041	-4.514	1.125	0.000000	0.000000
1582082221169	1582082221168	-10.632	9.860	13.260	-0.939	-4.275	1.014	0.000000	0.000000
1582082221193	1582082221193	-12.148	10.692	7.853	-2.101	-2.981	1.516	0.000000	0.000000
1582082221210	1582082221209	-13.317	10.732	8.442	-3.027	-2.782	1.589	0.000000	0.000000
1582082221233	1582082221232	-9.712	7.621	10.085	-2.225	-3.534	1.586	0.000000	0.000000
1582082221249	1582082221248	-6.457	7.580	10.136	-2.388	-3.110	1.457	0.000000	0.000000
1582082221269	1582082221269	-6.972	8.869	8.801	-2.299	-2.712	1.883	0.000000	0.000000
1582082221289	1582082221289	-8.399	6.411	7.283	-2.328	-2.629	2.275	0.000000	0.000000
1582082221311	1582082221309	-7.147	3.687	6.210	-2.219	-2.828	2.039	0.000000	0.000000
1582082221330	1582082221328	-4.291	3.721	6.892	-1.320	-2.902	1.916	0.000000	0.000000
1582082221349	1582082221348	-3.122	2.422	7.180	-0.779	-2.469	2.227	0.000000	0.000000
1582082221368	1582082221367	-2.387	2.092	7.532	-0.946	-1.714	2.051	0.000000	0.000000
1582082221389	1582082221387	-2.363	2.671	8.274	-0.908	-1.164	1.826	0.000000	0.000000
1582082221413	1582082221413	-2.291	3.093	7.982	-0.881	-1.003	1.753	0.000000	0.000000
1582082221428	1582082221427	-1.800	3.163	7.249	-0.820	-0.709	1.527	0.000000	0.000000
1582082221454	1582082221448	-2.150	2.425	7.230	-1.001	-0.341	1.543	0.000000	0.000000
1582082221467	1582082221467	-1.908	2.808	6.636	-1.606	-0.161	1.486	0.000000	0.000000
1582082221492	1582082221491	-2.346	3.773	7.019	-1.601	-0.075	1.240	0.000000	0.000000
1582082221509	1582082221509	-2.506	3.989	6.943	-1.227	-0.204	1.228	0.000000	0.000000
1582082221529	1582082221528	-3.125	2.307	7.175	-0.892	-0.210	1.441	0.000000	0.000000
1582082221547	1582082221547	-2.530	1.261	7.309	-0.904	-0.244	1.278	0.000000	0.000000
1582082221581	1582082221579	-0.966	1.431	6.895	-1.674	-0.384	1.011	0.000000	0.000000
1582082221588	1582082221586	-0.243	1.759	5.733	-2.192	-0.402	1.001	0.000000	0.000000
1582082221607	1582082221607	-0.374	1.258	5.783	-2.236	0.011	0.961	0.000000	0.000000
1582082221629	1582082221626	-1.337	-0.105	6.485	-2.199	0.257	0.784	0.000000	0.000000
1582082221649	1582082221649	-1.445	-1.001	6.919	-2.033	0.043	0.479	0.000000	0.000000
1582082221668	1582082221667	-0.746	-0.613	7.271	-1.926	-0.203	0.147	0.000000	0.000000
1582082221687	1582082221686	-0.003	-0.955	7.079	-1.987	-0.285	0.069	0.000000	0.000000
1582082221707	1582082221706	0.179	-0.931	7.060	-2.105	0.100	-0.058	0.000000	0.000000
1582082221732	1582082221727	-0.758	-1.336	7.146	-2.400	0.544	-0.023	0.000000	0.000000
1582082221749	1582082221749	-1.184	-1.533	7.695	-3.108	0.386	-0.150	0.000000	0.000000
1582082221765	1582082221764	-0.259	-1.492	8.224	-2.975	-0.365	-0.112	0.000000	0.000000
1582082221785	1582082221784	0.612	-1.921	8.310	-1.881	-0.581	0.043	0.000000	0.000000
1582082221806	1582082221806	0.914	-2.544	8.377	-1.198	-0.229	0.316	0.000000	0.000000
1582082221826	1582082221826	-0.097	-2.584	7.896	-0.926	0.339	0.649	0.000000	0.000000
1582082221849	1582082221846	-1.060	-2.929	8.114	-1.441	0.772	0.558	0.000000	0.000000
1582082221866	1582082221865	-1.975	-2.888	7.783	-2.329	0.138	0.704	0.000000	0.000000
1582082221886	1582082221885	-1.110	-2.881	8.243	-2.646	-0.757	0.915	0.000000	0.000000
1582082221909	1582082221909	0.608	-4.568	7.827	-2.999	-0.826	0.987	0.000000	0.000000
1582082221932	1582082221925	0.986	-7.016	6.164	-2.975	-0.174	1.069	0.000000	0.000000
1582082221951	1582082221945	-0.597	-8.127	5.647	-2.663	0.357	1.042	0.000000	0.000000
1582082221965	1582082221965	-1.975	-7.406	6.272	-2.770	0.181	0.934	0.000000	0.000000
1582082221986	1582082221984	-1.381	-6.906	5.469	-2.879	-0.160	0.726	0.000000	0.000000
1582082222007	1582082222004	-0.928	-6.927	4.351	-2.883	-0.044	0.690	0.000000	0.000000
1582082222026	1582082222026	-1.704	-7.461	4.123	-2.500	0.235	0.862	0.000000	0.000000
1582082222045	1582082222045	-2.447	-8.211	4.595	-2.047	0.508	0.925	0.000000	0.000000
1582082222073	1582082222066	-3.014	-9.361	4.159	-2.291	0.693	0.761	0.000000	0.000000
1582082222086	1582082222085	-3.038	-9.304	3.488	-2.297	0.589	0.614	0.000000	0.000000
1582082222105	1582082222104	-2.650	-8.712	3.184	-2.018	0.435	0.592	0.000000	0.000000
1582082222131	1582082222125	-3.321	-8.901	2.549	-2.017	0.688	0.573	0.000000	0.000000
1582082222149	1582082222146	-4.746	-9.620	1.244	-2.280	0.914	0.424	0.000000	0.000000
1582082222165	1582082222164	-6.308	-11.728	-0.234	-3.020	1.000	0.074	0.000000	0.000000
1582082222185	1582082222184	-8.153	-14.222	-2.702	-4.838	1.400	-0.896	0.000000	0.000000
1582082222204	1582082222204	-9.398	-15.498	-7.246	-7.113	1.706	-2.051	0.000000	0.000000
1582082222226	1582082222224	-9.415	-16.703	-13.268	-9.643	1.493	-2.613	0.000000	0.000000
1582082222248	1582082222247	-9.243	-21.758	-16.665	-9.307	1.659	-2.355	0.000000	0.000000
1582082222265	1582082222265	-10.095	-20.778	-16.854	-8.002	3.100	-2.241	0.000000	0.000000
1582082222284	1582082222283	-14.546	-8.669	-20.412	-5.868	5.405	-1.113	0.000000	0.000000
1582082222305	1582082222303	-16.602	-2.963	-18.483	-2.159	6.138	-0.013	0.000000	0.000000
1582082222329	1582082222323	-12.810	-11.642	-7.184	0.455	5.824	1.185	0.000000	0.000000
1582082222348	1582082222348	-13.531	-2.991	-2.589	1.985	5.300	3.866	0.000000	0.000000
1582082222366	1582082222363	-10.697	-9.632	0.070	4.236	4.076	4.794	0.000000	0.000000
1582082222386	1582082222386	-10.888	-5.811	0.362	3.118	2.566	6.047	0.000000	0.000000
1582082222404	1582082222404	-3.328	5.762	7.065	1.938	0.564	6.880	0.000000	0.000000
1582082222423	1582082222423	-10.014	4.827	9.987	1.982	0.180	9.142	0.000000	0.000000
1582082222459	1582082222451	-18.437	-14.955	6.722	2.322	0.579	10.943	0.000000	0.000000
1582082222470	1582082222470	-14.594	-12.449	0.597	-0.661	0.780	10.274	0.000000	0.000000
1582082222483	1582082222482	-18.005	-22.757	-8.434	-3.461	2.839	8.929	0.000000	0.000000
1582082222502	1582082222502	-17.871	-11.840	-7.124	-4.145	3.830	7.886	0.000000	0.000000
1582082222522	1582082222522	-20.808	-15.760	-8.889	-3.893	4.009	7.571	0.000000	0.000000
1582082222547	1582082222547	-19.970	-12.315	-9.594	-4.175	4.255	6.971	0.000000	0.000000
1582082222564	1582082222562	-23.719	-15.450	-10.906	-5.377	4.031	6.040	0.000000	0.000000
1582082222586	1582082222586	-21.191	-9.526	-7.701	-4.869	3.723	5.801	0.000000	0.000000
1582082222604	1582082222602	-19.644	-6.194	-9.320	-4.852	3.968	5.095	0.000000	0.000000
1582082222624	1582082222622	-18.988	-8.230	-8.549	-4.092	3.878	3.887	0.000000	0.000000
1582082222645	1582082222644	-18.334	-4.652	-5.033	-4.929	2.874	3.139	0.000000	0.000000
1582082222669	1582082222669	-15.533	-7.850	-3.887	-3.802	1.942	3.249	0.000000	0.000000
