1582081652591	1582081652586	-3.235	-4.046	7.412	-1.716	0.446	1.482	0.000000	0.000000
1582081652607	1582081652606	-3.077	-4.120	6.902	-2.062	0.285	1.459	0.000000	0.000000
1582081652627	1582081652625	-3.307	-4.472	6.662	-2.118	0.193	1.505	0.000000	0.000000
1582081652646	1582081652644	-3.319	-5.104	5.841	-2.254	0.267	1.451	0.000000	0.000000
1582081652665	1582081652664	-3.812	-6.304	4.916	-2.269	0.498	1.510	0.000000	0.000000
1582081652686	1582081652686	-5.175	-7.545	4.305	-1.701	0.618	1.561	0.000000	0.000000
1582081652708	1582081652708	-5.134	-7.742	3.627	-1.320	0.517	1.584	0.000000	0.000000
1582081652725	1582081652725	-4.526	-7.636	3.299	-1.320	0.516	1.503	0.000000	0.000000
1582081652745	1582081652744	-4.327	-8.633	3.129	-1.509	0.675	1.449	0.000000	0.000000
1582081652765	1582081652764	-4.967	-9.222	3.083	-2.013	0.977	1.233	0.000000	0.000000
1582081652785	1582081652784	-5.702	-9.891	2.520	-2.354	1.068	1.023	0.000000	0.000000
1582081652805	1582081652804	-5.681	-9.625	1.787	-2.920	0.991	0.767	0.000000	0.000000
1582081652825	1582081652823	-5.661	-9.502	0.446	-2.970	1.081	0.585	0.000000	0.000000
1582081652845	1582081652843	-6.368	-11.505	0.302	-2.053	1.454	0.580	0.000000	0.000000
1582081652865	1582081652863	-7.611	-13.388	0.709	-2.106	1.864	0.280	0.000000	0.000000
1582081652885	1582081652883	-8.172	-12.207	-2.697	-3.649	2.264	-0.847	0.000000	0.000000
1582081652913	1582081652911	-11.094	-12.782	-7.100	-5.946	3.098	-2.051	0.000000	0.000000
1582081652926	1582081652926	-15.124	-16.548	-15.058	-9.025	2.545	-3.154	0.000000	0.000000
1582081652944	1582081652943	-14.204	-25.023	-17.350	-11.007	1.432	-4.029	0.000000	0.000000
1582081652964	1582081652963	-11.006	-27.943	-14.739	-10.720	2.847	-3.704	0.000000	0.000000
1582081652984	1582081652983	-14.800	-17.844	-14.787	-8.060	5.097	-2.696	0.000000	0.000000
1582081653004	1582081653002	-17.756	-10.171	-14.411	-5.539	6.365	-1.247	0.000000	0.000000
1582081653024	1582081653022	-16.364	-7.866	-8.384	-1.216	6.234	0.113	0.000000	0.000000
1582081653044	1582081653043	-13.988	4.748	-4.213	1.110	5.223	2.577	0.000000	0.000000
1582081653064	1582081653062	-13.557	-2.805	-4.403	4.223	4.944	4.451	0.000000	0.000000
1582081653083	1582081653082	-13.492	-3.976	-4.153	4.546	3.478	6.142	0.000000	0.000000
1582081653106	1582081653103	-5.110	4.226	5.074	3.115	1.507	6.051	0.000000	0.000000
1582081653125	1582081653123	-8.615	7.367	5.407	1.133	0.930	7.341	0.000000	0.000000
1582081653144	1582081653142	-14.829	-4.508	4.765	1.337	0.102	9.051	0.000000	0.000000
1582081653163	1582081653162	-17.418	-13.019	-2.002	0.135	0.232	9.248	0.000000	0.000000
1582081653183	1582081653182	-14.683	-14.923	-7.725	-2.345	1.238	7.808	0.000000	0.000000
1582081653203	1582081653202	-16.523	-15.666	-9.591	-3.821	2.659	7.111	0.000000	0.000000
1582081653224	1582081653224	-14.580	-14.732	-12.739	-3.663	2.673	6.945	0.000000	0.000000
1582081653243	1582081653242	-16.400	-13.862	-13.469	-4.321	3.270	5.938	0.000000	0.000000
1582081653263	1582081653262	-16.824	-14.921	-13.553	-4.946	3.441	5.210	0.000000	0.000000
1582081653283	1582081653282	-16.882	-12.487	-11.424	-4.532	3.298	5.075	0.000000	0.000000
1582081653303	1582081653301	-15.957	-8.142	-11.455	-5.072	2.528	4.540	0.000000	0.000000
1582081653330	1582081653323	-11.652	-6.340	-10.794	-4.640	1.994	3.855	0.000000	0.000000
1582081653344	1582081653341	-12.836	-4.874	-10.022	-5.451	2.843	2.876	0.000000	0.000000
1582081653362	1582081653361	-13.852	-4.417	-10.401	-5.442	2.503	2.440	0.000000	0.000000
1582081653382	1582081653381	-11.094	-4.316	-8.954	-4.133	1.237	2.420	0.000000	0.000000
1582081653403	1582081653401	-8.699	-3.828	-8.068	-3.109	1.033	2.253	0.000000	0.000000
1582081653422	1582081653421	-7.650	2.080	-6.223	-3.278	1.171	2.165	0.000000	0.000000
1582081653444	1582081653443	-10.486	4.703	-4.422	-3.360	0.900	1.618	0.000000	0.000000
1582081653463	1582081653462	-6.576	4.099	-4.970	-3.587	-0.252	0.789	0.000000	0.000000
1582081653483	1582081653482	-4.159	6.337	-6.199	-3.686	-0.221	0.621	0.000000	0.000000
1582081653505	1582081653503	-8.100	4.530	-4.884	-3.393	0.239	0.586	0.000000	0.000000
1582081653531	1582081653525	-8.972	5.124	-3.784	-3.137	-0.425	0.532	0.000000	0.000000
1582081653543	1582081653542	-6.421	4.523	-3.054	-2.625	-0.835	0.500	0.000000	0.000000
1582081653563	1582081653563	-8.119	3.270	-3.234	-1.811	-0.990	0.392	0.000000	0.000000
1582081653583	1582081653582	-8.716	2.547	-2.129	-1.435	-1.571	0.119	0.000000	0.000000
1582081653603	1582081653601	-8.134	5.410	-1.226	-1.902	-2.133	-0.150	0.000000	0.000000
1582081653625	1582081653624	-9.698	5.189	-0.392	-1.543	-2.219	-0.528	0.000000	0.000000
1582081653643	1582081653643	-12.014	2.123	1.344	-0.896	-2.196	-0.501	0.000000	0.000000
1582081653662	1582081653661	-13.497	7.951	-0.012	-1.248	-3.068	-0.520	0.000000	0.000000
1582081653682	1582081653681	-10.450	6.135	1.847	-0.520	-4.057	-0.849	0.000000	0.000000
1582081653702	1582081653701	-10.385	3.821	1.016	-0.742	-3.924	-0.890	0.000000	0.000000
1582081653726	1582081653726	-12.400	3.903	-0.167	-0.558	-3.981	-0.762	0.000000	0.000000
1582081653744	1582081653741	-13.665	2.046	-1.662	0.651	-4.990	-0.576	0.000000	0.000000
1582081653765	1582081653765	-15.445	-0.517	-2.299	2.165	-6.231	-0.657	0.000000	0.000000
1582081653782	1582081653780	-17.244	-2.007	-3.008	3.373	-7.753	-0.823	0.000000	0.000000
1582081653802	1582081653800	-16.070	-2.522	-4.841	4.545	-9.258	-0.775	0.000000	0.000000
1582081653826	1582081653826	-14.446	-2.730	-7.090	5.971	-10.433	-0.656	0.000000	0.000000
1582081653845	1582081653843	-13.840	-4.767	-8.698	7.457	-11.121	-0.492	0.000000	0.000000
1582081653861	1582081653861	-11.327	-8.480	-9.644	9.480	-11.138	-0.446	0.000000	0.000000
1582081653881	1582081653880	-7.920	-6.724	-12.133	9.852	-9.835	-0.262	0.000000	0.000000
1582081653901	1582081653900	-7.506	-4.982	-13.292	9.609	-8.075	-0.070	0.000000	0.000000
1582081653922	1582081653920	-6.787	-7.220	-13.474	9.191	-7.301	-0.208	0.000000	0.000000
1582081653941	1582081653941	-5.333	-6.391	-14.844	7.814	-6.651	-0.263	0.000000	0.000000
1582081653961	1582081653960	-4.085	-0.627	-15.685	5.426	-6.085	-0.395	0.000000	0.000000
1582081653982	1582081653981	-1.920	-0.550	-16.272	4.122	-5.396	-0.890	0.000000	0.000000
1582081654000	1582081654000	-0.602	-1.473	-16.454	2.254	-4.351	-0.798	0.000000	0.000000
1582081654023	1582081654021	-2.262	4.075	-12.322	-0.749	-3.642	-0.574	0.000000	0.000000
1582081654048	1582081654042	-5.551	5.055	-4.939	-1.913	-3.753	-1.119	0.000000	0.000000
1582081654063	1582081654060	-9.578	-1.295	0.535	-1.331	-4.183	-1.572	0.000000	0.000000
1582081654081	1582081654079	-13.892	-2.421	5.675	-0.567	-4.940	-0.446	0.000000	0.000000
1582081654100	1582081654099	-9.331	2.003	7.829	0.079	-5.692	-0.308	0.000000	0.000000
1582081654124	1582081654123	-13.406	4.109	6.612	-0.345	-5.443	0.420	0.000000	0.000000
1582081654141	1582081654141	-17.256	5.053	7.939	-1.176	-4.297	0.357	0.000000	0.000000
1582081654161	1582081654160	-16.134	5.206	7.913	-0.595	-4.550	0.461	0.000000	0.000000
1582081654186	1582081654180	-15.861	6.416	11.738	-0.296	-4.362	0.722	0.000000	0.000000
1582081654200	1582081654199	-11.497	12.107	11.022	-0.208	-4.180	0.899	0.000000	0.000000
1582081654220	1582081654218	-15.200	11.257	8.749	-1.173	-3.016	1.782	0.000000	0.000000
1582081654245	1582081654244	-13.801	7.951	9.513	-1.422	-3.392	1.925	0.000000	0.000000
1582081654260	1582081654260	-8.469	6.523	9.638	-1.313	-3.782	1.766	0.000000	0.000000
1582081654280	1582081654279	-5.259	6.986	9.858	-2.420	-3.228	1.470	0.000000	0.000000
1582081654300	1582081654298	-4.298	7.736	8.361	-2.768	-2.967	1.600	0.000000	0.000000
1582081654320	1582081654318	-3.661	3.496	7.000	-2.126	-3.318	1.992	0.000000	0.000000
1582081654340	1582081654340	-0.894	2.178	5.860	-1.211	-2.765	2.042	0.000000	0.000000
1582081654359	1582081654359	-3.278	2.540	6.305	-0.335	-1.761	2.296	0.000000	0.000000
1582081654379	1582081654379	-4.583	4.291	7.309	0.379	-1.303	2.064	0.000000	0.000000
1582081654405	1582081654400	-3.549	4.370	9.832	0.205	-1.013	1.686	0.000000	0.000000
1582081654419	1582081654419	-3.371	4.183	8.478	-1.596	-0.954	1.571	0.000000	0.000000
1582081654442	1582081654442	-2.370	4.367	6.658	-2.474	-1.119	1.462	0.000000	0.000000
1582081654459	1582081654459	-2.166	3.656	6.281	-2.907	-0.831	1.533	0.000000	0.000000
1582081654483	1582081654480	-3.429	2.753	7.158	-3.378	-0.578	1.679	0.000000	0.000000
1582081654499	1582081654497	-2.990	1.464	6.957	-3.940	-0.436	1.575	0.000000	0.000000
1582081654519	1582081654518	-3.278	1.191	5.589	-4.683	-0.282	1.281	0.000000	0.000000
1582081654539	1582081654537	-2.842	0.575	5.316	-4.063	-0.008	1.004	0.000000	0.000000
1582081654558	1582081654558	-2.926	-0.519	5.836	-2.130	0.132	0.905	0.000000	0.000000
1582081654586	1582081654579	-1.584	0.331	6.475	-1.392	-0.395	0.543	0.000000	0.000000
1582081654598	1582081654597	0.191	1.613	5.970	-1.519	-1.024	0.299	0.000000	0.000000
1582081654620	1582081654618	1.389	1.845	5.984	-1.831	-0.589	0.339	0.000000	0.000000
1582081654640	1582081654640	0.205	0.319	6.248	-2.344	0.245	0.756	0.000000	0.000000
1582081654661	1582081654659	-1.958	-2.158	6.085	-2.136	0.665	0.996	0.000000	0.000000
1582081654678	1582081654678	-2.451	-2.534	7.113	-1.548	0.380	0.730	0.000000	0.000000
1582081654697	1582081654697	-1.306	-1.971	8.049	-1.657	0.277	0.608	0.000000	0.000000
1582081654717	1582081654717	-1.668	-2.893	7.752	-1.945	0.558	0.648	0.000000	0.000000
1582081654737	1582081654736	-2.722	-3.871	7.127	-1.946	0.646	0.550	0.000000	0.000000
1582081654758	1582081654758	-2.619	-3.569	6.873	-2.158	0.351	0.378	0.000000	0.000000
1582081654783	1582081654777	-2.312	-2.881	7.460	-2.228	0.055	0.401	0.000000	0.000000
1582081654799	1582081654798	-2.056	-2.793	7.898	-2.431	-0.123	0.489	0.000000	0.000000
1582081654816	1582081654816	-1.579	-4.402	7.249	-2.524	-0.191	0.541	0.000000	0.000000
1582081654838	1582081654836	-0.997	-6.166	7.237	-1.674	-0.027	0.785	0.000000	0.000000
1582081654865	1582081654864	-2.150	-5.857	7.620	-1.115	0.417	1.011	0.000000	0.000000
1582081654881	1582081654876	-3.091	-4.699	7.443	-1.484	0.448	0.981	0.000000	0.000000
1582081654899	1582081654898	-2.830	-5.473	6.511	-2.070	0.064	0.969	0.000000	0.000000
1582081654916	1582081654916	-1.812	-5.183	6.190	-1.801	-0.172	0.933	0.000000	0.000000
1582081654936	1582081654935	-0.578	-5.267	6.334	-1.238	0.037	1.032	0.000000	0.000000
1582081654957	1582081654955	-1.757	-6.489	5.627	-1.401	0.606	1.243	0.000000	0.000000
1582081654977	1582081654975	-3.910	-6.884	5.886	-1.525	0.877	1.394	0.000000	0.000000
1582081654998	1582081654997	-5.113	-7.054	5.699	-1.873	0.662	1.224	0.000000	0.000000
1582081655017	1582081655015	-4.576	-7.205	4.214	-2.316	0.212	0.886	0.000000	0.000000
1582081655035	1582081655035	-3.529	-7.366	3.016	-2.749	-0.090	0.767	0.000000	0.000000
1582081655057	1582081655057	-2.930	-7.981	1.972	-3.182	0.059	0.737	0.000000	0.000000
1582081655080	1582081655080	-3.611	-8.698	1.133	-3.323	0.415	0.828	0.000000	0.000000
1582081655097	1582081655096	-4.904	-9.656	0.678	-3.456	0.475	0.729	0.000000	0.000000
1582081655118	1582081655118	-5.405	-10.027	-0.208	-4.204	0.642	0.440	0.000000	0.000000
1582081655136	1582081655135	-5.661	-10.408	-1.001	-4.981	0.847	0.106	0.000000	0.000000
1582081655156	1582081655155	-5.554	-12.653	-3.566	-5.641	0.886	-0.210	0.000000	0.000000
1582081655176	1582081655176	-6.126	-15.395	-8.072	-6.128	1.113	-0.890	0.000000	0.000000
1582081655198	1582081655196	-8.205	-16.385	-13.956	-7.510	1.878	-2.117	0.000000	0.000000
1582081655214	1582081655214	-14.994	-15.446	-18.294	-9.801	1.884	-3.033	0.000000	0.000000
1582081655235	1582081655235	-16.503	-18.675	-18.337	-9.498	0.755	-2.676	0.000000	0.000000
1582081655256	1582081655254	-7.801	-17.839	-18.840	-7.966	3.589	-2.130	0.000000	0.000000
1582081655280	1582081655280	-14.522	-7.404	-23.001	-6.708	6.639	-0.864	0.000000	0.000000
1582081655294	1582081655294	-16.968	-7.773	-15.745	-2.664	6.509	0.341	0.000000	0.000000
1582081655318	1582081655318	-13.313	-8.688	-5.303	1.111	6.609	1.343	0.000000	0.000000
1582081655334	1582081655334	-13.825	-5.679	-2.455	1.688	5.787	3.476	0.000000	0.000000
1582081655356	1582081655354	-11.796	-1.487	-1.502	3.454	4.379	4.960	0.000000	0.000000
1582081655376	1582081655374	-10.404	-5.509	-0.874	4.277	3.396	5.896	0.000000	0.000000
1582081655410	1582081655396	-7.130	3.357	5.913	3.078	1.039	6.699	0.000000	0.000000
1582081655413	1582081655412	-6.370	0.963	6.116	2.162	0.858	8.366	0.000000	0.000000
1582081655433	1582081655432	-20.662	-5.310	3.464	1.774	1.015	10.093	0.000000	0.000000
1582081655453	1582081655452	-14.982	-16.430	-0.577	0.600	0.615	9.448	0.000000	0.000000
1582081655473	1582081655473	-15.124	-14.329	-8.130	-3.088	2.165	8.288	0.000000	0.000000
1582081655494	1582081655492	-16.436	-15.982	-8.896	-3.256	2.766	7.294	0.000000	0.000000
1582081655519	1582081655514	-14.949	-14.332	-10.274	-3.906	2.732	6.669	0.000000	0.000000
1582081655534	1582081655533	-17.476	-11.852	-10.760	-4.423	3.300	6.124	0.000000	0.000000
1582081655554	1582081655553	-18.961	-13.108	-10.401	-4.614	2.860	5.487	0.000000	0.000000
1582081655574	1582081655573	-14.247	-12.681	-12.643	-4.520	2.342	5.180	0.000000	0.000000
1582081655597	1582081655593	-16.331	-10.427	-12.003	-4.697	2.920	5.152	0.000000	0.000000
1582081655618	1582081655613	-14.659	-6.580	-10.113	-4.904	2.342	4.522	0.000000	0.000000
1582081655633	1582081655633	-14.237	-4.714	-12.164	-5.306	2.132	3.589	0.000000	0.000000
1582081655655	1582081655652	-14.175	-5.509	-11.694	-4.879	1.784	2.608	0.000000	0.000000
1582081655676	1582081655672	-8.603	-4.932	-11.081	-4.325	0.980	2.132	0.000000	0.000000
1582081655702	1582081655702	-10.071	-0.297	-10.240	-4.792	1.459	1.998	0.000000	0.000000
1582081655714	1582081655713	-10.313	-1.418	-9.414	-4.913	0.909	1.118	0.000000	0.000000
1582081655734	1582081655734	-7.846	1.488	-7.565	-4.547	0.066	0.758	0.000000	0.000000
1582081655753	1582081655752	-6.126	0.992	-4.879	-4.530	0.301	0.726	0.000000	0.000000
1582081655772	1582081655772	-7.226	7.187	-6.570	-4.934	0.709	0.714	0.000000	0.000000
1582081655801	1582081655792	-8.586	6.967	-5.445	-2.913	0.107	0.828	0.000000	0.000000
1582081655817	1582081655812	-7.748	3.163	-5.227	-2.476	-0.888	0.789	0.000000	0.000000
1582081655832	1582081655832	-6.996	4.315	-4.714	-2.008	-1.124	0.791	0.000000	0.000000
1582081655853	1582081655852	-7.590	5.913	-2.405	-1.475	-1.228	0.691	0.000000	0.000000
1582081655873	1582081655871	-8.522	5.101	-2.314	-1.723	-1.414	0.270	0.000000	0.000000
1582081655893	1582081655893	-9.676	5.026	-0.984	-1.671	-1.485	-0.157	0.000000	0.000000
1582081655913	1582081655911	-11.099	1.924	1.337	-1.165	-1.651	-0.369	0.000000	0.000000
1582081655933	1582081655933	-11.700	0.722	1.785	-0.819	-2.375	-0.168	0.000000	0.000000
1582081655953	1582081655951	-13.655	3.364	0.113	-0.793	-3.358	0.382	0.000000	0.000000
1582081655972	1582081655971	-11.607	7.297	1.330	-0.925	-3.948	-0.264	0.000000	0.000000
1582081655992	1582081655991	-10.124	3.874	1.725	-1.183	-3.967	-1.274	0.000000	0.000000
1582081656021	1582081656014	-13.478	0.341	0.456	-1.415	-3.526	-1.364	0.000000	0.000000
1582081656035	1582081656031	-16.731	-0.816	-1.811	-0.424	-4.539	-1.375	0.000000	0.000000
1582081656054	1582081656053	-15.689	-1.612	-2.975	1.262	-6.598	-1.627	0.000000	0.000000
1582081656072	1582081656070	-15.215	-2.045	-2.764	2.822	-7.868	-1.671	0.000000	0.000000
1582081656091	1582081656090	-15.924	-2.405	-4.455	4.206	-8.723	-1.675	0.000000	0.000000
1582081656113	1582081656113	-14.556	-2.048	-7.054	5.531	-9.840	-1.823	0.000000	0.000000
1582081656132	1582081656132	-12.833	-2.412	-9.364	6.966	-10.567	-1.812	0.000000	0.000000
1582081656152	1582081656150	-10.886	-4.163	-11.002	8.722	-10.458	-1.790	0.000000	0.000000
1582081656172	1582081656170	-7.135	-5.581	-12.432	10.350	-9.327	-1.446	0.000000	0.000000
1582081656195	1582081656192	-4.756	-5.114	-14.200	10.953	-7.243	-0.562	0.000000	0.000000
1582081656215	1582081656215	-5.393	-4.249	-15.237	10.173	-5.900	-0.016	0.000000	0.000000
1582081656232	1582081656230	-5.036	-3.106	-15.807	8.600	-5.778	-0.114	0.000000	0.000000
1582081656255	1582081656249	-2.995	-0.150	-15.403	6.215	-5.891	-0.405	0.000000	0.000000
1582081656271	1582081656270	-1.939	1.989	-14.648	3.607	-5.233	-0.544	0.000000	0.000000
1582081656291	1582081656289	-1.747	0.415	-15.336	2.199	-4.216	-0.560	0.000000	0.000000
1582081656313	1582081656313	-1.845	3.464	-15.089	0.519	-3.736	-0.701	0.000000	0.000000
1582081656336	1582081656330	-2.001	7.139	-9.857	-1.009	-3.697	-1.154	0.000000	0.000000
1582081656350	1582081656350	-4.056	6.205	-3.234	-2.233	-4.120	-1.526	0.000000	0.000000
1582081656371	1582081656369	-8.246	-0.007	4.003	-1.475	-4.355	-1.365	0.000000	0.000000
1582081656391	1582081656389	-17.483	-1.501	8.854	-0.704	-4.907	-0.448	0.000000	0.000000
1582081656428	1582081656423	-12.630	4.593	8.502	0.038	-5.994	-0.002	0.000000	0.000000
1582081656434	1582081656430	-8.550	9.858	8.974	0.618	-6.160	-0.029	0.000000	0.000000
1582081656450	1582081656450	-17.672	6.856	8.696	-1.048	-4.981	1.427	0.000000	0.000000
1582081656469	1582081656469	-15.272	4.892	7.462	-1.337	-5.154	1.293	0.000000	0.000000
1582081656489	1582081656488	-14.079	9.846	10.735	-1.397	-5.160	1.397	0.000000	0.000000
1582081656511	1582081656511	-9.499	14.045	12.050	-1.001	-4.626	1.517	0.000000	0.000000
1582081656533	1582081656533	-10.996	7.350	10.476	-0.756	-2.879	2.208	0.000000	0.000000
1582081656553	1582081656550	-7.331	5.254	10.967	-0.138	-2.912	2.252	0.000000	0.000000
1582081656568	1582081656568	-6.042	5.017	11.710	1.449	-2.981	2.676	0.000000	0.000000
1582081656589	1582081656588	-5.084	5.972	9.472	0.105	-2.086	2.459	0.000000	0.000000
1582081656614	1582081656608	-4.856	6.876	7.470	-1.678	-1.663	2.285	0.000000	0.000000
1582081656629	1582081656629	-5.235	5.136	6.933	-2.642	-1.372	2.063	0.000000	0.000000
1582081656654	1582081656648	-5.395	4.138	6.023	-2.946	-1.250	1.810	0.000000	0.000000
1582081656669	1582081656668	-4.773	6.420	6.087	-2.482	-1.271	1.586	0.000000	0.000000
1582081656689	1582081656688	-3.805	8.097	6.329	-1.945	-1.254	1.417	0.000000	0.000000
1582081656710	1582081656710	-3.136	6.756	6.689	-1.954	-1.012	1.475	0.000000	0.000000
1582081656736	1582081656736	-2.351	5.398	5.134	-2.502	-0.893	1.670	0.000000	0.000000
1582081656752	1582081656748	-2.796	4.308	5.033	-2.612	-0.653	1.872	0.000000	0.000000
1582081656767	1582081656767	-2.866	1.972	5.031	-2.809	-0.400	1.856	0.000000	0.000000
1582081656788	1582081656787	-2.346	1.490	4.212	-3.504	-0.264	1.454	0.000000	0.000000
1582081656808	1582081656807	-1.426	1.811	3.414	-3.984	-0.294	1.011	0.000000	0.000000
1582081656836	1582081656836	-0.374	1.546	3.630	-3.403	-0.170	0.581	0.000000	0.000000
1582081656849	1582081656848	0.490	1.390	4.755	-2.149	-0.135	0.441	0.000000	0.000000
1582081656874	1582081656873	0.447	0.856	6.205	-1.347	0.379	0.505	0.000000	0.000000
1582081656887	1582081656887	-1.234	0.024	7.668	-1.623	1.148	0.597	0.000000	0.000000
1582081656908	1582081656907	-3.230	-0.888	8.315	-1.898	1.279	0.528	0.000000	0.000000
1582081656931	1582081656927	-2.966	-1.298	7.522	-1.585	0.825	0.414	0.000000	0.000000
1582081656950	1582081656947	-2.145	-1.969	7.395	-1.750	0.100	0.367	0.000000	0.000000
1582081656967	1582081656966	-1.721	-1.657	7.903	-2.169	-0.076	0.226	0.000000	0.000000
1582081656987	1582081656986	-1.036	-2.057	8.325	-1.811	0.356	0.269	0.000000	0.000000
1582081657008	1582081657006	-1.853	-2.560	8.600	-2.261	0.803	0.273	0.000000	0.000000
1582081657028	1582081657028	-2.528	-1.746	8.619	-2.644	0.772	0.326	0.000000	0.000000
1582081657048	1582081657046	-2.535	-0.752	8.325	-1.802	0.239	0.559	0.000000	0.000000
1582081657068	1582081657068	-2.190	-1.248	8.449	-1.228	-0.123	0.757	0.000000	0.000000
1582081657086	1582081657086	-2.152	-3.744	8.488	-1.868	0.018	0.827	0.000000	0.000000
1582081657106	1582081657106	-2.063	-4.905	7.898	-2.622	0.291	0.768	0.000000	0.000000
1582081657127	1582081657126	-2.878	-5.169	7.563	-2.732	0.323	0.963	0.000000	0.000000
1582081657148	1582081657148	-3.604	-5.195	7.429	-2.241	0.155	1.069	0.000000	0.000000
1582081657169	1582081657169	-2.636	-4.664	6.844	-2.428	-0.082	1.019	0.000000	0.000000
1582081657188	1582081657187	-2.233	-4.922	6.442	-2.425	0.029	1.077	0.000000	0.000000
1582081657207	1582081657206	-2.832	-5.780	6.334	-2.023	0.216	1.041	0.000000	0.000000
1582081657229	1582081657227	-2.890	-6.568	5.934	-1.874	0.199	0.995	0.000000	0.000000
1582081657247	1582081657245	-2.753	-6.705	5.302	-1.640	0.205	0.981	0.000000	0.000000
1582081657267	1582081657267	-3.000	-7.035	4.310	-1.716	0.357	0.911	0.000000	0.000000
1582081657286	1582081657285	-3.345	-7.519	3.733	-1.912	0.573	0.826	0.000000	0.000000
1582081657305	1582081657305	-3.529	-7.876	3.239	-2.237	0.726	0.673	0.000000	0.000000
1582081657326	1582081657325	-3.877	-8.992	2.394	-2.458	0.752	0.499	0.000000	0.000000
1582081657354	1582081657349	-3.905	-10.149	2.180	-2.466	0.703	0.482	0.000000	0.000000
1582081657366	1582081657366	-4.248	-9.395	1.996	-2.268	0.787	0.374	0.000000	0.000000
1582081657387	1582081657387	-4.409	-8.813	2.099	-1.925	0.831	0.298	0.000000	0.000000
1582081657406	1582081657405	-4.986	-7.996	2.458	-1.746	0.815	0.213	0.000000	0.000000
1582081657427	1582081657425	-5.486	-8.283	3.000	-1.861	0.711	0.176	0.000000	0.000000
1582081657450	1582081657450	-5.846	-9.579	2.894	-2.367	0.805	0.100	0.000000	0.000000
1582081657468	1582081657468	-7.044	-10.521	2.022	-2.734	0.980	0.031	0.000000	0.000000
1582081657487	1582081657486	-8.646	-11.567	-1.276	-3.294	1.257	-0.399	0.000000	0.000000
1582081657506	1582081657504	-10.239	-12.710	-6.791	-4.755	1.844	-1.106	0.000000	0.000000
1582081657525	1582081657524	-14.264	-13.433	-13.537	-8.417	1.342	-2.033	0.000000	0.000000
1582081657548	1582081657547	-16.012	-17.858	-13.855	-11.669	0.324	-2.167	0.000000	0.000000
1582081657566	1582081657564	-8.474	-25.995	-16.200	-10.578	2.510	-1.509	0.000000	0.000000
1582081657589	1582081657587	-10.237	-23.289	-20.534	-8.232	6.129	-1.382	0.000000	0.000000
1582081657606	1582081657603	-19.807	-9.399	-18.201	-4.349	7.361	-0.116	0.000000	0.000000
1582081657624	1582081657624	-18.032	-4.122	-9.565	-2.057	7.488	-0.180	0.000000	0.000000
1582081657647	1582081657647	-15.782	-7.991	-4.776	0.076	5.913	0.746	0.000000	0.000000
1582081657665	1582081657665	-15.500	-4.894	-0.668	3.822	3.395	4.031	0.000000	0.000000
1582081657685	1582081657685	-10.357	5.834	2.202	4.383	2.369	5.686	0.000000	0.000000
1582081657705	1582081657703	-7.990	2.530	3.639	3.861	1.654	7.029	0.000000	0.000000
1582081657733	1582081657731	-11.116	-4.606	8.996	4.897	0.034	9.631	0.000000	0.000000
1582081657746	1582081657745	-10.723	-4.573	5.934	2.855	0.132	10.182	0.000000	0.000000
1582081657803	1582081657803	-14.537	-10.650	-0.792	0.074	1.732	8.840	0.000000	0.000000
1582081657804	1582081657804	-13.298	-20.562	-6.956	-1.104	2.292	7.796	0.000000	0.000000
1582081657804	1582081657804	-14.197	-13.369	-7.993	-3.214	3.035	6.898	0.000000	0.000000
1582081657822	1582081657821	-14.676	-15.942	-9.764	-3.422	3.493	6.514	0.000000	0.000000
1582081657846	1582081657841	-15.425	-11.242	-9.225	-3.683	3.627	6.211	0.000000	0.000000
1582081657863	1582081657861	-17.294	-11.759	-11.028	-4.739	3.685	5.162	0.000000	0.000000
1582081657883	1582081657881	-16.360	-8.887	-10.358	-4.203	2.969	4.946	0.000000	0.000000
1582081657902	1582081657901	-17.584	-3.698	-7.713	-4.989	2.320	4.287	0.000000	0.000000
1582081657924	1582081657923	-15.746	-7.852	-9.117	-4.902	2.108	3.891	0.000000	0.000000
1582081657942	1582081657941	-15.100	-3.116	-9.457	-4.639	1.787	3.863	0.000000	0.000000
1582081657963	1582081657961	-13.401	-4.194	-10.363	-4.551	1.525	2.899	0.000000	0.000000
1582081657982	1582081657980	-11.566	-3.435	-9.086	-4.267	1.322	2.667	0.000000	0.000000
1582081658002	1582081658001	-11.878	0.063	-8.017	-4.017	0.951	2.550	0.000000	0.000000
1582081658022	1582081658020	-9.451	-1.224	-7.109	-3.471	0.454	1.826	0.000000	0.000000
1582081658041	1582081658041	-7.580	1.950	-7.586	-4.006	0.095	1.353	0.000000	0.000000
1582081658066	1582081658066	-7.796	3.793	-5.921	-3.336	0.216	1.062	0.000000	0.000000
1582081658086	1582081658082	-8.342	3.290	-4.065	-3.106	-0.129	0.835	0.000000	0.000000
1582081658103	1582081658101	-7.496	4.135	-4.019	-3.060	-0.516	0.917	0.000000	0.000000
1582081658122	1582081658121	-8.881	4.997	-3.329	-2.684	-0.682	0.984	0.000000	0.000000
1582081658144	1582081658141	-8.057	5.903	-3.713	-2.484	-1.247	0.750	0.000000	0.000000
1582081658163	1582081658162	-8.007	6.478	-3.880	-2.183	-1.758	0.338	0.000000	0.000000
1582081658182	1582081658181	-7.765	5.776	-4.295	-2.472	-2.218	-0.253	0.000000	0.000000
1582081658206	1582081658206	-8.960	4.324	-3.566	-2.105	-2.679	-0.373	0.000000	0.000000
1582081658222	1582081658221	-10.558	2.710	-0.112	-1.217	-2.807	-0.361	0.000000	0.000000
1582081658241	1582081658241	-11.308	0.765	0.525	-0.574	-3.225	-0.424	0.000000	0.000000
1582081658262	1582081658262	-7.870	1.380	0.908	0.009	-3.819	0.029	0.000000	0.000000
1582081658288	1582081658283	-9.671	3.172	2.964	0.542	-2.716	0.194	0.000000	0.000000
1582081658302	1582081658302	-11.796	1.962	2.173	0.983	-2.554	-0.094	0.000000	0.000000
1582081658323	1582081658321	-12.342	2.406	2.449	0.918	-2.925	-0.093	0.000000	0.000000
1582081658341	1582081658341	-12.457	4.236	2.803	0.932	-3.293	0.001	0.000000	0.000000
1582081658364	1582081658361	-12.980	3.507	1.804	0.960	-3.739	-0.216	0.000000	0.000000
1582081658381	1582081658381	-15.234	0.468	-0.709	1.214	-4.518	-0.412	0.000000	0.000000
1582081658403	1582081658401	-16.470	-2.352	-3.643	2.296	-6.295	-0.784	0.000000	0.000000
1582081658425	1582081658424	-14.644	-4.108	-5.382	3.985	-8.286	-0.917	0.000000	0.000000
1582081658440	1582081658439	-12.160	-3.902	-7.234	5.484	-9.322	-1.025	0.000000	0.000000
1582081658461	1582081658460	-9.911	-3.653	-9.378	6.950	-9.540	-0.840	0.000000	0.000000
1582081658488	1582081658486	-7.010	-5.962	-10.777	9.236	-8.978	-0.459	0.000000	0.000000
1582081658505	1582081658502	-3.975	-7.569	-12.272	11.168	-7.386	0.177	0.000000	0.000000
1582081658520	1582081658520	-4.574	-6.870	-13.623	10.816	-5.687	0.948	0.000000	0.000000
1582081658540	1582081658540	-5.992	-4.163	-15.031	9.105	-5.646	0.926	0.000000	0.000000
1582081658560	1582081658559	-4.691	-1.643	-14.363	7.247	-6.773	0.205	0.000000	0.000000
1582081658584	1582081658584	-2.126	-2.450	-17.925	6.173	-6.434	-0.383	0.000000	0.000000
1582081658600	1582081658600	-1.354	-2.845	-20.512	5.581	-4.568	0.213	0.000000	0.000000
1582081658622	1582081658620	-3.479	6.840	-15.486	1.538	-4.207	0.423	0.000000	0.000000
1582081658641	1582081658639	-5.381	7.288	-8.923	-0.968	-5.677	-0.673	0.000000	0.000000
1582081658659	1582081658659	-1.757	1.716	-5.639	-1.899	-6.275	-1.058	0.000000	0.000000
1582081658687	1582081658683	-7.389	1.019	1.493	-1.810	-4.643	-0.225	0.000000	0.000000
1582081658702	1582081658699	-13.509	3.814	4.468	-0.811	-4.445	0.388	0.000000	0.000000
1582081658720	1582081658720	-11.418	6.147	5.227	-1.130	-5.424	-0.042	0.000000	0.000000
1582081658739	1582081658739	-12.237	5.237	6.897	-1.366	-6.121	0.487	0.000000	0.000000
1582081658760	1582081658758	-12.829	5.436	8.555	-1.330	-5.400	0.791	0.000000	0.000000
1582081658780	1582081658780	-14.393	6.270	8.866	-1.674	-5.151	1.232	0.000000	0.000000
1582081658805	1582081658799	-14.527	6.138	12.016	-1.571	-5.424	1.600	0.000000	0.000000
1582081658820	1582081658820	-12.031	9.575	11.652	-1.011	-5.266	1.850	0.000000	0.000000
1582081658840	1582081658838	-11.605	8.773	9.216	-0.234	-3.879	1.810	0.000000	0.000000
1582081658858	1582081658858	-8.380	6.468	10.816	0.261	-4.281	1.883	0.000000	0.000000
1582081658882	1582081658880	-5.498	6.787	11.956	0.742	-4.665	2.097	0.000000	0.000000
1582081658911	1582081658904	-3.941	5.445	11.460	0.004	-3.588	2.461	0.000000	0.000000
1582081658918	1582081658917	-2.976	7.242	8.545	-1.877	-2.525	2.387	0.000000	0.000000
1582081658940	1582081658939	-3.362	7.268	7.508	-2.649	-1.804	2.210	0.000000	0.000000
1582081658959	1582081658958	-4.531	4.688	6.571	-2.921	-1.524	2.199	0.000000	0.000000
1582081658982	1582081658980	-4.377	2.901	6.418	-2.703	-1.556	1.719	0.000000	0.000000
1582081659002	1582081659002	-2.341	3.783	5.874	-2.205	-1.785	1.355	0.000000	0.000000
1582081659022	1582081659019	-0.161	4.940	5.663	-1.875	-1.599	1.094	0.000000	0.000000
1582081659038	1582081659037	0.244	4.329	5.702	-1.952	-0.994	1.222	0.000000	0.000000
1582081659059	1582081659057	-0.585	2.310	5.733	-1.611	-0.415	1.619	0.000000	0.000000
1582081659077	1582081659077	-1.517	2.013	6.626	-1.511	0.077	1.633	0.000000	0.000000
1582081659103	1582081659103	-1.515	3.256	6.418	-1.973	0.176	1.390	0.000000	0.000000
1582081659118	1582081659118	-1.196	3.325	6.059	-2.608	0.330	1.219	0.000000	0.000000
1582081659138	1582081659137	-2.085	2.568	5.783	-3.208	0.466	1.212	0.000000	0.000000
1582081659158	1582081659157	-2.667	1.443	5.079	-3.323	0.297	1.091	0.000000	0.000000
1582081659177	1582081659176	-1.225	0.676	4.827	-3.200	-0.146	0.711	0.000000	0.000000
1582081659198	1582081659198	-0.592	-0.493	5.400	-3.240	-0.296	0.464	0.000000	0.000000
1582081659222	1582081659217	-0.010	-2.069	6.370	-3.416	-0.433	0.418	0.000000	0.000000
1582081659239	1582081659237	1.702	-2.932	5.941	-3.247	0.209	0.331	0.000000	0.000000
1582081659257	1582081659256	0.835	-2.843	5.958	-2.175	1.192	0.580	0.000000	0.000000
1582081659278	1582081659276	-1.766	-2.989	7.570	-1.126	1.632	1.082	0.000000	0.000000
1582081659302	1582081659297	-4.255	-3.030	9.269	-0.964	1.411	1.003	0.000000	0.000000
1582081659317	1582081659317	-2.868	-2.673	9.973	-1.170	0.569	0.564	0.000000	0.000000
1582081659339	1582081659337	-2.023	-1.470	10.157	-1.145	0.159	0.441	0.000000	0.000000
1582081659357	1582081659356	-2.933	-0.699	9.434	-1.723	0.203	0.368	0.000000	0.000000
1582081659376	1582081659376	-2.990	-0.804	7.450	-2.388	-0.182	0.526	0.000000	0.000000
1582081659397	1582081659396	-0.894	-3.612	8.528	-1.587	-0.685	0.862	0.000000	0.000000
1582081659452	1582081659421	-1.563	-4.316	9.697	-1.034	-0.516	1.040	0.000000	0.000000
1582081659456	1582081659455	-1.922	-3.995	9.621	-1.705	-0.455	0.951	0.000000	0.000000
1582081659457	1582081659457	-2.185	-3.847	8.464	-2.552	-0.668	1.036	0.000000	0.000000
1582081659478	1582081659476	-1.620	-3.413	7.340	-2.215	-0.747	1.094	0.000000	0.000000
1582081659498	1582081659498	-1.582	-3.617	6.919	-1.431	-0.700	1.345	0.000000	0.000000
1582081659529	1582081659529	-1.393	-5.100	6.895	-1.617	-0.593	1.475	0.000000	0.000000
1582081659536	1582081659536	-1.766	-6.300	5.788	-1.926	-0.271	1.507	0.000000	0.000000
1582081659558	1582081659557	-2.370	-7.081	4.691	-1.307	-0.067	1.452	0.000000	0.000000
1582081659576	1582081659575	-2.375	-7.565	4.617	-0.959	-0.003	1.404	0.000000	0.000000
1582081659595	1582081659595	-2.727	-8.101	4.545	-1.287	0.220	1.359	0.000000	0.000000
1582081659621	1582081659616	-3.726	-7.967	4.753	-1.866	0.385	1.228	0.000000	0.000000
1582081659639	1582081659639	-3.865	-8.024	4.348	-2.546	0.021	1.060	0.000000	0.000000
1582081659655	1582081659655	-2.504	-8.326	3.572	-2.831	-0.311	0.975	0.000000	0.000000
1582081659676	1582081659675	-2.174	-8.796	2.913	-3.050	0.055	0.975	0.000000	0.000000
1582081659697	1582081659694	-3.347	-8.654	2.243	-3.915	0.699	0.853	0.000000	0.000000
1582081659725	1582081659725	-4.229	-9.263	1.529	-4.215	0.974	0.750	0.000000	0.000000
1582081659737	1582081659737	-4.727	-10.571	-0.244	-4.179	1.088	0.440	0.000000	0.000000
1582081659757	1582081659755	-5.441	-12.252	-2.455	-4.274	1.189	-0.078	0.000000	0.000000
1582081659775	1582081659774	-6.505	-14.133	-5.893	-4.383	1.596	-0.822	0.000000	0.000000
1582081659795	1582081659794	-8.493	-16.195	-11.163	-6.057	2.475	-1.986	0.000000	0.000000
1582081659815	1582081659814	-14.860	-20.479	-17.935	-8.797	2.416	-3.044	0.000000	0.000000
1582081659843	1582081659843	-17.138	-23.768	-20.776	-9.469	0.421	-3.000	0.000000	0.000000
1582081659855	1582081659855	-6.835	-17.350	-15.728	-8.329	1.540	-2.467	0.000000	0.000000
1582081659875	1582081659874	-10.627	-5.971	-16.866	-6.934	5.846	-1.678	0.000000	0.000000
1582081659894	1582081659894	-16.094	-11.278	-15.805	-3.261	7.176	-0.154	0.000000	0.000000
1582081659914	1582081659914	-13.502	-12.959	-4.977	0.833	6.832	1.376	0.000000	0.000000
1582081659935	1582081659935	-14.364	-8.441	-0.778	1.795	6.685	2.696	0.000000	0.000000
1582081659955	1582081659955	-11.056	6.485	1.385	2.096	5.196	3.812	0.000000	0.000000
1582081659975	1582081659974	-10.625	-1.552	3.263	2.753	3.854	5.346	0.000000	0.000000
1582081659994	1582081659993	-12.496	4.308	6.562	3.465	1.502	8.291	0.000000	0.000000
1582081660016	1582081660014	-13.780	-5.706	10.807	3.638	0.499	9.642	0.000000	0.000000
1582081660037	1582081660036	-16.935	-11.325	1.670	0.380	1.307	10.176	0.000000	0.000000
1582081660056	1582081660053	-17.457	-17.695	-3.626	-0.692	1.680	9.070	0.000000	0.000000
1582081660076	1582081660073	-12.563	-19.008	-7.014	-2.365	1.683	7.939	0.000000	0.000000
1582081660094	1582081660093	-15.679	-14.123	-8.808	-3.554	3.010	7.475	0.000000	0.000000
1582081660113	1582081660113	-16.506	-18.330	-9.883	-4.250	3.657	6.256	0.000000	0.000000
1582081660136	1582081660136	-16.532	-14.864	-10.200	-5.191	3.669	5.630	0.000000	0.000000
1582081660163	1582081660156	-17.704	-12.837	-10.164	-4.757	3.394	5.481	0.000000	0.000000
1582081660174	1582081660173	-15.207	-9.668	-10.049	-4.531	2.877	5.043	0.000000	0.000000
1582081660194	1582081660192	-17.265	-8.662	-8.619	-4.422	3.063	4.797	0.000000	0.000000
1582081660213	1582081660213	-15.888	-7.102	-8.834	-4.733	2.443	4.329	0.000000	0.000000
1582081660237	1582081660237	-13.320	-6.966	-10.442	-4.735	1.961	3.953	0.000000	0.000000
1582081660255	1582081660253	-13.777	-4.929	-9.907	-4.599	1.704	3.718	0.000000	0.000000
1582081660275	1582081660272	-12.936	-3.643	-9.268	-4.342	1.295	2.695	0.000000	0.000000
1582081660293	1582081660292	-8.831	-0.124	-8.870	-4.481	0.911	1.884	0.000000	0.000000
1582081660312	1582081660312	-10.146	-0.824	-8.446	-4.639	1.406	1.305	0.000000	0.000000
1582081660337	1582081660337	-9.243	0.238	-6.264	-3.682	0.500	1.328	0.000000	0.000000
1582081660359	1582081660354	-6.684	3.876	-5.962	-3.329	-0.264	1.336	0.000000	0.000000
1582081660374	1582081660373	-7.774	6.646	-4.537	-3.172	0.080	1.007	0.000000	0.000000
1582081660392	1582081660392	-9.367	3.318	-3.557	-3.055	-0.108	0.851	0.000000	0.000000
1582081660412	1582081660411	-8.260	3.345	-3.090	-2.914	-0.551	0.967	0.000000	0.000000
1582081660450	1582081660450	-7.448	6.068	-2.678	-2.820	-0.971	1.161	0.000000	0.000000
1582081660453	1582081660453	-7.539	5.031	-2.407	-2.339	-1.207	0.813	0.000000	0.000000
1582081660474	1582081660474	-7.245	2.485	-2.168	-2.217	-1.520	0.340	0.000000	0.000000
1582081660493	1582081660492	-7.894	2.521	-0.735	-2.502	-1.584	0.311	0.000000	0.000000
1582081660512	1582081660510	-10.371	2.545	0.518	-2.019	-1.483	0.195	0.000000	0.000000
1582081660536	1582081660533	-11.957	3.258	-1.308	-0.677	-2.801	0.167	0.000000	0.000000
1582081660559	1582081660555	-9.877	5.005	1.220	1.040	-4.159	0.269	0.000000	0.000000
1582081660572	1582081660572	-9.916	4.681	2.413	0.636	-3.502	-0.119	0.000000	0.000000
1582081660592	1582081660591	-12.259	4.233	1.229	-0.644	-2.519	-0.618	0.000000	0.000000
1582081660612	1582081660610	-14.716	4.768	1.196	-0.902	-3.095	-0.503	0.000000	0.000000
1582081660633	1582081660630	-15.818	3.843	-0.891	-0.214	-4.317	-0.675	0.000000	0.000000
1582081660652	1582081660652	-16.249	2.025	-3.190	0.685	-5.711	-1.291	0.000000	0.000000
1582081660671	1582081660670	-16.214	1.289	-4.429	1.248	-7.182	-1.818	0.000000	0.000000
1582081660698	1582081660691	-15.730	-0.608	-5.706	2.674	-8.684	-2.119	0.000000	0.000000
1582081660711	1582081660710	-14.563	-2.069	-7.026	4.750	-10.178	-2.326	0.000000	0.000000
1582081660732	1582081660730	-11.693	-1.743	-8.736	5.974	-10.979	-2.155	0.000000	0.000000
1582081660755	1582081660755	-9.631	-2.793	-10.322	7.086	-10.637	-1.914	0.000000	0.000000
1582081660781	1582081660772	-7.822	-5.092	-10.619	8.940	-9.868	-2.049	0.000000	0.000000
1582081660791	1582081660791	-4.425	-6.233	-11.797	10.243	-8.102	-1.754	0.000000	0.000000
1582081660810	1582081660810	-4.327	-5.380	-13.819	9.931	-5.881	-0.981	0.000000	0.000000
1582081660831	1582081660829	-5.992	-2.314	-15.424	8.473	-5.162	-0.810	0.000000	0.000000
1582081660850	1582081660849	-4.090	0.034	-14.346	6.452	-5.718	-1.145	0.000000	0.000000
1582081660870	1582081660869	-2.847	2.032	-13.843	4.005	-5.449	-1.244	0.000000	0.000000
1582081660892	1582081660890	-3.005	0.674	-15.182	3.111	-4.543	-1.197	0.000000	0.000000
1582081660910	1582081660909	-2.806	1.323	-15.237	1.993	-4.044	-1.037	0.000000	0.000000
1582081660931	1582081660929	-3.934	6.420	-10.909	0.608	-3.696	-0.932	0.000000	0.000000
1582081660950	1582081660949	-5.003	10.586	-4.860	-1.165	-4.177	-1.480	0.000000	0.000000
1582081660970	1582081660969	-7.614	4.559	1.955	-1.271	-4.203	-1.593	0.000000	0.000000
1582081660993	1582081660991	-15.308	-0.833	6.042	-1.822	-4.018	-0.844	0.000000	0.000000
1582081661010	1582081661010	-9.904	3.095	8.540	-0.567	-5.970	-0.278	0.000000	0.000000
1582081661029	1582081661029	-9.813	7.165	8.296	0.417	-5.632	0.786	0.000000	0.000000
1582081661051	1582081661050	-16.616	5.072	8.955	-0.541	-4.515	1.551	0.000000	0.000000
1582081661069	1582081661068	-16.108	2.391	8.176	-0.686	-5.273	1.544	0.000000	0.000000
1582081661090	1582081661089	-15.162	7.556	11.425	-0.911	-5.625	1.642	0.000000	0.000000
1582081661109	1582081661107	-8.404	17.083	12.376	-0.140	-5.274	1.613	0.000000	0.000000
1582081661129	1582081661128	-8.692	10.411	11.240	-0.604	-3.025	2.281	0.000000	0.000000
1582081661148	1582081661148	-8.629	5.972	11.849	-1.405	-2.888	2.548	0.000000	0.000000
1582081661169	1582081661169	-4.183	8.413	11.611	-0.564	-3.125	2.358	0.000000	0.000000
1582081661195	1582081661193	-4.844	7.525	8.682	-1.771	-2.535	2.598	0.000000	0.000000
1582081661209	1582081661208	-4.603	5.388	8.363	-2.580	-2.043	2.141	0.000000	0.000000
1582081661229	1582081661228	-3.395	3.292	7.788	-2.254	-1.729	2.079	0.000000	0.000000
1582081661249	1582081661247	-3.704	3.184	7.168	-1.799	-1.126	2.010	0.000000	0.000000
1582081661272	1582081661272	-3.743	5.081	6.102	-1.453	-0.858	1.688	0.000000	0.000000
1582081661292	1582081661292	-1.520	4.291	6.102	-1.610	-0.623	1.458	0.000000	0.000000
1582081661310	1582081661309	-1.122	3.000	4.732	-2.130	-0.153	1.531	0.000000	0.000000
1582081661329	1582081661327	-1.553	2.659	6.200	-1.371	0.172	1.729	0.000000	0.000000
1582081661349	1582081661347	-2.799	2.379	6.492	-1.453	0.378	1.950	0.000000	0.000000
1582081661369	1582081661369	-2.995	1.895	5.225	-2.354	0.367	1.754	0.000000	0.000000
1582081661389	1582081661389	-3.407	2.463	5.072	-2.797	0.516	1.340	0.000000	0.000000
1582081661410	1582081661406	-4.143	1.826	5.762	-2.431	0.582	1.067	0.000000	0.000000
1582081661431	1582081661428	-3.807	1.390	5.429	-2.267	0.196	0.642	0.000000	0.000000
1582081661447	1582081661446	-2.109	2.418	5.227	-2.324	-0.089	-0.020	0.000000	0.000000
1582081661467	1582081661467	-0.442	3.083	6.293	-1.909	-0.045	-0.244	0.000000	0.000000
1582081661490	1582081661487	-0.595	2.156	7.379	-1.687	0.012	0.061	0.000000	0.000000
1582081661509	1582081661508	-1.781	0.302	7.951	-1.982	0.193	0.261	0.000000	0.000000
1582081661528	1582081661526	-2.157	-0.527	8.440	-1.968	0.008	0.222	0.000000	0.000000
1582081661547	1582081661546	-1.872	-0.390	8.763	-1.823	-0.135	0.233	0.000000	0.000000
1582081661567	1582081661566	-2.217	-0.924	8.572	-1.843	0.019	0.342	0.000000	0.000000
1582081661592	1582081661592	-2.188	-1.281	8.548	-1.894	0.310	0.371	0.000000	0.000000
1582081661607	1582081661606	-2.909	-1.602	9.027	-1.730	0.279	0.519	0.000000	0.000000
1582081661632	1582081661632	-2.332	-1.933	9.285	-1.943	0.076	0.442	0.000000	0.000000
1582081661647	1582081661647	-1.754	-2.124	8.306	-2.381	-0.094	0.354	0.000000	0.000000
1582081661666	1582081661666	-0.930	-2.601	7.450	-1.883	-0.349	0.434	0.000000	0.000000
1582081661689	1582081661687	-0.794	-2.987	8.004	-1.634	-0.154	0.496	0.000000	0.000000
1582081661707	1582081661707	-2.159	-2.730	8.018	-1.827	0.108	0.625	0.000000	0.000000
1582081661726	1582081661726	-2.763	-2.354	8.416	-1.822	0.144	0.668	0.000000	0.000000
1582081661746	1582081661746	-2.377	-3.018	7.352	-2.062	0.065	0.675	0.000000	0.000000
1582081661765	1582081661765	-1.582	-3.631	6.528	-1.700	-0.018	0.762	0.000000	0.000000
1582081661799	1582081661793	-0.957	-4.323	7.108	-1.563	0.089	0.830	0.000000	0.000000
1582081661806	1582081661805	-1.637	-5.823	6.495	-1.904	0.296	0.903	0.000000	0.000000
1582081661831	1582081661831	-2.080	-6.331	6.305	-1.513	0.340	0.908	0.000000	0.000000
1582081661847	1582081661845	-2.408	-5.277	6.600	-1.497	0.462	0.798	0.000000	0.000000
1582081661866	1582081661865	-3.606	-4.024	6.509	-1.994	0.408	0.744	0.000000	0.000000
1582081661886	1582081661885	-3.335	-3.847	5.601	-2.500	0.114	0.782	0.000000	0.000000
1582081661910	1582081661907	-2.667	-5.914	4.837	-2.644	0.105	0.966	0.000000	0.000000
1582081661926	1582081661926	-3.177	-8.058	4.389	-2.713	0.317	1.162	0.000000	0.000000
1582081661945	1582081661944	-3.994	-9.603	4.147	-2.460	0.420	1.123	0.000000	0.000000
1582081661965	1582081661965	-3.491	-10.214	4.185	-1.972	0.317	0.906	0.000000	0.000000
1582081661985	1582081661984	-3.589	-10.183	4.226	-1.844	0.463	0.714	0.000000	0.000000
1582081662006	1582081662004	-4.531	-10.657	4.303	-2.310	0.673	0.445	0.000000	0.000000
1582081662027	1582081662025	-4.737	-11.773	3.522	-2.898	0.708	0.070	0.000000	0.000000
1582081662045	1582081662044	-4.976	-12.415	1.098	-3.794	0.832	-0.652	0.000000	0.000000
1582081662065	1582081662064	-7.242	-12.138	-2.747	-5.234	1.405	-1.893	0.000000	0.000000
1582081662086	1582081662084	-10.646	-13.007	-6.896	-7.902	2.328	-2.853	0.000000	0.000000
1582081662106	1582081662106	-14.407	-12.873	-15.721	-12.426	1.269	-3.847	0.000000	0.000000
1582081662127	1582081662127	-12.036	-20.316	-18.512	-12.834	-0.145	-3.556	0.000000	0.000000
1582081662144	1582081662144	-6.802	-21.284	-17.353	-10.469	2.115	-2.434	0.000000	0.000000
1582081662164	1582081662163	-12.129	-5.294	-22.086	-5.883	5.319	-0.582	0.000000	0.000000
1582081662186	1582081662186	-15.952	2.418	-15.271	-2.684	6.150	0.240	0.000000	0.000000
1582081662205	1582081662205	-12.498	-9.914	-5.837	0.005	6.192	1.473	0.000000	0.000000
1582081662224	1582081662224	-13.528	-12.643	-1.676	3.176	5.298	4.671	0.000000	0.000000
1582081662245	1582081662245	-13.880	0.075	0.475	3.984	4.662	6.089	0.000000	0.000000
1582081662264	1582081662263	-13.095	-5.562	2.691	3.706	3.283	6.193	0.000000	0.000000
1582081662283	1582081662283	-11.231	-4.843	6.107	3.773	1.524	7.291	0.000000	0.000000
1582081662315	1582081662305	-10.936	-3.047	5.910	3.161	0.820	8.174	0.000000	0.000000
1582081662324	1582081662322	-13.696	-5.020	4.224	1.091	1.257	8.408	0.000000	0.000000
1582081662343	1582081662342	-17.977	-9.922	0.218	-1.179	1.366	8.365	0.000000	0.000000
1582081662364	1582081662363	-15.936	-14.830	-3.054	-1.391	1.539	8.251	0.000000	0.000000
1582081662383	1582081662382	-17.852	-17.039	-5.828	-2.158	2.704	7.340	0.000000	0.000000
1582081662405	1582081662405	-16.000	-12.183	-7.174	-3.817	2.931	6.488	0.000000	0.000000
1582081662426	1582081662425	-18.099	-14.449	-9.946	-3.336	3.333	6.226	0.000000	0.000000
1582081662445	1582081662445	-16.525	-10.767	-10.921	-4.030	3.103	5.830	0.000000	0.000000
1582081662466	1582081662464	-17.835	-12.823	-12.020	-4.118	3.353	5.150	0.000000	0.000000
1582081662483	1582081662483	-16.973	-9.270	-10.003	-4.413	3.050	4.771	0.000000	0.000000
1582081662503	1582081662502	-16.151	-9.110	-11.000	-4.217	2.908	4.230	0.000000	0.000000
1582081662526	1582081662526	-13.344	-6.956	-9.332	-4.181	2.498	3.650	0.000000	0.000000
