1582082381978	1582082381977	-2.871	-8.496	3.658	-2.692	0.674	0.679	0.000000	0.000000
1582082381997	1582082381996	-3.587	-8.178	3.510	-2.219	0.509	0.827	0.000000	0.000000
1582082382017	1582082382016	-3.132	-8.951	3.776	-1.729	0.690	0.761	0.000000	0.000000
1582082382041	1582082382040	-3.479	-9.261	3.941	-1.885	1.159	0.752	0.000000	0.000000
1582082382057	1582082382057	-5.091	-9.546	3.321	-2.196	1.539	0.791	0.000000	0.000000
1582082382077	1582082382076	-5.973	-9.962	2.286	-2.129	1.677	0.610	0.000000	0.000000
1582082382097	1582082382096	-6.909	-11.886	1.076	-2.097	1.845	0.320	0.000000	0.000000
1582082382123	1582082382116	-9.085	-14.382	-0.759	-2.448	2.398	-0.336	0.000000	0.000000
1582082382136	1582082382135	-10.996	-14.236	-4.388	-4.943	2.389	-1.504	0.000000	0.000000
1582082382157	1582082382155	-11.873	-13.539	-13.216	-8.138	1.285	-2.638	0.000000	0.000000
1582082382177	1582082382175	-11.535	-21.557	-16.025	-9.574	0.248	-3.112	0.000000	0.000000
1582082382196	1582082382195	-8.790	-27.150	-14.392	-9.903	0.837	-2.832	0.000000	0.000000
1582082382216	1582082382215	-11.523	-20.488	-12.253	-7.884	4.489	-2.104	0.000000	0.000000
1582082382239	1582082382238	-18.305	-9.040	-15.055	-5.366	7.301	-0.359	0.000000	0.000000
1582082382257	1582082382256	-16.180	-5.986	-8.025	-1.007	7.018	0.749	0.000000	0.000000
1582082382276	1582082382275	-12.999	-7.476	-0.924	1.635	6.468	1.967	0.000000	0.000000
1582082382296	1582082382295	-10.891	-5.811	3.088	2.779	5.518	3.755	0.000000	0.000000
1582082382318	1582082382318	-8.210	1.124	5.589	3.870	4.072	4.975	0.000000	0.000000
1582082382336	1582082382335	-8.308	0.197	4.916	4.090	2.631	6.077	0.000000	0.000000
1582082382356	1582082382355	-5.106	1.807	7.005	3.243	0.537	7.892	0.000000	0.000000
1582082382375	1582082382375	-8.780	-3.875	6.104	2.732	0.727	9.858	0.000000	0.000000
1582082382396	1582082382394	-15.696	-11.996	1.268	0.824	2.023	9.612	0.000000	0.000000
1582082382417	1582082382414	-11.504	-14.258	-5.548	-1.820	1.983	8.032	0.000000	0.000000
1582082382439	1582082382435	-15.116	-15.740	-9.182	-3.046	3.251	7.192	0.000000	0.000000
1582082382457	1582082382455	-12.893	-13.608	-10.552	-3.474	3.490	6.384	0.000000	0.000000
1582082382475	1582082382474	-16.019	-10.937	-10.351	-4.143	3.999	5.932	0.000000	0.000000
1582082382495	1582082382494	-20.065	-10.264	-9.222	-5.243	3.818	4.940	0.000000	0.000000
1582082382515	1582082382514	-18.583	-14.222	-8.631	-4.763	3.409	4.929	0.000000	0.000000
1582082382535	1582082382534	-18.760	-5.950	-7.840	-3.891	3.212	5.208	0.000000	0.000000
1582082382555	1582082382554	-18.523	-7.318	-7.945	-3.867	3.204	4.491	0.000000	0.000000
1582082382575	1582082382574	-15.869	-6.321	-9.488	-4.838	2.946	3.568	0.000000	0.000000
1582082382595	1582082382593	-16.178	-5.497	-9.749	-4.415	2.705	2.931	0.000000	0.000000
1582082382615	1582082382613	-12.496	-2.577	-8.631	-4.208	1.840	2.177	0.000000	0.000000
1582082382638	1582082382635	-11.411	-1.885	-8.599	-4.980	1.598	1.457	0.000000	0.000000
1582082382657	1582082382653	-9.916	-2.618	-7.227	-4.515	1.121	1.447	0.000000	0.000000
1582082382674	1582082382673	-9.547	3.594	-6.669	-4.062	0.838	1.607	0.000000	0.000000
1582082382695	1582082382693	-9.968	3.452	-5.732	-3.671	0.533	1.524	0.000000	0.000000
1582082382714	1582082382713	-8.967	0.377	-5.042	-2.948	-0.051	1.324	0.000000	0.000000
1582082382736	1582082382735	-8.028	0.654	-3.301	-2.422	-0.146	1.406	0.000000	0.000000
1582082382755	1582082382755	-10.546	6.928	-3.540	-2.605	-0.249	1.279	0.000000	0.000000
1582082382782	1582082382775	-9.140	5.709	-4.000	-1.677	-1.476	0.734	0.000000	0.000000
1582082382795	1582082382795	-6.579	5.256	-5.131	-1.438	-2.371	0.607	0.000000	0.000000
1582082382815	1582082382814	-6.981	9.384	-5.476	-1.476	-2.420	0.536	0.000000	0.000000
1582082382837	1582082382836	-8.359	7.484	-2.987	-1.417	-2.947	-0.077	0.000000	0.000000
1582082382860	1582082382854	-11.092	2.001	2.061	-1.139	-2.979	-0.022	0.000000	0.000000
1582082382874	1582082382873	-12.009	0.877	2.959	-0.505	-3.028	0.347	0.000000	0.000000
1582082382895	1582082382894	-8.620	1.395	3.728	0.112	-3.889	0.477	0.000000	0.000000
1582082382915	1582082382914	-8.960	4.018	3.416	-0.107	-3.388	1.137	0.000000	0.000000
1582082382934	1582082382935	-10.943	5.160	2.621	0.063	-2.392	0.480	0.000000	0.000000
1582082382959	1582082382959	-12.397	3.088	1.993	-1.066	-2.767	0.028	0.000000	0.000000
1582082382981	1582082382975	-12.596	3.026	2.707	-1.634	-3.813	-0.346	0.000000	0.000000
1582082382993	1582082382993	-11.940	1.680	1.850	-0.718	-4.371	-0.643	0.000000	0.000000
1582082383015	1582082383013	-13.044	-0.601	0.568	0.616	-4.912	-0.582	0.000000	0.000000
1582082383034	1582082383032	-13.054	-1.365	-0.896	1.932	-6.205	-0.671	0.000000	0.000000
1582082383058	1582082383053	-11.581	-1.616	-2.419	3.504	-7.487	-0.794	0.000000	0.000000
1582082383073	1582082383073	-10.390	-2.893	-4.197	5.277	-8.249	-0.884	0.000000	0.000000
1582082383099	1582082383093	-9.008	-4.108	-6.204	6.885	-8.662	-0.805	0.000000	0.000000
1582082383113	1582082383113	-7.297	-6.448	-7.811	9.109	-8.784	-0.680	0.000000	0.000000
1582082383137	1582082383134	-5.058	-5.270	-8.180	10.232	-8.311	-0.847	0.000000	0.000000
1582082383157	1582082383156	-4.777	-4.122	-7.586	10.067	-6.682	-0.626	0.000000	0.000000
1582082383174	1582082383174	-7.166	-5.773	-9.301	9.191	-5.692	-0.214	0.000000	0.000000
1582082383194	1582082383193	-7.762	-5.828	-12.248	7.727	-6.067	0.092	0.000000	0.000000
1582082383213	1582082383212	-6.133	-1.727	-15.137	5.909	-6.717	0.035	0.000000	0.000000
1582082383233	1582082383232	-4.133	-1.022	-17.801	5.059	-6.077	-0.235	0.000000	0.000000
1582082383258	1582082383258	-3.194	0.147	-17.137	3.614	-4.745	0.201	0.000000	0.000000
1582082383273	1582082383273	-5.096	6.768	-10.432	-0.267	-4.855	0.176	0.000000	0.000000
1582082383293	1582082383292	-6.929	5.477	-2.455	-1.873	-6.222	-0.422	0.000000	0.000000
1582082383312	1582082383312	-10.057	1.651	3.306	-1.506	-6.440	-0.442	0.000000	0.000000
1582082383333	1582082383332	-13.887	0.559	7.314	-0.380	-7.025	-0.049	0.000000	0.000000
1582082383357	1582082383357	-10.457	4.677	8.739	-0.789	-7.590	0.539	0.000000	0.000000
1582082383375	1582082383372	-11.212	6.169	10.150	-0.520	-6.923	1.023	0.000000	0.000000
1582082383396	1582082383393	-12.637	4.720	9.659	-1.231	-5.893	1.425	0.000000	0.000000
1582082383413	1582082383411	-14.108	7.688	10.910	-1.595	-5.406	1.655	0.000000	0.000000
1582082383433	1582082383431	-11.799	11.461	12.871	-1.233	-5.054	1.630	0.000000	0.000000
1582082383452	1582082383451	-8.577	11.367	10.864	-0.876	-3.782	2.068	0.000000	0.000000
1582082383473	1582082383471	-9.211	9.666	9.817	-0.676	-2.701	2.339	0.000000	0.000000
1582082383493	1582082383490	-5.369	7.886	10.672	0.404	-2.823	2.134	0.000000	0.000000
1582082383513	1582082383511	-4.789	7.395	11.214	0.259	-2.596	2.362	0.000000	0.000000
1582082383531	1582082383531	-3.759	6.880	9.645	-0.472	-2.349	2.569	0.000000	0.000000
1582082383552	1582082383552	-2.732	5.069	8.313	-1.008	-2.142	2.632	0.000000	0.000000
1582082383577	1582082383571	-1.812	4.806	7.074	-1.801	-1.801	2.293	0.000000	0.000000
1582082383595	1582082383595	-0.569	6.361	5.877	-2.314	-1.103	1.712	0.000000	0.000000
1582082383611	1582082383610	-0.461	5.580	4.169	-2.417	-0.460	1.703	0.000000	0.000000
1582082383632	1582082383630	-1.836	4.966	4.997	-1.644	0.164	1.848	0.000000	0.000000
1582082383652	1582082383651	-1.778	4.883	5.740	-1.512	0.254	1.522	0.000000	0.000000
1582082383671	1582082383670	-0.657	5.168	4.823	-1.859	0.383	1.209	0.000000	0.000000
1582082383694	1582082383690	-1.527	5.184	6.006	-2.233	0.851	1.567	0.000000	0.000000
1582082383711	1582082383711	-4.179	2.497	6.629	-2.372	1.117	1.837	0.000000	0.000000
1582082383731	1582082383730	-4.626	1.800	6.499	-2.242	0.949	1.478	0.000000	0.000000
1582082383754	1582082383753	-3.668	2.571	6.672	-2.132	0.431	0.995	0.000000	0.000000
1582082383775	1582082383771	-1.745	2.691	6.269	-2.554	-0.007	0.640	0.000000	0.000000
1582082383794	1582082383790	-0.468	2.492	5.443	-3.417	0.070	0.582	0.000000	0.000000
1582082383810	1582082383809	-1.409	1.270	5.376	-3.673	0.431	0.512	0.000000	0.000000
1582082383830	1582082383829	-1.742	1.387	5.855	-3.445	0.151	0.462	0.000000	0.000000
1582082383850	1582082383849	-1.328	-0.677	6.351	-3.301	-0.289	0.503	0.000000	0.000000
1582082383870	1582082383870	-1.048	-3.729	6.983	-2.720	-0.129	0.449	0.000000	0.000000
1582082383894	1582082383894	-1.390	-3.677	7.403	-1.861	0.355	0.558	0.000000	0.000000
1582082383911	1582082383909	-1.939	-3.722	7.793	-1.372	0.749	0.598	0.000000	0.000000
1582082383930	1582082383929	-3.702	-3.284	8.452	-1.220	0.847	0.543	0.000000	0.000000
1582082383949	1582082383948	-4.706	-1.425	7.771	-1.483	0.394	0.552	0.000000	0.000000
1582082383977	1582082383969	-2.121	-1.228	8.191	-2.184	-0.298	0.404	0.000000	0.000000
1582082383994	1582082383991	-1.201	-2.680	8.473	-2.625	-0.140	0.454	0.000000	0.000000
1582082384011	1582082384008	-1.690	-3.677	8.045	-1.793	0.274	0.656	0.000000	0.000000
1582082384029	1582082384029	-1.809	-2.960	7.724	-1.356	0.252	0.641	0.000000	0.000000
1582082384049	1582082384049	-1.558	-2.785	8.445	-1.503	0.083	0.606	0.000000	0.000000
1582082384071	1582082384071	-2.545	-3.744	9.479	-1.365	0.021	0.835	0.000000	0.000000
1582082384092	1582082384092	-2.638	-3.916	9.046	-1.701	-0.116	1.049	0.000000	0.000000
1582082384114	1582082384109	-2.643	-2.788	8.332	-1.998	-0.178	1.064	0.000000	0.000000
1582082384129	1582082384128	-2.212	-2.069	7.326	-1.701	-0.122	0.980	0.000000	0.000000
1582082384149	1582082384148	-2.111	-3.542	7.177	-1.096	-0.048	1.131	0.000000	0.000000
1582082384170	1582082384170	-3.067	-6.501	7.915	-0.945	0.189	1.272	0.000000	0.000000
1582082384193	1582082384193	-3.747	-7.188	6.950	-1.620	0.237	1.129	0.000000	0.000000
1582082384209	1582082384208	-3.141	-6.800	5.414	-1.886	-0.095	1.086	0.000000	0.000000
1582082384230	1582082384228	-2.748	-6.448	4.787	-1.868	-0.146	1.042	0.000000	0.000000
1582082384248	1582082384248	-3.376	-6.247	5.000	-2.035	0.078	0.995	0.000000	0.000000
1582082384271	1582082384267	-3.999	-7.718	4.732	-2.179	0.220	0.937	0.000000	0.000000
1582082384290	1582082384288	-4.179	-9.428	3.955	-2.290	0.151	0.722	0.000000	0.000000
1582082384310	1582082384309	-3.723	-9.977	3.416	-2.416	-0.027	0.588	0.000000	0.000000
1582082384330	1582082384327	-3.290	-9.474	3.158	-2.598	-0.074	0.477	0.000000	0.000000
1582082384348	1582082384347	-2.995	-9.081	2.271	-3.054	0.167	0.395	0.000000	0.000000
1582082384367	1582082384367	-3.750	-10.327	1.464	-3.504	0.681	0.162	0.000000	0.000000
1582082384392	1582082384392	-5.482	-13.462	0.731	-3.849	1.102	-0.356	0.000000	0.000000
1582082384408	1582082384407	-7.436	-15.985	0.079	-4.689	1.198	-1.353	0.000000	0.000000
1582082384428	1582082384427	-8.241	-16.660	-1.413	-5.772	1.000	-2.127	0.000000	0.000000
1582082384448	1582082384447	-7.245	-14.921	-5.380	-7.239	1.257	-2.597	0.000000	0.000000
1582082384469	1582082384466	-8.536	-11.800	-10.171	-9.535	2.151	-3.039	0.000000	0.000000
1582082384489	1582082384489	-10.143	-12.633	-15.072	-10.708	2.327	-2.909	0.000000	0.000000
1582082384510	1582082384510	-6.392	-21.238	-19.882	-9.639	2.883	-2.842	0.000000	0.000000
1582082384530	1582082384528	-2.866	-18.411	-18.902	-8.818	3.977	-2.256	0.000000	0.000000
1582082384548	1582082384546	-9.624	-7.771	-20.103	-3.218	5.259	-0.011	0.000000	0.000000
1582082384566	1582082384566	-12.901	-6.726	-12.324	0.077	5.561	1.201	0.000000	0.000000
1582082384591	1582082384591	-9.554	-5.931	-3.789	0.795	5.606	2.658	0.000000	0.000000
1582082384607	1582082384607	-13.298	-3.020	-0.289	2.419	5.169	4.742	0.000000	0.000000
1582082384626	1582082384626	-13.543	2.362	1.608	4.859	3.746	7.154	0.000000	0.000000
1582082384647	1582082384646	-14.220	-3.205	4.916	6.121	2.157	9.073	0.000000	0.000000
1582082384666	1582082384666	-10.967	0.441	8.639	3.711	0.330	9.552	0.000000	0.000000
1582082384686	1582082384685	-12.980	-0.965	4.847	0.091	1.026	9.224	0.000000	0.000000
1582082384711	1582082384705	-14.853	-17.364	-0.749	-0.921	1.080	9.126	0.000000	0.000000
1582082384727	1582082384727	-16.053	-14.418	-7.121	-2.537	1.512	8.805	0.000000	0.000000
1582082384746	1582082384745	-15.998	-16.739	-10.523	-3.010	2.306	7.879	0.000000	0.000000
1582082384766	1582082384766	-14.656	-14.071	-12.279	-3.881	3.423	7.152	0.000000	0.000000
1582082384788	1582082384788	-16.779	-12.950	-11.579	-4.608	3.877	6.570	0.000000	0.000000
1582082384806	1582082384806	-18.405	-13.227	-10.001	-4.495	3.776	6.032	0.000000	0.000000
1582082384826	1582082384826	-19.009	-10.180	-9.651	-4.264	3.539	5.929	0.000000	0.000000
1582082384848	1582082384848	-16.261	-6.949	-10.525	-4.115	3.243	5.279	0.000000	0.000000
1582082384866	1582082384866	-18.374	-9.445	-10.880	-4.951	3.549	4.093	0.000000	0.000000
1582082384885	1582082384885	-15.009	-8.568	-10.564	-4.863	2.713	3.683	0.000000	0.000000
1582082384905	1582082384905	-14.690	-4.120	-9.706	-4.823	2.617	2.924	0.000000	0.000000
1582082384928	1582082384928	-14.913	-1.959	-7.986	-5.047	1.930	2.115	0.000000	0.000000
1582082384946	1582082384945	-9.640	0.686	-7.821	-4.471	0.527	1.708	0.000000	0.000000
1582082384965	1582082384964	-9.396	1.479	-6.982	-4.253	0.697	1.299	0.000000	0.000000
1582082384985	1582082384984	-10.227	1.397	-5.888	-4.083	0.551	1.197	0.000000	0.000000
1582082385014	1582082385014	-8.910	4.308	-6.154	-4.079	-0.204	1.003	0.000000	0.000000
1582082385025	1582082385025	-7.786	4.195	-4.982	-3.536	-0.751	0.894	0.000000	0.000000
1582082385048	1582082385048	-7.123	2.904	-4.276	-3.200	-0.798	0.869	0.000000	0.000000
1582082385065	1582082385064	-8.601	3.424	-2.405	-2.739	-0.959	1.060	0.000000	0.000000
1582082385085	1582082385084	-7.868	5.563	-2.333	-3.224	-1.632	0.900	0.000000	0.000000
1582082385106	1582082385104	-7.357	4.724	-2.546	-3.007	-1.849	0.480	0.000000	0.000000
1582082385128	1582082385128	-6.754	3.536	-2.187	-2.684	-2.110	0.305	0.000000	0.000000
1582082385150	1582082385150	-7.578	0.762	1.100	-1.759	-2.032	0.409	0.000000	0.000000
1582082385165	1582082385164	-10.622	0.985	2.293	0.267	-1.524	0.355	0.000000	0.000000
1582082385185	1582082385183	-11.437	7.982	1.941	0.991	-2.675	0.242	0.000000	0.000000
1582082385203	1582082385203	-11.715	5.874	5.795	0.638	-3.815	0.335	0.000000	0.000000
1582082385224	1582082385224	-13.569	3.567	5.637	-0.250	-3.219	-0.552	0.000000	0.000000
1582082385244	1582082385244	-16.594	5.048	2.384	-0.681	-3.388	-1.234	0.000000	0.000000
1582082385264	1582082385263	-17.986	3.076	-0.333	-0.573	-4.778	-1.242	0.000000	0.000000
1582082385285	1582082385283	-17.541	-0.785	-2.575	0.702	-6.550	-1.339	0.000000	0.000000
1582082385310	1582082385308	-16.470	-2.968	-4.441	2.674	-8.464	-1.292	0.000000	0.000000
1582082385329	1582082385329	-14.865	-2.668	-6.166	4.428	-10.111	-1.297	0.000000	0.000000
1582082385346	1582082385342	-12.225	-0.570	-7.991	5.533	-10.981	-1.526	0.000000	0.000000
1582082385362	1582082385362	-9.806	-0.771	-8.487	6.280	-11.118	-1.793	0.000000	0.000000
1582082385384	1582082385383	-7.571	-3.507	-9.618	7.207	-10.580	-2.081	0.000000	0.000000
1582082385404	1582082385403	-5.360	-3.356	-9.627	8.417	-9.727	-2.327	0.000000	0.000000
1582082385425	1582082385424	-3.172	-1.880	-9.232	8.740	-7.528	-1.987	0.000000	0.000000
1582082385445	1582082385443	-5.343	-3.504	-10.214	8.454	-5.595	-1.433	0.000000	0.000000
1582082385469	1582082385463	-6.169	-2.438	-12.401	7.173	-5.627	-1.230	0.000000	0.000000
1582082385482	1582082385482	-3.711	0.635	-13.366	5.093	-5.968	-1.209	0.000000	0.000000
1582082385504	1582082385502	-2.665	-0.301	-14.327	3.757	-5.047	-1.064	0.000000	0.000000
1582082385525	1582082385525	-4.102	0.199	-12.607	2.852	-3.982	-0.609	0.000000	0.000000
1582082385547	1582082385542	-5.628	7.194	-7.481	0.382	-4.578	-0.609	0.000000	0.000000
1582082385563	1582082385562	-5.240	7.146	-1.576	-0.796	-5.581	-0.829	0.000000	0.000000
1582082385583	1582082385582	-10.036	2.621	6.116	-0.006	-5.918	-0.496	0.000000	0.000000
1582082385603	1582082385601	-14.803	4.851	9.060	0.094	-6.185	-0.146	0.000000	0.000000
1582082385627	1582082385627	-10.769	7.874	9.494	-1.212	-7.040	0.599	0.000000	0.000000
1582082385649	1582082385643	-10.139	7.357	10.778	-2.274	-6.532	1.135	0.000000	0.000000
1582082385664	1582082385663	-13.581	6.344	8.957	-3.634	-5.123	1.936	0.000000	0.000000
1582082385682	1582082385681	-15.423	7.513	6.612	-3.036	-4.363	2.095	0.000000	0.000000
1582082385702	1582082385701	-13.358	5.630	7.105	-2.418	-4.076	1.804	0.000000	0.000000
1582082385722	1582082385721	-8.893	7.537	14.714	-1.640	-4.304	1.323	0.000000	0.000000
1582082385749	1582082385749	-3.594	8.758	10.998	-0.187	-3.513	1.871	0.000000	0.000000
1582082385763	1582082385761	-6.984	4.442	9.393	-0.376	-1.435	2.200	0.000000	0.000000
1582082385782	1582082385781	-6.576	6.674	10.176	-0.189	-1.238	1.936	0.000000	0.000000
1582082385803	1582082385801	-4.854	7.898	9.729	-0.232	-1.323	1.795	0.000000	0.000000
1582082385824	1582082385822	-3.829	6.317	8.207	-1.446	-1.192	1.887	0.000000	0.000000
1582082385847	1582082385843	-3.357	5.318	7.472	-2.086	-1.068	1.950	0.000000	0.000000
1582082385863	1582082385862	-2.657	4.909	6.449	-2.374	-0.995	1.790	0.000000	0.000000
1582082385881	1582082385881	-2.485	4.957	5.771	-2.158	-0.808	1.518	0.000000	0.000000
1582082385902	1582082385900	-2.593	5.429	6.435	-1.834	-0.650	1.418	0.000000	0.000000
1582082385921	1582082385920	-2.245	4.260	6.418	-2.516	-0.522	1.442	0.000000	0.000000
1582082385947	1582082385947	-1.704	2.650	5.620	-3.466	-0.144	1.425	0.000000	0.000000
1582082385961	1582082385960	-1.551	1.723	5.256	-3.190	0.183	1.294	0.000000	0.000000
1582082385981	1582082385981	-1.934	0.875	5.053	-2.839	0.004	1.200	0.000000	0.000000
1582082386001	1582082386000	-2.027	0.034	4.794	-2.680	-0.335	1.039	0.000000	0.000000
1582082386021	1582082386020	-1.625	0.048	5.091	-2.625	-0.188	0.685	0.000000	0.000000
1582082386044	1582082386043	-1.771	0.901	6.073	-2.399	-0.109	0.444	0.000000	0.000000
1582082386069	1582082386061	-1.809	1.198	7.115	-2.270	-0.066	0.346	0.000000	0.000000
1582082386080	1582082386079	-0.866	-0.598	6.454	-2.462	0.148	0.406	0.000000	0.000000
1582082386100	1582082386099	-1.172	-2.946	6.234	-2.801	0.758	0.352	0.000000	0.000000
1582082386120	1582082386119	-1.999	-2.512	7.220	-2.082	0.562	0.348	0.000000	0.000000
1582082386141	1582082386141	-1.850	-3.011	8.452	-1.085	0.369	0.358	0.000000	0.000000
1582082386160	1582082386160	-1.129	-3.303	8.524	-1.076	0.311	0.328	0.000000	0.000000
1582082386179	1582082386179	-1.730	-3.305	8.361	-1.163	0.605	0.384	0.000000	0.000000
1582082386199	1582082386199	-2.147	-2.611	8.720	-1.023	0.874	0.368	0.000000	0.000000
1582082386220	1582082386219	-2.439	-2.129	8.780	-1.642	0.808	0.362	0.000000	0.000000
1582082386241	1582082386241	-2.492	-2.493	8.921	-1.775	0.556	0.307	0.000000	0.000000
1582082386265	1582082386259	-2.145	-3.236	9.530	-1.139	0.454	0.343	0.000000	0.000000
1582082386283	1582082386279	-2.123	-3.564	9.427	-1.362	0.422	0.434	0.000000	0.000000
1582082386299	1582082386299	-2.777	-3.269	8.703	-1.920	0.315	0.441	0.000000	0.000000
1582082386320	1582082386318	-2.801	-2.762	8.262	-1.884	-0.118	0.495	0.000000	0.000000
1582082386339	1582082386340	-1.972	-2.582	8.049	-1.832	-0.566	0.467	0.000000	0.000000
1582082386360	1582082386360	-0.700	-2.814	7.994	-2.096	-0.720	0.533	0.000000	0.000000
1582082386383	1582082386383	-0.473	-4.024	7.168	-2.097	-0.422	0.821	0.000000	0.000000
1582082386399	1582082386399	-1.194	-5.286	7.034	-1.597	0.156	0.910	0.000000	0.000000
1582082386419	1582082386418	-2.176	-5.701	6.899	-1.266	0.284	1.024	0.000000	0.000000
1582082386444	1582082386443	-3.141	-6.307	6.059	-1.323	0.311	1.102	0.000000	0.000000
1582082386461	1582082386459	-3.549	-7.071	5.781	-0.984	0.182	0.983	0.000000	0.000000
1582082386484	1582082386480	-3.225	-7.112	5.093	-1.236	-0.057	0.877	0.000000	0.000000
1582082386500	1582082386497	-2.631	-6.925	3.778	-2.215	-0.010	0.698	0.000000	0.000000
1582082386518	1582082386517	-2.243	-8.204	2.643	-2.817	0.179	0.528	0.000000	0.000000
1582082386539	1582082386537	-2.689	-9.457	2.590	-2.847	0.460	0.486	0.000000	0.000000
1582082386559	1582082386559	-3.970	-10.039	3.249	-2.467	0.754	0.405	0.000000	0.000000
1582082386579	1582082386578	-4.145	-10.346	3.208	-2.411	0.972	0.167	0.000000	0.000000
1582082386605	1582082386598	-4.801	-10.703	2.818	-2.815	1.247	0.017	0.000000	0.000000
1582082386619	1582082386617	-5.642	-10.942	2.293	-3.067	1.436	-0.040	0.000000	0.000000
1582082386663	1582082386651	-6.289	-12.233	1.234	-3.163	1.565	-0.424	0.000000	0.000000
1582082386668	1582082386665	-7.027	-14.682	-1.049	-3.492	1.735	-1.051	0.000000	0.000000
1582082386679	1582082386679	-8.404	-16.234	-4.858	-5.066	2.059	-1.912	0.000000	0.000000
1582082386698	1582082386697	-10.093	-17.216	-9.404	-8.205	2.249	-3.120	0.000000	0.000000
1582082386727	1582082386724	-11.092	-19.650	-15.367	-11.600	1.493	-3.890	0.000000	0.000000
1582082386737	1582082386736	-9.830	-26.142	-15.810	-11.553	1.317	-3.908	0.000000	0.000000
1582082386758	1582082386758	-8.543	-23.495	-13.917	-9.633	3.235	-3.406	0.000000	0.000000
1582082386780	1582082386778	-13.159	-11.531	-16.943	-6.084	5.975	-2.175	0.000000	0.000000
1582082386803	1582082386803	-14.259	-5.102	-12.722	-3.424	6.603	-1.383	0.000000	0.000000
1582082386817	1582082386816	-12.263	-2.977	-6.599	-1.268	5.400	0.485	0.000000	0.000000
1582082386838	1582082386836	-9.916	-0.028	-1.015	2.549	4.605	3.177	0.000000	0.000000
1582082386859	1582082386858	-13.629	-5.248	-0.280	4.507	4.013	5.545	0.000000	0.000000
1582082386878	1582082386878	-6.488	-2.718	3.328	5.809	2.461	7.617	0.000000	0.000000
1582082386897	1582082386896	-7.549	3.522	5.512	5.196	1.417	9.559	0.000000	0.000000
1582082386916	1582082386916	-10.910	-0.445	9.745	2.488	1.057	9.646	0.000000	0.000000
1582082386937	1582082386935	-16.125	-7.648	3.649	-0.921	1.602	8.829	0.000000	0.000000
1582082386958	1582082386956	-15.083	-18.517	-3.454	-2.455	1.441	7.866	0.000000	0.000000
1582082386979	1582082386979	-11.981	-18.028	-9.639	-2.757	1.735	7.770	0.000000	0.000000
1582082386998	1582082386997	-13.337	-14.991	-9.543	-3.580	2.607	7.345	0.000000	0.000000
1582082387016	1582082387015	-15.313	-13.896	-10.018	-4.763	3.147	6.600	0.000000	0.000000
1582082387036	1582082387036	-19.062	-16.909	-9.689	-5.921	3.320	5.824	0.000000	0.000000
1582082387055	1582082387055	-18.144	-12.250	-8.552	-4.804	2.724	6.191	0.000000	0.000000
1582082387080	1582082387080	-16.678	-8.690	-10.360	-4.424	2.431	5.880	0.000000	0.000000
1582082387096	1582082387095	-17.454	-12.133	-10.631	-4.706	2.940	4.758	0.000000	0.000000
1582082387115	1582082387115	-16.736	-9.330	-10.202	-5.313	2.705	3.782	0.000000	0.000000
1582082387135	1582082387134	-13.995	-6.752	-11.723	-5.006	1.844	3.057	0.000000	0.000000
1582082387155	1582082387154	-11.880	-7.246	-10.703	-4.556	1.813	2.264	0.000000	0.000000
1582082387179	1582082387176	-11.382	-5.576	-8.655	-3.762	1.616	2.182	0.000000	0.000000
1582082387196	1582082387195	-9.396	-0.026	-7.263	-3.389	0.965	1.909	0.000000	0.000000
1582082387216	1582082387215	-8.917	1.181	-5.557	-3.422	0.460	1.704	0.000000	0.000000
1582082387235	1582082387234	-7.384	1.047	-3.401	-2.721	0.207	1.989	0.000000	0.000000
1582082387255	1582082387254	-7.484	4.444	-4.168	-2.802	0.381	2.086	0.000000	0.000000
1582082387280	1582082387279	-9.916	4.394	-4.654	-2.804	0.878	1.318	0.000000	0.000000
1582082387295	1582082387294	-9.755	1.706	-4.060	-2.673	0.110	0.831	0.000000	0.000000
1582082387315	1582082387314	-7.753	4.348	-4.750	-2.502	-0.662	0.930	0.000000	0.000000
1582082387335	1582082387334	-8.761	7.000	-4.632	-2.135	-0.890	0.925	0.000000	0.000000
1582082387354	1582082387354	-8.524	6.375	-6.101	-2.687	-1.583	0.294	0.000000	0.000000
1582082387375	1582082387375	-6.636	4.456	-6.209	-3.034	-2.322	-0.310	0.000000	0.000000
1582082387400	1582082387394	-7.688	1.467	-2.757	-2.789	-2.072	-0.106	0.000000	0.000000
1582082387418	1582082387417	-13.152	0.587	-0.368	-1.767	-2.039	0.355	0.000000	0.000000
1582082387435	1582082387433	-11.092	4.894	-0.024	-0.739	-3.996	0.361	0.000000	0.000000
1582082387455	1582082387453	-7.314	5.517	2.434	0.392	-4.210	-0.083	0.000000	0.000000
1582082387474	1582082387474	-9.841	4.650	1.692	0.067	-3.463	-0.484	0.000000	0.000000
1582082387493	1582082387493	-12.601	3.107	1.675	-0.585	-3.543	-0.547	0.000000	0.000000
1582082387516	1582082387513	-11.724	2.751	1.184	-0.677	-4.327	-0.443	0.000000	0.000000
1582082387533	1582082387533	-12.800	1.651	1.023	0.016	-4.899	-0.325	0.000000	0.000000
1582082387555	1582082387552	-14.836	-1.387	-0.388	1.451	-5.584	-0.401	0.000000	0.000000
1582082387577	1582082387574	-15.368	-4.453	-2.649	3.687	-7.144	-0.208	0.000000	0.000000
1582082387600	1582082387598	-13.475	-3.449	-5.320	5.536	-9.058	-0.011	0.000000	0.000000
1582082387624	1582082387613	-12.539	-0.735	-7.258	6.610	-10.241	-0.011	0.000000	0.000000
1582082387633	1582082387632	-11.466	-1.499	-7.962	7.570	-11.092	-0.499	0.000000	0.000000
1582082387654	1582082387652	-8.268	-4.486	-8.506	8.014	-11.158	-1.124	0.000000	0.000000
1582082387674	1582082387672	-5.170	-5.356	-9.390	8.431	-9.953	-1.473	0.000000	0.000000
1582082387693	1582082387693	-4.332	-3.547	-9.031	8.875	-7.647	-1.310	0.000000	0.000000
1582082387713	1582082387713	-7.029	-6.213	-9.958	8.823	-5.907	-0.832	0.000000	0.000000
1582082387734	1582082387732	-6.445	-6.891	-18.227	8.152	-5.411	-0.463	0.000000	0.000000
1582082387754	1582082387752	-2.583	-0.828	-21.384	6.405	-4.751	-0.154	0.000000	0.000000
1582082387774	1582082387772	-2.183	5.292	-17.499	2.825	-3.875	0.048	0.000000	0.000000
1582082387798	1582082387792	-3.987	6.682	-11.088	-1.605	-4.593	-1.166	0.000000	0.000000
1582082387814	1582082387813	-3.537	2.269	-5.318	-3.414	-6.037	-2.287	0.000000	0.000000
1582082387833	1582082387832	-3.041	-1.145	0.094	-2.738	-5.056	-2.011	0.000000	0.000000
1582082387853	1582082387851	-13.864	-3.480	6.260	-0.343	-4.504	-0.718	0.000000	0.000000
1582082387873	1582082387872	-10.802	2.935	7.278	0.740	-6.497	-0.086	0.000000	0.000000
1582082387894	1582082387894	-9.307	3.012	9.968	0.559	-6.017	0.224	0.000000	0.000000
1582082387915	1582082387915	-12.716	2.851	10.531	-0.896	-5.680	0.527	0.000000	0.000000
1582082387934	1582082387933	-14.747	4.375	9.506	-0.771	-5.567	0.790	0.000000	0.000000
1582082387953	1582082387951	-15.425	6.598	14.685	-0.198	-5.220	0.794	0.000000	0.000000
1582082387971	1582082387971	-7.836	11.175	10.910	-0.275	-4.678	0.902	0.000000	0.000000
1582082387992	1582082387991	-14.506	9.863	9.520	-1.533	-2.599	1.573	0.000000	0.000000
1582082388019	1582082388019	-9.338	8.437	10.677	-1.056	-2.980	1.032	0.000000	0.000000
1582082388033	1582082388031	-5.958	6.504	11.561	-0.045	-3.594	1.289	0.000000	0.000000
1582082388052	1582082388051	-6.169	5.501	11.568	0.263	-3.024	1.728	0.000000	0.000000
1582082388072	1582082388071	-5.144	7.462	10.447	0.131	-2.618	1.741	0.000000	0.000000
1582082388094	1582082388091	-4.035	7.697	10.191	-0.187	-2.616	1.937	0.000000	0.000000
1582082388115	1582082388110	-3.987	5.316	9.513	-1.310	-2.188	2.153	0.000000	0.000000
1582082388133	1582082388132	-3.194	5.091	7.989	-2.202	-1.789	1.922	0.000000	0.000000
1582082388151	1582082388150	-1.297	6.260	6.669	-2.678	-1.735	1.626	0.000000	0.000000
1582082388171	1582082388170	-0.528	5.678	5.752	-2.617	-1.322	1.569	0.000000	0.000000
1582082388190	1582082388190	-0.695	4.494	6.198	-1.886	-0.741	1.608	0.000000	0.000000
1582082388214	1582082388214	-1.646	3.213	6.531	-1.502	-0.319	1.609	0.000000	0.000000
1582082388232	1582082388230	-2.471	2.178	5.853	-2.152	-0.050	1.540	0.000000	0.000000
1582082388251	1582082388250	-2.487	2.324	5.771	-2.815	0.045	1.365	0.000000	0.000000
1582082388270	1582082388270	-2.681	1.591	6.250	-2.462	0.239	1.311	0.000000	0.000000
1582082388290	1582082388289	-2.432	1.352	6.744	-2.079	0.299	1.137	0.000000	0.000000
1582082388311	1582082388311	-2.466	1.625	5.647	-2.575	0.301	1.016	0.000000	0.000000
1582082388338	1582082388336	-1.888	2.173	4.839	-3.062	0.256	0.808	0.000000	0.000000
1582082388352	1582082388350	-2.253	1.455	5.769	-2.933	0.186	0.615	0.000000	0.000000
1582082388371	1582082388370	-1.874	0.214	6.655	-2.589	0.011	0.391	0.000000	0.000000
1582082388389	1582082388388	-0.873	-0.170	6.751	-2.271	-0.174	0.292	0.000000	0.000000
1582082388413	1582082388407	-0.947	-0.268	6.193	-2.303	-0.222	0.426	0.000000	0.000000
1582082388429	1582082388428	-1.819	-1.274	7.139	-2.244	-0.090	0.515	0.000000	0.000000
1582082388449	1582082388447	-1.991	-2.299	8.413	-1.971	0.104	0.397	0.000000	0.000000
1582082388469	1582082388467	-1.503	-3.605	8.308	-2.199	0.259	0.260	0.000000	0.000000
1582082388489	1582082388489	-1.496	-3.689	7.726	-2.271	0.459	0.434	0.000000	0.000000
1582082388511	1582082388510	-2.547	-2.474	8.109	-1.802	0.537	0.574	0.000000	0.000000
1582082388533	1582082388528	-2.562	-1.609	8.023	-2.233	0.200	0.449	0.000000	0.000000
1582082388550	1582082388550	-1.222	-1.842	7.161	-2.574	-0.229	0.374	0.000000	0.000000
1582082388569	1582082388569	-1.479	-3.466	7.331	-1.897	-0.336	0.534	0.000000	0.000000
1582082388590	1582082388588	-1.956	-3.847	7.783	-1.573	-0.340	0.663	0.000000	0.000000
1582082388614	1582082388613	-1.711	-2.927	7.513	-2.106	-0.457	0.754	0.000000	0.000000
1582082388629	1582082388629	-1.805	-3.861	6.569	-2.212	-0.087	0.872	0.000000	0.000000
1582082388648	1582082388647	-2.550	-5.895	5.826	-2.020	0.088	1.129	0.000000	0.000000
1582082388668	1582082388667	-3.287	-6.151	5.869	-1.742	-0.213	1.296	0.000000	0.000000
1582082388688	1582082388688	-2.581	-5.552	6.634	-1.431	-0.401	1.323	0.000000	0.000000
1582082388712	1582082388712	-1.115	-6.451	5.572	-1.161	-0.431	1.313	0.000000	0.000000
1582082388734	1582082388733	-0.925	-7.435	5.156	-1.003	-0.116	1.327	0.000000	0.000000
1582082388752	1582082388749	-2.042	-7.591	5.369	-1.133	0.248	1.424	0.000000	0.000000
1582082388769	1582082388767	-2.444	-8.015	5.541	-1.438	0.457	1.336	0.000000	0.000000
1582082388789	1582082388787	-2.942	-8.865	4.923	-1.718	0.706	1.287	0.000000	0.000000
1582082388814	1582082388814	-4.145	-7.481	4.523	-1.675	0.754	1.249	0.000000	0.000000
1582082388828	1582082388827	-4.147	-6.762	4.375	-1.581	0.384	1.191	0.000000	0.000000
1582082388850	1582082388848	-3.755	-8.542	3.898	-2.071	0.264	1.047	0.000000	0.000000
1582082388867	1582082388866	-3.910	-9.982	2.918	-2.739	0.410	0.886	0.000000	0.000000
1582082388887	1582082388885	-3.922	-10.137	2.168	-3.187	0.528	0.772	0.000000	0.000000
1582082388912	1582082388911	-4.962	-10.535	1.529	-3.657	0.682	0.619	0.000000	0.000000
1582082388933	1582082388927	-5.944	-13.139	0.077	-3.608	1.050	0.277	0.000000	0.000000
1582082388957	1582082388948	-7.108	-16.366	-0.989	-3.132	1.348	-0.386	0.000000	0.000000
1582082388967	1582082388966	-8.026	-17.178	-1.504	-3.591	1.240	-1.405	0.000000	0.000000
1582082388987	1582082388986	-8.090	-15.022	-3.499	-5.739	1.320	-2.336	0.000000	0.000000
1582082389008	1582082389007	-8.387	-11.393	-9.433	-8.565	1.926	-3.029	0.000000	0.000000
1582082389028	1582082389027	-9.485	-9.919	-15.273	-9.803	1.774	-3.333	0.000000	0.000000
1582082389048	1582082389048	-8.117	-15.906	-15.748	-9.351	1.670	-3.149	0.000000	0.000000
1582082389071	1582082389066	-6.644	-13.503	-16.550	-8.914	3.448	-2.355	0.000000	0.000000
1582082389087	1582082389087	-9.032	-8.163	-23.693	-5.136	5.262	-0.133	0.000000	0.000000
1582082389107	1582082389106	-13.054	-10.053	-16.351	-0.252	5.397	1.183	0.000000	0.000000
1582082389127	1582082389127	-13.792	-10.717	-6.379	0.912	5.811	1.626	0.000000	0.000000
1582082389148	1582082389148	-10.100	-6.230	-2.565	1.137	5.537	2.155	0.000000	0.000000
1582082389173	1582082389168	-11.408	-10.219	-1.190	2.043	4.268	4.032	0.000000	0.000000
1582082389187	1582082389186	-6.718	-0.936	1.752	4.771	3.188	6.209	0.000000	0.000000
1582082389207	1582082389206	-11.226	-5.562	2.954	4.011	2.711	7.045	0.000000	0.000000
1582082389228	1582082389228	-8.287	0.472	6.543	2.750	1.425	7.845	0.000000	0.000000
1582082389248	1582082389245	-9.116	-4.158	6.509	1.422	1.294	8.470	0.000000	0.000000
1582082389270	1582082389265	-13.078	-7.715	-0.158	-0.669	1.642	7.997	0.000000	0.000000
1582082389286	1582082389285	-10.704	-16.560	-5.442	-2.187	1.682	6.901	0.000000	0.000000
1582082389306	1582082389305	-10.620	-13.424	-9.210	-3.162	2.530	6.709	0.000000	0.000000
1582082389326	1582082389325	-12.965	-13.709	-9.505	-4.162	3.071	6.078	0.000000	0.000000
1582082389353	1582082389348	-14.719	-13.714	-10.686	-4.494	3.384	5.795	0.000000	0.000000
1582082389372	1582082389365	-16.209	-8.913	-9.383	-5.060	3.348	5.135	0.000000	0.000000
1582082389388	1582082389387	-15.619	-13.421	-11.730	-4.607	3.097	4.869	0.000000	0.000000
1582082389407	1582082389405	-15.952	-7.974	-10.695	-3.642	2.866	5.269	0.000000	0.000000
1582082389425	1582082389425	-15.909	-5.732	-9.404	-4.268	2.426	4.345	0.000000	0.000000
1582082389451	1582082389450	-13.959	-8.705	-11.285	-4.538	2.543	3.478	0.000000	0.000000
1582082389467	1582082389465	-11.942	-4.726	-11.419	-5.035	2.162	2.690	0.000000	0.000000
1582082389492	1582082389486	-12.587	-4.230	-10.070	-4.898	1.959	2.144	0.000000	0.000000
1582082389506	1582082389504	-10.409	-2.117	-9.953	-4.570	1.036	1.897	0.000000	0.000000
1582082389525	1582082389524	-9.446	-0.189	-8.870	-4.250	0.613	1.673	0.000000	0.000000
1582082389549	1582082389547	-8.162	-0.792	-8.185	-4.009	0.711	1.691	0.000000	0.000000
1582082389565	1582082389565	-9.537	0.851	-7.466	-3.526	0.649	1.915	0.000000	0.000000
1582082389584	1582082389584	-9.794	3.378	-6.573	-2.715	-0.195	1.955	0.000000	0.000000
1582082389606	1582082389604	-9.132	4.439	-5.952	-2.013	-0.842	1.354	0.000000	0.000000
1582082389625	1582082389624	-9.707	4.619	-4.781	-1.447	-1.511	0.893	0.000000	0.000000
1582082389648	1582082389648	-10.098	6.260	-3.713	-1.769	-2.141	0.666	0.000000	0.000000
1582082389672	1582082389664	-9.118	9.585	-4.161	-2.134	-2.130	0.270	0.000000	0.000000
1582082389686	1582082389685	-8.936	6.614	-4.800	-2.987	-2.321	-0.286	0.000000	0.000000
1582082389705	1582082389703	-10.848	0.233	-4.333	-2.869	-2.708	-0.152	0.000000	0.000000
1582082389724	1582082389723	-11.660	-3.130	1.644	-0.840	-2.732	0.079	0.000000	0.000000
1582082389744	1582082389743	-11.595	-1.990	0.987	0.014	-3.010	0.475	0.000000	0.000000
1582082389769	1582082389769	-10.704	0.937	0.563	-0.038	-3.794	1.045	0.000000	0.000000
1582082389784	1582082389784	-9.858	3.594	1.426	0.189	-3.848	1.212	0.000000	0.000000
1582082389805	1582082389804	-11.061	4.214	0.882	0.411	-4.059	0.592	0.000000	0.000000
1582082389824	1582082389823	-12.965	2.123	0.559	0.133	-4.289	0.394	0.000000	0.000000
1582082389848	1582082389843	-15.100	-1.145	0.599	0.239	-5.452	0.090	0.000000	0.000000
1582082389866	1582082389866	-14.716	-2.800	-0.335	0.878	-7.038	-0.491	0.000000	0.000000
1582082389886	1582082389885	-15.512	-2.338	-1.370	1.893	-8.376	-0.752	0.000000	0.000000
1582082389904	1582082389902	-14.843	-3.463	-2.512	3.207	-9.488	-1.176	0.000000	0.000000
1582082389930	1582082389928	-14.479	-6.597	-6.058	4.845	-9.989	-1.581	0.000000	0.000000
1582082389943	1582082389943	-13.176	-10.185	-9.373	7.790	-10.110	-1.424	0.000000	0.000000
1582082389968	1582082389968	-8.725	-8.333	-13.764	10.456	-9.253	-0.644	0.000000	0.000000
1582082389986	1582082389983	-7.834	-4.791	-17.024	11.339	-7.671	0.150	0.000000	0.000000
1582082390004	1582082390003	-7.199	-4.714	-18.179	10.306	-7.180	0.280	0.000000	0.000000
1582082390023	1582082390022	-4.591	-4.877	-22.364	8.829	-6.929	-0.128	0.000000	0.000000
1582082390044	1582082390042	-0.549	-1.638	-23.974	6.889	-6.047	-0.350	0.000000	0.000000
1582082390064	1582082390062	1.259	1.347	-20.934	3.992	-4.527	-0.428	0.000000	0.000000
1582082390086	1582082390086	-1.747	5.592	-12.844	-0.288	-3.990	-0.825	0.000000	0.000000
1582082390112	1582082390104	-2.454	5.352	-6.278	-2.852	-4.957	-2.095	0.000000	0.000000
1582082390123	1582082390122	-3.872	0.755	-1.557	-2.576	-4.940	-2.291	0.000000	0.000000
1582082390142	1582082390142	-8.404	0.446	5.472	-1.741	-4.376	-1.342	0.000000	0.000000
1582082390163	1582082390161	-10.359	2.197	8.567	-2.048	-4.833	-0.946	0.000000	0.000000
1582082390182	1582082390181	-8.838	0.607	9.391	-1.773	-5.558	-0.658	0.000000	0.000000
1582082390203	1582082390203	-9.341	3.263	10.200	-0.088	-5.260	0.050	0.000000	0.000000
1582082390222	1582082390221	-13.995	3.275	9.726	0.043	-4.522	0.715	0.000000	0.000000
1582082390242	1582082390240	-17.052	5.170	13.415	-0.569	-4.943	0.932	0.000000	0.000000
1582082390262	1582082390262	-11.293	9.992	11.020	-0.189	-4.997	0.987	0.000000	0.000000
1582082390286	1582082390285	-13.234	10.811	9.202	-1.380	-3.158	1.220	0.000000	0.000000
1582082390306	1582082390301	-10.342	8.332	12.313	-1.220	-2.938	1.093	0.000000	0.000000
1582082390321	1582082390320	-6.852	5.328	12.400	0.012	-3.321	1.606	0.000000	0.000000
1582082390342	1582082390340	-7.389	7.328	11.664	0.041	-2.838	1.795	0.000000	0.000000
1582082390365	1582082390360	-7.829	7.944	10.277	-0.386	-2.585	1.932	0.000000	0.000000
1582082390382	1582082390382	-7.666	7.403	9.853	-0.951	-2.523	1.948	0.000000	0.000000
1582082390405	1582082390402	-5.920	6.543	8.698	-2.084	-2.405	1.901	0.000000	0.000000
1582082390426	1582082390426	-4.617	6.442	7.637	-2.512	-2.193	1.823	0.000000	0.000000
1582082390442	1582082390441	-2.990	5.745	7.228	-2.292	-2.171	1.547	0.000000	0.000000
1582082390461	1582082390460	-0.789	3.737	6.595	-1.461	-1.956	1.460	0.000000	0.000000
1582082390487	1582082390480	-0.032	2.279	6.461	-0.565	-1.170	1.755	0.000000	0.000000
1582082390506	1582082390501	-1.433	2.966	6.799	-0.425	-0.563	2.006	0.000000	0.000000
1582082390520	1582082390520	-2.368	3.421	7.204	-0.639	-0.389	1.969	0.000000	0.000000
1582082390541	1582082390539	-2.775	3.232	6.952	-0.828	-0.400	1.859	0.000000	0.000000
1582082390561	1582082390559	-2.389	3.840	6.641	-1.225	-0.424	1.746	0.000000	0.000000
1582082390590	1582082390590	-1.771	3.737	6.782	-2.058	-0.516	1.623	0.000000	0.000000
1582082390604	1582082390599	-1.690	2.243	6.097	-3.019	-0.350	1.658	0.000000	0.000000
1582082390622	1582082390621	-2.150	0.619	5.939	-3.198	-0.088	1.703	0.000000	0.000000
1582082390640	1582082390640	-2.217	-0.850	6.147	-3.021	-0.100	1.486	0.000000	0.000000
1582082390660	1582082390659	-1.697	-0.560	6.737	-3.051	-0.188	1.026	0.000000	0.000000
1582082390681	1582082390679	-0.643	-0.809	5.678	-3.046	-0.374	0.782	0.000000	0.000000
1582082390708	1582082390703	0.004	0.144	5.227	-2.757	-0.224	0.453	0.000000	0.000000
1582082390721	1582082390719	-0.964	0.899	6.027	-2.067	0.128	0.400	0.000000	0.000000
1582082390739	1582082390739	-1.452	-0.656	7.151	-2.073	0.271	0.349	0.000000	0.000000
1582082390760	1582082390759	-1.752	-2.235	7.300	-2.660	0.171	0.396	0.000000	0.000000
1582082390781	1582082390778	-1.285	-2.651	7.146	-2.500	-0.114	0.479	0.000000	0.000000
1582082390800	1582082390799	-0.015	-3.035	6.947	-1.858	-0.147	0.425	0.000000	0.000000
1582082390820	1582082390820	-0.058	-3.042	7.805	-1.451	0.257	0.494	0.000000	0.000000
1582082390839	1582082390838	-1.122	-3.071	8.258	-1.891	0.762	0.630	0.000000	0.000000
1582082390859	1582082390858	-2.147	-3.308	7.798	-2.424	0.807	0.641	0.000000	0.000000
1582082390881	1582082390880	-1.936	-3.114	7.829	-2.064	0.375	0.651	0.000000	0.000000
1582082390907	1582082390903	-1.548	-3.511	8.030	-1.898	0.052	0.763	0.000000	0.000000
1582082390928	1582082390922	-1.457	-4.010	8.219	-1.964	-0.042	0.949	0.000000	0.000000
1582082390938	1582082390937	-1.807	-4.446	7.977	-2.054	-0.225	1.111	0.000000	0.000000
1582082390959	1582082390958	-1.637	-5.440	7.520	-2.187	-0.413	1.088	0.000000	0.000000
1582082390979	1582082390979	-1.002	-5.401	6.626	-2.447	-0.579	1.084	0.000000	0.000000
1582082391001	1582082391002	-0.746	-5.536	5.333	-2.400	-0.690	1.100	0.000000	0.000000
1582082391021	1582082391021	-0.487	-5.948	5.158	-1.785	-0.518	1.125	0.000000	0.000000
1582082391041	1582082391037	-1.146	-7.244	4.942	-1.447	-0.053	1.308	0.000000	0.000000
1582082391059	1582082391057	-2.262	-8.084	4.425	-1.506	0.393	1.370	0.000000	0.000000
1582082391079	1582082391077	-3.393	-7.852	4.102	-1.516	0.479	1.309	0.000000	0.000000
1582082391112	1582082391105	-3.261	-8.060	3.931	-1.532	0.232	1.203	0.000000	0.000000
1582082391117	1582082391116	-2.360	-8.738	3.146	-1.900	0.113	1.149	0.000000	0.000000
1582082391138	1582082391136	-3.072	-9.522	2.808	-1.785	0.422	1.177	0.000000	0.000000
1582082391157	1582082391156	-3.704	-9.440	2.959	-1.756	0.591	1.126	0.000000	0.000000
1582082391177	1582082391176	-3.659	-9.265	2.681	-2.176	0.534	0.920	0.000000	0.000000
1582082391198	1582082391196	-3.457	-9.811	2.429	-2.627	0.511	0.705	0.000000	0.000000
1582082391217	1582082391216	-3.913	-10.037	1.857	-3.011	0.640	0.577	0.000000	0.000000
1582082391236	1582082391235	-3.989	-10.406	0.817	-3.346	0.712	0.534	0.000000	0.000000
1582082391257	1582082391257	-4.535	-12.023	-1.231	-3.497	0.991	0.452	0.000000	0.000000
1582082391277	1582082391276	-5.913	-14.001	-3.027	-3.465	1.496	0.026	0.000000	0.000000
1582082391302	1582082391296	-8.282	-14.461	-4.558	-4.449	2.042	-0.730	0.000000	0.000000
1582082391317	1582082391316	-8.572	-12.573	-7.773	-6.636	1.809	-1.726	0.000000	0.000000
1582082391336	1582082391336	-8.023	-10.854	-15.072	-9.306	1.023	-2.492	0.000000	0.000000
1582082391358	1582082391356	-8.428	-15.127	-18.050	-9.003	0.688	-2.283	0.000000	0.000000
1582082391376	1582082391376	-8.931	-18.466	-15.031	-7.512	1.679	-1.729	0.000000	0.000000
1582082391397	1582082391397	-9.693	-15.221	-19.267	-6.698	4.346	-0.711	0.000000	0.000000
1582082391422	1582082391416	-14.870	-13.532	-19.640	-3.206	5.784	0.793	0.000000	0.000000
1582082391438	1582082391438	-15.938	-13.101	-9.797	-0.077	5.755	0.570	0.000000	0.000000
1582082391457	1582082391455	-14.343	-8.707	-4.237	-0.184	5.836	0.470	0.000000	0.000000
1582082391476	1582082391475	-9.096	-8.429	-2.000	0.814	4.726	2.078	0.000000	0.000000
1582082391499	1582082391496	-8.649	-9.524	0.494	3.883	4.328	4.514	0.000000	0.000000
1582082391517	1582082391517	-5.973	-2.100	1.713	5.445	4.348	5.630	0.000000	0.000000
1582082391538	1582082391536	-6.198	-0.653	3.328	3.799	2.877	6.083	0.000000	0.000000
1582082391559	1582082391559	-2.902	-0.852	3.105	2.871	1.741	6.662	0.000000	0.000000
1582082391575	1582082391575	-5.944	-1.466	4.224	1.154	1.756	7.063	0.000000	0.000000
1582082391596	1582082391595	-8.033	-9.488	0.113	-0.417	1.795	7.252	0.000000	0.000000
1582082391621	1582082391616	-10.333	-9.821	-1.691	-1.170	2.121	7.235	0.000000	0.000000
1582082391639	1582082391635	-12.869	-12.157	-5.047	-2.278	2.253	6.782	0.000000	0.000000
1582082391655	1582082391655	-14.513	-12.756	-6.386	-3.525	2.577	5.913	0.000000	0.000000
1582082391676	1582082391675	-15.320	-12.001	-8.233	-3.860	2.663	5.728	0.000000	0.000000
1582082391695	1582082391694	-15.507	-11.819	-7.701	-3.951	2.703	5.503	0.000000	0.000000
1582082391716	1582082391714	-17.121	-12.118	-9.388	-4.161	3.014	4.956	0.000000	0.000000
1582082391736	1582082391735	-15.291	-11.263	-9.011	-3.831	2.744	4.425	0.000000	0.000000
1582082391759	1582082391754	-15.191	-8.492	-9.797	-3.762	2.545	4.038	0.000000	0.000000
1582082391774	1582082391774	-12.776	-6.798	-9.400	-3.627	2.021	3.577	0.000000	0.000000
1582082391795	1582082391795	-10.934	-3.250	-10.583	-4.382	1.680	2.981	0.000000	0.000000
1582082391816	1582082391814	-10.838	-2.774	-11.016	-4.822	1.607	2.386	0.000000	0.000000
1582082391838	1582082391838	-11.061	-2.493	-10.432	-5.432	1.391	1.879	0.000000	0.000000
1582082391855	1582082391853	-8.438	-0.395	-12.406	-5.564	0.614	1.733	0.000000	0.000000
1582082391874	1582082391874	-8.742	1.150	-11.326	-4.279	0.371	1.755	0.000000	0.000000
1582082391895	1582082391895	-9.183	-1.171	-9.800	-4.236	0.024	1.355	0.000000	0.000000
1582082391915	1582082391915	-9.382	2.516	-9.316	-4.705	-0.091	0.948	0.000000	0.000000
