1582081672498	1582081672496	-3.941	1.958	-14.971	3.141	-5.387	-1.606	0.000000	0.000000
1582081672518	1582081672518	-2.734	0.983	-15.271	2.153	-4.462	-1.500	0.000000	0.000000
1582081672539	1582081672537	-3.311	4.202	-13.345	0.535	-3.842	-1.138	0.000000	0.000000
1582081672560	1582081672560	-4.873	8.984	-7.656	-1.006	-3.989	-1.311	0.000000	0.000000
1582081672577	1582081672576	-7.060	7.261	-1.269	-1.172	-3.846	-1.672	0.000000	0.000000
1582081672597	1582081672596	-12.436	1.222	4.569	-1.039	-4.414	-1.388	0.000000	0.000000
1582081672617	1582081672616	-13.147	0.932	7.022	-1.116	-5.935	-1.479	0.000000	0.000000
1582081672641	1582081672636	-7.520	5.575	9.237	0.625	-6.657	-1.058	0.000000	0.000000
1582081672658	1582081672657	-12.793	4.399	11.810	-0.100	-5.777	0.475	0.000000	0.000000
1582081672677	1582081672675	-14.659	0.506	10.200	-1.035	-5.452	1.093	0.000000	0.000000
1582081672697	1582081672696	-16.810	5.266	12.462	-1.083	-5.504	0.976	0.000000	0.000000
1582081672717	1582081672715	-9.243	9.125	13.089	-0.303	-5.412	0.699	0.000000	0.000000
1582081672736	1582081672735	-7.487	6.018	13.087	-1.081	-4.007	1.209	0.000000	0.000000
1582081672757	1582081672755	-7.578	6.212	12.524	-0.632	-3.047	1.231	0.000000	0.000000
1582081672776	1582081672775	-6.318	6.454	13.051	0.831	-3.172	1.371	0.000000	0.000000
1582081672796	1582081672795	-3.388	7.357	11.575	0.569	-3.058	1.671	0.000000	0.000000
1582081672824	1582081672823	-2.962	5.884	10.344	-0.454	-2.354	1.853	0.000000	0.000000
1582081672838	1582081672835	-3.242	5.275	10.023	-1.025	-1.844	1.760	0.000000	0.000000
1582081672857	1582081672856	-2.535	4.399	9.319	-0.884	-1.741	1.588	0.000000	0.000000
1582081672876	1582081672875	-1.222	4.212	8.143	-0.283	-1.519	1.421	0.000000	0.000000
1582081672897	1582081672895	-0.825	5.508	8.653	0.323	-1.001	1.085	0.000000	0.000000
1582081672920	1582081672920	-0.034	5.759	8.085	0.193	-0.755	0.879	0.000000	0.000000
1582081672936	1582081672936	-0.461	6.236	7.024	-0.641	-0.513	0.903	0.000000	0.000000
1582081672959	1582081672958	-0.700	6.186	7.484	-1.531	-0.659	1.048	0.000000	0.000000
1582081672976	1582081672974	-0.145	4.803	7.201	-2.383	-0.629	1.430	0.000000	0.000000
1582081672997	1582081672995	-1.484	3.896	5.874	-2.997	-0.012	1.606	0.000000	0.000000
1582081673016	1582081673015	-2.506	3.328	4.856	-3.412	0.515	1.408	0.000000	0.000000
1582081673043	1582081673038	-3.628	2.465	4.748	-3.569	0.548	1.188	0.000000	0.000000
1582081673062	1582081673057	-3.436	1.685	4.564	-3.471	0.193	0.888	0.000000	0.000000
1582081673079	1582081673077	-1.532	1.378	5.000	-2.667	-0.048	0.419	0.000000	0.000000
1582081673096	1582081673095	-0.444	1.912	5.580	-1.938	-0.012	0.101	0.000000	0.000000
1582081673115	1582081673114	-0.006	3.261	5.838	-1.903	0.123	0.026	0.000000	0.000000
1582081673135	1582081673134	-0.784	1.651	6.547	-1.597	0.317	0.531	0.000000	0.000000
1582081673155	1582081673154	-0.631	-0.361	6.293	-1.601	0.242	0.865	0.000000	0.000000
1582081673175	1582081673174	-0.370	-0.100	7.283	-1.726	0.226	0.765	0.000000	0.000000
1582081673194	1582081673193	-0.798	0.731	9.096	-1.547	0.414	0.771	0.000000	0.000000
1582081673214	1582081673213	-1.642	-1.133	8.459	-2.109	0.501	0.768	0.000000	0.000000
1582081673238	1582081673235	-1.045	-3.483	7.594	-2.073	0.271	0.676	0.000000	0.000000
1582081673257	1582081673253	-0.509	-3.854	8.126	-1.755	0.273	0.751	0.000000	0.000000
1582081673274	1582081673273	-0.707	-3.684	9.276	-1.529	0.540	0.679	0.000000	0.000000
1582081673294	1582081673293	-1.608	-2.912	10.006	-1.499	0.582	0.681	0.000000	0.000000
1582081673314	1582081673313	-4.291	-1.027	9.439	-1.493	0.057	0.617	0.000000	0.000000
1582081673334	1582081673333	0.644	-1.142	9.247	-1.726	-1.048	0.425	0.000000	0.000000
1582081673354	1582081673353	-0.628	-1.981	10.222	-1.588	-0.409	0.870	0.000000	0.000000
1582081673377	1582081673374	-1.627	-3.056	10.651	-1.404	-0.159	1.096	0.000000	0.000000
1582081673395	1582081673394	-1.342	-2.764	9.573	-1.853	-0.225	1.062	0.000000	0.000000
1582081673415	1582081673414	-1.536	-2.148	9.132	-1.738	-0.284	1.009	0.000000	0.000000
1582081673435	1582081673435	-1.479	-2.503	8.112	-1.971	-0.436	1.060	0.000000	0.000000
1582081673458	1582081673458	-0.315	-3.389	6.878	-1.648	-0.416	1.175	0.000000	0.000000
1582081673497	1582081673488	-0.993	-4.311	6.205	-1.023	-0.012	1.409	0.000000	0.000000
1582081673498	1582081673498	-2.696	-5.095	6.430	-0.991	0.106	1.437	0.000000	0.000000
1582081673514	1582081673513	-2.420	-5.909	5.805	-1.368	-0.142	1.418	0.000000	0.000000
1582081673537	1582081673536	-2.542	-6.820	4.612	-1.504	-0.102	1.364	0.000000	0.000000
1582081673557	1582081673554	-2.303	-7.605	4.137	-1.631	-0.116	1.307	0.000000	0.000000
1582081673574	1582081673573	-1.357	-7.105	4.458	-1.866	-0.073	1.290	0.000000	0.000000
1582081673593	1582081673592	-1.553	-7.330	4.063	-2.322	0.511	1.113	0.000000	0.000000
1582081673615	1582081673612	-2.746	-8.508	3.881	-2.137	0.884	1.089	0.000000	0.000000
1582081673634	1582081673634	-3.687	-9.589	3.963	-1.812	0.995	0.919	0.000000	0.000000
1582081673658	1582081673658	-3.647	-8.918	3.994	-1.884	0.881	0.834	0.000000	0.000000
1582081673674	1582081673673	-3.778	-7.929	3.661	-2.221	0.962	0.688	0.000000	0.000000
1582081673696	1582081673696	-4.694	-7.600	3.388	-2.613	1.360	0.466	0.000000	0.000000
1582081673714	1582081673713	-6.555	-8.630	3.869	-2.672	1.548	0.229	0.000000	0.000000
1582081673733	1582081673732	-7.367	-10.736	3.000	-3.135	1.253	0.002	0.000000	0.000000
1582081673759	1582081673753	-7.285	-12.439	0.650	-3.688	1.052	-0.449	0.000000	0.000000
1582081673775	1582081673774	-7.858	-11.773	-1.595	-4.868	1.427	-1.201	0.000000	0.000000
1582081673792	1582081673792	-8.289	-8.226	-6.472	-7.323	1.705	-2.215	0.000000	0.000000
1582081673814	1582081673812	-8.232	-7.735	-13.652	-9.487	1.403	-3.104	0.000000	0.000000
1582081673833	1582081673832	-8.124	-12.794	-19.092	-11.000	1.215	-3.498	0.000000	0.000000
1582081673858	1582081673858	-9.956	-20.939	-20.963	-11.326	2.430	-2.711	0.000000	0.000000
1582081673873	1582081673872	-9.192	-17.573	-22.920	-8.640	4.364	-1.249	0.000000	0.000000
1582081673894	1582081673892	-9.882	-5.322	-22.249	-3.151	5.441	1.294	0.000000	0.000000
1582081673912	1582081673911	-12.769	-9.440	-12.111	0.028	6.534	1.746	0.000000	0.000000
1582081673932	1582081673932	-16.099	-17.300	-4.357	0.944	5.966	2.055	0.000000	0.000000
1582081673956	1582081673956	-7.242	-8.877	0.051	2.212	3.347	3.454	0.000000	0.000000
1582081673982	1582081673972	-6.593	-1.535	1.912	3.483	2.674	4.999	0.000000	0.000000
1582081673997	1582081673992	-9.839	0.010	4.351	3.596	2.107	6.044	0.000000	0.000000
1582081674012	1582081674011	-6.833	2.866	6.799	3.461	0.684	7.514	0.000000	0.000000
1582081674032	1582081674031	-11.509	-5.044	4.540	2.524	0.408	8.836	0.000000	0.000000
1582081674058	1582081674051	-14.661	-11.072	0.630	1.231	0.883	8.777	0.000000	0.000000
1582081674072	1582081674071	-11.468	-15.515	-2.611	-0.472	1.248	8.151	0.000000	0.000000
1582081674094	1582081674091	-14.637	-11.749	-4.431	-1.363	2.022	7.725	0.000000	0.000000
1582081674113	1582081674110	-13.519	-13.467	-7.397	-2.610	2.884	6.435	0.000000	0.000000
1582081674131	1582081674131	-17.160	-12.938	-8.621	-3.856	3.252	5.743	0.000000	0.000000
1582081674154	1582081674154	-15.687	-10.432	-8.144	-3.950	2.719	5.484	0.000000	0.000000
1582081674179	1582081674171	-16.520	-13.213	-8.731	-3.539	2.709	5.115	0.000000	0.000000
1582081674196	1582081674191	-16.247	-8.688	-6.321	-3.130	2.610	5.028	0.000000	0.000000
1582081674211	1582081674210	-15.761	-7.907	-7.426	-3.443	2.525	4.414	0.000000	0.000000
1582081674231	1582081674230	-14.125	-8.710	-9.553	-3.524	2.462	3.729	0.000000	0.000000
1582081674252	1582081674250	-12.704	-6.261	-9.114	-4.096	2.101	3.041	0.000000	0.000000
1582081674272	1582081674272	-12.848	-1.832	-9.359	-4.330	1.577	2.650	0.000000	0.000000
1582081674292	1582081674291	-10.658	-3.892	-7.864	-3.267	1.028	2.369	0.000000	0.000000
1582081674312	1582081674311	-9.573	-1.164	-7.574	-3.211	1.204	2.242	0.000000	0.000000
1582081674331	1582081674329	-10.184	2.499	-7.349	-3.571	1.258	1.804	0.000000	0.000000
1582081674351	1582081674349	-9.863	0.381	-8.053	-3.612	0.933	1.291	0.000000	0.000000
1582081674379	1582081674379	-9.276	1.720	-7.579	-3.406	0.345	1.214	0.000000	0.000000
1582081674394	1582081674390	-8.821	3.917	-6.915	-3.113	-0.115	1.168	0.000000	0.000000
1582081674411	1582081674409	-9.262	4.540	-6.424	-2.669	-0.607	1.029	0.000000	0.000000
1582081674430	1582081674429	-10.031	4.403	-6.408	-2.343	-1.173	0.764	0.000000	0.000000
1582081674450	1582081674449	-10.438	4.147	-5.016	-2.017	-1.555	0.707	0.000000	0.000000
1582081674471	1582081674471	-10.304	4.566	-4.798	-1.936	-1.899	0.602	0.000000	0.000000
1582081674495	1582081674492	-11.046	4.145	-5.198	-1.317	-2.031	0.239	0.000000	0.000000
1582081674518	1582081674510	-10.821	2.240	-5.864	-0.707	-2.287	-0.333	0.000000	0.000000
1582081674529	1582081674528	-12.239	0.386	-3.104	-0.218	-2.555	-0.313	0.000000	0.000000
1582081674550	1582081674549	-12.062	-0.618	0.652	0.340	-2.987	0.016	0.000000	0.000000
1582081674570	1582081674568	-8.876	-0.974	1.210	0.344	-3.586	0.869	0.000000	0.000000
1582081674593	1582081674593	-8.672	4.669	2.264	-0.068	-2.672	2.210	0.000000	0.000000
1582081674611	1582081674611	-10.797	8.145	3.184	1.635	-2.868	1.802	0.000000	0.000000
1582081674630	1582081674628	-8.713	4.394	3.414	1.241	-3.236	1.063	0.000000	0.000000
1582081674649	1582081674649	-10.812	2.659	2.971	-0.562	-3.111	1.061	0.000000	0.000000
1582081674672	1582081674668	-13.365	1.440	1.737	-0.773	-4.040	0.698	0.000000	0.000000
1582081674693	1582081674690	-13.358	-1.734	1.476	0.545	-5.837	0.303	0.000000	0.000000
1582081674711	1582081674710	-12.242	-3.796	-0.512	1.898	-6.913	0.271	0.000000	0.000000
1582081674728	1582081674728	-12.139	-4.093	-3.473	3.153	-7.771	0.396	0.000000	0.000000
1582081674749	1582081674748	-11.983	-4.882	-6.039	4.842	-9.099	0.051	0.000000	0.000000
1582081674768	1582081674768	-10.658	-6.055	-8.324	6.547	-10.171	-0.226	0.000000	0.000000
1582081674794	1582081674791	-8.689	-7.711	-9.852	8.515	-10.398	-0.341	0.000000	0.000000
1582081674811	1582081674808	-5.563	-5.885	-10.906	9.506	-9.231	-0.464	0.000000	0.000000
1582081674831	1582081674827	-4.763	-4.443	-11.433	9.468	-6.759	-0.170	0.000000	0.000000
1582081674849	1582081674848	-6.624	-5.770	-12.068	8.593	-5.740	-0.264	0.000000	0.000000
1582081674868	1582081674867	-4.861	-5.547	-15.899	7.240	-5.869	-0.501	0.000000	0.000000
1582081674889	1582081674889	-2.586	-1.614	-17.985	5.555	-5.194	-0.335	0.000000	0.000000
1582081674911	1582081674908	-2.219	1.577	-17.209	3.531	-4.199	-0.055	0.000000	0.000000
1582081674929	1582081674929	-2.875	4.308	-13.714	0.601	-4.034	-0.152	0.000000	0.000000
1582081674948	1582081674947	-3.793	7.817	-6.970	-2.761	-4.845	-1.274	0.000000	0.000000
1582081674969	1582081674967	-4.562	3.512	-2.812	-3.133	-5.105	-1.859	0.000000	0.000000
1582081674992	1582081674991	-10.529	-1.581	3.428	-1.963	-4.298	-1.385	0.000000	0.000000
1582081675007	1582081675007	-14.458	-0.004	6.298	-1.339	-5.481	-1.139	0.000000	0.000000
1582081675031	1582081675026	-10.795	-0.946	7.055	0.175	-7.742	-0.525	0.000000	0.000000
1582081675048	1582081675047	-10.438	5.299	8.677	1.336	-6.837	-0.094	0.000000	0.000000
1582081675068	1582081675067	-14.050	5.989	10.792	1.246	-6.059	0.840	0.000000	0.000000
1582081675087	1582081675086	-13.325	7.961	13.228	-0.475	-5.948	1.364	0.000000	0.000000
1582081675110	1582081675108	-14.525	8.481	8.909	-1.704	-4.371	1.420	0.000000	0.000000
1582081675129	1582081675127	-12.393	8.687	8.356	-1.515	-3.304	1.410	0.000000	0.000000
1582081675148	1582081675146	-5.721	8.368	11.259	0.017	-3.788	0.964	0.000000	0.000000
1582081675167	1582081675166	-2.420	8.174	12.618	1.236	-3.532	1.222	0.000000	0.000000
1582081675190	1582081675186	-3.891	10.677	12.747	1.074	-2.654	1.929	0.000000	0.000000
1582081675213	1582081675213	-6.960	7.712	11.571	0.163	-2.227	2.688	0.000000	0.000000
1582081675226	1582081675226	-5.376	6.270	9.968	-1.112	-2.042	2.278	0.000000	0.000000
1582081675252	1582081675247	-3.376	6.761	9.491	-1.271	-2.087	2.174	0.000000	0.000000
1582081675266	1582081675266	-2.875	6.912	8.811	-1.504	-1.747	2.215	0.000000	0.000000
1582081675287	1582081675285	-1.153	6.535	8.066	-2.160	-1.173	1.921	0.000000	0.000000
1582081675313	1582081675307	0.596	6.114	7.807	-2.081	-0.938	1.619	0.000000	0.000000
1582081675328	1582081675327	0.718	4.231	7.438	-1.511	-0.729	1.654	0.000000	0.000000
1582081675346	1582081675346	-0.042	3.419	5.718	-1.163	-0.403	1.611	0.000000	0.000000
1582081675366	1582081675365	-1.112	3.009	5.651	-0.766	0.003	1.575	0.000000	0.000000
1582081675386	1582081675385	-1.888	2.734	6.559	-0.710	0.256	1.453	0.000000	0.000000
1582081675406	1582081675406	-1.517	3.735	6.820	-0.968	0.055	1.295	0.000000	0.000000
1582081675427	1582081675426	-0.842	3.924	6.794	-1.047	-0.081	1.281	0.000000	0.000000
1582081675453	1582081675446	-0.995	3.282	7.122	-1.353	0.308	1.258	0.000000	0.000000
1582081675466	1582081675464	-1.711	2.657	7.034	-1.894	0.546	1.318	0.000000	0.000000
1582081675487	1582081675486	-1.829	2.729	6.447	-2.098	0.438	1.331	0.000000	0.000000
1582081675505	1582081675505	-1.855	3.141	6.344	-1.965	0.195	1.315	0.000000	0.000000
1582081675533	1582081675530	-1.845	3.201	6.569	-2.303	0.231	1.228	0.000000	0.000000
1582081675549	1582081675544	-1.395	2.453	6.650	-2.937	0.267	1.100	0.000000	0.000000
1582081675566	1582081675564	-1.122	1.002	6.351	-3.152	0.143	0.922	0.000000	0.000000
1582081675585	1582081675584	-1.112	0.103	5.450	-3.080	0.093	0.757	0.000000	0.000000
1582081675604	1582081675604	-0.882	-0.203	5.345	-2.604	0.116	0.594	0.000000	0.000000
1582081675625	1582081675625	-0.925	-1.422	6.605	-2.036	0.193	0.522	0.000000	0.000000
1582081675646	1582081675646	-1.881	-2.577	8.121	-2.209	0.442	0.392	0.000000	0.000000
1582081675665	1582081675664	-2.066	-2.939	8.509	-2.723	0.598	0.341	0.000000	0.000000
1582081675685	1582081675684	-2.109	-2.956	8.631	-2.360	0.582	0.429	0.000000	0.000000
1582081675709	1582081675706	-2.209	-2.354	8.373	-1.933	0.413	0.503	0.000000	0.000000
1582081675736	1582081675726	-1.682	-1.173	8.310	-1.615	0.050	0.552	0.000000	0.000000
1582081675747	1582081675746	-1.646	-0.694	9.249	-1.221	-0.266	0.581	0.000000	0.000000
1582081675766	1582081675765	-0.964	-1.521	9.396	-1.253	-0.431	0.689	0.000000	0.000000
1582081675784	1582081675783	-0.772	-2.567	9.182	-1.306	-0.226	0.897	0.000000	0.000000
1582081675805	1582081675804	-1.496	-3.145	8.849	-1.675	0.032	1.081	0.000000	0.000000
1582081675826	1582081675825	-1.833	-3.583	8.380	-1.785	-0.076	1.175	0.000000	0.000000
1582081675848	1582081675848	-1.273	-3.962	8.169	-1.559	-0.435	1.224	0.000000	0.000000
1582081675865	1582081675865	-0.530	-4.302	7.822	-1.409	-0.692	1.189	0.000000	0.000000
1582081675884	1582081675883	0.153	-4.973	6.926	-1.573	-0.518	1.157	0.000000	0.000000
1582081675903	1582081675903	-0.305	-5.562	6.135	-1.811	-0.041	1.195	0.000000	0.000000
1582081675928	1582081675925	-2.023	-5.315	6.281	-1.555	0.281	1.246	0.000000	0.000000
1582081675946	1582081675944	-2.739	-5.267	6.602	-1.170	0.245	1.209	0.000000	0.000000
1582081675964	1582081675962	-2.923	-6.606	6.236	-1.163	0.157	1.105	0.000000	0.000000
1582081675983	1582081675982	-2.744	-7.241	5.433	-1.471	0.046	1.013	0.000000	0.000000
1582081676003	1582081676002	-2.703	-7.553	5.096	-2.048	0.060	0.949	0.000000	0.000000
1582081676024	1582081676024	-2.849	-8.017	4.830	-2.237	0.082	0.951	0.000000	0.000000
1582081676047	1582081676044	-2.483	-8.329	4.705	-2.417	0.073	0.955	0.000000	0.000000
1582081676064	1582081676064	-2.437	-8.508	4.125	-2.923	0.127	0.875	0.000000	0.000000
1582081676082	1582081676082	-2.724	-9.119	3.522	-3.163	0.389	0.738	0.000000	0.000000
1582081676103	1582081676102	-3.196	-10.065	2.997	-3.372	0.615	0.644	0.000000	0.000000
1582081676123	1582081676122	-3.503	-10.839	2.252	-3.444	0.758	0.349	0.000000	0.000000
1582081676153	1582081676147	-4.636	-11.783	0.738	-3.317	1.031	0.005	0.000000	0.000000
1582081676163	1582081676162	-5.578	-12.514	-1.133	-3.181	1.478	-0.534	0.000000	0.000000
1582081676185	1582081676184	-6.426	-12.315	-3.823	-4.226	2.103	-0.790	0.000000	0.000000
1582081676203	1582081676201	-6.881	-11.376	-7.617	-6.492	2.170	-1.208	0.000000	0.000000
1582081676224	1582081676222	-7.274	-12.516	-12.974	-8.607	1.484	-1.488	0.000000	0.000000
1582081676246	1582081676246	-7.899	-18.373	-14.852	-8.474	1.575	-1.383	0.000000	0.000000
1582081676265	1582081676263	-10.464	-20.682	-14.567	-7.208	3.247	-1.088	0.000000	0.000000
1582081676282	1582081676281	-14.525	-16.404	-18.196	-5.609	5.227	-0.809	0.000000	0.000000
1582081676303	1582081676301	-14.630	-12.921	-14.432	-3.810	5.115	-0.354	0.000000	0.000000
1582081676322	1582081676321	-15.224	-12.008	-7.660	-1.704	5.492	-0.297	0.000000	0.000000
1582081676348	1582081676348	-13.351	-11.613	-3.150	-0.421	5.832	-0.169	0.000000	0.000000
1582081676362	1582081676361	-8.696	-6.975	-0.970	0.539	5.358	1.655	0.000000	0.000000
1582081676386	1582081676385	-7.963	-4.153	-1.284	2.967	4.200	3.852	0.000000	0.000000
1582081676401	1582081676400	-6.713	-6.103	0.721	4.040	2.705	4.719	0.000000	0.000000
1582081676421	1582081676420	-2.849	-5.610	1.979	2.384	1.785	4.880	0.000000	0.000000
1582081676442	1582081676442	-2.492	0.046	2.355	0.592	1.346	5.503	0.000000	0.000000
1582081676470	1582081676469	-5.733	-4.244	3.359	0.908	0.648	6.798	0.000000	0.000000
1582081676506	1582081676483	-8.718	-9.907	3.251	0.572	0.659	7.531	0.000000	0.000000
1582081676506	1582081676506	-10.630	-10.707	0.168	-0.145	1.203	7.765	0.000000	0.000000
1582081676522	1582081676520	-12.532	-12.720	-2.074	-1.002	2.091	7.320	0.000000	0.000000
1582081676541	1582081676541	-15.083	-6.630	-6.161	-3.643	2.382	6.274	0.000000	0.000000
1582081676561	1582081676560	-12.529	-12.063	-8.827	-3.969	1.788	5.457	0.000000	0.000000
1582081676586	1582081676580	-13.998	-9.816	-9.965	-3.907	2.244	5.662	0.000000	0.000000
1582081676601	1582081676599	-15.047	-4.139	-9.725	-4.382	2.313	5.141	0.000000	0.000000
1582081676621	1582081676619	-16.609	-12.356	-12.154	-4.364	2.380	4.526	0.000000	0.000000
1582081676640	1582081676640	-15.227	-10.727	-9.680	-3.706	2.066	4.799	0.000000	0.000000
1582081676662	1582081676662	-15.502	-6.436	-10.319	-3.953	2.230	4.619	0.000000	0.000000
1582081676680	1582081676678	-14.359	-8.652	-11.761	-3.472	2.199	4.117	0.000000	0.000000
1582081676699	1582081676698	-12.582	-5.995	-10.499	-3.453	1.864	3.577	0.000000	0.000000
1582081676721	1582081676719	-11.976	-2.881	-10.341	-4.511	1.887	2.612	0.000000	0.000000
1582081676742	1582081676741	-10.258	-2.788	-10.660	-4.388	1.445	1.977	0.000000	0.000000
1582081676760	1582081676759	-8.871	-2.939	-9.553	-2.890	1.107	1.947	0.000000	0.000000
1582081676781	1582081676780	-8.117	0.034	-8.104	-2.204	0.856	1.888	0.000000	0.000000
1582081676800	1582081676799	-9.772	2.729	-5.593	-2.433	0.567	1.498	0.000000	0.000000
1582081676819	1582081676818	-8.977	3.481	-4.637	-2.669	0.101	0.857	0.000000	0.000000
1582081676840	1582081676840	-8.653	2.712	-4.086	-3.086	-0.206	0.894	0.000000	0.000000
1582081676861	1582081676859	-9.485	6.964	-3.272	-2.585	-0.651	0.786	0.000000	0.000000
1582081676881	1582081676881	-7.628	5.539	-2.474	-2.432	-1.250	0.488	0.000000	0.000000
1582081676899	1582081676899	-7.937	5.544	-2.910	-3.235	-1.187	0.468	0.000000	0.000000
1582081676919	1582081676919	-9.762	5.268	-3.205	-2.956	-1.047	0.377	0.000000	0.000000
1582081676938	1582081676938	-9.104	4.339	-3.073	-2.522	-1.490	0.148	0.000000	0.000000
1582081676959	1582081676959	-7.654	4.866	-2.901	-2.392	-2.109	0.098	0.000000	0.000000
1582081676982	1582081676983	-8.553	4.118	-1.439	-1.853	-2.450	0.163	0.000000	0.000000
1582081677000	1582081677000	-9.077	2.224	0.427	-1.828	-2.297	0.169	0.000000	0.000000
1582081677019	1582081677018	-9.104	1.682	0.820	-1.406	-2.494	0.425	0.000000	0.000000
1582081677038	1582081677038	-9.398	4.492	1.059	-0.157	-2.889	0.813	0.000000	0.000000
1582081677060	1582081677058	-11.303	3.632	2.346	0.061	-3.171	0.591	0.000000	0.000000
1582081677084	1582081677079	-10.139	1.802	2.585	0.047	-3.825	-0.402	0.000000	0.000000
1582081677100	1582081677097	-10.239	2.945	2.710	0.379	-3.585	-0.243	0.000000	0.000000
1582081677118	1582081677118	-12.575	3.987	2.288	0.673	-3.682	0.010	0.000000	0.000000
1582081677139	1582081677137	-14.328	3.012	0.674	0.519	-4.448	-0.341	0.000000	0.000000
1582081677159	1582081677158	-14.158	0.918	-0.527	1.023	-5.546	-0.700	0.000000	0.000000
1582081677181	1582081677181	-13.521	-0.642	-2.103	2.092	-6.616	-0.847	0.000000	0.000000
1582081677199	1582081677198	-13.262	-1.547	-3.739	3.284	-7.574	-1.028	0.000000	0.000000
1582081677217	1582081677217	-11.700	-1.849	-5.224	4.354	-8.310	-1.332	0.000000	0.000000
1582081677238	1582081677237	-9.710	-1.921	-6.935	5.487	-8.378	-1.602	0.000000	0.000000
1582081677258	1582081677257	-8.445	-3.365	-8.377	7.298	-7.969	-1.533	0.000000	0.000000
1582081677281	1582081677280	-6.708	-4.170	-10.370	9.248	-7.273	-1.177	0.000000	0.000000
1582081677297	1582081677297	-5.963	-3.370	-12.312	9.609	-6.340	-0.596	0.000000	0.000000
1582081677319	1582081677319	-5.551	-1.583	-12.832	8.305	-6.131	-0.576	0.000000	0.000000
1582081677337	1582081677336	-5.010	-0.577	-12.080	6.668	-6.273	-1.228	0.000000	0.000000
1582081677357	1582081677356	-3.757	-1.456	-13.858	5.748	-5.823	-1.730	0.000000	0.000000
1582081677381	1582081677381	-3.084	-0.936	-15.855	5.452	-4.690	-1.290	0.000000	0.000000
1582081677400	1582081677398	-2.327	3.122	-14.830	3.976	-4.019	-0.476	0.000000	0.000000
1582081677417	1582081677416	-2.260	5.855	-11.656	1.547	-3.876	-0.394	0.000000	0.000000
1582081677437	1582081677436	-3.199	8.263	-6.700	-1.175	-4.020	-1.154	0.000000	0.000000
1582081677458	1582081677456	-4.425	5.865	-3.145	-2.076	-4.331	-2.082	0.000000	0.000000
1582081677480	1582081677480	-8.900	0.846	2.849	-1.522	-4.978	-2.164	0.000000	0.000000
1582081677514	1582081677512	-12.165	2.353	6.943	-1.865	-5.768	-1.986	0.000000	0.000000
1582081677519	1582081677519	-8.356	0.463	9.788	-0.837	-6.410	-1.539	0.000000	0.000000
1582081677536	1582081677536	-10.095	1.177	10.636	0.867	-6.480	-0.734	0.000000	0.000000
1582081677557	1582081677555	-11.485	5.326	11.355	0.808	-5.683	-0.168	0.000000	0.000000
1582081677576	1582081677575	-15.205	5.965	13.758	-0.494	-5.717	0.807	0.000000	0.000000
1582081677599	1582081677597	-13.200	6.102	11.465	-1.333	-5.117	1.208	0.000000	0.000000
1582081677617	1582081677615	-14.508	8.152	9.506	-2.199	-3.628	1.195	0.000000	0.000000
1582081677636	1582081677635	-9.643	5.915	11.264	-1.287	-3.616	1.001	0.000000	0.000000
1582081677656	1582081677655	-6.473	3.627	11.264	0.439	-3.964	1.510	0.000000	0.000000
1582081677680	1582081677680	-5.316	4.720	11.276	1.395	-3.927	1.768	0.000000	0.000000
1582081677696	1582081677695	-5.192	5.261	11.410	0.920	-3.409	1.750	0.000000	0.000000
1582081677716	1582081677714	-5.163	6.229	10.342	-0.368	-2.689	1.640	0.000000	0.000000
1582081677735	1582081677735	-3.987	5.381	10.234	-0.943	-2.216	1.545	0.000000	0.000000
1582081677757	1582081677754	-2.859	4.631	9.130	-0.907	-1.827	1.515	0.000000	0.000000
1582081677777	1582081677777	-2.061	5.441	7.932	-0.414	-1.378	1.375	0.000000	0.000000
1582081677799	1582081677794	-0.161	6.375	8.725	-0.147	-1.145	1.144	0.000000	0.000000
1582081677819	1582081677816	1.149	5.515	9.278	-0.186	-1.045	1.141	0.000000	0.000000
1582081677835	1582081677834	1.736	3.546	8.778	-0.517	-0.918	1.402	0.000000	0.000000
1582081677855	1582081677854	0.703	3.177	7.755	-0.801	-0.257	1.522	0.000000	0.000000
1582081677877	1582081677874	-1.809	3.364	7.767	-0.902	0.547	1.439	0.000000	0.000000
1582081677895	1582081677894	-2.415	4.039	8.310	-1.289	0.599	1.093	0.000000	0.000000
1582081677914	1582081677914	-2.315	3.500	8.746	-1.557	0.418	1.031	0.000000	0.000000
1582081677941	1582081677941	-1.994	2.523	8.883	-1.316	0.519	1.011	0.000000	0.000000
1582081677955	1582081677954	-2.145	3.254	8.215	-1.211	0.746	0.797	0.000000	0.000000
1582081677975	1582081677974	-2.329	4.159	7.769	-1.220	0.677	0.758	0.000000	0.000000
1582081678000	1582081677998	-2.265	4.796	7.812	-1.442	0.256	0.857	0.000000	0.000000
1582081678014	1582081678012	-2.312	3.963	7.316	-1.983	-0.132	1.077	0.000000	0.000000
1582081678033	1582081678033	-2.499	3.115	6.739	-2.802	-0.039	1.049	0.000000	0.000000
1582081678053	1582081678052	-2.624	2.303	5.910	-3.332	0.109	1.013	0.000000	0.000000
1582081678075	1582081678072	-2.051	1.124	5.433	-2.940	-0.020	0.986	0.000000	0.000000
1582081678094	1582081678094	-0.787	0.626	5.443	-2.295	-0.683	0.830	0.000000	0.000000
1582081678114	1582081678114	0.790	0.108	5.359	-2.031	-1.191	0.895	0.000000	0.000000
1582081678140	1582081678140	1.592	-1.377	5.786	-1.931	-0.812	1.172	0.000000	0.000000
1582081678155	1582081678152	0.553	-2.788	5.953	-1.651	0.139	1.281	0.000000	0.000000
1582081678173	1582081678173	-1.222	-2.172	6.236	-1.243	0.942	0.902	0.000000	0.000000
1582081678195	1582081678192	-2.157	-1.010	7.098	-0.793	1.220	0.515	0.000000	0.000000
1582081678215	1582081678215	-2.705	-1.058	8.035	-1.220	1.043	0.443	0.000000	0.000000
1582081678235	1582081678235	-2.389	-1.209	8.394	-1.771	0.457	0.496	0.000000	0.000000
1582081678255	1582081678252	-1.690	-1.904	8.696	-1.755	0.045	0.592	0.000000	0.000000
1582081678274	1582081678272	-1.395	-2.821	8.521	-1.677	0.149	0.466	0.000000	0.000000
1582081678295	1582081678293	-1.632	-2.400	8.346	-2.005	0.196	0.419	0.000000	0.000000
1582081678314	1582081678314	-2.396	-1.686	8.500	-2.539	-0.042	0.461	0.000000	0.000000
1582081678335	1582081678334	-1.618	-1.609	8.605	-2.557	-0.346	0.397	0.000000	0.000000
1582081678354	1582081678352	-1.184	-3.205	8.023	-2.097	-0.535	0.550	0.000000	0.000000
1582081678373	1582081678372	-0.518	-4.388	7.196	-1.891	-0.675	0.728	0.000000	0.000000
1582081678395	1582081678395	-0.413	-4.707	7.005	-2.146	-0.192	0.867	0.000000	0.000000
1582081678418	1582081678417	-1.445	-4.877	7.055	-2.280	0.368	0.953	0.000000	0.000000
1582081678435	1582081678432	-1.876	-5.121	6.348	-2.067	0.094	1.098	0.000000	0.000000
1582081678453	1582081678453	-1.199	-6.065	5.980	-1.717	-0.075	1.181	0.000000	0.000000
1582081678472	1582081678472	-1.254	-7.711	5.189	-1.709	0.041	1.332	0.000000	0.000000
1582081678493	1582081678491	-2.025	-7.828	4.796	-1.573	0.153	1.276	0.000000	0.000000
1582081678513	1582081678511	-2.576	-7.028	5.081	-0.842	0.288	1.258	0.000000	0.000000
1582081678532	1582081678532	-2.923	-6.913	5.865	-0.638	0.479	1.110	0.000000	0.000000
1582081678554	1582081678553	-3.441	-8.005	5.874	-1.047	0.386	1.011	0.000000	0.000000
1582081678572	1582081678571	-3.261	-8.068	4.868	-1.484	0.191	0.869	0.000000	0.000000
1582081678592	1582081678590	-2.732	-7.565	4.245	-1.638	0.141	0.808	0.000000	0.000000
1582081678625	1582081678614	-2.820	-8.434	4.358	-1.434	0.446	0.884	0.000000	0.000000
1582081678634	1582081678631	-3.472	-9.541	4.732	-1.407	0.753	0.892	0.000000	0.000000
1582081678654	1582081678653	-4.035	-9.507	4.645	-1.814	0.776	0.714	0.000000	0.000000
1582081678672	1582081678670	-4.444	-8.597	4.478	-2.388	0.578	0.473	0.000000	0.000000
1582081678691	1582081678690	-4.255	-8.355	3.764	-2.385	0.261	0.429	0.000000	0.000000
1582081678716	1582081678716	-3.814	-9.126	3.074	-1.901	0.322	0.374	0.000000	0.000000
1582081678737	1582081678737	-3.778	-9.387	2.355	-1.749	0.675	0.328	0.000000	0.000000
1582081678753	1582081678751	-4.555	-9.296	2.046	-1.967	1.038	0.364	0.000000	0.000000
1582081678770	1582081678770	-5.798	-9.380	1.153	-2.644	1.253	0.212	0.000000	0.000000
1582081678790	1582081678790	-6.502	-10.058	-0.917	-3.478	1.207	-0.114	0.000000	0.000000
1582081678814	1582081678814	-6.629	-12.181	-3.967	-4.477	1.233	-0.466	0.000000	0.000000
1582081678832	1582081678830	-7.369	-14.133	-6.096	-5.259	1.471	-0.779	0.000000	0.000000
1582081678853	1582081678849	-7.949	-13.805	-6.154	-5.414	1.510	-0.954	0.000000	0.000000
1582081678870	1582081678870	-6.620	-12.219	-5.969	-4.354	1.491	-0.884	0.000000	0.000000
1582081678891	1582081678889	-5.235	-9.193	-6.920	-3.459	1.988	-0.870	0.000000	0.000000
1582081678913	1582081678912	-5.985	-4.836	-8.686	-3.494	2.780	-0.631	0.000000	0.000000
1582081678938	1582081678930	-8.083	-6.841	-8.202	-3.348	3.115	0.304	0.000000	0.000000
1582081678952	1582081678950	-8.019	-11.800	-9.095	-1.976	2.933	1.072	0.000000	0.000000
1582081678970	1582081678969	-7.690	-14.722	-8.988	0.867	2.746	1.517	0.000000	0.000000
1582081678989	1582081678989	-9.101	-13.050	-6.779	1.245	3.119	1.209	0.000000	0.000000
1582081679009	1582081679009	-8.222	-8.736	-5.354	-0.777	3.410	0.857	0.000000	0.000000
1582081679039	1582081679037	-6.766	-7.241	-4.153	-1.569	3.674	0.990	0.000000	0.000000
1582081679051	1582081679051	-6.691	-9.265	-3.566	-0.725	3.739	1.424	0.000000	0.000000
1582081679073	1582081679070	-8.112	-12.557	-2.711	0.134	3.463	1.980	0.000000	0.000000
1582081679089	1582081679089	-7.935	-10.516	-2.905	-0.004	3.181	2.165	0.000000	0.000000
1582081679110	1582081679108	-6.646	-7.943	-2.122	-0.225	2.400	2.127	0.000000	0.000000
1582081679129	1582081679128	-4.758	-8.312	-3.020	-0.232	1.989	2.237	0.000000	0.000000
1582081679154	1582081679154	-4.924	-9.469	-2.778	0.375	2.126	2.335	0.000000	0.000000
1582081679173	1582081679168	-6.061	-10.990	-2.632	-0.268	2.083	2.224	0.000000	0.000000
1582081679188	1582081679188	-5.554	-9.747	-2.294	-0.960	1.597	2.224	0.000000	0.000000
1582081679209	1582081679208	-5.352	-9.579	-2.675	-1.061	1.204	2.472	0.000000	0.000000
1582081679229	1582081679228	-4.686	-8.252	-3.063	-0.972	0.888	2.426	0.000000	0.000000
1582081679249	1582081679248	-5.194	-8.913	-3.222	-0.988	0.737	2.518	0.000000	0.000000
1582081679273	1582081679273	-5.264	-10.025	-4.477	-0.982	0.923	2.461	0.000000	0.000000
1582081679288	1582081679288	-5.700	-8.959	-5.574	-0.982	1.100	2.418	0.000000	0.000000
1582081679309	1582081679307	-6.909	-7.320	-4.951	-0.814	1.278	2.335	0.000000	0.000000
1582081679329	1582081679327	-8.042	-7.596	-4.793	-0.973	0.998	2.200	0.000000	0.000000
1582081679359	1582081679347	-7.681	-7.986	-5.382	-1.103	0.527	1.965	0.000000	0.000000
1582081679372	1582081679372	-7.072	-7.426	-5.660	-1.020	0.232	1.757	0.000000	0.000000
1582081679389	1582081679387	-6.960	-6.283	-6.254	-0.947	0.088	1.620	0.000000	0.000000
1582081679408	1582081679407	-6.950	-5.423	-6.815	-0.963	-0.021	1.502	0.000000	0.000000
1582081679430	1582081679428	-7.410	-4.841	-7.081	-1.390	-0.261	1.358	0.000000	0.000000
1582081679449	1582081679447	-7.159	-3.832	-8.089	-1.869	-0.752	1.122	0.000000	0.000000
1582081679475	1582081679469	-6.481	-3.027	-9.023	-2.176	-1.145	0.885	0.000000	0.000000
1582081679488	1582081679487	-6.327	-2.321	-9.570	-2.688	-1.375	0.573	0.000000	0.000000
1582081679513	1582081679513	-6.476	-2.349	-10.087	-3.117	-1.580	0.439	0.000000	0.000000
1582081679532	1582081679532	-6.339	-1.969	-10.540	-3.309	-1.804	0.331	0.000000	0.000000
1582081679552	1582081679546	-6.275	-1.233	-10.717	-3.298	-2.048	0.241	0.000000	0.000000
1582081679569	1582081679566	-6.514	-0.400	-10.770	-3.211	-2.213	0.122	0.000000	0.000000
1582081679587	1582081679586	-6.416	-0.035	-10.688	-3.264	-2.353	0.044	0.000000	0.000000
1582081679608	1582081679606	-6.416	0.427	-10.885	-3.415	-2.407	0.009	0.000000	0.000000
1582081679627	1582081679626	-6.919	0.278	-10.125	-3.318	-2.269	0.010	0.000000	0.000000
1582081679652	1582081679652	-7.520	0.568	-9.356	-3.277	-2.236	0.024	0.000000	0.000000
1582081679670	1582081679666	-7.465	0.745	-8.760	-2.979	-2.356	0.092	0.000000	0.000000
1582081679688	1582081679688	-7.266	0.817	-7.902	-2.577	-2.236	0.201	0.000000	0.000000
1582081679708	1582081679706	-7.379	0.959	-6.951	-2.165	-2.049	0.335	0.000000	0.000000
1582081679726	1582081679726	-7.494	1.047	-6.273	-1.737	-1.831	0.505	0.000000	0.000000
1582081679753	1582081679748	-7.417	1.349	-5.377	-1.471	-1.596	0.554	0.000000	0.000000
1582081679772	1582081679768	-7.288	1.399	-4.834	-1.266	-1.496	0.576	0.000000	0.000000
1582081679788	1582081679789	-7.444	1.232	-4.017	-0.982	-1.275	0.656	0.000000	0.000000
1582081679807	1582081679806	-7.628	1.603	-3.377	-0.657	-1.072	0.666	0.000000	0.000000
1582081679827	1582081679825	-7.611	2.166	-2.750	-0.311	-0.966	0.663	0.000000	0.000000
1582081679847	1582081679846	-7.506	2.535	-1.811	0.181	-0.972	0.716	0.000000	0.000000
1582081679870	1582081679870	-7.492	2.674	-1.128	0.592	-0.873	0.847	0.000000	0.000000
1582081679887	1582081679887	-7.132	2.808	-0.843	0.789	-0.834	0.982	0.000000	0.000000
1582081679907	1582081679905	-6.644	3.531	-1.049	0.599	-0.893	1.085	0.000000	0.000000
1582081679925	1582081679925	-6.584	4.344	-1.214	0.224	-0.849	1.147	0.000000	0.000000
1582081679948	1582081679945	-6.732	4.727	-1.504	-0.361	-0.842	1.043	0.000000	0.000000
1582081679970	1582081679970	-7.032	4.942	-2.268	-1.197	-0.945	0.740	0.000000	0.000000
1582081679985	1582081679983	-7.192	5.115	-3.042	-1.985	-1.089	0.307	0.000000	0.000000
1582081680005	1582081680005	-7.161	4.978	-3.418	-2.417	-1.224	-0.143	0.000000	0.000000
1582081680025	1582081680026	-6.917	4.221	-2.898	-2.529	-1.233	-0.506	0.000000	0.000000
1582081680049	1582081680044	-6.667	2.633	-1.918	-2.394	-1.263	-0.615	0.000000	0.000000
1582081680065	1582081680064	-6.318	1.912	-1.358	-2.031	-1.300	-0.564	0.000000	0.000000
1582081680084	1582081680083	-5.661	2.992	-1.147	-1.263	-1.265	-0.451	0.000000	0.000000
1582081680104	1582081680104	-5.156	3.984	-0.960	-0.591	-1.101	-0.282	0.000000	0.000000
1582081680123	1582081680123	-5.328	3.690	-0.943	-0.428	-0.831	-0.064	0.000000	0.000000
1582081680144	1582081680143	-5.997	3.098	-0.534	-0.317	-0.693	0.044	0.000000	0.000000
1582081680167	1582081680162	-6.449	3.625	-0.198	-0.137	-0.811	0.084	0.000000	0.000000
1582081680184	1582081680182	-6.358	4.504	-0.261	-0.083	-0.891	0.112	0.000000	0.000000
1582081680204	1582081680202	-6.442	4.545	-0.131	-0.247	-0.699	0.119	0.000000	0.000000
1582081680224	1582081680222	-7.151	3.874	0.338	-0.454	-0.597	0.212	0.000000	0.000000
1582081680244	1582081680242	-7.468	3.601	0.034	-0.808	-0.531	0.193	0.000000	0.000000
1582081680264	1582081680263	-7.441	3.567	-0.162	-1.105	-0.441	0.072	0.000000	0.000000
1582081680284	1582081680283	-8.179	2.877	0.472	-1.009	-0.725	0.028	0.000000	0.000000
1582081680303	1582081680302	-8.062	2.307	1.660	-1.058	-1.097	-0.137	0.000000	0.000000
1582081680332	1582081680322	-6.569	2.214	1.684	-1.330	-1.217	-0.250	0.000000	0.000000
1582081680343	1582081680342	-5.515	2.985	1.747	-1.574	-0.652	-0.534	0.000000	0.000000
1582081680363	1582081680362	-5.918	2.971	2.017	-1.826	-0.078	-0.647	0.000000	0.000000
1582081680383	1582081680382	-6.871	2.674	1.993	-2.120	0.070	-0.630	0.000000	0.000000
1582081680403	1582081680403	-7.027	2.415	1.962	-2.234	-0.142	-0.754	0.000000	0.000000
1582081680425	1582081680421	-6.277	3.062	2.082	-2.484	-0.298	-0.920	0.000000	0.000000
1582081680443	1582081680442	-5.498	3.438	2.640	-2.609	-0.159	-0.878	0.000000	0.000000
1582081680462	1582081680461	-5.000	3.404	2.386	-2.439	0.084	-0.769	0.000000	0.000000
1582081680483	1582081680482	-5.671	2.204	1.958	-2.078	0.350	-0.395	0.000000	0.000000
1582081680503	1582081680502	-7.458	1.917	2.933	-1.617	0.388	-0.276	0.000000	0.000000
1582081680522	1582081680521	-7.571	1.165	3.052	-1.255	0.048	-0.153	0.000000	0.000000
1582081680542	1582081680541	-8.076	1.306	2.319	-1.085	0.027	-0.128	0.000000	0.000000
1582081680562	1582081680561	-8.577	0.734	1.831	-1.219	0.028	0.035	0.000000	0.000000
1582081680582	1582081680581	-8.505	0.034	2.132	-1.641	-0.053	-0.016	0.000000	0.000000
1582081680602	1582081680600	-8.977	-0.021	2.362	-1.806	-0.161	-0.087	0.000000	0.000000
1582081680623	1582081680622	-9.453	-1.020	3.059	-2.214	-0.233	-0.268	0.000000	0.000000
1582081680641	1582081680640	-8.847	-2.474	3.172	-2.610	-0.291	-0.423	0.000000	0.000000
1582081680664	1582081680662	-9.312	-1.767	3.979	-2.560	-0.462	-0.623	0.000000	0.000000
1582081680683	1582081680683	-8.349	-2.807	5.261	-2.792	-0.733	-0.746	0.000000	0.000000
1582081680702	1582081680701	-8.773	-4.862	5.877	-3.423	-0.848	-0.801	0.000000	0.000000
1582081680721	1582081680720	-11.693	-5.164	6.636	-3.609	-0.927	-1.061	0.000000	0.000000
1582081680742	1582081680741	-11.976	-3.921	6.590	-3.737	-1.022	-1.275	0.000000	0.000000
1582081680761	1582081680760	-11.257	-3.727	7.158	-3.387	-0.989	-1.476	0.000000	0.000000
1582081680781	1582081680780	-10.651	-4.997	6.262	-4.178	-0.602	-1.589	0.000000	0.000000
1582081680804	1582081680803	-11.660	-6.029	5.944	-4.240	-0.508	-1.723	0.000000	0.000000
1582081680821	1582081680820	-11.751	-4.987	6.107	-3.457	-0.516	-1.763	0.000000	0.000000
1582081680841	1582081680839	-11.360	-5.258	5.362	-3.388	-0.419	-1.772	0.000000	0.000000
1582081680861	1582081680859	-11.588	-5.641	4.669	-3.178	-0.335	-1.737	0.000000	0.000000
1582081680883	1582081680882	-11.868	-5.914	3.999	-3.336	-0.180	-1.644	0.000000	0.000000
1582081680902	1582081680901	-11.528	-6.551	2.834	-3.571	-0.097	-1.646	0.000000	0.000000
1582081680921	1582081680919	-11.329	-7.045	2.099	-3.567	-0.320	-1.663	0.000000	0.000000
1582081680940	1582081680939	-10.258	-7.344	1.313	-3.514	-0.628	-1.670	0.000000	0.000000
1582081680961	1582081680960	-9.777	-8.029	0.944	-3.395	-0.736	-1.615	0.000000	0.000000
1582081680980	1582081680980	-9.051	-9.198	0.472	-3.269	-0.770	-1.594	0.000000	0.000000
1582081681001	1582081681000	-8.608	-10.224	0.312	-3.325	-0.915	-1.705	0.000000	0.000000
1582081681022	1582081681022	-8.141	-11.306	-0.033	-3.782	-1.033	-1.979	0.000000	0.000000
1582081681041	1582081681039	-7.293	-13.848	-0.495	-4.588	-1.122	-2.285	0.000000	0.000000
1582081681061	1582081681060	-6.648	-17.017	-0.270	-5.030	-1.176	-2.600	0.000000	0.000000
1582081681087	1582081681080	-5.597	-18.299	0.781	-4.817	-1.185	-2.956	0.000000	0.000000
1582081681106	1582081681100	-4.648	-17.606	2.005	-4.203	-1.049	-3.221	0.000000	0.000000
1582081681121	1582081681120	-4.004	-16.742	2.025	-3.781	-0.998	-3.446	0.000000	0.000000
1582081681140	1582081681140	-2.835	-17.331	0.995	-3.481	-1.041	-3.608	0.000000	0.000000
1582081681160	1582081681159	-1.433	-17.422	-0.316	-3.473	-0.865	-3.755	0.000000	0.000000
1582081681180	1582081681180	-0.089	-16.502	-0.857	-3.188	-0.555	-3.963	0.000000	0.000000
1582081681202	1582081681200	0.517	-15.168	-0.848	-2.564	-0.348	-4.188	0.000000	0.000000
1582081681220	1582081681220	0.953	-14.037	-0.280	-1.961	-0.207	-4.247	0.000000	0.000000
1582081681240	1582081681239	2.174	-12.916	-1.006	-1.297	-0.149	-4.411	0.000000	0.000000
1582081681260	1582081681259	2.332	-10.724	-1.619	-0.405	-0.191	-4.542	0.000000	0.000000
1582081681281	1582081681281	2.064	-8.398	-1.351	-0.032	-0.348	-4.350	0.000000	0.000000
1582081681309	1582081681304	2.519	-7.943	-1.231	0.084	-0.539	-4.036	0.000000	0.000000
1582081681322	1582081681319	2.447	-6.820	-1.343	0.458	-0.477	-3.752	0.000000	0.000000
1582081681340	1582081681339	2.332	-5.250	-1.890	0.758	-0.488	-3.377	0.000000	0.000000
1582081681359	1582081681358	2.249	-4.010	-2.546	1.154	-0.372	-2.966	0.000000	0.000000
1582081681380	1582081681379	1.956	-2.376	-3.250	1.774	-0.238	-2.514	0.000000	0.000000
1582081681402	1582081681402	2.586	-2.730	-4.386	2.658	0.147	-1.974	0.000000	0.000000
1582081681420	1582081681419	3.176	-2.062	-5.782	3.567	0.999	-1.479	0.000000	0.000000
1582081681440	1582081681438	4.021	-1.672	-6.499	4.115	2.313	-0.726	0.000000	0.000000
1582081681460	1582081681458	4.476	-1.607	-7.088	4.653	3.481	0.091	0.000000	0.000000
1582081681478	1582081681478	4.766	-2.762	-6.542	5.350	4.422	0.859	0.000000	0.000000
1582081681505	1582081681503	2.680	-2.108	-3.801	5.939	4.416	0.941	0.000000	0.000000
1582081681534	1582081681528	4.601	-1.696	1.871	6.566	3.983	0.576	0.000000	0.000000
1582081681541	1582081681541	7.746	-2.982	6.313	6.376	3.949	0.830	0.000000	0.000000
1582081681559	1582081681559	7.550	-3.851	11.346	5.540	3.752	1.162	0.000000	0.000000
1582081681579	1582081681577	11.349	-5.243	11.865	3.775	3.101	0.855	0.000000	0.000000
1582081681601	1582081681601	8.225	-7.263	8.775	2.569	3.169	1.540	0.000000	0.000000
1582081681622	1582081681619	8.712	-7.227	7.271	3.013	2.681	1.681	0.000000	0.000000
1582081681640	1582081681639	8.465	-4.335	6.825	3.150	1.834	1.781	0.000000	0.000000
1582081681658	1582081681657	5.442	-4.594	7.029	3.438	1.156	1.888	0.000000	0.000000
1582081681679	1582081681677	5.063	-3.442	9.889	3.846	0.646	1.408	0.000000	0.000000
1582081681702	1582081681702	6.304	0.408	12.179	1.912	0.328	0.744	0.000000	0.000000
1582081681718	1582081681717	6.721	-1.940	9.357	-0.648	0.272	0.308	0.000000	0.000000
1582081681738	1582081681737	6.311	-5.049	3.967	-1.033	-0.030	0.401	0.000000	0.000000
1582081681758	1582081681757	1.791	-4.168	4.655	0.843	0.525	0.849	0.000000	0.000000
1582081681777	1582081681776	-5.762	-8.029	6.432	1.129	1.238	1.088	0.000000	0.000000
1582081681799	1582081681799	-5.793	-6.963	8.967	1.039	0.849	0.464	0.000000	0.000000
1582081681818	1582081681818	-1.879	-8.381	9.491	0.658	0.484	0.189	0.000000	0.000000
1582081681838	1582081681838	0.783	-9.146	11.120	1.151	0.265	0.218	0.000000	0.000000
1582081681858	1582081681856	0.816	-9.205	10.390	1.468	-0.050	0.552	0.000000	0.000000
1582081681877	1582081681876	-0.511	-8.463	9.812	2.073	-0.132	0.359	0.000000	0.000000
1582081681901	1582081681896	-1.290	-5.258	8.447	1.419	-0.212	0.273	0.000000	0.000000
1582081681925	1582081681925	-2.418	-5.902	7.570	0.794	-0.086	0.224	0.000000	0.000000
1582081681937	1582081681936	-2.473	-5.897	6.590	0.751	-0.161	0.209	0.000000	0.000000
1582081681957	1582081681956	-1.833	-4.268	7.388	0.795	-0.178	0.267	0.000000	0.000000
1582081681978	1582081681976	-1.371	-4.608	7.601	0.879	0.029	0.362	0.000000	0.000000
1582081681996	1582081681996	-1.074	-3.665	8.265	1.144	0.287	0.332	0.000000	0.000000
1582081682017	1582081682016	-1.273	-1.504	8.646	1.037	0.513	0.319	0.000000	0.000000
1582081682038	1582081682038	-1.541	-1.902	8.988	1.127	0.524	0.314	0.000000	0.000000
1582081682056	1582081682055	-2.312	-1.700	8.375	0.554	0.356	0.438	0.000000	0.000000
1582081682076	1582081682076	-2.636	-1.303	9.841	0.348	0.258	0.316	0.000000	0.000000
1582081682096	1582081682095	-1.577	-2.881	10.234	-0.359	-0.021	0.166	0.000000	0.000000
1582081682119	1582081682119	-1.510	-3.878	8.797	-0.565	-0.177	0.160	0.000000	0.000000
1582081682137	1582081682135	-1.536	-2.371	9.264	0.097	-0.169	0.124	0.000000	0.000000
1582081682159	1582081682155	-1.539	-2.486	9.920	-0.024	-0.214	0.253	0.000000	0.000000
1582081682176	1582081682175	-1.543	-1.880	9.568	-0.292	-0.271	0.146	0.000000	0.000000
1582081682195	1582081682195	-0.981	-2.534	9.800	0.100	-0.301	0.036	0.000000	0.000000
1582081682215	1582081682215	-0.468	-2.460	9.635	0.199	-0.318	0.008	0.000000	0.000000
1582081682237	1582081682237	-0.358	-4.081	9.709	0.158	-0.219	0.184	0.000000	0.000000
1582081682259	1582081682257	-1.091	-4.386	10.100	0.101	-0.108	0.082	0.000000	0.000000
1582081682276	1582081682274	-1.081	-4.084	10.349	-0.056	-0.258	-0.002	0.000000	0.000000
1582081682295	1582081682294	-0.286	-3.897	9.623	0.183	-0.306	-0.017	0.000000	0.000000
1582081682316	1582081682314	0.071	-3.763	10.244	0.716	-0.201	-0.049	0.000000	0.000000
1582081682337	1582081682334	0.215	-3.468	10.378	0.728	-0.130	0.060	0.000000	0.000000
1582081682359	1582081682359	-0.485	-3.710	10.545	0.634	0.023	0.068	0.000000	0.000000
1582081682376	1582081682374	-0.554	-2.630	10.780	0.784	-0.050	-0.120	0.000000	0.000000
1582081682396	1582081682395	-0.295	-2.716	10.416	0.549	-0.229	-0.165	0.000000	0.000000
1582081682417	1582081682416	0.105	-2.455	9.283	0.462	-0.254	-0.079	0.000000	0.000000
1582081682442	1582081682442	-0.408	-2.287	9.352	0.830	-0.078	0.016	0.000000	0.000000
