1582082866916	1582082866914	-10.833	5.572	1.131	0.278	-2.551	-0.492	0.000000	0.000000
1582082866936	1582082866935	-10.704	5.853	3.031	0.293	-3.579	-0.765	0.000000	0.000000
1582082866954	1582082866953	-11.712	7.247	5.220	-0.569	-3.971	-0.754	0.000000	0.000000
1582082866979	1582082866979	-11.724	5.671	3.752	-1.120	-4.220	-0.969	0.000000	0.000000
1582082866994	1582082866993	-13.938	4.166	2.731	-0.489	-4.809	-0.902	0.000000	0.000000
1582082867015	1582082867015	-16.120	2.887	1.768	0.445	-6.430	-0.726	0.000000	0.000000
1582082867038	1582082867035	-16.642	-0.447	1.811	2.123	-8.216	-0.615	0.000000	0.000000
1582082867055	1582082867053	-17.699	-4.901	0.789	4.030	-8.904	-0.248	0.000000	0.000000
1582082867076	1582082867074	-18.013	-6.831	-4.022	5.928	-9.067	0.310	0.000000	0.000000
1582082867093	1582082867092	-16.008	-5.804	-8.748	7.536	-9.969	0.754	0.000000	0.000000
1582082867113	1582082867112	-10.079	-5.825	-10.815	8.347	-10.376	0.575	0.000000	0.000000
1582082867133	1582082867132	-6.794	-6.738	-11.656	8.061	-9.050	0.183	0.000000	0.000000
1582082867153	1582082867152	-6.299	-7.730	-12.289	8.370	-7.583	-0.160	0.000000	0.000000
1582082867173	1582082867172	-5.177	-7.136	-13.745	8.872	-6.847	-0.344	0.000000	0.000000
1582082867193	1582082867192	-4.413	-4.716	-18.145	8.930	-6.235	-0.378	0.000000	0.000000
1582082867213	1582082867212	-0.739	-3.856	-19.350	8.663	-5.155	-0.352	0.000000	0.000000
1582082867235	1582082867234	-0.777	4.138	-15.216	3.537	-3.927	0.600	0.000000	0.000000
1582082867256	1582082867251	-5.194	7.731	-7.303	0.897	-4.411	0.343	0.000000	0.000000
1582082867273	1582082867271	-5.932	2.188	-3.626	0.336	-5.234	-0.002	0.000000	0.000000
1582082867293	1582082867291	-9.671	0.765	-1.267	-0.194	-5.625	0.574	0.000000	0.000000
1582082867312	1582082867311	-8.040	4.720	2.880	0.361	-6.463	0.384	0.000000	0.000000
1582082867333	1582082867331	-10.021	2.643	4.449	-1.169	-6.420	0.468	0.000000	0.000000
1582082867352	1582082867351	-11.161	-0.704	6.289	-1.786	-5.858	0.850	0.000000	0.000000
1582082867373	1582082867371	-11.588	1.986	6.945	-2.341	-4.956	1.077	0.000000	0.000000
1582082867392	1582082867391	-12.865	4.540	7.141	-2.407	-4.167	1.051	0.000000	0.000000
1582082867412	1582082867411	-13.806	9.319	7.158	-2.474	-3.891	0.826	0.000000	0.000000
1582082867432	1582082867431	-13.061	8.914	6.907	-1.794	-4.384	1.263	0.000000	0.000000
1582082867452	1582082867450	-10.507	4.801	8.346	-1.422	-4.196	1.331	0.000000	0.000000
1582082867472	1582082867470	-9.853	8.294	13.279	-0.838	-3.883	1.375	0.000000	0.000000
1582082867492	1582082867490	-8.284	9.214	11.928	-0.934	-3.159	1.930	0.000000	0.000000
1582082867512	1582082867510	-11.372	7.350	9.585	-1.605	-2.549	2.432	0.000000	0.000000
1582082867533	1582082867530	-6.986	6.459	9.132	-1.067	-2.895	2.090	0.000000	0.000000
1582082867552	1582082867550	-3.709	5.838	10.608	-0.680	-3.249	2.105	0.000000	0.000000
1582082867573	1582082867571	-3.362	5.635	10.521	-0.528	-2.629	2.170	0.000000	0.000000
1582082867592	1582082867590	-5.110	6.959	8.318	-1.218	-1.239	2.274	0.000000	0.000000
1582082867611	1582082867610	-6.251	7.089	7.010	-2.117	-0.843	2.093	0.000000	0.000000
1582082867631	1582082867630	-5.276	6.514	6.013	-2.087	-1.556	1.687	0.000000	0.000000
1582082867652	1582082867650	-2.792	5.402	4.458	-1.661	-1.982	1.533	0.000000	0.000000
1582082867680	1582082867680	-2.564	7.199	4.902	-2.301	-1.532	1.469	0.000000	0.000000
1582082867691	1582082867689	-2.957	6.152	5.457	-2.679	-1.325	1.651	0.000000	0.000000
1582082867711	1582082867710	-1.982	3.630	5.290	-3.486	-1.173	1.357	0.000000	0.000000
1582082867731	1582082867730	-0.444	2.413	3.862	-3.390	-0.643	1.242	0.000000	0.000000
1582082867754	1582082867754	-1.426	3.230	3.692	-2.711	0.029	1.467	0.000000	0.000000
1582082867776	1582082867771	-1.951	4.109	4.736	-2.134	0.265	1.147	0.000000	0.000000
1582082867795	1582082867791	-1.007	2.149	6.241	-1.529	-0.410	0.660	0.000000	0.000000
1582082867812	1582082867811	0.677	-1.185	6.257	-2.185	-0.469	0.283	0.000000	0.000000
1582082867832	1582082867830	0.574	-1.825	5.112	-3.162	0.020	0.111	0.000000	0.000000
1582082867851	1582082867850	1.034	0.367	6.030	-2.873	0.467	0.038	0.000000	0.000000
1582082867871	1582082867871	0.814	0.841	6.305	-2.107	0.550	0.648	0.000000	0.000000
1582082867893	1582082867890	-1.043	-3.164	6.943	-2.231	0.787	0.948	0.000000	0.000000
1582082867912	1582082867912	-3.038	-5.011	8.116	-2.034	0.709	0.624	0.000000	0.000000
1582082867930	1582082867930	-2.126	-2.120	7.800	-1.931	0.111	0.439	0.000000	0.000000
1582082867950	1582082867950	-0.125	0.022	7.824	-1.903	-0.029	0.395	0.000000	0.000000
1582082867974	1582082867970	-0.815	-1.547	7.963	-2.422	0.577	0.283	0.000000	0.000000
1582082867991	1582082867991	-1.821	-4.970	8.116	-2.189	0.536	0.224	0.000000	0.000000
1582082868012	1582082868009	-3.604	-4.568	6.983	-1.582	0.017	0.491	0.000000	0.000000
1582082868030	1582082868029	0.284	-2.426	7.853	-1.577	-0.665	0.426	0.000000	0.000000
1582082868050	1582082868049	1.983	-3.863	7.448	-2.542	-0.149	0.642	0.000000	0.000000
1582082868071	1582082868071	-1.429	-3.521	8.078	-1.711	1.006	0.730	0.000000	0.000000
1582082868092	1582082868091	-1.862	-2.833	9.276	-1.463	0.457	0.839	0.000000	0.000000
1582082868112	1582082868111	-0.374	-4.139	8.078	-1.792	0.328	0.799	0.000000	0.000000
1582082868129	1582082868129	-1.625	-3.835	7.429	-1.569	0.697	0.932	0.000000	0.000000
1582082868149	1582082868149	-2.284	-2.838	7.817	-1.476	0.544	1.246	0.000000	0.000000
1582082868172	1582082868171	-4.119	-3.612	8.222	-1.611	0.612	1.419	0.000000	0.000000
1582082868203	1582082868192	-4.380	-5.411	7.846	-1.350	0.059	1.428	0.000000	0.000000
1582082868210	1582082868209	-3.036	-6.796	7.175	-1.868	-0.300	1.292	0.000000	0.000000
1582082868230	1582082868230	-2.919	-6.738	5.053	-2.458	-0.012	1.329	0.000000	0.000000
1582082868250	1582082868248	-4.013	-6.355	4.365	-2.268	0.322	1.385	0.000000	0.000000
1582082868269	1582082868269	-4.399	-8.027	4.221	-2.432	0.140	1.347	0.000000	0.000000
1582082868289	1582082868289	-3.889	-9.766	3.361	-2.852	0.003	1.140	0.000000	0.000000
1582082868315	1582082868312	-4.212	-10.192	2.688	-3.171	0.133	0.885	0.000000	0.000000
1582082868328	1582082868327	-5.628	-9.905	2.681	-3.310	0.517	0.517	0.000000	0.000000
1582082868348	1582082868348	-6.334	-11.079	1.040	-3.462	0.810	0.058	0.000000	0.000000
1582082868369	1582082868368	-7.494	-15.391	-1.542	-4.552	1.334	-0.940	0.000000	0.000000
1582082868392	1582082868392	-9.901	-17.456	-6.154	-8.028	2.079	-2.515	0.000000	0.000000
1582082868428	1582082868418	-14.019	-19.276	-15.784	-12.321	2.563	-4.034	0.000000	0.000000
1582082868431	1582082868430	-15.160	-26.738	-23.667	-13.477	0.851	-4.299	0.000000	0.000000
1582082868448	1582082868446	-5.556	-28.518	-22.086	-12.425	0.033	-3.677	0.000000	0.000000
1582082868469	1582082868467	-8.874	-20.086	-14.162	-7.472	4.187	-2.907	0.000000	0.000000
1582082868488	1582082868488	-15.840	-3.813	-9.680	-3.948	7.126	-0.253	0.000000	0.000000
1582082868515	1582082868513	-18.319	11.463	-7.818	-1.047	7.127	2.468	0.000000	0.000000
1582082868529	1582082868527	-16.872	-3.435	-4.836	1.945	7.580	1.787	0.000000	0.000000
1582082868546	1582082868546	-15.224	-16.313	-3.892	1.803	5.502	4.491	0.000000	0.000000
1582082868567	1582082868567	-9.497	-2.500	2.298	3.281	2.993	7.158	0.000000	0.000000
1582082868591	1582082868590	-6.009	3.409	3.694	2.041	1.158	7.738	0.000000	0.000000
1582082868617	1582082868616	-9.540	3.491	6.650	2.057	0.066	9.604	0.000000	0.000000
1582082868630	1582082868630	-19.922	-17.429	4.272	1.575	1.021	11.077	0.000000	0.000000
1582082868653	1582082868653	-16.031	-13.206	-5.660	-1.557	1.188	10.384	0.000000	0.000000
1582082868668	1582082868667	-16.012	-18.179	-11.067	-3.955	1.599	8.341	0.000000	0.000000
1582082868687	1582082868686	-15.507	-20.524	-13.189	-5.078	2.659	7.695	0.000000	0.000000
1582082868710	1582082868709	-19.435	-17.906	-13.896	-5.572	3.625	7.291	0.000000	0.000000
1582082868733	1582082868727	-19.227	-17.865	-14.490	-6.731	3.478	5.967	0.000000	0.000000
1582082868748	1582082868746	-19.994	-15.460	-13.671	-6.788	3.019	5.899	0.000000	0.000000
1582082868767	1582082868766	-20.973	-11.955	-11.522	-4.230	2.454	6.233	0.000000	0.000000
1582082868787	1582082868786	-17.560	-10.722	-9.680	-3.587	1.983	5.409	0.000000	0.000000
1582082868808	1582082868808	-16.990	-8.803	-10.025	-4.538	2.280	4.150	0.000000	0.000000
1582082868827	1582082868827	-13.629	-7.021	-9.821	-4.864	2.176	2.958	0.000000	0.000000
1582082868847	1582082868847	-13.169	-6.295	-9.019	-3.821	1.941	3.031	0.000000	0.000000
1582082868866	1582082868865	-10.606	-3.943	-8.101	-3.408	1.057	2.763	0.000000	0.000000
1582082868887	1582082868886	-10.189	1.313	-7.866	-3.611	1.104	1.620	0.000000	0.000000
1582082868907	1582082868907	-7.616	-0.917	-5.068	-3.381	1.003	1.046	0.000000	0.000000
1582082868932	1582082868932	-8.682	1.311	-3.952	-2.562	1.496	1.525	0.000000	0.000000
1582082868950	1582082868945	-8.280	2.861	-3.260	-1.860	0.874	1.711	0.000000	0.000000
1582082868965	1582082868965	-5.812	3.225	-3.133	-1.717	0.044	1.421	0.000000	0.000000
1582082868986	1582082868984	-4.552	5.618	-5.073	-1.972	-0.619	0.914	0.000000	0.000000
1582082869010	1582082869009	-6.145	6.416	-3.840	-2.019	-1.038	0.598	0.000000	0.000000
1582082869026	1582082869025	-7.034	3.498	-4.908	-2.211	-1.601	0.027	0.000000	0.000000
1582082869047	1582082869045	-7.765	0.923	-1.770	-1.626	-1.874	-0.247	0.000000	0.000000
1582082869067	1582082869066	-11.435	1.823	-2.405	-1.042	-2.381	-0.053	0.000000	0.000000
1582082869085	1582082869084	-8.517	0.180	-0.917	-0.760	-4.360	0.041	0.000000	0.000000
1582082869106	1582082869105	-7.503	3.093	2.001	-1.061	-4.224	0.099	0.000000	0.000000
1582082869132	1582082869126	-11.044	4.224	0.549	-0.343	-3.104	0.364	0.000000	0.000000
1582082869150	1582082869150	-14.175	4.252	0.652	-0.102	-3.234	0.413	0.000000	0.000000
1582082869166	1582082869164	-14.477	5.711	0.460	-0.408	-4.282	-0.082	0.000000	0.000000
1582082869186	1582082869184	-14.891	3.261	-0.239	-0.541	-5.403	-0.339	0.000000	0.000000
1582082869206	1582082869204	-17.411	-0.371	-1.722	0.426	-6.564	-0.329	0.000000	0.000000
1582082869227	1582082869225	-18.130	-1.485	-3.142	1.976	-8.102	-0.224	0.000000	0.000000
1582082869249	1582082869244	-17.797	-2.536	-4.709	3.828	-9.279	0.224	0.000000	0.000000
1582082869266	1582082869265	-17.193	-4.977	-6.702	6.471	-10.040	0.812	0.000000	0.000000
1582082869285	1582082869284	-14.525	-8.125	-8.444	9.528	-10.509	1.806	0.000000	0.000000
1582082869305	1582082869304	-9.537	-5.883	-10.260	10.357	-9.746	2.449	0.000000	0.000000
1582082869326	1582082869326	-9.437	-5.720	-12.432	10.441	-8.022	2.749	0.000000	0.000000
1582082869352	1582082869352	-9.456	-8.496	-12.315	10.042	-8.196	2.617	0.000000	0.000000
1582082869365	1582082869364	-6.529	-7.864	-11.244	8.825	-8.112	2.531	0.000000	0.000000
1582082869387	1582082869387	-7.048	-5.921	-13.764	7.037	-7.001	2.564	0.000000	0.000000
1582082869405	1582082869403	-5.681	-7.814	-16.018	5.126	-6.970	2.082	0.000000	0.000000
1582082869424	1582082869423	-2.111	-5.032	-17.875	2.536	-6.438	1.715	0.000000	0.000000
1582082869445	1582082869444	-2.047	-0.529	-17.841	0.351	-5.450	0.944	0.000000	0.000000
1582082869466	1582082869464	-3.644	1.241	-13.309	-1.235	-5.720	0.014	0.000000	0.000000
1582082869484	1582082869483	-2.756	2.530	-8.259	-2.109	-6.513	-0.818	0.000000	0.000000
1582082869503	1582082869503	-5.704	3.167	2.468	-3.470	-5.179	-0.758	0.000000	0.000000
1582082869524	1582082869523	-13.991	3.946	6.967	-4.039	-4.554	-0.304	0.000000	0.000000
1582082869553	1582082869547	-8.284	7.242	8.713	-3.141	-6.402	0.213	0.000000	0.000000
1582082869564	1582082869562	-9.521	7.776	11.602	-0.373	-5.187	0.980	0.000000	0.000000
1582082869586	1582082869586	-12.944	6.734	12.500	1.059	-4.031	1.307	0.000000	0.000000
1582082869603	1582082869602	-12.117	7.812	10.450	1.623	-4.242	1.564	0.000000	0.000000
1582082869622	1582082869622	-12.053	10.198	8.006	0.382	-4.065	1.852	0.000000	0.000000
1582082869644	1582082869644	-7.642	11.705	10.601	-1.044	-4.451	1.910	0.000000	0.000000
1582082869665	1582082869663	-4.488	12.507	13.226	-1.496	-4.169	2.214	0.000000	0.000000
1582082869684	1582082869684	-6.660	9.482	11.465	-1.177	-2.656	2.680	0.000000	0.000000
1582082869703	1582082869702	-5.276	7.446	10.394	-0.639	-2.335	2.851	0.000000	0.000000
1582082869723	1582082869723	-4.380	6.828	10.313	-0.835	-1.825	2.994	0.000000	0.000000
1582082869746	1582082869746	-5.997	6.447	7.989	-1.865	-0.945	2.945	0.000000	0.000000
1582082869762	1582082869762	-6.294	5.364	5.896	-2.248	-0.704	2.717	0.000000	0.000000
1582082869783	1582082869782	-4.907	4.990	4.070	-2.542	-0.353	2.375	0.000000	0.000000
1582082869804	1582082869803	-5.019	5.491	2.885	-2.525	-0.194	2.040	0.000000	0.000000
1582082869822	1582082869822	-4.418	5.750	3.047	-3.026	-0.517	1.606	0.000000	0.000000
1582082869842	1582082869841	-3.153	6.274	2.235	-3.503	-1.115	1.370	0.000000	0.000000
1582082869866	1582082869865	-2.356	4.986	2.274	-3.562	-1.112	1.231	0.000000	0.000000
1582082869885	1582082869884	-2.097	2.437	4.547	-3.246	-0.886	1.147	0.000000	0.000000
1582082869902	1582082869902	-0.437	1.222	5.395	-3.231	-0.861	1.045	0.000000	0.000000
1582082869922	1582082869922	0.227	2.056	4.554	-2.851	-0.546	0.913	0.000000	0.000000
1582082869942	1582082869940	-0.159	2.549	5.333	-2.479	-0.077	0.849	0.000000	0.000000
1582082869963	1582082869963	-1.670	2.338	6.222	-2.768	0.008	0.631	0.000000	0.000000
1582082869983	1582082869981	-0.626	1.479	6.368	-3.332	-0.261	0.336	0.000000	0.000000
1582082870008	1582082870002	0.277	-0.136	5.922	-3.800	-0.012	0.677	0.000000	0.000000
1582082870021	1582082870021	0.399	-1.145	5.218	-3.368	0.189	1.043	0.000000	0.000000
1582082870041	1582082870040	-0.111	-3.049	6.643	-2.798	0.779	0.975	0.000000	0.000000
1582082870062	1582082870061	-2.796	-4.953	8.083	-2.105	1.204	1.057	0.000000	0.000000
1582082870087	1582082870081	-2.794	-3.425	8.179	-1.969	0.965	0.758	0.000000	0.000000
1582082870102	1582082870102	-2.415	-3.092	8.833	-1.672	0.582	0.653	0.000000	0.000000
1582082870123	1582082870120	-1.706	-2.790	9.237	-2.103	0.661	0.544	0.000000	0.000000
1582082870141	1582082870141	-1.809	-2.848	8.200	-2.701	0.972	0.531	0.000000	0.000000
1582082870161	1582082870160	-5.027	-3.423	7.041	-1.536	0.640	0.598	0.000000	0.000000
1582082870181	1582082870182	0.509	-4.570	8.940	-1.067	-0.454	0.522	0.000000	0.000000
1582082870203	1582082870203	-0.245	-4.484	8.701	-1.454	0.471	1.001	0.000000	0.000000
1582082870221	1582082870221	-3.975	-3.665	8.907	-1.740	1.274	1.223	0.000000	0.000000
1582082870240	1582082870240	-3.654	-1.173	9.161	-2.068	0.324	0.981	0.000000	0.000000
1582082870261	1582082870259	-2.152	-2.723	8.957	-1.380	-0.308	0.991	0.000000	0.000000
1582082870289	1582082870279	-1.781	-4.630	8.138	-1.355	0.022	0.991	0.000000	0.000000
1582082870302	1582082870302	-2.521	-4.589	6.739	-1.617	0.191	1.172	0.000000	0.000000
1582082870321	1582082870321	-2.983	-3.691	6.341	-1.343	0.504	1.329	0.000000	0.000000
1582082870341	1582082870339	-4.500	-4.882	6.011	-1.781	0.709	1.397	0.000000	0.000000
1582082870360	1582082870359	-4.782	-5.032	4.617	-2.238	0.381	1.260	0.000000	0.000000
1582082870380	1582082870379	-4.102	-5.397	4.200	-2.184	0.055	1.216	0.000000	0.000000
1582082870401	1582082870399	-4.032	-8.731	3.198	-2.576	0.572	1.217	0.000000	0.000000
1582082870422	1582082870420	-6.100	-10.458	2.037	-3.069	1.103	1.111	0.000000	0.000000
1582082870440	1582082870439	-7.230	-10.032	2.267	-3.281	0.832	0.801	0.000000	0.000000
1582082870460	1582082870458	-5.594	-10.317	1.584	-4.058	0.203	0.368	0.000000	0.000000
1582082870483	1582082870483	-4.085	-12.930	0.094	-4.922	0.435	0.172	0.000000	0.000000
1582082870504	1582082870504	-5.288	-16.818	-2.580	-5.103	1.352	-0.505	0.000000	0.000000
1582082870522	1582082870519	-8.668	-19.817	-4.328	-5.670	1.954	-2.025	0.000000	0.000000
1582082870543	1582082870543	-15.164	-17.765	-8.595	-8.724	2.649	-3.827	0.000000	0.000000
1582082870559	1582082870559	-19.474	-16.670	-17.096	-11.661	2.841	-4.607	0.000000	0.000000
1582082870579	1582082870578	-9.317	-23.039	-21.140	-12.392	2.703	-4.556	0.000000	0.000000
1582082870602	1582082870602	-7.786	-16.545	-20.165	-10.747	3.617	-3.558	0.000000	0.000000
1582082870626	1582082870626	-14.431	-10.334	-21.250	-5.457	5.637	-1.170	0.000000	0.000000
1582082870639	1582082870638	-16.561	-11.910	-11.611	-0.887	6.665	0.749	0.000000	0.000000
1582082870658	1582082870657	-15.732	2.722	-0.342	1.439	5.321	3.115	0.000000	0.000000
1582082870678	1582082870678	-12.572	-1.791	0.930	4.117	3.976	5.293	0.000000	0.000000
1582082870708	1582082870702	-14.041	-8.568	1.069	6.098	3.384	7.930	0.000000	0.000000
1582082870718	1582082870717	-2.451	3.383	4.135	3.061	1.514	7.644	0.000000	0.000000
1582082870743	1582082870737	-8.979	4.911	8.497	3.002	1.869	9.154	0.000000	0.000000
1582082870757	1582082870757	-23.024	-10.027	9.218	2.504	3.186	10.502	0.000000	0.000000
1582082870779	1582082870777	-18.434	-8.250	0.324	-0.691	2.814	9.589	0.000000	0.000000
1582082870799	1582082870797	-17.641	-15.489	-6.055	-3.053	2.753	7.999	0.000000	0.000000
1582082870822	1582082870817	-13.303	-15.949	-10.705	-3.125	2.954	7.401	0.000000	0.000000
1582082870841	1582082870837	-14.565	-17.197	-12.363	-4.179	3.828	6.840	0.000000	0.000000
1582082870857	1582082870857	-17.059	-15.994	-13.529	-5.465	4.442	6.218	0.000000	0.000000
1582082870879	1582082870877	-18.999	-14.691	-12.030	-5.153	4.488	5.592	0.000000	0.000000
1582082870901	1582082870901	-20.561	-10.365	-11.273	-5.865	3.993	5.076	0.000000	0.000000
1582082870918	1582082870916	-20.243	-9.107	-9.016	-5.606	3.511	4.312	0.000000	0.000000
1582082870938	1582082870936	-19.790	-7.473	-8.204	-5.722	3.365	3.305	0.000000	0.000000
1582082870960	1582082870960	-16.935	-7.066	-10.204	-5.886	2.794	2.375	0.000000	0.000000
1582082870976	1582082870976	-12.999	-1.729	-9.232	-4.864	1.736	1.870	0.000000	0.000000
1582082870997	1582082870996	-10.443	-0.883	-9.567	-4.790	1.142	1.423	0.000000	0.000000
1582082871019	1582082871016	-8.426	-0.536	-9.589	-3.758	0.246	1.760	0.000000	0.000000
1582082871039	1582082871038	-7.350	0.865	-6.194	-2.928	-0.189	2.102	0.000000	0.000000
1582082871057	1582082871056	-7.975	2.089	-4.762	-3.419	0.788	1.839	0.000000	0.000000
1582082871077	1582082871076	-7.367	5.050	-6.398	-4.241	0.595	1.073	0.000000	0.000000
1582082871097	1582082871096	-6.255	3.412	-7.081	-4.202	-0.182	0.626	0.000000	0.000000
1582082871117	1582082871115	-7.357	1.562	-4.877	-2.727	-0.492	1.165	0.000000	0.000000
1582082871136	1582082871136	-10.155	3.299	-4.149	-1.473	-0.826	1.319	0.000000	0.000000
1582082871159	1582082871159	-9.583	5.041	-2.345	-1.309	-1.550	0.831	0.000000	0.000000
1582082871176	1582082871175	-9.899	5.393	-1.336	-2.328	-1.868	-0.063	0.000000	0.000000
1582082871197	1582082871195	-12.474	0.518	-0.342	-2.023	-2.683	-0.624	0.000000	0.000000
1582082871218	1582082871218	-11.847	1.045	2.017	-1.718	-4.161	-0.456	0.000000	0.000000
1582082871237	1582082871236	-10.534	4.415	2.477	-0.821	-3.826	-0.995	0.000000	0.000000
1582082871260	1582082871257	-10.668	1.455	2.944	-0.078	-3.122	-0.886	0.000000	0.000000
1582082871277	1582082871275	-13.825	2.200	2.798	-0.089	-3.289	-0.279	0.000000	0.000000
1582082871296	1582082871295	-13.703	5.287	1.330	-0.294	-4.366	-0.210	0.000000	0.000000
1582082871315	1582082871315	-13.490	3.975	-0.093	0.004	-5.244	-0.467	0.000000	0.000000
1582082871340	1582082871340	-15.298	1.761	-2.388	0.479	-5.985	-0.738	0.000000	0.000000
1582082871355	1582082871355	-17.385	-1.549	-4.501	2.192	-7.503	-0.811	0.000000	0.000000
1582082871378	1582082871376	-16.757	-3.969	-7.002	4.375	-9.569	-0.717	0.000000	0.000000
1582082871395	1582082871395	-14.791	-4.326	-9.936	6.402	-11.276	-0.376	0.000000	0.000000
1582082871415	1582082871414	-12.627	-5.337	-12.272	8.638	-12.247	-0.135	0.000000	0.000000
1582082871439	1582082871439	-9.406	-6.297	-12.590	10.198	-11.936	-0.080	0.000000	0.000000
1582082871459	1582082871454	-6.708	-4.757	-12.348	10.458	-10.043	-0.274	0.000000	0.000000
1582082871476	1582082871473	-7.015	-5.361	-11.728	10.265	-8.030	-0.531	0.000000	0.000000
1582082871495	1582082871494	-7.702	-9.680	-12.403	9.818	-7.026	-0.227	0.000000	0.000000
1582082871514	1582082871514	-6.723	-6.427	-15.419	7.943	-6.668	0.353	0.000000	0.000000
1582082871535	1582082871535	-5.319	0.853	-16.330	4.746	-6.660	0.365	0.000000	0.000000
1582082871555	1582082871555	-3.010	0.688	-16.763	2.277	-6.036	-0.395	0.000000	0.000000
1582082871576	1582082871575	-2.777	1.541	-15.815	-0.659	-4.988	-0.691	0.000000	0.000000
1582082871595	1582082871594	-3.819	7.177	-10.988	-3.838	-4.646	-0.782	0.000000	0.000000
1582082871615	1582082871614	-4.358	8.974	-5.794	-5.175	-4.478	-1.106	0.000000	0.000000
1582082871636	1582082871636	-8.924	5.692	3.064	-4.096	-4.204	-1.324	0.000000	0.000000
1582082871665	1582082871658	-16.041	-0.026	9.051	-1.360	-4.532	-0.500	0.000000	0.000000
1582082871674	1582082871673	-9.849	3.905	9.741	1.209	-5.163	-0.260	0.000000	0.000000
1582082871697	1582082871697	-9.784	9.137	12.661	3.100	-5.325	0.500	0.000000	0.000000
1582082871714	1582082871713	-14.383	7.683	11.207	1.509	-4.239	1.573	0.000000	0.000000
1582082871738	1582082871733	-14.388	7.364	8.598	0.391	-4.351	1.908	0.000000	0.000000
1582082871756	1582082871754	-12.235	9.599	7.838	-0.530	-4.550	2.159	0.000000	0.000000
1582082871775	1582082871775	-11.260	8.878	7.429	-1.746	-4.146	2.542	0.000000	0.000000
1582082871793	1582082871793	-9.149	5.163	10.464	-1.908	-3.971	2.667	0.000000	0.000000
1582082871813	1582082871813	-5.652	4.935	11.374	-1.929	-3.104	2.297	0.000000	0.000000
1582082871833	1582082871833	-3.920	6.799	10.299	-1.411	-2.213	2.281	0.000000	0.000000
1582082871859	1582082871859	-6.243	7.096	8.742	-1.144	-1.710	2.780	0.000000	0.000000
1582082871876	1582082871873	-5.050	7.288	8.497	-2.055	-1.474	2.271	0.000000	0.000000
1582082871893	1582082871893	-2.583	6.315	7.455	-2.684	-1.585	2.001	0.000000	0.000000
1582082871914	1582082871913	-2.540	5.105	5.136	-2.769	-1.210	1.979	0.000000	0.000000
1582082871932	1582082871932	-2.530	4.933	4.240	-2.562	-1.012	1.791	0.000000	0.000000
1582082871954	1582082871952	-3.146	4.118	4.169	-2.404	-0.905	1.922	0.000000	0.000000
1582082871977	1582082871976	-3.525	4.341	5.304	-2.736	-0.536	1.688	0.000000	0.000000
1582082871994	1582082871994	-1.886	5.417	3.965	-3.676	-0.481	1.449	0.000000	0.000000
1582082872013	1582082872012	-0.916	3.345	3.503	-3.847	-0.432	1.446	0.000000	0.000000
1582082872033	1582082872032	-0.839	0.324	3.895	-3.467	-0.296	1.491	0.000000	0.000000
1582082872058	1582082872052	-1.409	-1.367	5.299	-2.628	-0.283	1.453	0.000000	0.000000
1582082872072	1582082872072	-1.036	-3.353	6.377	-1.734	-0.398	1.041	0.000000	0.000000
1582082872097	1582082872097	0.598	-0.579	5.024	-1.539	-0.518	0.444	0.000000	0.000000
1582082872113	1582082872112	0.184	2.279	5.182	-1.765	-0.045	0.567	0.000000	0.000000
1582082872132	1582082872131	-1.924	1.483	7.213	-2.518	0.809	0.602	0.000000	0.000000
1582082872157	1582082872157	-2.911	-0.733	7.903	-3.064	0.887	0.659	0.000000	0.000000
1582082872180	1582082872171	-2.195	-3.638	7.776	-2.625	0.419	0.947	0.000000	0.000000
1582082872196	1582082872192	-1.967	-4.232	8.236	-1.810	0.480	0.808	0.000000	0.000000
1582082872213	1582082872210	-2.382	-3.068	8.174	-1.697	0.595	0.643	0.000000	0.000000
1582082872233	1582082872231	-2.581	-2.155	8.382	-1.857	0.347	0.637	0.000000	0.000000
1582082872251	1582082872250	-2.487	-2.266	8.586	-2.286	0.305	0.499	0.000000	0.000000
1582082872271	1582082872271	-2.480	-3.686	9.278	-2.094	0.298	0.464	0.000000	0.000000
1582082872291	1582082872290	-4.332	-3.921	8.179	-1.656	-0.113	0.515	0.000000	0.000000
1582082872311	1582082872310	-1.160	-1.339	7.594	-1.189	-0.842	0.332	0.000000	0.000000
1582082872331	1582082872330	2.455	-3.030	8.272	-1.300	-0.705	0.647	0.000000	0.000000
1582082872353	1582082872350	-0.327	-5.904	8.615	-1.841	1.006	0.982	0.000000	0.000000
1582082872372	1582082872372	-3.359	-3.835	8.181	-2.274	1.202	0.982	0.000000	0.000000
1582082872393	1582082872392	-3.680	-0.701	8.540	-1.882	-0.004	1.084	0.000000	0.000000
1582082872414	1582082872412	-1.330	-1.844	8.538	-1.146	-0.586	1.025	0.000000	0.000000
1582082872431	1582082872430	-0.506	-4.434	6.444	-1.451	-0.424	1.243	0.000000	0.000000
1582082872451	1582082872449	-1.814	-5.969	5.433	-1.748	0.043	1.458	0.000000	0.000000
1582082872473	1582082872471	-2.523	-6.604	5.982	-1.702	0.674	1.386	0.000000	0.000000
1582082872491	1582082872490	-4.341	-7.370	5.227	-2.319	1.031	1.369	0.000000	0.000000
1582082872512	1582082872511	-5.666	-7.818	3.670	-2.961	0.545	1.091	0.000000	0.000000
1582082872530	1582082872529	-4.545	-8.127	2.314	-2.742	0.015	0.754	0.000000	0.000000
1582082872550	1582082872550	-3.537	-8.908	1.924	-2.502	0.078	0.634	0.000000	0.000000
1582082872570	1582082872569	-3.778	-10.463	1.704	-2.938	0.665	0.463	0.000000	0.000000
1582082872600	1582082872597	-4.931	-10.545	1.819	-3.547	1.053	0.257	0.000000	0.000000
1582082872616	1582082872612	-5.635	-11.838	0.767	-4.019	1.241	0.074	0.000000	0.000000
1582082872631	1582082872631	-6.847	-14.763	-1.487	-3.930	1.405	-0.261	0.000000	0.000000
1582082872650	1582082872648	-8.768	-16.660	-2.877	-4.181	1.496	-1.216	0.000000	0.000000
1582082872671	1582082872669	-11.456	-16.435	-5.730	-6.845	1.595	-2.637	0.000000	0.000000
1582082872695	1582082872695	-13.866	-15.661	-13.774	-10.847	1.582	-3.963	0.000000	0.000000
1582082872714	1582082872714	-14.228	-20.198	-22.707	-12.788	1.038	-4.208	0.000000	0.000000
1582082872732	1582082872730	-9.013	-19.159	-23.392	-10.405	2.074	-3.405	0.000000	0.000000
1582082872749	1582082872748	-12.515	-8.995	-23.655	-6.173	5.309	-1.612	0.000000	0.000000
1582082872770	1582082872768	-19.754	-15.367	-11.932	-2.084	7.692	-0.733	0.000000	0.000000
1582082872792	1582082872792	-19.184	-3.861	-2.091	0.065	6.628	1.408	0.000000	0.000000
1582082872811	1582082872808	-16.535	-5.325	-0.160	1.774	5.049	4.114	0.000000	0.000000
1582082872830	1582082872828	-13.456	-16.392	1.469	4.611	4.499	5.631	0.000000	0.000000
1582082872849	1582082872848	-5.961	-6.506	4.741	2.309	3.305	7.211	0.000000	0.000000
1582082872869	1582082872868	-8.807	4.466	6.586	2.181	2.232	8.435	0.000000	0.000000
1582082872893	1582082872892	-12.611	-0.790	6.401	1.209	1.904	9.504	0.000000	0.000000
1582082872911	1582082872909	-18.113	-13.326	3.474	0.634	1.701	10.392	0.000000	0.000000
1582082872930	1582082872929	-14.970	-13.599	-1.147	-2.148	2.260	9.249	0.000000	0.000000
1582082872949	1582082872947	-15.782	-17.319	-9.208	-4.252	2.785	8.291	0.000000	0.000000
1582082872968	1582082872968	-16.010	-16.358	-9.474	-4.560	3.263	7.726	0.000000	0.000000
1582082872989	1582082872987	-18.885	-17.163	-12.578	-5.075	3.591	7.283	0.000000	0.000000
1582082873014	1582082873014	-16.999	-9.934	-13.168	-5.744	3.808	6.284	0.000000	0.000000
1582082873028	1582082873028	-22.911	-12.803	-14.174	-6.464	3.900	5.207	0.000000	0.000000
1582082873049	1582082873047	-19.014	-16.528	-11.982	-4.568	2.894	5.163	0.000000	0.000000
1582082873069	1582082873067	-18.499	-10.453	-11.426	-4.094	2.768	4.950	0.000000	0.000000
1582082873088	1582082873087	-16.163	-8.937	-10.351	-4.408	2.644	3.539	0.000000	0.000000
1582082873110	1582082873110	-13.734	-9.756	-9.455	-4.904	2.690	2.680	0.000000	0.000000
1582082873133	1582082873127	-14.292	-0.076	-8.341	-5.283	1.813	2.318	0.000000	0.000000
1582082873151	1582082873147	-9.032	0.750	-5.617	-4.454	0.464	1.408	0.000000	0.000000
1582082873170	1582082873168	-9.319	-0.464	-6.348	-3.525	1.006	1.259	0.000000	0.000000
1582082873188	1582082873186	-12.417	-0.098	-3.107	-2.602	0.709	1.584	0.000000	0.000000
1582082873213	1582082873208	-7.245	2.307	-3.473	-2.668	-0.307	1.590	0.000000	0.000000
1582082873227	1582082873226	-6.718	8.013	-5.131	-2.146	-0.161	1.457	0.000000	0.000000
1582082873248	1582082873247	-7.868	5.213	-5.902	-2.180	-1.042	0.922	0.000000	0.000000
1582082873267	1582082873266	-7.144	2.408	-4.127	-2.630	-1.557	0.454	0.000000	0.000000
1582082873287	1582082873286	-4.902	2.820	-4.793	-2.999	-1.584	0.329	0.000000	0.000000
1582082873312	1582082873307	-6.543	4.006	-5.586	-2.997	-1.335	0.461	0.000000	0.000000
1582082873331	1582082873326	-10.663	0.841	-3.068	-1.421	-1.595	0.414	0.000000	0.000000
1582082873349	1582082873346	-9.300	0.350	-2.297	0.193	-2.611	0.496	0.000000	0.000000
1582082873367	1582082873366	-8.493	5.616	-1.075	-0.297	-4.178	0.704	0.000000	0.000000
1582082873387	1582082873386	-9.705	5.510	1.857	-0.496	-4.111	0.670	0.000000	0.000000
1582082873407	1582082873406	-13.310	3.136	2.137	-0.147	-3.941	0.166	0.000000	0.000000
1582082873427	1582082873425	-14.323	2.552	1.843	0.198	-4.555	-0.321	0.000000	0.000000
1582082873448	1582082873445	-15.243	2.604	0.956	0.384	-5.632	-0.389	0.000000	0.000000
1582082873466	1582082873464	-16.144	1.950	-0.177	0.286	-6.764	-0.445	0.000000	0.000000
1582082873486	1582082873485	-16.240	0.755	-1.236	0.885	-7.631	-0.572	0.000000	0.000000
1582082873506	1582082873505	-15.684	1.021	-2.872	1.676	-8.292	-0.638	0.000000	0.000000
1582082873525	1582082873525	-14.510	-1.410	-4.970	3.306	-9.020	-0.680	0.000000	0.000000
1582082873552	1582082873549	-13.444	-4.431	-7.385	5.335	-9.706	-0.489	0.000000	0.000000
1582082873570	1582082873565	-10.663	-6.144	-10.207	7.822	-9.887	-0.039	0.000000	0.000000
1582082873586	1582082873586	-7.355	-5.677	-12.947	9.829	-9.209	0.474	0.000000	0.000000
1582082873605	1582082873605	-6.586	-3.047	-14.277	10.389	-8.514	0.580	0.000000	0.000000
1582082873629	1582082873628	-5.834	-1.902	-12.837	9.663	-8.250	0.242	0.000000	0.000000
1582082873648	1582082873648	-4.167	-3.744	-10.159	8.275	-7.422	0.198	0.000000	0.000000
1582082873668	1582082873665	-4.365	-5.253	-11.728	7.048	-6.295	0.539	0.000000	0.000000
1582082873685	1582082873684	-4.442	-1.626	-15.731	4.855	-5.485	0.779	0.000000	0.000000
1582082873705	1582082873705	-3.747	0.647	-15.108	2.488	-5.281	0.253	0.000000	0.000000
1582082873725	1582082873724	-2.952	4.169	-12.801	-1.117	-5.671	-0.315	0.000000	0.000000
1582082873748	1582082873748	-3.376	6.181	-8.609	-3.248	-5.747	-1.234	0.000000	0.000000
1582082873773	1582082873768	-6.035	4.106	-1.923	-4.480	-5.680	-1.650	0.000000	0.000000
1582082873787	1582082873787	-9.770	0.654	3.141	-3.647	-5.943	-1.512	0.000000	0.000000
1582082873804	1582082873804	-10.546	0.992	8.313	-1.339	-5.697	-0.660	0.000000	0.000000
1582082873825	1582082873823	-8.316	7.304	10.088	-0.301	-5.200	0.232	0.000000	0.000000
1582082873849	1582082873849	-12.225	9.429	9.918	-1.486	-4.510	0.787	0.000000	0.000000
1582082873870	1582082873870	-13.705	6.636	9.956	-1.253	-3.988	0.971	0.000000	0.000000
1582082873884	1582082873884	-11.933	4.669	8.883	-0.426	-4.174	1.406	0.000000	0.000000
1582082873904	1582082873904	-11.983	6.840	6.962	-1.282	-3.922	1.765	0.000000	0.000000
1582082873924	1582082873924	-9.945	5.572	9.671	-1.734	-3.752	1.785	0.000000	0.000000
1582082873945	1582082873944	-5.427	4.621	13.772	-0.581	-3.658	1.720	0.000000	0.000000
1582082873969	1582082873969	-3.457	4.883	11.940	0.649	-2.682	1.873	0.000000	0.000000
1582082873984	1582082873984	-7.302	7.235	11.017	0.339	-1.549	2.320	0.000000	0.000000
1582082874003	1582082874002	-7.396	8.176	10.682	-0.520	-1.642	2.295	0.000000	0.000000
1582082874025	1582082874024	-2.986	7.616	9.065	-1.853	-1.634	1.843	0.000000	0.000000
1582082874043	1582082874043	-4.535	4.897	8.785	-2.477	-1.008	2.078	0.000000	0.000000
1582082874065	1582082874065	-4.653	4.391	7.695	-2.017	-1.121	1.982	0.000000	0.000000
1582082874084	1582082874083	-2.677	4.657	6.708	-1.587	-1.342	1.839	0.000000	0.000000
1582082874104	1582082874103	-2.138	4.509	6.772	-1.789	-1.162	1.699	0.000000	0.000000
1582082874123	1582082874123	-1.203	3.876	7.048	-2.409	-0.816	1.494	0.000000	0.000000
1582082874143	1582082874142	-1.718	3.632	7.074	-2.966	-0.168	1.441	0.000000	0.000000
1582082874164	1582082874164	-1.306	2.858	5.936	-2.564	-0.209	1.373	0.000000	0.000000
1582082874184	1582082874183	-0.897	2.743	4.593	-2.694	-0.291	1.287	0.000000	0.000000
1582082874208	1582082874208	-1.280	2.243	4.449	-2.981	-0.066	1.353	0.000000	0.000000
1582082874223	1582082874222	-2.907	1.325	4.173	-3.062	0.449	1.293	0.000000	0.000000
1582082874242	1582082874242	-3.031	1.213	4.226	-3.194	0.354	0.834	0.000000	0.000000
1582082874263	1582082874263	-1.817	0.216	4.545	-3.281	-0.251	0.510	0.000000	0.000000
1582082874292	1582082874282	-1.057	-1.784	5.225	-3.299	-0.386	0.440	0.000000	0.000000
1582082874305	1582082874302	-0.803	-3.233	6.358	-3.035	-0.172	0.324	0.000000	0.000000
1582082874323	1582082874321	-0.559	-3.054	6.698	-2.470	-0.105	0.296	0.000000	0.000000
1582082874342	1582082874341	-0.442	-2.774	7.199	-1.729	0.219	0.428	0.000000	0.000000
1582082874367	1582082874366	-1.543	-1.422	7.235	-1.663	1.003	0.304	0.000000	0.000000
1582082874387	1582082874385	-3.474	-1.116	8.217	-1.552	1.033	0.278	0.000000	0.000000
1582082874408	1582082874406	-3.232	-1.679	9.218	-1.725	0.235	0.287	0.000000	0.000000
1582082874422	1582082874420	-1.946	-1.969	9.580	-1.976	-0.169	0.468	0.000000	0.000000
1582082874441	1582082874441	-1.891	-2.575	8.907	-2.303	-0.131	0.635	0.000000	0.000000
1582082874462	1582082874461	-2.875	-3.461	7.678	-1.991	-0.190	0.571	0.000000	0.000000
1582082874482	1582082874482	-0.961	-4.481	8.102	-1.832	-0.738	0.605	0.000000	0.000000
1582082874507	1582082874504	-0.511	-6.161	7.467	-1.819	-0.421	0.985	0.000000	0.000000
1582082874522	1582082874520	-1.302	-5.983	6.763	-1.593	0.208	1.035	0.000000	0.000000
1582082874542	1582082874540	-1.100	-3.540	7.019	-1.205	0.339	0.913	0.000000	0.000000
1582082874562	1582082874560	-2.195	-3.178	7.915	-1.179	0.457	1.094	0.000000	0.000000
1582082874582	1582082874582	-3.024	-4.515	7.496	-1.745	0.503	1.039	0.000000	0.000000
1582082874601	1582082874601	-2.305	-4.711	6.083	-2.323	0.322	0.793	0.000000	0.000000
1582082874623	1582082874621	-1.862	-4.961	5.352	-2.029	0.115	0.908	0.000000	0.000000
1582082874641	1582082874640	-2.504	-6.051	5.594	-1.750	0.320	1.170	0.000000	0.000000
1582082874662	1582082874660	-3.410	-7.037	5.273	-1.648	0.517	1.329	0.000000	0.000000
1582082874683	1582082874680	-3.702	-8.254	3.903	-1.900	0.675	1.229	0.000000	0.000000
1582082874703	1582082874702	-4.188	-9.095	2.614	-2.579	0.640	1.057	0.000000	0.000000
1582082874723	1582082874719	-4.159	-9.038	2.276	-2.638	0.402	0.965	0.000000	0.000000
1582082874742	1582082874739	-4.157	-9.375	2.801	-2.537	0.509	0.784	0.000000	0.000000
1582082874760	1582082874759	-4.806	-10.259	2.724	-2.508	0.752	0.686	0.000000	0.000000
1582082874785	1582082874779	-5.316	-12.324	1.878	-3.069	1.218	0.560	0.000000	0.000000
1582082874800	1582082874800	-6.289	-14.971	1.387	-3.253	1.646	0.251	0.000000	0.000000
1582082874822	1582082874820	-8.021	-17.036	0.590	-2.947	1.774	-0.401	0.000000	0.000000
1582082874840	1582082874839	-10.342	-18.411	-0.383	-3.070	1.798	-1.464	0.000000	0.000000
1582082874861	1582082874859	-15.349	-19.410	-4.175	-3.403	1.555	-2.669	0.000000	0.000000
1582082874880	1582082874879	-17.507	-18.325	-7.533	-4.757	0.998	-3.702	0.000000	0.000000
1582082874904	1582082874904	-10.170	-13.165	-7.193	-10.198	1.195	-5.113	0.000000	0.000000
1582082874920	1582082874919	-7.312	-18.502	-11.910	-14.146	2.899	-5.111	0.000000	0.000000
1582082874943	1582082874942	-6.392	-25.076	-14.806	-13.296	4.680	-4.130	0.000000	0.000000
1582082874959	1582082874959	-5.791	-12.035	-15.041	-6.446	6.122	-1.748	0.000000	0.000000
1582082874979	1582082874978	-12.592	-10.252	-13.297	0.061	6.919	0.323	0.000000	0.000000
1582082875002	1582082875002	-9.039	1.141	-7.478	0.188	5.784	2.144	0.000000	0.000000
1582082875022	1582082875022	-10.709	2.748	-4.019	4.175	4.665	5.287	0.000000	0.000000
1582082875040	1582082875039	-10.888	-3.739	-0.184	5.647	3.393	6.606	0.000000	0.000000
1582082875059	1582082875058	-6.873	10.217	2.164	3.014	1.338	8.093	0.000000	0.000000
1582082875079	1582082875079	-5.764	9.647	8.128	2.820	0.231	9.757	0.000000	0.000000
1582082875102	1582082875100	-22.746	-10.202	5.000	1.656	1.164	12.148	0.000000	0.000000
1582082875124	1582082875124	-14.700	-17.757	-0.306	-1.130	0.638	10.579	0.000000	0.000000
1582082875139	1582082875139	-11.899	-15.240	-10.123	-3.990	1.757	8.781	0.000000	0.000000
1582082875163	1582082875162	-15.469	-18.998	-11.407	-4.160	3.081	7.836	0.000000	0.000000
1582082875179	1582082875178	-13.955	-16.464	-15.839	-5.484	3.966	7.069	0.000000	0.000000
1582082875198	1582082875197	-20.056	-18.248	-12.995	-5.649	4.729	6.440	0.000000	0.000000
1582082875223	1582082875221	-19.423	-6.587	-12.744	-6.125	3.984	6.187	0.000000	0.000000
1582082875239	1582082875239	-22.487	-12.176	-11.134	-4.224	3.983	5.655	0.000000	0.000000
1582082875259	1582082875258	-21.270	-7.912	-8.101	-5.472	3.039	5.017	0.000000	0.000000
1582082875278	1582082875277	-19.452	-6.089	-10.221	-5.446	2.939	4.108	0.000000	0.000000
1582082875298	1582082875297	-18.504	-9.562	-11.340	-4.837	3.211	2.964	0.000000	0.000000
1582082875325	1582082875319	-13.907	-7.957	-10.787	-4.363	2.388	2.331	0.000000	0.000000
1582082875339	1582082875338	-12.462	-4.628	-8.844	-4.314	1.757	2.066	0.000000	0.000000
1582082875364	1582082875363	-8.871	2.132	-7.165	-3.677	0.529	1.780	0.000000	0.000000
1582082875378	1582082875377	-8.617	-1.123	-4.776	-2.678	0.500	1.702	0.000000	0.000000
1582082875398	1582082875396	-10.479	3.912	-2.941	-2.655	0.938	2.028	0.000000	0.000000
1582082875418	1582082875418	-6.375	5.570	-4.007	-2.899	-0.116	1.386	0.000000	0.000000
1582082875439	1582082875439	-3.723	5.805	-5.445	-3.562	-0.481	0.844	0.000000	0.000000
1582082875460	1582082875460	-7.856	5.340	-3.116	-2.608	-0.355	1.465	0.000000	0.000000
1582082875477	1582082875477	-9.319	3.951	-3.030	-2.655	-1.241	1.408	0.000000	0.000000
1582082875498	1582082875497	-9.034	4.950	-1.672	-2.672	-1.547	0.677	0.000000	0.000000
1582082875521	1582082875516	-8.993	2.806	-1.324	-2.735	-1.708	-0.070	0.000000	0.000000
1582082875541	1582082875541	-10.862	-0.515	-2.680	-1.940	-2.379	-0.299	0.000000	0.000000
1582082875560	1582082875556	-11.094	2.511	-0.922	-1.212	-4.470	-0.427	0.000000	0.000000
1582082875578	1582082875578	-8.469	3.555	1.823	-0.369	-4.376	-0.826	0.000000	0.000000
1582082875596	1582082875596	-11.159	3.587	3.254	-0.842	-2.964	-0.674	0.000000	0.000000
1582082875617	1582082875616	-15.210	4.935	2.911	-1.294	-3.081	-0.477	0.000000	0.000000
1582082875637	1582082875637	-15.567	3.764	0.709	-0.741	-4.622	-0.657	0.000000	0.000000
1582082875657	1582082875657	-15.555	1.117	-0.879	0.226	-6.020	-0.724	0.000000	0.000000
1582082875677	1582082875676	-16.889	0.281	-2.855	1.315	-7.045	-0.659	0.000000	0.000000
1582082875697	1582082875696	-17.418	-0.558	-4.831	2.786	-8.331	-0.532	0.000000	0.000000
1582082875716	1582082875715	-15.133	-1.693	-6.894	4.422	-9.951	-0.572	0.000000	0.000000
1582082875737	1582082875737	-13.317	-1.799	-8.791	5.549	-10.920	-0.524	0.000000	0.000000
1582082875757	1582082875756	-12.330	-3.336	-10.054	7.073	-11.306	-0.442	0.000000	0.000000
1582082875778	1582082875776	-10.553	-6.613	-9.819	9.251	-11.194	-0.483	0.000000	0.000000
1582082875796	1582082875795	-6.998	-7.270	-10.894	10.582	-9.956	-0.497	0.000000	0.000000
1582082875816	1582082875815	-6.960	-5.746	-11.922	10.834	-7.721	-0.249	0.000000	0.000000
1582082875838	1582082875838	-8.910	-5.871	-11.781	9.971	-7.007	0.070	0.000000	0.000000
1582082875859	1582082875859	-6.924	-5.964	-12.811	7.993	-7.319	0.271	0.000000	0.000000
1582082875876	1582082875875	-5.415	-1.121	-13.702	4.713	-7.406	0.005	0.000000	0.000000
1582082875898	1582082875898	-4.413	-0.697	-14.294	1.950	-6.732	-0.325	0.000000	0.000000
1582082875916	1582082875914	-4.761	-1.274	-13.731	-0.365	-5.938	-0.564	0.000000	0.000000
1582082875935	1582082875934	-5.278	4.003	-11.836	-3.261	-5.487	-0.561	0.000000	0.000000
1582082875955	1582082875955	-6.667	6.871	-6.458	-4.770	-5.182	-0.916	0.000000	0.000000
1582082875977	1582082875975	-9.178	3.771	2.549	-4.194	-5.270	-1.462	0.000000	0.000000
1582082875994	1582082875994	-13.387	0.348	9.022	-1.432	-4.825	-1.215	0.000000	0.000000
1582082876015	1582082876014	-9.233	6.873	10.179	0.913	-3.884	-0.802	0.000000	0.000000
1582082876035	1582082876034	-10.639	8.406	10.385	1.931	-5.097	0.310	0.000000	0.000000
1582082876058	1582082876058	-12.493	5.481	11.880	1.751	-4.037	0.834	0.000000	0.000000
1582082876080	1582082876078	-12.460	5.261	10.620	1.741	-3.744	1.645	0.000000	0.000000
1582082876098	1582082876098	-13.531	7.918	9.484	0.831	-4.069	1.741	0.000000	0.000000
1582082876115	1582082876114	-8.459	9.317	9.173	-0.183	-4.473	1.569	0.000000	0.000000
1582082876137	1582082876137	-6.562	9.676	10.886	-0.893	-4.184	2.078	0.000000	0.000000
1582082876156	1582082876154	-6.339	7.486	10.129	-0.782	-3.473	2.763	0.000000	0.000000
1582082876173	1582082876173	-6.466	5.208	9.321	-0.509	-2.546	2.358	0.000000	0.000000
1582082876195	1582082876194	-4.344	6.583	11.410	0.281	-2.607	2.100	0.000000	0.000000
1582082876214	1582082876213	-3.529	7.755	10.783	-0.913	-1.950	2.430	0.000000	0.000000
1582082876233	1582082876233	-5.360	7.692	8.243	-2.754	-0.867	2.658	0.000000	0.000000
1582082876258	1582082876257	-6.253	7.165	5.592	-3.606	-0.836	2.498	0.000000	0.000000
1582082876274	1582082876274	-4.497	5.960	4.952	-3.441	-1.164	2.060	0.000000	0.000000
1582082876293	1582082876293	-3.019	4.930	4.027	-3.036	-1.158	1.873	0.000000	0.000000
1582082876318	1582082876318	-2.969	4.073	3.987	-2.532	-1.183	1.951	0.000000	0.000000
1582082876333	1582082876333	-1.766	4.401	3.359	-2.322	-0.942	1.779	0.000000	0.000000
1582082876353	1582082876352	-1.028	3.795	3.898	-2.366	-0.446	1.760	0.000000	0.000000
1582082876377	1582082876373	-1.258	3.443	3.941	-2.921	0.073	1.622	0.000000	0.000000
1582082876396	1582082876393	-1.311	3.505	4.657	-2.935	0.307	1.266	0.000000	0.000000
1582082876414	1582082876412	-1.424	2.494	4.696	-2.821	-0.057	1.217	0.000000	0.000000
1582082876433	1582082876432	-1.103	0.465	4.607	-2.595	-0.336	1.007	0.000000	0.000000
1582082876454	1582082876452	-0.842	-0.951	5.179	-2.621	-0.345	0.998	0.000000	0.000000
1582082876474	1582082876474	-0.439	-0.907	5.948	-3.087	-0.380	1.102	0.000000	0.000000
1582082876493	1582082876493	0.680	-1.449	5.903	-3.301	-0.325	1.045	0.000000	0.000000
1582082876519	1582082876513	1.010	-3.171	5.896	-2.947	0.329	1.021	0.000000	0.000000
1582082876534	1582082876534	-0.734	-5.238	7.067	-2.360	0.968	1.223	0.000000	0.000000
1582082876552	1582082876552	-2.435	-5.413	7.577	-1.929	1.181	1.181	0.000000	0.000000
1582082876572	1582082876572	-3.043	-4.012	8.140	-1.432	0.719	0.913	0.000000	0.000000
1582082876598	1582082876598	-1.584	-3.856	9.130	-1.345	0.219	0.595	0.000000	0.000000
1582082876616	1582082876612	-0.827	-4.151	9.535	-1.805	0.160	0.427	0.000000	0.000000
1582082876633	1582082876631	-1.196	-4.798	8.960	-2.024	0.268	0.431	0.000000	0.000000
1582082876654	1582082876652	-3.225	-3.854	7.163	-1.919	-0.016	0.425	0.000000	0.000000
1582082876675	1582082876675	-0.830	-2.944	7.788	-1.314	-1.011	0.313	0.000000	0.000000
1582082876693	1582082876692	2.038	-5.231	7.932	-1.748	-1.162	0.979	0.000000	0.000000
1582082876714	1582082876713	1.566	-5.919	6.969	-2.054	0.345	1.231	0.000000	0.000000
1582082876731	1582082876731	-0.003	-3.998	7.321	-2.120	1.584	0.983	0.000000	0.000000
1582082876753	1582082876750	-2.684	-2.750	7.824	-1.985	1.912	1.282	0.000000	0.000000
1582082876772	1582082876771	-4.727	-3.066	8.327	-1.570	1.016	1.367	0.000000	0.000000
1582082876799	1582082876792	-3.628	-4.034	7.956	-1.541	-0.142	1.197	0.000000	0.000000
1582082876815	1582082876812	-1.970	-5.028	6.665	-2.248	-0.474	1.095	0.000000	0.000000
1582082876831	1582082876831	-2.166	-5.868	4.909	-2.811	-0.013	1.098	0.000000	0.000000
1582082876852	1582082876850	-4.202	-6.357	4.983	-2.308	0.366	1.246	0.000000	0.000000
