1582081413647	1582081413624	-9.655	-12.789	-4.549	-4.016	1.316	-0.959	0.000000	0.000000
1582081413666	1582081413645	-9.806	-15.122	-13.261	-6.850	1.075	-2.111	0.000000	0.000000
1582081413683	1582081413663	-12.445	-18.960	-19.913	-10.853	0.565	-3.133	0.000000	0.000000
1582081413704	1582081413682	-14.185	-20.294	-23.813	-13.785	-0.129	-3.343	0.000000	0.000000
1582081413724	1582081413702	-15.452	-12.617	-25.191	-13.109	0.245	-2.389	0.000000	0.000000
1582081413746	1582081413723	-20.545	-6.822	-14.222	-6.533	3.970	-1.100	0.000000	0.000000
1582081413763	1582081413745	-24.100	-11.256	-1.808	-1.678	7.102	0.311	0.000000	0.000000
1582081413783	1582081413762	-17.579	-6.415	1.471	1.527	7.416	1.713	0.000000	0.000000
1582081413803	1582081413782	-11.971	-4.848	1.090	1.438	5.797	3.391	0.000000	0.000000
1582081413824	1582081413802	-3.424	4.748	3.917	3.658	4.188	4.607	0.000000	0.000000
1582081413845	1582081413822	-1.397	3.601	8.639	3.616	2.264	5.405	0.000000	0.000000
1582081413863	1582081413843	-15.624	-7.852	5.227	2.110	0.445	7.052	0.000000	0.000000
1582081413883	1582081413862	-16.223	-24.429	-1.375	2.250	0.779	9.870	0.000000	0.000000
1582081413903	1582081413882	-13.691	-19.432	-5.790	1.040	1.793	9.609	0.000000	0.000000
1582081413924	1582081413902	-12.845	-21.379	-9.452	-2.620	3.083	8.066	0.000000	0.000000
1582081413950	1582081413924	-17.792	-13.723	-8.271	-4.253	3.816	7.006	0.000000	0.000000
1582081413963	1582081413950	-21.510	-18.177	-7.200	-4.823	4.564	6.604	0.000000	0.000000
1582081413983	1582081413961	-18.899	-6.961	-7.792	-5.256	4.289	6.163	0.000000	0.000000
1582081414003	1582081413981	-20.439	-3.418	-10.233	-5.446	3.572	6.413	0.000000	0.000000
1582081414022	1582081414001	-20.226	-16.291	-12.320	-5.218	3.440	5.457	0.000000	0.000000
1582081414042	1582081414021	-17.004	-5.960	-10.341	-4.608	3.181	4.876	0.000000	0.000000
1582081414064	1582081414041	-16.190	-9.167	-10.499	-4.999	2.659	5.127	0.000000	0.000000
1582081414083	1582081414063	-14.781	-6.319	-10.384	-4.611	2.878	3.870	0.000000	0.000000
1582081414103	1582081414081	-12.268	-2.359	-9.445	-4.346	2.733	3.460	0.000000	0.000000
1582081414122	1582081414100	-8.672	-8.012	-7.397	-3.965	1.903	3.049	0.000000	0.000000
1582081414146	1582081414120	-9.190	-3.128	-7.287	-3.789	1.522	2.340	0.000000	0.000000
1582081414172	1582081414144	-7.563	-0.725	-6.537	-3.751	1.676	2.148	0.000000	0.000000
1582081414182	1582081414164	-7.077	4.494	-5.179	-3.256	1.727	1.285	0.000000	0.000000
1582081414201	1582081414181	-5.563	6.945	-6.465	-4.588	1.056	0.476	0.000000	0.000000
1582081414222	1582081414200	-4.993	5.913	-6.103	-4.587	-0.164	0.380	0.000000	0.000000
1582081414246	1582081414220	-5.127	3.081	-4.942	-2.402	-0.554	0.759	0.000000	0.000000
1582081414261	1582081414243	-6.953	4.173	-3.102	-1.653	-0.180	1.061	0.000000	0.000000
1582081414282	1582081414261	-7.393	4.459	-2.623	-1.898	0.034	1.226	0.000000	0.000000
1582081414301	1582081414281	-7.106	3.117	-2.951	-1.447	-0.308	0.782	0.000000	0.000000
1582081414321	1582081414300	-10.258	2.485	-1.911	-1.135	-0.525	0.308	0.000000	0.000000
1582081414341	1582081414320	-10.129	1.876	-1.504	-0.586	-0.812	-0.111	0.000000	0.000000
1582081414361	1582081414339	-9.887	3.812	-1.322	-0.457	-1.475	-0.628	0.000000	0.000000
1582081414380	1582081414360	-12.742	5.932	-1.030	-1.540	-2.209	-0.591	0.000000	0.000000
1582081414400	1582081414380	-12.970	6.059	-1.037	-1.861	-2.982	-0.611	0.000000	0.000000
1582081414421	1582081414399	-11.739	4.562	-0.534	-1.478	-3.551	-1.020	0.000000	0.000000
1582081414440	1582081414419	-11.878	2.973	-1.367	-0.249	-4.313	-1.471	0.000000	0.000000
1582081414462	1582081414439	-14.117	2.283	-2.292	-0.287	-4.382	-1.359	0.000000	0.000000
1582081414482	1582081414460	-15.282	2.092	-2.144	0.151	-4.778	-1.091	0.000000	0.000000
1582081414502	1582081414481	-15.286	1.950	-4.268	1.693	-5.909	-0.785	0.000000	0.000000
1582081414521	1582081414500	-15.713	-0.673	-6.295	2.557	-7.216	-0.426	0.000000	0.000000
1582081414540	1582081414521	-15.227	-4.817	-8.075	3.638	-8.513	-0.357	0.000000	0.000000
1582081414562	1582081414540	-13.813	-4.450	-9.824	5.669	-9.860	0.017	0.000000	0.000000
1582081414581	1582081414562	-12.781	-4.783	-11.316	6.977	-10.539	0.837	0.000000	0.000000
1582081414601	1582081414580	-12.333	-6.645	-13.642	8.123	-9.967	1.301	0.000000	0.000000
1582081414621	1582081414599	-9.964	-7.457	-15.223	8.554	-9.197	1.516	0.000000	0.000000
1582081414644	1582081414618	-7.523	-6.685	-15.894	8.719	-8.888	1.755	0.000000	0.000000
1582081414664	1582081414641	-5.834	-2.742	-16.191	8.642	-8.393	1.470	0.000000	0.000000
1582081414688	1582081414661	-3.369	-2.333	-17.889	7.120	-7.374	1.001	0.000000	0.000000
1582081414702	1582081414681	-0.602	-3.583	-20.055	6.039	-6.617	0.446	0.000000	0.000000
1582081414721	1582081414698	-0.087	2.779	-18.675	5.634	-5.553	0.388	0.000000	0.000000
1582081414741	1582081414718	-0.600	7.716	-14.773	3.143	-4.558	0.473	0.000000	0.000000
1582081414759	1582081414738	-2.753	6.061	-9.493	0.681	-4.356	-0.565	0.000000	0.000000
1582081414780	1582081414758	-2.181	2.959	-7.129	-0.875	-4.457	-1.589	0.000000	0.000000
1582081414805	1582081414780	-4.595	1.613	1.330	-1.968	-4.320	-1.804	0.000000	0.000000
1582081414819	1582081414798	-13.852	1.543	4.281	-1.897	-3.166	-1.191	0.000000	0.000000
1582081414841	1582081414819	-7.973	2.556	5.529	-1.843	-3.261	-0.720	0.000000	0.000000
1582081414858	1582081414838	-7.733	2.643	5.196	-0.686	-4.234	-0.816	0.000000	0.000000
1582081414887	1582081414858	-11.830	4.861	5.448	-0.618	-4.031	-0.123	0.000000	0.000000
1582081414899	1582081414881	-13.514	5.340	6.363	-0.923	-3.474	0.123	0.000000	0.000000
1582081414918	1582081414898	-13.214	5.781	9.793	-0.881	-3.778	0.240	0.000000	0.000000
1582081414939	1582081414918	-10.620	7.680	9.055	-0.127	-4.575	0.559	0.000000	0.000000
1582081414959	1582081414937	-12.716	8.967	8.109	0.064	-3.957	0.795	0.000000	0.000000
1582081414979	1582081414957	-13.190	9.000	9.405	-0.225	-3.151	1.362	0.000000	0.000000
1582081415002	1582081414977	-10.491	6.629	10.011	-0.678	-3.079	1.627	0.000000	0.000000
1582081415019	1582081415002	-8.210	7.189	10.203	-0.265	-3.039	1.796	0.000000	0.000000
1582081415037	1582081415019	-7.520	8.363	10.323	-0.339	-2.874	1.602	0.000000	0.000000
1582081415057	1582081415037	-7.975	5.489	8.988	-0.716	-2.717	1.848	0.000000	0.000000
1582081415082	1582081415057	-7.412	4.739	7.582	-1.432	-2.429	2.347	0.000000	0.000000
1582081415102	1582081415082	-5.410	5.383	7.410	-2.512	-2.265	2.134	0.000000	0.000000
1582081415117	1582081415102	-3.755	5.398	7.295	-2.578	-2.385	1.711	0.000000	0.000000
1582081415140	1582081415116	-3.788	6.440	7.376	-1.952	-2.061	1.452	0.000000	0.000000
1582081415157	1582081415136	-3.069	5.628	7.812	-1.588	-1.609	1.427	0.000000	0.000000
1582081415177	1582081415157	-1.917	4.746	7.331	-1.375	-1.468	1.401	0.000000	0.000000
1582081415198	1582081415176	-2.250	3.737	6.998	-1.560	-1.172	1.304	0.000000	0.000000
1582081415220	1582081415196	-3.302	3.507	7.769	-1.718	-0.627	1.428	0.000000	0.000000
1582081415239	1582081415216	-2.473	3.999	7.211	-1.987	-0.148	1.395	0.000000	0.000000
1582081415261	1582081415238	-1.417	3.618	6.555	-2.248	-0.426	1.138	0.000000	0.000000
1582081415276	1582081415257	-1.944	2.396	6.272	-2.189	-0.564	0.930	0.000000	0.000000
1582081415297	1582081415276	-2.521	2.343	6.262	-2.382	-0.246	0.938	0.000000	0.000000
1582081415318	1582081415297	-1.613	2.542	5.376	-2.776	-0.083	0.787	0.000000	0.000000
1582081415337	1582081415316	-0.808	2.082	5.158	-2.799	-0.306	0.453	0.000000	0.000000
1582081415357	1582081415337	-0.825	1.651	5.795	-2.473	-0.587	0.335	0.000000	0.000000
1582081415376	1582081415355	-1.448	1.059	6.998	-1.964	-0.502	0.405	0.000000	0.000000
1582081415398	1582081415376	-1.723	0.029	6.801	-1.783	-0.169	0.484	0.000000	0.000000
1582081415421	1582081415396	-1.258	-0.512	6.646	-1.983	-0.123	0.493	0.000000	0.000000
1582081415441	1582081415420	-1.239	-0.677	7.489	-2.020	-0.099	0.393	0.000000	0.000000
1582081415456	1582081415437	-1.829	-0.936	8.243	-1.967	0.123	0.376	0.000000	0.000000
1582081415475	1582081415455	-1.979	-1.267	8.121	-1.956	0.329	0.415	0.000000	0.000000
1582081415500	1582081415475	-1.963	-1.341	8.260	-1.615	0.311	0.339	0.000000	0.000000
1582081415517	1582081415495	-1.553	-0.701	8.768	-1.494	0.239	0.304	0.000000	0.000000
1582081415537	1582081415517	-1.632	-0.637	8.751	-2.032	0.048	0.280	0.000000	0.000000
1582081415559	1582081415535	-1.682	-1.789	7.862	-2.474	-0.033	0.404	0.000000	0.000000
1582081415575	1582081415558	-1.500	-2.596	8.068	-2.663	-0.089	0.484	0.000000	0.000000
1582081415596	1582081415574	-1.304	-2.781	8.936	-2.005	-0.206	0.619	0.000000	0.000000
1582081415624	1582081415595	-1.632	-3.432	8.109	-1.728	-0.196	0.688	0.000000	0.000000
1582081415639	1582081415614	-1.666	-3.717	7.525	-1.894	-0.038	0.802	0.000000	0.000000
1582081415655	1582081415635	-1.908	-3.885	7.345	-1.943	0.088	0.867	0.000000	0.000000
1582081415674	1582081415654	-2.070	-3.684	7.254	-2.025	0.140	0.906	0.000000	0.000000
1582081415695	1582081415675	-2.023	-4.184	7.168	-1.898	0.033	0.936	0.000000	0.000000
1582081415715	1582081415694	-1.680	-5.270	7.151	-1.541	-0.162	1.007	0.000000	0.000000
1582081415734	1582081415715	-1.848	-5.629	6.626	-1.236	-0.187	0.982	0.000000	0.000000
1582081415758	1582081415734	-2.744	-5.689	6.083	-1.750	0.051	0.947	0.000000	0.000000
1582081415774	1582081415758	-3.199	-6.137	5.831	-2.103	0.269	0.961	0.000000	0.000000
1582081415794	1582081415774	-3.196	-6.257	4.959	-2.152	0.226	0.915	0.000000	0.000000
1582081415816	1582081415794	-3.299	-7.299	4.535	-2.281	0.116	0.818	0.000000	0.000000
1582081415842	1582081415815	-3.043	-8.475	4.205	-2.243	-0.055	0.751	0.000000	0.000000
1582081415860	1582081415842	-2.566	-9.031	3.800	-2.037	-0.130	0.686	0.000000	0.000000
1582081415873	1582081415855	-3.268	-9.658	3.421	-2.096	0.061	0.611	0.000000	0.000000
1582081415894	1582081415873	-4.198	-10.243	3.189	-1.892	0.439	0.632	0.000000	0.000000
1582081415913	1582081415894	-4.516	-10.746	2.968	-1.594	0.700	0.485	0.000000	0.000000
1582081415935	1582081415913	-4.617	-11.381	1.670	-1.879	0.790	0.123	0.000000	0.000000
1582081415959	1582081415935	-5.261	-12.217	-1.188	-2.868	1.067	-0.418	0.000000	0.000000
1582081415975	1582081415959	-7.786	-12.772	-4.268	-4.108	1.611	-1.042	0.000000	0.000000
1582081415993	1582081415975	-11.020	-11.369	-8.980	-5.724	2.292	-1.919	0.000000	0.000000
1582081416012	1582081415993	-12.134	-13.026	-15.216	-7.960	2.247	-2.938	0.000000	0.000000
1582081416038	1582081416011	-11.732	-19.106	-17.125	-8.987	1.080	-3.057	0.000000	0.000000
1582081416051	1582081416038	-11.669	-23.267	-19.197	-8.518	0.954	-2.336	0.000000	0.000000
1582081416072	1582081416051	-13.950	-12.918	-21.478	-6.744	2.807	-1.011	0.000000	0.000000
1582081416092	1582081416071	-20.614	-13.937	-13.599	-4.030	4.780	0.664	0.000000	0.000000
1582081416114	1582081416092	-17.071	-14.959	0.072	-1.012	5.759	0.715	0.000000	0.000000
1582081416134	1582081416112	-12.493	-4.101	2.372	0.779	5.646	1.040	0.000000	0.000000
1582081416156	1582081416134	-10.160	3.934	1.117	1.238	5.111	2.968	0.000000	0.000000
1582081416173	1582081416156	-7.707	8.176	6.983	2.835	4.319	4.756	0.000000	0.000000
1582081416194	1582081416173	-7.154	4.090	11.777	2.520	1.611	6.427	0.000000	0.000000
1582081416211	1582081416192	-22.514	-14.169	7.108	2.467	0.742	8.607	0.000000	0.000000
1582081416235	1582081416211	-15.016	-17.877	-0.448	2.387	2.113	10.224	0.000000	0.000000
1582081416271	1582081416233	-15.586	-17.992	-7.991	-0.811	2.473	8.856	0.000000	0.000000
1582081416281	1582081416269	-16.101	-19.537	-8.844	-3.188	3.676	7.349	0.000000	0.000000
1582081416291	1582081416281	-15.792	-14.931	-7.265	-3.233	3.857	6.557	0.000000	0.000000
1582081416312	1582081416290	-19.594	-13.208	-11.599	-3.775	4.299	6.580	0.000000	0.000000
1582081416336	1582081416311	-15.859	-11.278	-11.987	-5.709	4.690	5.912	0.000000	0.000000
1582081416352	1582081416331	-18.655	-7.545	-9.404	-4.442	4.117	5.519	0.000000	0.000000
1582081416373	1582081416352	-18.633	-13.007	-10.013	-5.178	3.972	4.865	0.000000	0.000000
1582081416392	1582081416373	-16.896	-3.622	-8.336	-4.717	3.753	4.597	0.000000	0.000000
1582081416411	1582081416391	-16.570	-2.893	-7.847	-4.813	3.022	4.264	0.000000	0.000000
1582081416432	1582081416411	-14.151	-1.420	-6.764	-4.973	2.675	3.527	0.000000	0.000000
1582081416453	1582081416431	-14.426	-1.784	-6.218	-5.082	2.382	3.026	0.000000	0.000000
1582081416472	1582081416452	-11.339	-0.838	-6.048	-4.348	2.052	2.558	0.000000	0.000000
1582081416493	1582081416471	-12.671	3.103	-5.241	-4.045	1.174	2.392	0.000000	0.000000
1582081416511	1582081416490	-8.414	0.827	-6.264	-3.818	0.659	2.194	0.000000	0.000000
1582081416532	1582081416510	-7.513	3.900	-5.373	-2.641	-0.060	1.657	0.000000	0.000000
1582081416550	1582081416530	-8.905	2.501	-4.278	-1.861	0.297	1.443	0.000000	0.000000
1582081416576	1582081416550	-6.655	-0.603	-3.864	-2.099	0.176	0.859	0.000000	0.000000
1582081416592	1582081416571	-7.889	4.344	-4.575	-2.569	-0.307	0.706	0.000000	0.000000
1582081416613	1582081416592	-10.917	6.844	-4.345	-2.953	0.045	1.139	0.000000	0.000000
1582081416632	1582081416613	-8.814	2.144	-4.604	-1.134	-0.526	1.211	0.000000	0.000000
1582081416653	1582081416629	-9.406	2.178	-2.850	-0.597	-1.457	0.184	0.000000	0.000000
1582081416674	1582081416653	-11.882	2.873	-2.752	-0.796	-1.430	-0.339	0.000000	0.000000
1582081416691	1582081416673	-11.487	4.499	-2.081	-1.515	-1.860	-0.664	0.000000	0.000000
1582081416710	1582081416689	-13.320	6.969	-0.646	-2.213	-3.208	-0.683	0.000000	0.000000
1582081416729	1582081416710	-10.606	6.461	-0.706	-2.159	-4.041	-0.625	0.000000	0.000000
1582081416751	1582081416729	-9.916	1.567	0.503	-1.525	-4.315	-1.560	0.000000	0.000000
1582081416773	1582081416751	-13.075	1.122	-0.158	-0.885	-3.929	-1.532	0.000000	0.000000
1582081416793	1582081416770	-14.568	1.649	-2.584	-0.784	-3.758	-0.969	0.000000	0.000000
1582081416810	1582081416789	-13.097	-0.203	-4.846	-0.040	-4.689	-0.659	0.000000	0.000000
1582081416830	1582081416809	-12.469	-1.377	-6.726	2.040	-6.225	-0.618	0.000000	0.000000
1582081416850	1582081416829	-12.065	-2.254	-8.595	3.252	-7.791	-0.662	0.000000	0.000000
1582081416870	1582081416848	-10.289	-4.362	-10.679	4.630	-9.474	-0.799	0.000000	0.000000
1582081416891	1582081416870	-8.368	-4.371	-12.044	7.045	-10.811	-0.767	0.000000	0.000000
1582081416913	1582081416889	-6.239	-1.583	-11.330	8.738	-11.132	-0.185	0.000000	0.000000
1582081416929	1582081416913	-6.016	-1.636	-10.858	9.767	-10.152	0.184	0.000000	0.000000
1582081416950	1582081416929	-7.151	-6.285	-12.209	10.007	-8.105	0.264	0.000000	0.000000
1582081416971	1582081416948	-5.434	-6.515	-14.859	9.859	-6.665	0.568	0.000000	0.000000
1582081416992	1582081416968	-2.672	-1.446	-16.430	9.081	-6.216	0.768	0.000000	0.000000
1582081417010	1582081416992	-1.426	-1.142	-16.332	7.689	-5.886	0.695	0.000000	0.000000
1582081417029	1582081417008	-1.666	-1.389	-15.853	6.661	-4.908	0.608	0.000000	0.000000
1582081417049	1582081417028	-2.866	2.698	-12.674	4.367	-4.041	0.857	0.000000	0.000000
1582081417073	1582081417048	-5.187	6.363	-9.107	1.157	-4.063	0.435	0.000000	0.000000
1582081417090	1582081417072	-4.801	4.126	-4.877	-1.646	-4.728	-0.538	0.000000	0.000000
1582081417113	1582081417087	-6.081	0.640	1.778	-2.942	-5.354	-1.797	0.000000	0.000000
1582081417128	1582081417109	-12.445	2.415	4.813	-3.736	-4.762	-1.645	0.000000	0.000000
1582081417148	1582081417127	-7.918	3.301	5.148	-4.628	-3.841	-1.213	0.000000	0.000000
1582081417169	1582081417147	-9.144	2.013	5.666	-2.000	-5.210	-1.033	0.000000	0.000000
1582081417192	1582081417168	-12.285	1.306	7.884	-1.093	-4.594	-0.146	0.000000	0.000000
1582081417208	1582081417191	-13.933	2.667	8.600	-0.510	-3.971	0.420	0.000000	0.000000
1582081417227	1582081417207	-13.727	8.047	13.592	-0.624	-4.195	0.250	0.000000	0.000000
1582081417248	1582081417227	-7.729	8.576	8.528	0.342	-5.022	0.256	0.000000	0.000000
1582081417269	1582081417247	-13.746	6.900	10.150	0.106	-4.165	0.995	0.000000	0.000000
1582081417289	1582081417267	-11.427	6.449	10.042	-1.048	-1.939	1.531	0.000000	0.000000
1582081417315	1582081417289	-7.293	5.774	10.713	-0.579	-2.653	1.552	0.000000	0.000000
1582081417329	1582081417308	-7.925	5.275	10.656	0.636	-2.838	1.592	0.000000	0.000000
1582081417349	1582081417329	-8.016	6.636	9.369	-0.041	-2.300	1.739	0.000000	0.000000
1582081417367	1582081417347	-7.154	5.898	8.373	-1.198	-1.958	1.551	0.000000	0.000000
1582081417391	1582081417367	-6.914	5.726	7.587	-1.475	-1.817	1.582	0.000000	0.000000
1582081417407	1582081417389	-5.822	6.250	7.343	-1.643	-1.568	1.582	0.000000	0.000000
1582081417427	1582081417406	-4.188	6.123	7.877	-1.203	-1.620	1.445	0.000000	0.000000
1582081417449	1582081417427	-2.480	5.122	8.464	-0.596	-1.774	1.385	0.000000	0.000000
1582081417468	1582081417449	-0.897	5.187	8.672	-0.342	-1.824	1.394	0.000000	0.000000
1582081417486	1582081417466	-0.291	5.175	7.920	-0.640	-1.502	1.195	0.000000	0.000000
1582081417510	1582081417486	-1.163	5.194	7.630	-0.841	-1.075	1.296	0.000000	0.000000
1582081417530	1582081417506	-1.886	5.041	7.587	-1.040	-0.558	1.512	0.000000	0.000000
1582081417547	1582081417528	-2.174	4.176	8.112	-1.306	-0.404	1.678	0.000000	0.000000
1582081417566	1582081417546	-1.687	3.045	7.815	-1.622	-0.400	1.460	0.000000	0.000000
1582081417586	1582081417566	-1.160	2.830	6.447	-1.986	-0.537	1.121	0.000000	0.000000
1582081417613	1582081417586	-0.499	3.093	6.418	-2.249	-0.549	0.970	0.000000	0.000000
1582081417627	1582081417608	-0.945	1.831	6.485	-1.819	-0.355	1.031	0.000000	0.000000
1582081417647	1582081417626	-3.105	1.026	7.393	-0.901	0.068	1.362	0.000000	0.000000
1582081417667	1582081417647	-4.179	2.089	8.708	-0.868	0.832	1.246	0.000000	0.000000
1582081417685	1582081417665	-2.988	2.837	7.827	-1.129	0.940	0.785	0.000000	0.000000
1582081417706	1582081417685	-1.028	3.234	6.959	-1.197	0.317	0.304	0.000000	0.000000
1582081417732	1582081417706	-0.818	3.107	6.734	-1.410	0.059	-0.044	0.000000	0.000000
1582081417748	1582081417725	-1.390	2.566	7.393	-1.666	0.005	0.160	0.000000	0.000000
1582081417767	1582081417748	-2.140	1.447	8.215	-1.778	0.075	0.430	0.000000	0.000000
1582081417786	1582081417764	-2.432	0.839	8.286	-1.942	0.182	0.486	0.000000	0.000000
1582081417809	1582081417786	-2.483	0.432	8.598	-2.063	0.140	0.404	0.000000	0.000000
1582081417825	1582081417809	-1.505	0.290	8.615	-1.712	0.052	0.283	0.000000	0.000000
1582081417845	1582081417825	-0.770	0.010	8.636	-1.663	-0.142	0.155	0.000000	0.000000
1582081417863	1582081417843	-1.282	-0.603	8.052	-1.789	-0.096	0.124	0.000000	0.000000
1582081417885	1582081417863	-2.080	-0.967	8.696	-1.851	0.142	0.238	0.000000	0.000000
1582081417905	1582081417884	-2.933	-1.451	8.809	-1.564	0.285	0.302	0.000000	0.000000
1582081417930	1582081417905	-2.013	-1.061	7.558	-1.553	0.182	0.206	0.000000	0.000000
1582081417948	1582081417930	-1.611	-1.025	6.789	-2.037	0.070	-0.093	0.000000	0.000000
1582081417965	1582081417948	-1.730	-1.379	7.391	-1.945	-0.064	0.026	0.000000	0.000000
1582081417984	1582081417965	-2.011	-1.942	7.824	-1.601	0.013	0.134	0.000000	0.000000
1582081418005	1582081417984	-1.881	-2.635	7.316	-1.740	-0.067	0.117	0.000000	0.000000
1582081418026	1582081418004	-1.486	-2.800	6.404	-1.951	-0.205	0.190	0.000000	0.000000
1582081418048	1582081418026	-1.215	-2.108	6.463	-2.071	-0.058	0.237	0.000000	0.000000
1582081418066	1582081418047	-1.872	-2.414	6.976	-2.174	0.191	0.346	0.000000	0.000000
1582081418085	1582081418064	-2.389	-3.610	7.014	-1.924	0.470	0.597	0.000000	0.000000
1582081418106	1582081418084	-2.303	-4.479	6.535	-2.016	0.483	0.653	0.000000	0.000000
1582081418126	1582081418103	-1.953	-4.635	6.614	-2.295	0.235	0.584	0.000000	0.000000
1582081418153	1582081418126	-1.651	-5.028	7.230	-1.847	-0.033	0.622	0.000000	0.000000
1582081418169	1582081418153	-1.972	-5.744	7.443	-1.496	0.045	0.722	0.000000	0.000000
1582081418184	1582081418165	-1.764	-5.840	7.086	-1.546	0.348	0.832	0.000000	0.000000
1582081418205	1582081418184	-1.429	-5.056	6.456	-1.626	0.272	0.860	0.000000	0.000000
1582081418228	1582081418204	-2.075	-4.973	5.611	-1.527	0.088	0.810	0.000000	0.000000
1582081418247	1582081418228	-3.225	-5.849	4.856	-1.717	0.290	0.829	0.000000	0.000000
1582081418282	1582081418247	-4.219	-7.064	3.939	-2.596	0.723	0.887	0.000000	0.000000
1582081418285	1582081418269	-5.106	-8.202	2.949	-3.345	0.845	0.814	0.000000	0.000000
1582081418305	1582081418285	-4.255	-8.863	2.801	-3.048	0.481	0.846	0.000000	0.000000
1582081418324	1582081418304	-3.549	-9.548	2.921	-2.159	0.093	0.729	0.000000	0.000000
1582081418348	1582081418324	-4.145	-9.761	2.815	-1.423	0.280	0.676	0.000000	0.000000
1582081418364	1582081418348	-5.206	-8.971	2.695	-1.082	0.951	0.707	0.000000	0.000000
1582081418385	1582081418364	-6.205	-8.293	2.815	-1.081	1.382	0.713	0.000000	0.000000
1582081418404	1582081418384	-6.294	-8.130	2.398	-1.019	1.268	0.564	0.000000	0.000000
1582081418424	1582081418403	-6.402	-8.616	2.084	-1.429	1.083	0.272	0.000000	0.000000
1582081418448	1582081418424	-6.481	-8.142	1.155	-2.142	1.149	0.150	0.000000	0.000000
1582081418466	1582081418448	-6.471	-7.658	-0.009	-2.749	1.187	0.096	0.000000	0.000000
1582081418485	1582081418465	-6.711	-8.630	-1.109	-3.109	1.146	0.138	0.000000	0.000000
1582081418505	1582081418485	-6.833	-11.050	-1.667	-3.226	1.062	0.391	0.000000	0.000000
1582081418523	1582081418503	-7.221	-12.614	-1.037	-2.012	1.090	0.682	0.000000	0.000000
1582081418545	1582081418523	-7.978	-11.268	-0.438	-0.349	1.285	0.880	0.000000	0.000000
1582081418569	1582081418545	-8.591	-9.802	-0.486	-0.062	1.604	0.873	0.000000	0.000000
1582081418584	1582081418568	-9.173	-6.597	-0.694	-0.241	1.827	1.080	0.000000	0.000000
1582081418604	1582081418583	-10.258	-5.174	-0.287	-0.477	1.905	1.109	0.000000	0.000000
1582081418623	1582081418602	-11.358	-7.617	-0.426	-0.269	2.093	0.986	0.000000	0.000000
1582081418649	1582081418622	-11.288	-8.947	-1.629	-0.657	2.309	0.987	0.000000	0.000000
1582081418667	1582081418648	-11.631	-8.690	-2.477	-1.451	2.277	0.993	0.000000	0.000000
1582081418686	1582081418665	-12.359	-8.216	-3.562	-1.982	2.202	1.209	0.000000	0.000000
1582081418703	1582081418684	-13.092	-7.747	-3.756	-2.246	2.309	1.514	0.000000	0.000000
1582081418723	1582081418702	-12.563	-7.608	-4.956	-1.703	2.270	1.707	0.000000	0.000000
1582081418744	1582081418722	-13.523	-7.977	-5.183	-0.809	2.351	1.864	0.000000	0.000000
1582081418768	1582081418742	-12.948	-8.051	-4.388	-0.606	2.736	1.983	0.000000	0.000000
1582081418783	1582081418768	-13.174	-9.986	-3.370	-0.750	2.622	1.964	0.000000	0.000000
1582081418805	1582081418783	-10.884	-7.272	-2.412	-0.730	2.355	2.010	0.000000	0.000000
1582081418823	1582081418804	-9.451	-6.369	-2.867	-0.634	1.950	1.903	0.000000	0.000000
1582081418843	1582081418822	-9.743	-8.324	-2.529	-0.525	1.795	1.809	0.000000	0.000000
1582081418863	1582081418842	-10.306	-6.345	-2.984	-0.853	1.940	1.682	0.000000	0.000000
1582081418888	1582081418862	-10.162	-7.188	-4.182	-1.491	1.925	1.738	0.000000	0.000000
1582081418903	1582081418886	-9.334	-5.952	-4.024	-1.607	1.470	1.754	0.000000	0.000000
1582081418922	1582081418903	-9.722	-4.340	-4.122	-1.465	1.086	1.764	0.000000	0.000000
1582081418942	1582081418922	-9.528	-5.224	-4.412	-1.426	0.868	1.954	0.000000	0.000000
1582081418971	1582081418941	-9.750	-4.920	-4.918	-1.570	0.562	2.106	0.000000	0.000000
1582081418982	1582081418965	-9.777	-4.319	-6.235	-1.385	0.410	2.242	0.000000	0.000000
1582081419003	1582081418982	-9.372	-4.043	-6.424	-1.273	0.295	2.078	0.000000	0.000000
1582081419021	1582081419003	-9.250	-2.402	-6.630	-1.362	-0.075	1.931	0.000000	0.000000
1582081419042	1582081419020	-11.025	-3.118	-6.774	-1.530	-0.128	1.970	0.000000	0.000000
1582081419062	1582081419039	-11.046	-3.847	-6.163	-1.047	-0.136	2.205	0.000000	0.000000
1582081419082	1582081419060	-9.556	-0.469	-6.158	-0.896	-0.666	2.045	0.000000	0.000000
1582081419107	1582081419081	-8.845	-0.165	-6.709	-1.337	-1.371	1.749	0.000000	0.000000
1582081419121	1582081419101	-8.323	-0.979	-6.630	-1.729	-1.631	1.568	0.000000	0.000000
1582081419144	1582081419118	-8.692	1.126	-6.199	-2.493	-1.764	1.643	0.000000	0.000000
1582081419161	1582081419141	-9.813	2.118	-5.581	-3.109	-1.813	1.703	0.000000	0.000000
1582081419180	1582081419158	-9.652	1.550	-6.206	-3.136	-1.911	1.680	0.000000	0.000000
1582081419204	1582081419181	-8.704	1.220	-6.525	-3.663	-2.089	1.477	0.000000	0.000000
1582081419226	1582081419203	-9.063	1.390	-5.734	-3.922	-1.934	1.274	0.000000	0.000000
1582081419240	1582081419220	-8.950	2.693	-5.164	-3.362	-1.527	1.255	0.000000	0.000000
1582081419260	1582081419238	-7.856	3.373	-3.849	-2.864	-1.504	1.057	0.000000	0.000000
1582081419281	1582081419259	-7.559	3.742	-3.305	-2.180	-1.400	0.833	0.000000	0.000000
1582081419300	1582081419279	-7.822	4.552	-3.095	-1.959	-1.012	0.867	0.000000	0.000000
1582081419320	1582081419297	-8.332	5.508	-2.917	-1.941	-0.627	0.885	0.000000	0.000000
1582081419339	1582081419318	-8.354	6.226	-2.618	-1.708	-0.477	0.952	0.000000	0.000000
1582081419358	1582081419338	-7.551	5.558	-2.261	-1.559	-0.533	0.829	0.000000	0.000000
1582081419378	1582081419357	-6.782	4.499	-2.242	-1.529	-0.722	0.683	0.000000	0.000000
1582081419402	1582081419378	-6.687	4.310	-1.861	-1.492	-0.634	0.806	0.000000	0.000000
1582081419426	1582081419402	-6.644	4.801	-1.288	-1.443	-0.415	1.025	0.000000	0.000000
1582081419438	1582081419420	-5.896	5.043	-1.700	-1.530	-0.216	0.942	0.000000	0.000000
1582081419459	1582081419438	-5.618	5.053	-1.664	-1.803	-0.106	0.798	0.000000	0.000000
1582081419477	1582081419457	-6.196	4.504	-0.689	-1.855	0.006	0.827	0.000000	0.000000
1582081419503	1582081419478	-6.217	4.226	-0.476	-1.725	0.090	0.817	0.000000	0.000000
1582081419518	1582081419502	-5.678	4.837	-0.886	-1.957	0.081	0.670	0.000000	0.000000
1582081419539	1582081419517	-5.154	4.724	-0.716	-2.467	0.036	0.450	0.000000	0.000000
1582081419558	1582081419537	-4.844	3.821	-0.179	-2.957	0.017	0.376	0.000000	0.000000
1582081419578	1582081419557	-5.350	3.254	0.285	-3.032	-0.111	0.320	0.000000	0.000000
1582081419599	1582081419577	-5.388	3.821	0.966	-2.926	-0.077	0.304	0.000000	0.000000
1582081419620	1582081419599	-5.352	3.503	1.165	-2.900	-0.008	0.114	0.000000	0.000000
1582081419641	1582081419620	-5.431	2.533	1.385	-2.742	-0.022	0.144	0.000000	0.000000
1582081419657	1582081419637	-5.156	1.586	2.089	-2.686	0.027	0.204	0.000000	0.000000
1582081419677	1582081419656	-4.171	1.052	2.549	-2.886	0.010	0.126	0.000000	0.000000
1582081419702	1582081419677	-3.594	1.383	2.384	-3.092	-0.106	-0.001	0.000000	0.000000
1582081419717	1582081419697	-3.637	1.395	2.772	-2.879	-0.213	-0.243	0.000000	0.000000
1582081419737	1582081419717	-3.457	1.268	3.687	-2.342	-0.244	-0.405	0.000000	0.000000
1582081419757	1582081419737	-4.016	1.349	3.507	-2.089	-0.013	-0.550	0.000000	0.000000
1582081419776	1582081419756	-4.809	1.311	3.301	-2.100	0.207	-0.612	0.000000	0.000000
1582081419797	1582081419776	-4.708	1.807	3.371	-1.910	0.332	-0.643	0.000000	0.000000
1582081419821	1582081419797	-4.571	1.986	3.287	-1.574	0.405	-0.623	0.000000	0.000000
1582081419839	1582081419817	-5.235	1.778	3.380	-1.581	0.408	-0.620	0.000000	0.000000
1582081419856	1582081419836	-5.896	1.692	3.615	-1.712	0.319	-0.669	0.000000	0.000000
1582081419876	1582081419856	-5.875	1.167	2.394	-1.644	0.302	-0.394	0.000000	0.000000
1582081419895	1582081419876	-7.084	0.441	2.686	-1.365	0.272	-0.452	0.000000	0.000000
1582081419917	1582081419895	-7.865	1.014	3.649	-1.587	0.490	-0.499	0.000000	0.000000
1582081419937	1582081419915	-6.495	1.548	4.111	-2.450	0.809	-0.198	0.000000	0.000000
1582081419959	1582081419936	-7.556	1.205	3.615	-2.919	0.510	-0.481	0.000000	0.000000
1582081419975	1582081419958	-9.200	-0.512	4.272	-2.231	0.072	-0.621	0.000000	0.000000
1582081419996	1582081419975	-8.816	-0.776	4.978	-1.884	0.097	-0.593	0.000000	0.000000
1582081420015	1582081419995	-9.463	0.772	5.941	-1.559	-0.064	-0.613	0.000000	0.000000
1582081420044	1582081420015	-8.850	2.022	6.202	-1.135	-0.112	-0.680	0.000000	0.000000
1582081420059	1582081420037	-8.136	1.272	6.950	-1.096	-0.243	-0.684	0.000000	0.000000
1582081420076	1582081420059	-9.005	-0.234	7.031	-1.921	-0.125	-0.614	0.000000	0.000000
1582081420095	1582081420075	-10.931	-1.422	7.139	-2.814	-0.063	-0.539	0.000000	0.000000
1582081420117	1582081420095	-11.492	-2.663	7.371	-2.651	-0.280	-0.538	0.000000	0.000000
1582081420137	1582081420116	-11.468	0.199	6.753	-3.008	-0.541	-0.524	0.000000	0.000000
1582081420160	1582081420134	-11.238	0.307	5.889	-3.549	-0.442	-0.697	0.000000	0.000000
1582081420176	1582081420154	-10.014	-2.052	5.915	-3.772	-0.605	-0.663	0.000000	0.000000
1582081420195	1582081420174	-10.896	-3.162	5.445	-3.441	-0.762	-0.670	0.000000	0.000000
1582081420214	1582081420194	-11.255	-3.521	5.177	-3.364	-0.611	-0.861	0.000000	0.000000
1582081420238	1582081420214	-10.934	-4.268	5.460	-2.594	-0.803	-0.828	0.000000	0.000000
1582081420255	1582081420237	-10.788	-5.071	5.728	-2.221	-0.808	-0.866	0.000000	0.000000
1582081420279	1582081420255	-10.893	-5.801	5.206	-2.425	-0.696	-0.934	0.000000	0.000000
1582081420295	1582081420279	-10.378	-6.616	4.765	-2.365	-0.548	-0.917	0.000000	0.000000
1582081420314	1582081420294	-10.268	-7.251	4.588	-2.203	-0.455	-0.909	0.000000	0.000000
1582081420335	1582081420314	-10.220	-7.996	3.991	-2.162	-0.418	-1.048	0.000000	0.000000
1582081420356	1582081420334	-9.322	-9.035	3.421	-2.424	-0.444	-1.229	0.000000	0.000000
1582081420381	1582081420355	-8.395	-10.362	3.467	-2.885	-0.548	-1.380	0.000000	0.000000
1582081420394	1582081420375	-8.220	-11.828	3.052	-3.521	-0.637	-1.573	0.000000	0.000000
1582081420414	1582081420393	-7.065	-13.172	3.091	-4.284	-0.749	-1.815	0.000000	0.000000
1582081420436	1582081420413	-7.168	-13.548	2.806	-4.693	-0.866	-2.048	0.000000	0.000000
1582081420455	1582081420436	-6.850	-13.944	2.736	-4.789	-0.861	-2.328	0.000000	0.000000
1582081420473	1582081420455	-6.243	-13.527	2.585	-4.435	-0.786	-2.518	0.000000	0.000000
1582081420494	1582081420473	-5.659	-13.754	2.159	-4.023	-0.646	-2.722	0.000000	0.000000
1582081420514	1582081420493	-5.204	-13.747	1.581	-3.734	-0.512	-2.806	0.000000	0.000000
1582081420535	1582081420513	-3.824	-14.042	1.090	-3.494	-0.464	-2.854	0.000000	0.000000
1582081420554	1582081420534	-2.226	-14.202	0.527	-3.274	-0.466	-2.871	0.000000	0.000000
1582081420575	1582081420554	-1.630	-14.516	0.319	-3.082	-0.488	-2.931	0.000000	0.000000
1582081420594	1582081420574	-1.417	-14.461	0.254	-2.814	-0.374	-2.875	0.000000	0.000000
1582081420614	1582081420593	-1.055	-14.193	-0.651	-2.663	-0.168	-2.865	0.000000	0.000000
1582081420633	1582081420612	-0.259	-14.471	-1.018	-2.311	-0.041	-2.887	0.000000	0.000000
1582081420657	1582081420632	0.689	-13.766	-0.919	-1.715	0.100	-2.918	0.000000	0.000000
1582081420675	1582081420657	1.276	-12.173	-1.269	-0.930	0.255	-3.073	0.000000	0.000000
1582081420694	1582081420673	1.573	-10.765	-2.148	-0.229	0.441	-3.195	0.000000	0.000000
1582081420713	1582081420692	1.643	-9.843	-2.172	0.275	0.621	-3.172	0.000000	0.000000
1582081420732	1582081420713	2.373	-8.281	-1.365	0.656	0.829	-3.029	0.000000	0.000000
1582081420754	1582081420732	3.303	-5.174	-0.761	1.114	1.067	-2.813	0.000000	0.000000
1582081420777	1582081420754	4.711	-3.442	-0.395	1.723	1.483	-2.649	0.000000	0.000000
1582081420796	1582081420772	5.643	-1.456	-0.625	2.663	1.902	-2.355	0.000000	0.000000
1582081420812	1582081420792	6.572	0.288	-1.257	3.770	2.426	-2.122	0.000000	0.000000
1582081420833	1582081420812	5.971	-1.454	-2.194	4.701	3.180	-1.526	0.000000	0.000000
1582081420852	1582081420831	2.517	1.852	0.650	5.895	3.593	-0.494	0.000000	0.000000
1582081420872	1582081420852	4.464	9.348	8.512	6.613	3.306	0.177	0.000000	0.000000
1582081420894	1582081420872	7.296	-4.642	9.915	5.335	1.569	0.960	0.000000	0.000000
1582081420912	1582081420891	6.714	-8.597	5.397	3.263	1.583	1.863	0.000000	0.000000
1582081420933	1582081420912	6.721	-2.848	4.930	4.068	1.872	1.691	0.000000	0.000000
1582081420956	1582081420931	11.577	-4.922	8.952	6.142	1.217	1.401	0.000000	0.000000
1582081420976	1582081420956	9.727	-8.130	9.408	6.341	0.988	1.179	0.000000	0.000000
1582081420995	1582081420971	9.727	-5.696	10.536	4.534	1.314	1.244	0.000000	0.000000
1582081421011	1582081420991	8.455	-5.212	9.580	3.794	1.104	0.818	0.000000	0.000000
1582081421032	1582081421011	9.294	-4.151	8.198	2.960	0.273	0.793	0.000000	0.000000
1582081421051	1582081421031	8.690	-3.126	7.117	2.607	-0.593	0.586	0.000000	0.000000
1582081421072	1582081421051	6.846	-1.894	6.286	1.831	-0.965	0.218	0.000000	0.000000
1582081421094	1582081421072	1.123	-4.137	6.119	0.338	-0.996	0.019	0.000000	0.000000
1582081421116	1582081421090	-2.514	-4.527	9.190	-0.858	-0.706	0.205	0.000000	0.000000
1582081421131	1582081421112	-2.334	-6.546	8.452	-0.652	0.097	0.241	0.000000	0.000000
1582081421150	1582081421129	-0.758	-9.716	6.772	-0.606	0.764	0.409	0.000000	0.000000
1582081421176	1582081421149	-0.245	-5.811	6.662	-0.494	1.125	0.172	0.000000	0.000000
1582081421198	1582081421174	-0.552	-3.073	5.867	-0.710	1.258	0.090	0.000000	0.000000
1582081421213	1582081421193	-1.632	-4.144	7.628	-0.556	1.355	0.181	0.000000	0.000000
1582081421230	1582081421213	-1.194	-6.046	7.613	0.093	1.599	0.312	0.000000	0.000000
1582081421251	1582081421230	-2.509	-3.653	7.058	0.600	1.397	0.418	0.000000	0.000000
1582081421302	1582081421249	-2.533	-3.111	7.062	0.370	1.313	0.570	0.000000	0.000000
1582081421309	1582081421284	-2.138	-4.228	6.370	0.508	0.944	0.319	0.000000	0.000000
1582081421311	1582081421308	-2.039	-3.933	6.674	0.520	0.785	0.313	0.000000	0.000000
1582081421328	1582081421310	-1.814	-3.463	7.927	1.051	0.749	0.452	0.000000	0.000000
1582081421350	1582081421328	-2.178	-4.352	9.642	1.222	0.828	0.494	0.000000	0.000000
1582081421370	1582081421349	-1.987	-5.241	10.009	1.046	0.747	0.413	0.000000	0.000000
1582081421398	1582081421370	-2.494	-4.182	11.017	0.770	0.666	0.408	0.000000	0.000000
1582081421410	1582081421393	-2.054	-3.787	11.487	0.787	0.725	0.374	0.000000	0.000000
1582081421430	1582081421409	-1.814	-3.878	10.991	0.983	0.499	0.275	0.000000	0.000000
1582081421449	1582081421429	-1.014	-4.446	10.898	1.167	0.171	0.292	0.000000	0.000000
1582081421469	1582081421448	-1.222	-4.472	10.428	1.290	0.066	0.256	0.000000	0.000000
1582081421490	1582081421468	-1.273	-4.728	10.131	1.052	0.135	0.281	0.000000	0.000000
1582081421514	1582081421490	-1.393	-4.206	9.364	1.101	0.118	0.273	0.000000	0.000000
1582081421530	1582081421509	-1.064	-2.982	8.823	1.089	0.011	0.216	0.000000	0.000000
1582081421549	1582081421530	-0.942	-3.257	8.758	1.014	-0.066	0.157	0.000000	0.000000
1582081421569	1582081421548	-0.964	-3.372	8.545	0.994	-0.060	0.218	0.000000	0.000000
1582081421590	1582081421568	-1.908	-2.620	8.708	0.860	-0.018	0.254	0.000000	0.000000
1582081421620	1582081421588	-1.668	-1.937	9.211	0.704	0.085	0.221	0.000000	0.000000
1582081421629	1582081421613	-1.476	-2.606	8.833	0.482	0.071	0.016	0.000000	0.000000
1582081421649	1582081421627	-1.814	-1.343	9.180	0.120	0.032	0.048	0.000000	0.000000
1582081421669	1582081421647	-2.147	-1.180	10.112	0.146	0.195	0.010	0.000000	0.000000
1582081421692	1582081421668	-1.920	-1.882	9.839	0.356	0.132	0.060	0.000000	0.000000
1582081421709	1582081421687	-1.682	-2.146	9.985	0.246	0.059	0.025	0.000000	0.000000
1582081421729	1582081421709	-1.407	-1.799	10.083	0.167	0.081	-0.059	0.000000	0.000000
1582081421749	1582081421729	-1.788	-2.029	10.186	0.119	0.090	-0.061	0.000000	0.000000
1582081421768	1582081421747	-2.456	-1.576	10.500	0.067	0.199	0.085	0.000000	0.000000
1582081421789	1582081421767	-1.850	-1.418	10.727	0.391	0.189	0.043	0.000000	0.000000
1582081421813	1582081421787	-1.797	-2.012	10.028	0.280	0.060	-0.073	0.000000	0.000000
1582081421828	1582081421813	-1.548	-1.513	9.918	-0.016	0.015	-0.029	0.000000	0.000000
1582081421849	1582081421828	-2.109	-1.331	10.119	0.070	0.008	0.000	0.000000	0.000000
1582081421867	1582081421846	-1.749	-1.401	9.769	0.319	0.042	0.078	0.000000	0.000000
1582081421888	1582081421867	-1.967	-1.171	10.081	0.376	-0.013	0.117	0.000000	0.000000
1582081421909	1582081421887	-1.886	-1.164	10.148	0.444	0.036	0.096	0.000000	0.000000
1582081421933	1582081421909	-1.553	-0.778	9.511	0.304	-0.071	0.074	0.000000	0.000000
1582081421950	1582081421927	-1.266	-1.037	9.360	0.185	-0.135	0.043	0.000000	0.000000
1582081421967	1582081421947	-2.197	-1.166	9.235	0.144	-0.075	0.013	0.000000	0.000000
1582081421986	1582081421967	-2.329	-1.250	8.883	-0.081	0.033	0.131	0.000000	0.000000
1582081422008	1582081421986	-2.377	0.300	7.791	-0.028	-0.090	0.094	0.000000	0.000000
1582081422028	1582081422007	-3.232	1.296	7.302	-0.391	-0.181	-0.080	0.000000	0.000000
1582081422049	1582081422028	-3.802	1.131	7.206	-0.456	-0.137	-0.048	0.000000	0.000000
1582081422069	1582081422046	-4.983	0.875	6.878	-0.490	-0.055	0.106	0.000000	0.000000
1582081422086	1582081422069	-5.465	0.269	6.114	-0.836	0.061	0.118	0.000000	0.000000
1582081422112	1582081422086	-5.822	0.120	4.415	-1.435	0.086	0.161	0.000000	0.000000
1582081422132	1582081422111	-6.605	1.126	3.287	-2.727	0.328	0.066	0.000000	0.000000
1582081422151	1582081422126	-7.616	3.699	0.568	-4.323	0.851	-0.012	0.000000	0.000000
1582081422168	1582081422146	-9.420	5.426	-5.607	-6.569	1.450	-0.093	0.000000	0.000000
1582081422187	1582081422165	-11.899	2.710	-14.794	-9.662	2.130	-0.549	0.000000	0.000000
1582081422205	1582081422186	-16.645	-2.910	-19.727	-10.248	3.063	-0.285	0.000000	0.000000
1582081422227	1582081422205	-23.237	-5.219	-18.387	-4.281	4.237	1.003	0.000000	0.000000
1582081422248	1582081422227	-21.165	-16.675	-9.234	0.101	4.277	1.976	0.000000	0.000000
1582081422269	1582081422245	-20.355	-14.672	-2.889	0.047	3.938	2.151	0.000000	0.000000
1582081422288	1582081422269	-23.295	-6.091	0.834	-2.995	4.686	3.068	0.000000	0.000000
1582081422306	1582081422286	-15.349	-11.927	2.782	-2.888	3.675	4.145	0.000000	0.000000
1582081422325	1582081422305	-19.733	-15.213	0.441	-0.407	2.396	5.238	0.000000	0.000000
1582081422348	1582081422324	-17.919	-18.500	0.491	-0.354	2.545	6.264	0.000000	0.000000
1582081422368	1582081422348	-8.196	-10.269	-1.585	-2.864	1.504	5.361	0.000000	0.000000
1582081422386	1582081422365	-25.932	-19.132	-1.835	-3.214	2.009	5.959	0.000000	0.000000
1582081422404	1582081422385	-12.901	-8.662	-0.476	-3.030	3.500	6.565	0.000000	0.000000
1582081422426	1582081422404	-27.700	-10.396	-0.088	-3.059	3.052	6.468	0.000000	0.000000
1582081422445	1582081422426	-21.136	-8.127	-0.996	-2.961	4.639	6.517	0.000000	0.000000
1582081422470	1582081422444	-24.135	-3.969	-1.930	-3.380	4.502	6.016	0.000000	0.000000
1582081422484	1582081422470	-24.514	-6.970	-2.187	-3.591	5.030	5.522	0.000000	0.000000
1582081422504	1582081422484	-20.844	-0.776	-1.770	-4.063	4.998	4.893	0.000000	0.000000
1582081422525	1582081422504	-19.807	-4.783	-1.976	-3.531	4.378	4.896	0.000000	0.000000
1582081422548	1582081422524	-18.784	1.055	-1.720	-2.693	4.262	4.465	0.000000	0.000000
1582081422566	1582081422548	-17.078	-0.603	-1.269	-1.861	3.858	4.611	0.000000	0.000000
1582081422585	1582081422564	-14.577	0.456	-2.026	-1.795	3.443	3.631	0.000000	0.000000
1582081422605	1582081422584	-13.447	4.914	-2.215	-1.748	3.115	3.413	0.000000	0.000000
1582081422623	1582081422604	-11.775	3.987	-1.090	-1.991	2.906	2.956	0.000000	0.000000
1582081422647	1582081422623	-10.546	5.187	-1.492	-1.765	2.378	2.449	0.000000	0.000000
1582081422667	1582081422645	-9.853	8.322	0.130	-1.098	1.922	2.475	0.000000	0.000000
1582081422694	1582081422665	-7.954	7.331	-0.448	-1.231	1.418	2.165	0.000000	0.000000
1582081422714	1582081422694	-8.574	7.714	-0.071	-1.429	0.859	1.755	0.000000	0.000000
1582081422726	1582081422718	-6.646	7.894	-0.110	-0.653	0.451	1.662	0.000000	0.000000
1582081422755	1582081422725	-7.762	4.219	-1.049	-0.574	0.154	1.243	0.000000	0.000000
1582081422773	1582081422755	-8.258	3.663	-1.425	-1.097	0.114	1.044	0.000000	0.000000
1582081422783	1582081422769	-6.799	3.570	-1.614	-1.375	-0.165	0.919	0.000000	0.000000
1582081422804	1582081422783	-9.173	3.048	-2.268	-0.992	-0.780	0.708	0.000000	0.000000
1582081422823	1582081422802	-8.694	3.462	0.664	-0.258	-1.192	0.400	0.000000	0.000000
1582081422846	1582081422822	-6.888	5.925	0.427	0.714	-2.628	0.017	0.000000	0.000000
1582081422871	1582081422845	-8.958	7.446	-2.438	1.296	-2.058	-0.450	0.000000	0.000000
1582081422884	1582081422863	-9.571	5.309	-4.472	1.128	-1.383	-0.891	0.000000	0.000000
1582081422904	1582081422884	-10.433	5.213	-3.892	0.801	-1.906	-1.152	0.000000	0.000000
1582081422923	1582081422903	-11.408	5.364	-2.927	0.195	-3.162	-0.973	0.000000	0.000000
1582081422942	1582081422922	-10.311	3.560	-2.316	-0.497	-4.217	-1.047	0.000000	0.000000
1582081422963	1582081422942	-10.179	4.470	0.027	-0.342	-4.584	-1.204	0.000000	0.000000
1582081422983	1582081422963	-10.160	4.633	0.913	0.124	-4.750	-1.030	0.000000	0.000000
1582081423004	1582081422983	-11.365	1.807	0.379	0.601	-4.973	-0.630	0.000000	0.000000
1582081423022	1582081423002	-13.035	0.741	-0.812	1.779	-5.102	-0.212	0.000000	0.000000
1582081423043	1582081423022	-13.667	-0.859	-2.321	2.965	-5.890	0.163	0.000000	0.000000
1582081423062	1582081423042	-13.540	-2.721	-4.716	4.145	-7.204	0.690	0.000000	0.000000
1582081423088	1582081423062	-12.922	-3.006	-6.769	5.833	-8.439	1.012	0.000000	0.000000
1582081423106	1582081423088	-10.615	-3.478	-7.502	7.328	-9.569	1.201	0.000000	0.000000
1582081423123	1582081423102	-8.855	-5.557	-8.010	8.105	-9.928	1.081	0.000000	0.000000
1582081423143	1582081423121	-7.396	-9.522	-7.778	8.290	-9.106	0.734	0.000000	0.000000
1582081423162	1582081423141	-4.708	-11.493	-10.025	8.777	-8.184	0.476	0.000000	0.000000
1582081423182	1582081423162	-3.273	-7.205	-12.708	8.611	-6.879	0.581	0.000000	0.000000
1582081423204	1582081423182	-2.147	-4.062	-14.720	7.609	-5.452	0.553	0.000000	0.000000
1582081423222	1582081423204	-1.738	-2.364	-14.387	7.124	-4.579	0.131	0.000000	0.000000
1582081423241	1582081423221	-1.735	2.281	-12.914	5.805	-4.073	0.273	0.000000	0.000000
1582081423265	1582081423241	-3.297	5.850	-10.379	3.129	-3.740	0.674	0.000000	0.000000
1582081423283	1582081423264	-3.728	6.183	-7.311	1.010	-3.668	0.365	0.000000	0.000000
1582081423309	1582081423281	-7.484	1.926	-2.136	-1.171	-4.101	-0.254	0.000000	0.000000
1582081423321	1582081423308	-11.224	-0.136	3.886	-2.614	-4.325	-0.654	0.000000	0.000000
1582081423341	1582081423321	-7.465	4.260	6.564	-2.966	-5.315	-0.514	0.000000	0.000000
1582081423362	1582081423340	-9.288	2.765	8.296	-2.095	-6.626	-0.096	0.000000	0.000000
1582081423381	1582081423360	-12.323	1.886	9.242	-1.637	-5.659	0.877	0.000000	0.000000
1582081423405	1582081423381	-14.314	3.833	8.480	-2.241	-4.264	0.814	0.000000	0.000000
1582081423426	1582081423400	-13.713	3.666	7.479	-2.610	-4.194	0.750	0.000000	0.000000
1582081423441	1582081423426	-12.232	5.383	11.930	-2.727	-4.499	0.881	0.000000	0.000000
1582081423460	1582081423440	-9.058	11.592	10.426	-1.849	-4.697	0.716	0.000000	0.000000
1582081423492	1582081423460	-14.702	7.278	9.786	-1.625	-3.919	1.410	0.000000	0.000000
1582081423501	1582081423482	-11.363	5.778	11.128	-1.968	-1.876	1.681	0.000000	0.000000
1582081423521	1582081423501	-8.069	5.824	11.523	-0.987	-2.712	1.496	0.000000	0.000000
1582081423540	1582081423519	-6.809	7.192	11.360	0.322	-2.986	1.924	0.000000	0.000000
1582081423560	1582081423540	-7.695	6.679	10.464	-0.184	-2.158	1.880	0.000000	0.000000
1582081423580	1582081423559	-5.930	5.426	9.566	-0.796	-1.692	1.953	0.000000	0.000000
