1582082837013	1582082837047	-2.207	-4.982	8.984	0.103	-0.334	-0.086	0.000000	0.000000
1582082837028	1582082837067	-1.848	-3.943	10.507	0.279	-0.112	-0.178	0.000000	0.000000
1582082837053	1582082837086	-2.135	-3.401	10.066	0.531	-0.475	-0.145	0.000000	0.000000
1582082837068	1582082837109	-2.815	-3.353	10.006	0.328	-0.622	-0.008	0.000000	0.000000
1582082837088	1582082837135	-2.152	-1.827	10.050	0.331	-0.424	-0.015	0.000000	0.000000
1582082837109	1582082837147	-1.570	-2.321	9.477	0.141	-0.449	-0.035	0.000000	0.000000
1582082837135	1582082837165	-1.721	-3.238	10.593	0.133	-0.552	-0.054	0.000000	0.000000
1582082837147	1582082837184	-2.277	-3.243	10.689	0.242	-0.331	-0.196	0.000000	0.000000
1582082837167	1582082837207	-2.023	-2.910	9.894	0.430	-0.167	-0.084	0.000000	0.000000
1582082837186	1582082837227	-1.314	-2.100	10.066	0.492	-0.167	0.042	0.000000	0.000000
1582082837207	1582082837249	-0.981	-2.484	10.505	0.142	-0.275	-0.037	0.000000	0.000000
1582082837228	1582082837265	-1.455	-2.774	11.147	0.100	-0.504	-0.169	0.000000	0.000000
1582082837250	1582082837286	-1.682	-2.826	10.957	0.105	-0.639	-0.103	0.000000	0.000000
1582082837266	1582082837306	-1.067	-3.154	10.787	0.073	-0.442	0.018	0.000000	0.000000
1582082837287	1582082837327	-0.437	-2.182	9.676	-0.170	-0.493	0.014	0.000000	0.000000
1582082837308	1582082837344	-0.803	-1.578	9.779	-0.143	-0.650	0.011	0.000000	0.000000
1582082837328	1582082837366	-0.746	-2.055	9.328	-0.192	-0.573	-0.022	0.000000	0.000000
1582082837346	1582082837384	-0.506	-2.021	9.348	-0.016	-0.392	0.043	0.000000	0.000000
1582082837366	1582082837404	0.014	-2.381	9.283	0.026	-0.559	0.098	0.000000	0.000000
1582082837386	1582082837425	-0.451	-2.680	9.848	-0.001	-0.778	0.070	0.000000	0.000000
1582082837405	1582082837445	-0.739	-1.878	10.004	0.275	-0.606	0.042	0.000000	0.000000
1582082837425	1582082837464	-0.025	-1.427	9.015	0.001	-0.582	0.273	0.000000	0.000000
1582082837447	1582082837484	0.157	-1.008	9.767	-0.300	-0.683	0.218	0.000000	0.000000
1582082837468	1582082837504	-0.231	-1.820	9.705	-0.517	-0.933	0.101	0.000000	0.000000
1582082837486	1582082837529	-0.437	-2.282	8.744	-1.289	-1.064	0.061	0.000000	0.000000
1582082837505	1582082837547	-0.398	-0.730	7.515	-2.053	-0.601	0.255	0.000000	0.000000
1582082837529	1582082837564	-0.521	1.641	4.973	-3.519	-0.173	0.572	0.000000	0.000000
1582082837548	1582082837583	-1.692	1.083	3.869	-7.003	0.671	0.217	0.000000	0.000000
1582082837567	1582082837604	-2.574	-2.326	3.421	-10.777	1.291	-0.246	0.000000	0.000000
1582082837585	1582082837625	-4.598	-4.601	4.710	-11.963	2.123	-0.178	0.000000	0.000000
1582082837606	1582082837646	-6.739	-3.123	7.683	-12.174	4.523	-0.505	0.000000	0.000000
1582082837627	1582082837667	-10.747	6.959	1.950	-10.511	5.089	-0.770	0.000000	0.000000
1582082837647	1582082837684	-12.697	13.446	-11.632	-3.764	5.031	0.877	0.000000	0.000000
1582082837667	1582082837704	-13.174	11.932	-31.338	0.424	4.860	2.817	0.000000	0.000000
1582082837684	1582082837724	-16.671	-0.285	-33.055	-0.190	3.300	3.412	0.000000	0.000000
1582082837704	1582082837747	-23.779	-18.488	-14.064	-0.668	2.614	4.231	0.000000	0.000000
1582082837724	1582082837763	-19.186	-21.576	-1.617	1.821	1.438	6.468	0.000000	0.000000
1582082837758	1582082837787	-12.057	-6.245	0.156	2.802	-0.057	8.299	0.000000	0.000000
1582082837765	1582082837803	-17.124	-14.595	0.230	1.225	-0.096	8.441	0.000000	0.000000
1582082837787	1582082837824	-19.400	-18.838	2.276	-0.635	1.443	8.469	0.000000	0.000000
1582082837804	1582082837848	-17.919	-17.650	0.997	-1.464	3.506	9.314	0.000000	0.000000
1582082837825	1582082837865	-16.975	-19.319	1.464	-1.582	3.339	8.942	0.000000	0.000000
1582082837848	1582082837882	-23.599	-13.891	-0.021	-2.739	3.749	7.833	0.000000	0.000000
1582082837867	1582082837902	-23.707	-10.202	1.740	-2.740	4.191	7.317	0.000000	0.000000
1582082837884	1582082837939	-23.297	-9.282	-0.692	-2.395	4.518	7.376	0.000000	0.000000
1582082837903	1582082837947	-23.297	-13.489	-2.786	-2.546	5.043	6.847	0.000000	0.000000
1582082837940	1582082837970	-25.048	-8.834	0.523	-2.325	4.881	5.554	0.000000	0.000000
1582082837947	1582082837994	-27.422	-5.703	0.525	-2.697	4.674	5.211	0.000000	0.000000
1582082837970	1582082838004	-24.440	-7.711	-0.491	-1.786	4.215	4.706	0.000000	0.000000
1582082837994	1582082838020	-22.459	-8.796	-0.654	-2.074	3.686	3.629	0.000000	0.000000
1582082838060	1582082838060	-14.680	0.700	0.405	-3.097	3.142	2.983	0.000000	0.000000
1582082838066	1582082838064	-12.793	1.459	0.194	-2.096	2.681	3.069	0.000000	0.000000
1582082838081	1582082838081	-11.068	3.182	0.597	-0.664	2.371	3.145	0.000000	0.000000
1582082838103	1582082838101	-9.281	5.160	0.494	-0.352	2.083	2.782	0.000000	0.000000
1582082838127	1582082838127	-8.814	4.461	0.319	-1.079	2.071	2.140	0.000000	0.000000
1582082838147	1582082838147	-7.221	2.497	-1.473	-1.113	1.694	1.766	0.000000	0.000000
1582082838161	1582082838160	-8.294	1.931	0.029	0.045	1.339	1.916	0.000000	0.000000
1582082838182	1582082838182	-7.503	3.666	-0.419	0.086	0.847	1.770	0.000000	0.000000
1582082838203	1582082838201	-5.846	7.601	-2.225	-0.226	0.157	1.458	0.000000	0.000000
1582082838222	1582082838222	-7.068	8.253	-1.197	0.002	-0.313	1.355	0.000000	0.000000
1582082838241	1582082838241	-8.495	5.357	-1.988	-0.803	-0.405	0.947	0.000000	0.000000
1582082838262	1582082838261	-5.501	14.397	-4.055	-1.369	-1.561	-0.379	0.000000	0.000000
1582082838280	1582082838279	-4.188	13.456	-2.663	-0.590	-2.339	-0.432	0.000000	0.000000
1582082838300	1582082838299	-9.655	4.739	-0.783	-1.624	-1.620	0.788	0.000000	0.000000
1582082838320	1582082838319	-13.442	4.437	-2.007	-2.484	-1.637	0.591	0.000000	0.000000
1582082838340	1582082838339	-12.941	6.186	-1.329	-1.652	-2.641	-0.015	0.000000	0.000000
1582082838360	1582082838358	-12.419	9.173	1.965	-0.686	-3.577	-0.501	0.000000	0.000000
1582082838380	1582082838378	-12.172	6.377	1.344	-1.333	-4.019	-0.750	0.000000	0.000000
1582082838399	1582082838398	-13.243	0.341	-0.328	-1.614	-4.180	-0.657	0.000000	0.000000
1582082838419	1582082838418	-16.774	-0.213	1.153	0.695	-4.689	-0.736	0.000000	0.000000
1582082838441	1582082838438	-18.439	1.608	0.082	2.576	-6.477	-0.626	0.000000	0.000000
1582082838461	1582082838460	-17.502	1.282	-2.659	2.931	-8.469	-0.276	0.000000	0.000000
1582082838480	1582082838478	-19.646	-1.372	-4.712	4.146	-9.993	0.411	0.000000	0.000000
1582082838501	1582082838499	-19.349	-3.312	-6.820	6.421	-11.896	1.225	0.000000	0.000000
1582082838520	1582082838518	-15.251	-3.121	-11.294	7.476	-12.552	1.780	0.000000	0.000000
1582082838539	1582082838538	-12.960	-7.507	-13.953	8.543	-11.628	1.814	0.000000	0.000000
1582082838559	1582082838558	-8.284	-14.193	-14.200	10.039	-10.151	2.144	0.000000	0.000000
1582082838579	1582082838579	-4.856	-13.536	-15.661	9.487	-8.276	2.549	0.000000	0.000000
1582082838606	1582082838604	-1.623	-8.424	-17.324	8.447	-7.674	1.736	0.000000	0.000000
1582082838618	1582082838617	0.641	-5.871	-18.519	6.996	-7.230	1.155	0.000000	0.000000
1582082838638	1582082838637	1.465	-1.578	-17.194	3.964	-6.123	1.007	0.000000	0.000000
1582082838663	1582082838662	0.100	6.636	-13.989	0.795	-5.053	0.763	0.000000	0.000000
1582082838680	1582082838679	-1.201	10.574	-8.360	-1.571	-4.712	-0.459	0.000000	0.000000
1582082838698	1582082838697	-3.611	2.092	-1.564	-4.202	-4.088	-0.651	0.000000	0.000000
1582082838718	1582082838717	-12.342	-4.419	7.364	-4.604	-3.145	-0.357	0.000000	0.000000
1582082838738	1582082838737	-15.023	1.256	7.815	-3.213	-4.726	0.466	0.000000	0.000000
1582082838758	1582082838757	-10.105	3.536	5.084	-1.449	-6.355	0.912	0.000000	0.000000
1582082838778	1582082838777	-8.735	3.237	4.712	-1.421	-4.904	1.188	0.000000	0.000000
1582082838798	1582082838797	-12.695	5.553	5.342	-2.023	-3.162	1.143	0.000000	0.000000
1582082838818	1582082838816	-19.256	7.822	7.093	-2.695	-2.700	1.319	0.000000	0.000000
1582082838837	1582082838836	-18.882	6.636	8.119	-2.841	-4.444	1.278	0.000000	0.000000
1582082838857	1582082838856	-8.423	5.199	13.425	-0.825	-5.184	1.339	0.000000	0.000000
1582082838883	1582082838879	-11.619	15.329	10.030	-0.197	-4.435	1.531	0.000000	0.000000
1582082838897	1582082838896	-13.071	12.788	8.452	-0.739	-3.731	1.529	0.000000	0.000000
1582082838917	1582082838916	-7.515	8.873	11.149	-0.197	-3.611	2.396	0.000000	0.000000
1582082838937	1582082838936	-4.262	9.971	11.341	-0.567	-4.158	1.875	0.000000	0.000000
1582082838958	1582082838958	-2.550	8.107	8.018	-1.345	-3.239	1.946	0.000000	0.000000
1582082838977	1582082838976	-1.821	7.338	4.480	-2.411	-2.097	2.244	0.000000	0.000000
1582082839002	1582082839001	-1.060	6.782	3.747	-3.045	-1.263	2.067	0.000000	0.000000
1582082839017	1582082839015	-0.640	5.965	5.218	-3.070	-0.462	1.586	0.000000	0.000000
1582082839038	1582082839037	-1.431	5.802	6.037	-2.610	0.312	1.421	0.000000	0.000000
1582082839064	1582082839064	-2.221	5.079	5.659	-1.922	0.426	1.352	0.000000	0.000000
1582082839081	1582082839081	-0.118	5.014	4.830	-1.300	-0.083	0.986	0.000000	0.000000
1582082839100	1582082839097	0.644	3.625	4.993	-1.015	0.147	1.259	0.000000	0.000000
1582082839118	1582082839117	-0.681	3.266	4.947	-1.197	0.879	1.614	0.000000	0.000000
1582082839138	1582082839137	-1.929	3.491	5.065	-1.334	1.054	1.619	0.000000	0.000000
1582082839159	1582082839158	-2.964	1.526	5.587	-1.675	1.099	1.406	0.000000	0.000000
1582082839178	1582082839177	-2.037	0.348	5.747	-1.995	0.983	0.884	0.000000	0.000000
1582082839201	1582082839200	-1.690	-0.117	6.842	-1.625	0.548	0.583	0.000000	0.000000
1582082839218	1582082839218	-0.008	0.750	8.155	-1.097	-0.043	0.454	0.000000	0.000000
1582082839237	1582082839236	0.423	1.407	7.589	-1.422	-0.164	0.507	0.000000	0.000000
1582082839257	1582082839257	0.052	0.408	6.935	-2.207	0.366	0.290	0.000000	0.000000
1582082839280	1582082839280	-0.588	-0.534	6.588	-2.327	0.823	0.095	0.000000	0.000000
1582082839297	1582082839296	-3.199	0.017	8.035	-1.765	0.787	0.024	0.000000	0.000000
1582082839318	1582082839315	-2.705	0.566	7.807	-1.819	-0.067	-0.259	0.000000	0.000000
1582082839336	1582082839336	-1.977	1.265	6.612	-2.193	-0.507	-0.406	0.000000	0.000000
1582082839357	1582082839356	-1.591	0.084	6.047	-2.565	-0.256	-0.376	0.000000	0.000000
1582082839379	1582082839379	-1.258	1.330	6.016	-2.554	0.130	-0.161	0.000000	0.000000
1582082839399	1582082839399	-3.148	-0.833	8.294	-2.203	0.437	0.244	0.000000	0.000000
1582082839419	1582082839417	-2.837	-1.473	9.029	-2.139	0.457	0.171	0.000000	0.000000
1582082839436	1582082839435	-2.782	-1.430	8.148	-1.727	0.592	0.316	0.000000	0.000000
1582082839456	1582082839455	-0.334	-0.486	8.876	-1.197	0.688	0.405	0.000000	0.000000
1582082839476	1582082839475	-1.903	-1.164	8.303	-1.358	1.183	0.805	0.000000	0.000000
1582082839496	1582082839496	-4.363	0.132	9.094	-0.847	1.215	0.914	0.000000	0.000000
1582082839516	1582082839515	-4.035	-0.469	9.891	-0.716	0.567	0.943	0.000000	0.000000
1582082839541	1582082839541	-2.346	-2.031	7.819	-1.506	0.455	1.045	0.000000	0.000000
1582082839556	1582082839554	-3.364	-1.159	8.133	-1.225	0.892	1.211	0.000000	0.000000
1582082839576	1582082839575	-3.884	-2.067	8.016	-1.351	0.949	1.306	0.000000	0.000000
1582082839595	1582082839594	-4.320	-3.360	7.810	-1.263	0.820	1.327	0.000000	0.000000
1582082839621	1582082839615	-4.143	-3.957	7.575	-1.055	0.804	1.318	0.000000	0.000000
1582082839639	1582082839635	-4.397	-4.860	6.614	-1.287	1.033	1.252	0.000000	0.000000
1582082839656	1582082839654	-5.767	-4.769	6.174	-2.137	1.246	0.999	0.000000	0.000000
1582082839675	1582082839675	-6.054	-5.291	5.953	-2.764	0.963	0.622	0.000000	0.000000
1582082839702	1582082839695	-5.029	-6.865	5.654	-2.835	0.781	0.401	0.000000	0.000000
1582082839716	1582082839714	-5.448	-7.416	4.224	-2.703	0.848	0.361	0.000000	0.000000
1582082839742	1582082839735	-6.294	-6.221	3.567	-2.622	0.816	0.273	0.000000	0.000000
1582082839755	1582082839754	-6.131	-5.722	3.960	-3.018	0.775	0.018	0.000000	0.000000
1582082839775	1582082839774	-6.176	-7.260	2.628	-3.523	0.920	0.106	0.000000	0.000000
1582082839799	1582082839799	-7.465	-11.733	2.183	-2.990	1.338	0.190	0.000000	0.000000
1582082839821	1582082839821	-8.972	-13.683	1.617	-3.013	1.919	-0.696	0.000000	0.000000
1582082839840	1582082839835	-10.639	-12.499	-1.293	-4.679	2.328	-2.330	0.000000	0.000000
1582082839855	1582082839854	-15.967	-12.760	-8.331	-9.239	2.726	-3.768	0.000000	0.000000
1582082839875	1582082839873	-22.808	-21.418	-18.347	-14.556	2.526	-4.768	0.000000	0.000000
1582082839895	1582082839893	-15.598	-31.658	-21.710	-15.473	1.733	-4.463	0.000000	0.000000
1582082839915	1582082839913	-10.639	-23.624	-17.463	-11.056	3.069	-3.137	0.000000	0.000000
1582082839938	1582082839936	-16.242	-6.748	-18.809	-5.002	6.477	-1.205	0.000000	0.000000
1582082839953	1582082839953	-19.114	-7.354	-11.740	-0.441	7.482	0.165	0.000000	0.000000
1582082839974	1582082839973	-15.996	-6.580	1.380	0.892	6.068	1.357	0.000000	0.000000
1582082839994	1582082839993	-14.656	14.254	3.378	1.439	4.530	3.645	0.000000	0.000000
1582082840013	1582082840013	-12.819	7.118	3.991	3.595	3.213	5.217	0.000000	0.000000
1582082840043	1582082840042	-15.404	-5.164	5.905	5.189	0.388	9.348	0.000000	0.000000
1582082840055	1582082840055	-17.327	-7.411	7.019	4.964	-0.260	11.097	0.000000	0.000000
1582082840075	1582082840075	-18.245	-14.229	3.150	1.231	1.006	9.797	0.000000	0.000000
1582082840093	1582082840093	-12.117	-12.128	-7.196	-1.226	1.049	9.265	0.000000	0.000000
1582082840115	1582082840115	-17.624	-17.008	-9.613	-1.877	2.609	8.479	0.000000	0.000000
1582082840134	1582082840134	-15.392	-19.607	-12.550	-3.659	3.207	7.189	0.000000	0.000000
1582082840156	1582082840156	-18.113	-13.905	-11.232	-5.173	4.104	6.919	0.000000	0.000000
1582082840174	1582082840172	-22.003	-17.851	-11.826	-6.328	4.069	6.109	0.000000	0.000000
1582082840193	1582082840192	-17.898	-15.194	-11.460	-5.622	3.744	6.133	0.000000	0.000000
1582082840217	1582082840212	-21.400	-6.082	-8.992	-3.981	4.369	5.573	0.000000	0.000000
1582082840237	1582082840236	-20.463	-9.383	-6.844	-3.852	3.835	4.269	0.000000	0.000000
1582082840253	1582082840253	-17.689	-8.453	-8.125	-4.098	2.851	3.775	0.000000	0.000000
1582082840275	1582082840272	-13.511	-3.483	-8.240	-4.146	1.753	3.383	0.000000	0.000000
1582082840292	1582082840292	-12.460	-3.703	-6.798	-3.537	1.796	2.682	0.000000	0.000000
1582082840314	1582082840312	-11.779	-2.306	-6.420	-3.324	1.976	1.963	0.000000	0.000000
1582082840332	1582082840333	-10.297	-2.730	-4.901	-2.515	1.711	1.894	0.000000	0.000000
1582082840357	1582082840352	-7.925	3.117	-3.669	-2.285	1.282	1.754	0.000000	0.000000
1582082840373	1582082840372	-5.664	5.400	-4.582	-2.229	1.055	1.483	0.000000	0.000000
1582082840392	1582082840391	-5.745	4.298	-4.771	-2.089	0.973	1.909	0.000000	0.000000
1582082840412	1582082840411	-10.903	3.455	-2.120	-1.887	0.737	1.702	0.000000	0.000000
1582082840436	1582082840436	-4.840	6.270	-2.553	-1.849	-0.917	0.886	0.000000	0.000000
1582082840452	1582082840451	-1.702	7.175	-4.101	-2.427	-1.736	0.656	0.000000	0.000000
1582082840474	1582082840470	-4.653	3.898	-2.685	-2.967	-0.774	0.681	0.000000	0.000000
1582082840491	1582082840490	-11.094	1.462	-1.794	-2.514	-0.476	0.492	0.000000	0.000000
1582082840512	1582082840510	-9.451	7.594	-4.206	-2.182	-2.836	-0.266	0.000000	0.000000
1582082840531	1582082840530	-5.314	9.182	-1.954	-1.178	-3.782	-0.641	0.000000	0.000000
1582082840559	1582082840550	-9.731	1.069	-1.375	-1.206	-2.041	-0.297	0.000000	0.000000
1582082840572	1582082840572	-12.278	-0.670	-0.929	-0.139	-1.895	-0.277	0.000000	0.000000
1582082840591	1582082840591	-11.435	4.118	-0.946	0.479	-3.390	-0.314	0.000000	0.000000
1582082840611	1582082840610	-10.891	5.944	0.274	0.735	-4.277	-0.080	0.000000	0.000000
1582082840635	1582082840635	-11.849	4.425	2.092	0.863	-4.883	-0.114	0.000000	0.000000
1582082840650	1582082840650	-13.653	2.432	2.379	0.649	-5.569	-0.017	0.000000	0.000000
1582082840672	1582082840670	-15.579	0.635	0.748	1.269	-6.634	0.202	0.000000	0.000000
1582082840693	1582082840690	-17.064	-0.723	-1.557	2.807	-8.208	0.446	0.000000	0.000000
1582082840712	1582082840709	-16.503	-0.661	-4.266	4.345	-9.668	0.887	0.000000	0.000000
1582082840731	1582082840730	-15.823	-2.848	-7.706	5.916	-10.420	1.461	0.000000	0.000000
1582082840757	1582082840754	-13.899	-4.381	-11.860	7.381	-10.651	1.868	0.000000	0.000000
1582082840774	1582082840773	-10.675	-4.168	-13.661	7.960	-10.254	2.100	0.000000	0.000000
1582082840790	1582082840790	-8.548	-5.023	-12.377	8.292	-9.476	1.832	0.000000	0.000000
1582082840810	1582082840810	-6.809	-7.397	-10.993	8.306	-8.643	1.357	0.000000	0.000000
1582082840830	1582082840829	-6.176	-7.850	-11.263	7.760	-7.793	1.282	0.000000	0.000000
1582082840851	1582082840851	-5.522	-5.746	-15.122	7.123	-7.318	1.467	0.000000	0.000000
1582082840871	1582082840870	-3.553	-3.212	-17.575	5.586	-6.921	1.459	0.000000	0.000000
1582082840896	1582082840894	-1.134	2.595	-16.996	1.832	-6.510	0.886	0.000000	0.000000
1582082840912	1582082840911	-0.042	6.344	-11.757	-2.193	-5.589	-0.379	0.000000	0.000000
1582082840929	1582082840927	-2.061	4.171	-5.801	-4.712	-4.728	-1.241	0.000000	0.000000
1582082840952	1582082840952	-7.367	-2.625	-1.923	-4.313	-3.878	-1.347	0.000000	0.000000
1582082840972	1582082840967	-15.186	-4.508	5.790	-2.956	-4.073	-0.690	0.000000	0.000000
1582082840991	1582082840988	-7.580	2.712	9.729	0.207	-6.277	-0.737	0.000000	0.000000
1582082841010	1582082841009	-8.258	8.900	10.754	0.040	-6.560	0.020	0.000000	0.000000
1582082841029	1582082841027	-16.264	8.236	10.541	-2.148	-4.741	0.948	0.000000	0.000000
1582082841058	1582082841058	-15.988	6.464	10.002	-1.339	-4.708	1.010	0.000000	0.000000
1582082841068	1582082841067	-13.578	8.354	10.833	-0.466	-4.777	1.330	0.000000	0.000000
1582082841088	1582082841086	-9.355	11.458	13.042	-1.098	-4.358	1.274	0.000000	0.000000
1582082841114	1582082841108	-6.715	12.654	11.120	-1.985	-3.522	1.773	0.000000	0.000000
1582082841129	1582082841129	-9.868	6.363	9.774	-1.824	-2.813	2.469	0.000000	0.000000
1582082841149	1582082841148	-7.520	5.136	11.702	-0.804	-2.680	2.470	0.000000	0.000000
1582082841175	1582082841175	-6.723	5.980	11.810	-0.708	-2.351	2.689	0.000000	0.000000
1582082841189	1582082841189	-6.586	4.202	8.234	-1.538	-1.984	2.785	0.000000	0.000000
1582082841211	1582082841212	-5.328	3.814	5.383	-2.029	-1.829	2.399	0.000000	0.000000
1582082841227	1582082841226	-2.883	5.546	5.649	-2.144	-1.635	1.946	0.000000	0.000000
1582082841247	1582082841246	-1.038	5.838	5.347	-2.455	-0.907	1.721	0.000000	0.000000
1582082841267	1582082841266	-2.142	3.575	6.272	-2.510	0.084	1.768	0.000000	0.000000
1582082841287	1582082841286	-5.019	2.408	6.552	-2.827	0.338	1.645	0.000000	0.000000
1582082841307	1582082841306	-4.856	3.555	5.316	-2.984	-0.294	1.051	0.000000	0.000000
1582082841327	1582082841326	-2.118	2.542	4.499	-2.687	-0.508	0.491	0.000000	0.000000
1582082841348	1582082841346	-1.632	1.426	4.696	-2.422	-0.090	0.531	0.000000	0.000000
1582082841370	1582082841368	-1.579	1.467	5.170	-2.234	-0.012	0.611	0.000000	0.000000
1582082841392	1582082841386	-0.652	0.889	6.013	-1.702	-0.106	0.473	0.000000	0.000000
1582082841407	1582082841405	-0.207	1.524	6.387	-1.568	0.032	0.295	0.000000	0.000000
1582082841428	1582082841427	-0.739	1.471	6.145	-2.252	0.121	0.157	0.000000	0.000000
1582082841446	1582082841446	-1.321	1.421	5.685	-2.849	0.248	0.258	0.000000	0.000000
1582082841472	1582082841472	-2.804	-0.445	6.828	-2.603	0.176	0.474	0.000000	0.000000
1582082841489	1582082841488	-2.358	0.003	7.398	-2.356	-0.375	0.359	0.000000	0.000000
1582082841508	1582082841508	-1.728	1.150	6.899	-2.539	-0.687	0.280	0.000000	0.000000
1582082841528	1582082841526	-1.517	-0.194	7.386	-2.446	-0.485	0.313	0.000000	0.000000
1582082841546	1582082841546	-1.944	-1.446	7.898	-1.825	-0.180	0.781	0.000000	0.000000
1582082841567	1582082841567	-3.053	-1.918	8.428	-1.378	0.184	1.053	0.000000	0.000000
1582082841592	1582082841592	-3.666	-1.873	9.570	-1.739	0.381	1.034	0.000000	0.000000
1582082841606	1582082841606	-3.314	-2.067	9.611	-2.048	0.272	0.864	0.000000	0.000000
1582082841631	1582082841631	-0.897	-3.792	8.162	-2.106	-0.010	0.914	0.000000	0.000000
1582082841646	1582082841646	-1.251	-4.240	7.084	-1.658	0.317	1.162	0.000000	0.000000
1582082841666	1582082841666	-3.271	-3.109	7.644	-1.145	0.693	1.224	0.000000	0.000000
1582082841687	1582082841685	-3.740	-4.132	7.474	-1.173	0.474	1.098	0.000000	0.000000
1582082841710	1582082841710	-1.956	-4.905	6.935	-1.529	0.031	1.017	0.000000	0.000000
1582082841731	1582082841729	-1.124	-4.117	6.281	-1.701	0.512	0.975	0.000000	0.000000
1582082841747	1582082841745	-2.746	-5.298	6.796	-1.144	1.174	1.101	0.000000	0.000000
1582082841765	1582082841765	-3.913	-6.448	7.398	-0.864	1.191	1.010	0.000000	0.000000
1582082841791	1582082841785	-3.616	-4.316	6.775	-1.248	0.646	0.650	0.000000	0.000000
1582082841807	1582082841805	-2.787	-3.885	5.618	-2.152	0.334	0.548	0.000000	0.000000
1582082841826	1582082841824	-3.333	-6.752	5.043	-2.825	0.413	0.780	0.000000	0.000000
1582082841845	1582082841845	-5.070	-7.708	4.791	-2.891	0.448	0.821	0.000000	0.000000
1582082841866	1582082841864	-4.365	-6.846	4.264	-2.902	0.185	0.576	0.000000	0.000000
1582082841889	1582082841889	-4.114	-6.544	3.251	-3.443	0.048	0.394	0.000000	0.000000
1582082841909	1582082841905	-4.382	-8.451	2.149	-3.777	0.224	0.430	0.000000	0.000000
1582082841928	1582082841927	-4.722	-10.039	1.670	-3.511	0.663	0.572	0.000000	0.000000
1582082841945	1582082841944	-5.748	-12.233	0.769	-3.315	1.000	0.513	0.000000	0.000000
1582082841966	1582082841964	-6.814	-14.725	-1.188	-3.516	1.323	0.021	0.000000	0.000000
1582082841987	1582082841984	-8.296	-16.938	-3.090	-4.342	2.112	-1.344	0.000000	0.000000
1582082842005	1582082842004	-11.516	-17.362	-6.935	-6.441	2.847	-3.125	0.000000	0.000000
1582082842024	1582082842023	-18.755	-14.576	-12.916	-9.758	3.556	-4.388	0.000000	0.000000
1582082842047	1582082842047	-20.032	-18.531	-17.595	-10.718	3.950	-4.499	0.000000	0.000000
1582082842064	1582082842063	-8.165	-23.056	-17.705	-7.064	3.266	-4.360	0.000000	0.000000
1582082842084	1582082842083	-7.283	-5.914	-17.745	-7.044	4.396	-2.874	0.000000	0.000000
1582082842105	1582082842103	-14.898	-2.663	-19.027	-3.030	5.696	0.273	0.000000	0.000000
1582082842135	1582082842126	-13.480	-13.623	-7.821	2.243	4.923	1.722	0.000000	0.000000
1582082842145	1582082842142	-11.923	-8.024	-1.195	2.401	3.846	3.304	0.000000	0.000000
1582082842167	1582082842162	-10.725	0.132	0.271	2.147	3.328	3.634	0.000000	0.000000
1582082842184	1582082842182	-11.070	-2.105	0.226	1.526	2.005	6.056	0.000000	0.000000
1582082842205	1582082842203	-5.958	-0.007	8.876	3.558	0.327	8.894	0.000000	0.000000
1582082842224	1582082842224	-19.304	-7.404	4.858	1.840	1.710	10.625	0.000000	0.000000
1582082842245	1582082842245	-19.340	-11.325	3.804	0.947	1.504	10.123	0.000000	0.000000
1582082842263	1582082842263	-12.927	-18.732	-0.352	-1.936	2.263	8.587	0.000000	0.000000
1582082842283	1582082842283	-15.849	-7.782	-4.896	-4.739	2.971	7.660	0.000000	0.000000
1582082842307	1582082842307	-18.702	-16.421	-4.862	-4.388	3.001	7.134	0.000000	0.000000
1582082842328	1582082842328	-19.124	-10.183	-8.556	-4.555	2.904	7.198	0.000000	0.000000
1582082842347	1582082842342	-20.935	-16.016	-11.043	-4.832	2.935	6.434	0.000000	0.000000
1582082842364	1582082842364	-20.525	-10.607	-12.142	-5.823	2.819	5.638	0.000000	0.000000
1582082842384	1582082842382	-18.762	-12.971	-12.851	-4.609	2.645	5.261	0.000000	0.000000
1582082842404	1582082842402	-16.113	-10.509	-10.406	-4.229	2.883	4.477	0.000000	0.000000
1582082842427	1582082842427	-15.603	-8.556	-10.482	-4.247	2.901	3.619	0.000000	0.000000
1582082842445	1582082842443	-14.113	-6.266	-8.175	-4.018	2.497	3.293	0.000000	0.000000
1582082842467	1582082842464	-12.848	-0.711	-6.386	-3.010	2.039	2.948	0.000000	0.000000
1582082842483	1582082842482	-14.029	0.796	-4.278	-2.416	1.804	2.356	0.000000	0.000000
1582082842503	1582082842502	-11.815	0.527	-4.537	-2.555	0.545	2.011	0.000000	0.000000
1582082842528	1582082842525	-9.288	5.285	-3.892	-2.414	-0.053	1.717	0.000000	0.000000
1582082842544	1582082842542	-8.960	4.133	-4.120	-1.675	0.672	1.361	0.000000	0.000000
1582082842566	1582082842564	-8.021	1.658	-2.163	-0.648	0.652	1.115	0.000000	0.000000
1582082842582	1582082842581	-6.550	-1.310	-1.473	-0.723	0.171	1.482	0.000000	0.000000
1582082842603	1582082842601	-7.472	3.093	-1.272	-0.383	-0.176	1.934	0.000000	0.000000
1582082842624	1582082842624	-7.051	6.550	-3.150	-0.372	-0.846	1.571	0.000000	0.000000
1582082842649	1582082842643	-9.195	8.926	-3.164	-1.562	-0.742	0.885	0.000000	0.000000
1582082842664	1582082842663	-10.615	2.794	-4.879	-2.577	-1.845	0.161	0.000000	0.000000
1582082842683	1582082842681	-9.156	1.529	-1.962	-2.243	-3.092	0.312	0.000000	0.000000
1582082842702	1582082842701	-11.652	3.675	-2.019	-0.530	-3.071	0.733	0.000000	0.000000
1582082842726	1582082842721	-10.488	4.542	-1.358	-0.268	-3.762	0.494	0.000000	0.000000
1582082842746	1582082842746	-9.640	3.730	-1.054	-1.163	-3.796	0.138	0.000000	0.000000
1582082842762	1582082842761	-12.690	3.325	1.095	-1.735	-3.524	0.015	0.000000	0.000000
1582082842788	1582082842781	-13.674	2.815	0.211	-1.296	-4.680	-0.195	0.000000	0.000000
1582082842802	1582082842801	-12.972	0.896	-1.099	-0.264	-5.988	-0.230	0.000000	0.000000
1582082842822	1582082842820	-14.168	-0.186	-0.495	0.725	-7.214	-0.268	0.000000	0.000000
1582082842848	1582082842841	-15.375	-0.747	-1.085	1.862	-8.214	-0.121	0.000000	0.000000
1582082842863	1582082842861	-15.433	-2.680	-2.905	3.789	-8.921	0.163	0.000000	0.000000
1582082842881	1582082842880	-14.580	-5.991	-6.223	6.518	-9.672	0.605	0.000000	0.000000
1582082842901	1582082842900	-11.250	-6.530	-10.530	8.957	-10.020	1.261	0.000000	0.000000
1582082842921	1582082842920	-8.090	-3.142	-13.007	9.485	-9.415	1.745	0.000000	0.000000
1582082842947	1582082842947	-6.485	-1.748	-11.932	8.890	-8.694	1.418	0.000000	0.000000
1582082842960	1582082842960	-5.774	-4.268	-10.585	7.918	-7.904	1.053	0.000000	0.000000
1582082842986	1582082842986	-5.764	-6.388	-11.996	7.202	-7.251	1.117	0.000000	0.000000
1582082843002	1582082842999	-3.961	-6.197	-16.699	7.212	-6.739	1.356	0.000000	0.000000
1582082843020	1582082843019	-1.182	-4.105	-18.435	6.012	-5.658	1.645	0.000000	0.000000
1582082843044	1582082843042	-0.111	4.437	-16.117	1.285	-5.361	1.369	0.000000	0.000000
1582082843066	1582082843060	0.220	9.971	-12.408	-1.798	-5.302	-0.354	0.000000	0.000000
1582082843080	1582082843079	-0.846	6.063	-6.252	-4.440	-4.608	-1.659	0.000000	0.000000
1582082843099	1582082843098	-7.777	-0.972	1.174	-5.557	-3.642	-1.416	0.000000	0.000000
1582082843120	1582082843120	-15.207	-3.983	10.960	-2.822	-4.147	-0.463	0.000000	0.000000
1582082843140	1582082843139	-13.023	4.241	9.221	1.063	-5.701	-0.275	0.000000	0.000000
1582082843161	1582082843161	-10.313	9.501	10.119	1.997	-5.381	0.357	0.000000	0.000000
1582082843181	1582082843179	-13.636	10.694	8.842	0.115	-4.827	1.178	0.000000	0.000000
1582082843201	1582082843200	-16.875	11.595	8.260	-0.376	-4.576	1.657	0.000000	0.000000
1582082843223	1582082843221	-13.272	11.904	8.155	-0.083	-4.383	1.915	0.000000	0.000000
1582082843238	1582082843237	-11.375	12.258	10.112	-1.401	-3.959	2.489	0.000000	0.000000
1582082843261	1582082843260	-8.936	10.584	10.071	-2.734	-3.851	3.193	0.000000	0.000000
1582082843281	1582082843281	-8.409	7.822	6.921	-3.170	-2.875	3.563	0.000000	0.000000
1582082843300	1582082843298	-6.888	4.161	9.233	-2.572	-2.786	3.189	0.000000	0.000000
1582082843319	1582082843318	-2.957	6.164	7.853	-2.253	-2.508	2.831	0.000000	0.000000
1582082843339	1582082843339	-4.701	7.779	6.677	-2.604	-1.345	2.530	0.000000	0.000000
1582082843359	1582082843359	-4.016	5.462	6.176	-2.495	-0.828	2.037	0.000000	0.000000
1582082843381	1582082843381	-3.321	3.864	6.013	-2.488	-0.497	1.587	0.000000	0.000000
1582082843404	1582082843397	-2.945	5.941	5.524	-2.365	-0.541	1.339	0.000000	0.000000
1582082843419	1582082843419	-3.010	5.057	5.479	-1.891	-0.958	1.359	0.000000	0.000000
1582082843439	1582082843438	-2.090	4.058	5.134	-2.336	-0.779	1.201	0.000000	0.000000
1582082843461	1582082843460	-2.147	4.173	4.130	-3.137	0.034	1.156	0.000000	0.000000
1582082843482	1582082843482	-1.781	3.766	3.790	-3.086	0.573	1.063	0.000000	0.000000
1582082843502	1582082843500	-2.370	3.012	5.898	-2.141	0.822	0.929	0.000000	0.000000
1582082843520	1582082843520	-2.796	3.309	5.905	-2.652	1.098	0.682	0.000000	0.000000
1582082843538	1582082843537	-1.390	3.009	4.789	-2.983	0.651	0.474	0.000000	0.000000
1582082843558	1582082843557	-0.489	0.561	5.215	-2.373	0.298	0.441	0.000000	0.000000
1582082843578	1582082843579	-2.396	1.083	6.174	-2.522	0.389	0.324	0.000000	0.000000
1582082843602	1582082843598	-2.681	2.013	6.238	-2.853	-0.040	0.113	0.000000	0.000000
1582082843618	1582082843618	-0.959	1.033	5.352	-2.988	-0.154	0.089	0.000000	0.000000
1582082843637	1582082843637	-2.214	-1.729	6.363	-2.431	0.346	0.409	0.000000	0.000000
1582082843658	1582082843657	-3.769	-1.085	7.436	-1.952	0.257	0.728	0.000000	0.000000
1582082843682	1582082843680	-4.420	0.444	7.460	-2.292	-0.267	0.752	0.000000	0.000000
1582082843701	1582082843697	-2.811	-2.479	7.827	-3.076	-0.473	0.456	0.000000	0.000000
1582082843719	1582082843719	-0.559	-3.962	7.568	-3.983	0.093	0.324	0.000000	0.000000
1582082843738	1582082843736	-2.035	-5.140	8.169	-3.147	0.729	0.668	0.000000	0.000000
1582082843757	1582082843756	-3.589	-5.567	8.737	-1.638	0.558	0.850	0.000000	0.000000
1582082843777	1582082843777	-1.012	-4.455	8.988	-1.122	0.219	0.675	0.000000	0.000000
1582082843804	1582082843798	-2.358	-2.929	8.480	-0.882	0.717	0.785	0.000000	0.000000
1582082843819	1582082843818	-4.353	-2.659	8.854	-0.788	0.787	0.941	0.000000	0.000000
1582082843837	1582082843837	-3.405	-2.340	8.222	-1.276	0.383	0.795	0.000000	0.000000
1582082843857	1582082843856	-3.148	-2.922	7.752	-1.788	0.554	0.746	0.000000	0.000000
1582082843881	1582082843879	-4.001	-4.922	7.443	-1.163	0.507	1.074	0.000000	0.000000
1582082843903	1582082843897	-3.620	-5.727	7.903	-0.585	0.204	1.064	0.000000	0.000000
1582082843917	1582082843916	-2.207	-4.043	7.321	-0.762	0.134	0.837	0.000000	0.000000
1582082843943	1582082843942	-2.677	-4.165	6.744	-1.283	0.514	0.861	0.000000	0.000000
1582082843957	1582082843955	-3.407	-4.886	5.910	-1.982	0.691	0.746	0.000000	0.000000
1582082843975	1582082843975	-4.097	-5.318	4.966	-2.969	0.726	0.483	0.000000	0.000000
1582082844003	1582082844002	-5.333	-6.271	4.200	-3.126	0.667	0.297	0.000000	0.000000
1582082844017	1582082844016	-5.788	-7.778	4.113	-3.116	0.180	0.228	0.000000	0.000000
1582082844036	1582082844036	-4.258	-7.754	3.395	-3.371	-0.329	0.066	0.000000	0.000000
1582082844056	1582082844055	-3.297	-7.900	3.000	-3.145	-0.191	0.111	0.000000	0.000000
1582082844076	1582082844075	-4.145	-10.116	2.149	-3.198	0.763	0.113	0.000000	0.000000
1582082844097	1582082844096	-6.227	-12.768	1.248	-2.896	1.452	0.008	0.000000	0.000000
1582082844116	1582082844115	-7.755	-14.334	0.135	-2.718	1.666	-0.672	0.000000	0.000000
1582082844137	1582082844136	-9.089	-14.207	-2.402	-3.695	2.079	-1.759	0.000000	0.000000
1582082844156	1582082844155	-11.542	-12.966	-7.562	-6.306	2.480	-3.103	0.000000	0.000000
1582082844175	1582082844174	-14.836	-12.727	-17.417	-10.971	2.913	-4.039	0.000000	0.000000
1582082844197	1582082844197	-15.047	-24.711	-21.221	-11.404	3.245	-4.012	0.000000	0.000000
1582082844219	1582082844219	-6.287	-24.146	-19.355	-8.982	3.549	-3.843	0.000000	0.000000
1582082844239	1582082844234	-9.211	-8.935	-20.337	-5.589	5.857	-1.659	0.000000	0.000000
1582082844255	1582082844254	-21.052	-3.370	-13.661	-2.617	7.593	0.353	0.000000	0.000000
1582082844276	1582082844274	-18.317	-1.549	-2.999	1.106	6.288	1.346	0.000000	0.000000
1582082844300	1582082844298	-17.212	3.036	0.029	3.106	4.906	3.454	0.000000	0.000000
1582082844315	1582082844316	-23.453	0.063	1.102	4.391	2.223	6.339	0.000000	0.000000
1582082844337	1582082844336	-10.737	5.647	9.707	4.586	-0.136	7.432	0.000000	0.000000
1582082844357	1582082844355	-18.128	-2.134	11.808	3.014	-0.699	10.079	0.000000	0.000000
1582082844375	1582082844373	-17.548	-16.677	4.537	2.346	-0.234	11.062	0.000000	0.000000
1582082844395	1582082844394	-17.469	-17.494	-2.656	0.136	0.982	10.489	0.000000	0.000000
1582082844424	1582082844414	-17.617	-24.968	-7.392	-2.142	2.551	8.292	0.000000	0.000000
1582082844440	1582082844434	-18.192	-21.442	-6.412	-3.837	3.885	7.244	0.000000	0.000000
1582082844454	1582082844454	-18.319	-16.701	-6.961	-4.282	4.376	7.077	0.000000	0.000000
1582082844474	1582082844474	-20.434	-16.991	-7.670	-3.819	4.550	6.713	0.000000	0.000000
1582082844495	1582082844493	-19.016	-13.271	-7.766	-5.013	4.149	6.018	0.000000	0.000000
1582082844514	1582082844514	-21.898	-10.846	-8.889	-5.258	4.201	4.650	0.000000	0.000000
1582082844538	1582082844536	-17.797	-17.915	-8.559	-4.173	3.453	4.041	0.000000	0.000000
1582082844556	1582082844554	-15.957	-4.982	-5.104	-3.827	3.038	4.136	0.000000	0.000000
1582082844573	1582082844572	-16.245	-0.138	-2.611	-4.333	1.988	3.491	0.000000	0.000000
1582082844593	1582082844593	-14.170	2.142	-4.611	-3.880	1.921	2.483	0.000000	0.000000
1582082844614	1582082844613	-13.298	-4.975	-5.603	-3.090	2.616	1.955	0.000000	0.000000
1582082844641	1582082844641	-14.082	-1.593	-2.874	-3.339	1.860	2.269	0.000000	0.000000
1582082844655	1582082844652	-9.945	7.118	-3.646	-3.272	0.206	2.033	0.000000	0.000000
1582082844676	1582082844672	-9.521	2.298	-4.630	-2.394	0.451	1.715	0.000000	0.000000
1582082844693	1582082844692	-10.977	-2.987	-2.007	-1.536	0.825	1.896	0.000000	0.000000
1582082844717	1582082844712	-7.235	5.098	-3.679	-1.873	-0.454	1.668	0.000000	0.000000
1582082844736	1582082844736	-5.867	7.573	-4.450	-2.003	-0.278	0.999	0.000000	0.000000
1582082844756	1582082844754	-10.174	2.358	-3.763	-1.926	0.032	0.979	0.000000	0.000000
1582082844773	1582082844773	-9.070	2.396	-4.046	-1.722	-0.991	0.560	0.000000	0.000000
1582082844794	1582082844792	-5.110	8.045	-4.709	-1.804	-2.508	0.143	0.000000	0.000000
1582082844812	1582082844812	-7.341	8.993	-2.917	-2.346	-2.340	0.091	0.000000	0.000000
1582082844841	1582082844841	-10.426	2.209	-1.626	-3.153	-1.614	-0.113	0.000000	0.000000
1582082844855	1582082844852	-11.463	-0.253	0.113	-2.910	-2.735	-0.324	0.000000	0.000000
1582082844875	1582082844874	-13.852	3.280	4.317	-0.791	-3.287	-0.189	0.000000	0.000000
1582082844893	1582082844891	-14.398	3.658	3.711	0.418	-3.860	-0.205	0.000000	0.000000
1582082844913	1582082844911	-16.750	1.893	1.924	1.417	-4.905	-0.070	0.000000	0.000000
1582082844937	1582082844936	-18.832	0.889	0.872	1.405	-6.566	-0.108	0.000000	0.000000
1582082844960	1582082844952	-16.503	1.146	0.283	1.266	-8.132	-0.337	0.000000	0.000000
1582082844975	1582082844974	-13.722	1.701	-0.155	1.209	-8.495	-0.038	0.000000	0.000000
1582082844992	1582082844991	-14.565	0.786	-1.401	1.343	-8.624	-0.335	0.000000	0.000000
1582082845011	1582082845010	-14.072	-2.723	-2.788	2.523	-9.126	-0.916	0.000000	0.000000
1582082845036	1582082845036	-12.196	-7.358	-5.291	5.162	-9.252	-1.136	0.000000	0.000000
1582082845051	1582082845051	-9.271	-9.608	-9.931	8.404	-8.860	-1.091	0.000000	0.000000
1582082845073	1582082845070	-6.521	-5.224	-12.914	9.629	-8.241	-0.416	0.000000	0.000000
1582082845091	1582082845090	-4.629	-1.581	-12.823	9.582	-7.680	-0.298	0.000000	0.000000
1582082845111	1582082845110	-4.521	-2.730	-9.481	8.836	-7.314	-0.517	0.000000	0.000000
1582082845135	1582082845135	-4.904	-5.310	-10.549	7.643	-6.714	-0.330	0.000000	0.000000
1582082845153	1582082845153	-4.497	-3.097	-13.903	5.810	-6.390	0.162	0.000000	0.000000
1582082845173	1582082845173	-3.678	1.744	-15.000	3.200	-6.209	0.397	0.000000	0.000000
1582082845192	1582082845190	-3.568	5.180	-13.654	0.351	-6.210	-0.210	0.000000	0.000000
1582082845211	1582082845210	-3.053	7.331	-11.141	-2.177	-5.892	-1.277	0.000000	0.000000
1582082845230	1582082845230	-3.062	7.829	-5.624	-4.312	-5.201	-1.803	0.000000	0.000000
1582082845252	1582082845251	-6.387	3.244	2.137	-5.047	-4.697	-1.836	0.000000	0.000000
1582082845272	1582082845270	-12.692	-1.961	8.006	-3.284	-4.844	-1.015	0.000000	0.000000
1582082845292	1582082845291	-13.708	1.431	9.690	-0.220	-5.572	-0.275	0.000000	0.000000
1582082845311	1582082845309	-11.006	5.479	11.999	1.731	-5.941	0.279	0.000000	0.000000
1582082845330	1582082845329	-13.315	7.276	10.783	0.715	-4.930	1.097	0.000000	0.000000
1582082845355	1582082845355	-14.836	7.877	7.987	0.125	-4.757	1.465	0.000000	0.000000
1582082845373	1582082845370	-9.789	7.316	7.424	0.117	-4.813	1.487	0.000000	0.000000
1582082845395	1582082845391	-7.281	4.921	9.415	-0.516	-4.284	1.746	0.000000	0.000000
1582082845411	1582082845409	-4.123	7.079	13.202	-0.417	-3.569	1.813	0.000000	0.000000
1582082845430	1582082845429	-3.345	12.194	12.874	-0.067	-2.496	1.940	0.000000	0.000000
1582082845450	1582082845450	-7.041	6.782	10.991	-0.464	-1.273	1.895	0.000000	0.000000
1582082845470	1582082845469	-4.267	7.685	12.117	-0.215	-1.046	1.541	0.000000	0.000000
1582082845491	1582082845489	-4.449	7.798	11.781	-0.626	-0.621	1.812	0.000000	0.000000
1582082845509	1582082845508	-3.211	6.222	7.803	-2.383	-0.074	1.834	0.000000	0.000000
1582082845529	1582082845529	-3.697	8.009	6.039	-3.138	-0.212	1.856	0.000000	0.000000
1582082845554	1582082845554	-3.683	7.515	7.194	-2.664	-0.607	1.887	0.000000	0.000000
1582082845577	1582082845571	-2.854	6.380	7.743	-2.510	-0.636	1.998	0.000000	0.000000
1582082845591	1582082845591	-3.472	4.454	7.103	-3.155	-0.376	2.148	0.000000	0.000000
1582082845611	1582082845608	-3.441	3.836	6.578	-3.551	-0.171	1.679	0.000000	0.000000
1582082845629	1582082845628	-2.444	3.905	4.602	-3.123	-0.309	1.281	0.000000	0.000000
1582082845649	1582082845648	-1.194	1.541	3.395	-2.937	-0.705	1.460	0.000000	0.000000
1582082845669	1582082845669	-0.530	1.965	4.238	-3.163	-0.492	1.077	0.000000	0.000000
1582082845691	1582082845689	-1.031	0.698	5.060	-2.696	-0.217	0.986	0.000000	0.000000
1582082845710	1582082845710	-0.291	1.301	6.073	-2.515	-0.021	0.343	0.000000	0.000000
1582082845728	1582082845728	0.368	1.869	6.020	-2.295	0.442	0.014	0.000000	0.000000
1582082845748	1582082845748	-1.484	0.597	5.733	-1.749	0.703	0.447	0.000000	0.000000
1582082845769	1582082845769	-2.823	0.616	6.159	-1.477	0.533	0.395	0.000000	0.000000
1582082845794	1582082845788	-1.721	0.707	6.243	-1.817	-0.031	0.351	0.000000	0.000000
1582082845808	1582082845808	-1.438	-0.318	6.475	-2.142	-0.200	0.597	0.000000	0.000000
1582082845829	1582082845827	-1.462	-1.384	6.911	-2.363	-0.015	0.586	0.000000	0.000000
1582082845849	1582082845847	-1.325	-2.563	7.379	-2.182	0.216	0.417	0.000000	0.000000
1582082845868	1582082845868	-1.141	-3.207	7.922	-1.608	0.218	0.415	0.000000	0.000000
1582082845889	1582082845888	-1.129	-2.666	9.233	-1.400	0.335	0.482	0.000000	0.000000
1582082845909	1582082845908	-0.719	-2.340	10.220	-1.431	0.498	0.501	0.000000	0.000000
1582082845928	1582082845927	-1.829	-3.238	10.505	-1.380	0.520	0.550	0.000000	0.000000
1582082845947	1582082845947	-3.977	-2.824	9.391	-1.156	0.053	0.475	0.000000	0.000000
1582082845968	1582082845967	-0.267	-1.969	8.488	-1.573	-0.562	0.159	0.000000	0.000000
1582082845991	1582082845991	2.505	-3.150	7.604	-2.227	-0.189	0.492	0.000000	0.000000
1582082846008	1582082846006	-1.963	-2.328	7.419	-1.656	1.051	1.089	0.000000	0.000000
1582082846030	1582082846026	-4.241	-1.511	8.864	-1.507	0.828	0.947	0.000000	0.000000
1582082846047	1582082846046	-2.945	-3.648	9.276	-2.148	-0.195	0.778	0.000000	0.000000
1582082846067	1582082846066	-0.669	-7.311	7.508	-2.099	-0.744	0.932	0.000000	0.000000
1582082846090	1582082846090	0.006	-7.921	6.083	-1.569	-0.306	1.078	0.000000	0.000000
1582082846113	1582082846111	-1.337	-6.477	6.420	-1.443	0.617	0.969	0.000000	0.000000
1582082846127	1582082846125	-3.477	-5.344	5.587	-1.839	0.698	0.899	0.000000	0.000000
1582082846146	1582082846146	-3.151	-4.800	4.703	-2.754	0.504	0.472	0.000000	0.000000
1582082846167	1582082846166	-3.022	-5.878	3.996	-3.478	0.404	0.378	0.000000	0.000000
1582082846191	1582082846186	-3.065	-8.755	2.662	-3.608	0.382	0.403	0.000000	0.000000
1582082846207	1582082846205	-3.144	-9.361	1.898	-3.428	0.463	0.159	0.000000	0.000000
1582082846230	1582082846230	-3.611	-9.598	1.672	-3.359	0.584	0.081	0.000000	0.000000
1582082846247	1582082846246	-4.380	-10.080	1.047	-3.211	0.951	0.072	0.000000	0.000000
1582082846267	1582082846265	-4.425	-12.308	0.388	-2.659	1.201	-0.031	0.000000	0.000000
1582082846291	1582082846287	-4.821	-15.134	-0.024	-2.383	1.539	-0.627	0.000000	0.000000
1582082846310	1582082846305	-7.154	-16.327	-1.791	-2.902	1.938	-1.541	0.000000	0.000000
1582082846329	1582082846329	-11.547	-17.810	-6.149	-4.570	2.508	-2.603	0.000000	0.000000
1582082846345	1582082846345	-16.115	-20.067	-11.658	-8.404	2.854	-3.590	0.000000	0.000000
1582082846365	1582082846365	-12.527	-23.641	-16.799	-12.003	2.552	-3.540	0.000000	0.000000
1582082846387	1582082846385	-5.273	-28.654	-17.300	-12.310	3.531	-3.778	0.000000	0.000000
1582082846414	1582082846414	-13.538	-19.116	-11.239	-8.381	5.545	-3.284	0.000000	0.000000
1582082846425	1582082846425	-15.612	-13.000	-9.239	-4.558	6.726	-1.822	0.000000	0.000000
1582082846453	1582082846446	-13.976	-1.415	-7.454	-2.148	6.802	1.201	0.000000	0.000000
1582082846466	1582082846465	-14.314	10.840	-4.343	1.339	5.344	4.372	0.000000	0.000000
1582082846486	1582082846484	-13.521	1.941	0.726	5.817	2.925	5.808	0.000000	0.000000
1582082846510	1582082846509	-11.751	0.403	1.955	4.767	1.203	7.294	0.000000	0.000000
1582082846528	1582082846525	-11.183	3.608	10.902	4.068	-0.694	8.736	0.000000	0.000000
1582082846545	1582082846544	-13.018	-11.088	9.834	3.140	-0.359	11.247	0.000000	0.000000
1582082846565	1582082846565	-21.103	-12.545	2.420	1.588	0.793	11.913	0.000000	0.000000
1582082846586	1582082846584	-13.638	-24.647	-6.717	-1.692	2.352	8.945	0.000000	0.000000
1582082846605	1582082846605	-17.593	-20.246	-7.337	-3.767	3.528	7.778	0.000000	0.000000
1582082846626	1582082846626	-16.647	-16.785	-7.842	-3.954	3.931	7.434	0.000000	0.000000
1582082846647	1582082846645	-19.986	-15.022	-8.458	-6.179	4.477	6.403	0.000000	0.000000
1582082846664	1582082846663	-19.275	-17.242	-11.009	-5.854	4.163	6.189	0.000000	0.000000
1582082846684	1582082846683	-21.052	-13.616	-11.237	-3.938	3.621	6.079	0.000000	0.000000
1582082846710	1582082846708	-18.736	-12.566	-8.657	-5.135	3.490	5.147	0.000000	0.000000
1582082846728	1582082846726	-19.153	-7.088	-10.856	-6.576	3.820	4.193	0.000000	0.000000
1582082846745	1582082846743	-18.585	-12.188	-9.440	-5.026	3.257	3.534	0.000000	0.000000
1582082846763	1582082846762	-14.836	-7.919	-7.874	-4.397	2.087	3.469	0.000000	0.000000
1582082846783	1582082846783	-12.481	0.072	-4.922	-4.799	1.400	3.277	0.000000	0.000000
1582082846804	1582082846803	-12.436	1.953	-6.606	-3.980	2.176	2.170	0.000000	0.000000
1582082846824	1582082846824	-10.757	-3.617	-5.615	-2.159	1.835	2.230	0.000000	0.000000
1582082846845	1582082846844	-10.685	2.727	-3.219	-1.417	1.408	2.669	0.000000	0.000000
1582082846865	1582082846864	-9.348	4.677	-2.496	-1.499	1.098	2.296	0.000000	0.000000
1582082846884	1582082846883	-8.634	3.582	-3.255	-1.297	0.481	1.949	0.000000	0.000000
1582082846903	1582082846902	-6.181	5.481	-6.070	-1.250	-0.709	1.563	0.000000	0.000000
1582082846928	1582082846925	-5.412	5.273	-5.904	-2.019	-1.217	1.233	0.000000	0.000000
1582082846947	1582082846942	-7.235	4.435	-1.966	-2.205	-0.931	1.229	0.000000	0.000000
1582082846966	1582082846965	-7.329	4.899	-0.900	-2.764	-0.565	0.920	0.000000	0.000000
1582082846985	1582082846982	-8.718	4.102	-0.519	-3.465	-0.437	0.411	0.000000	0.000000
