1582082222687	1582082222669	-10.797	2.786	-4.565	-3.802	1.942	3.249	0.000000	0.000000
1582082222703	1582082222686	-9.901	5.642	-5.806	-3.362	1.738	2.901	0.000000	0.000000
1582082222721	1582082222702	-11.391	-2.249	-3.679	-3.252	1.762	1.751	0.000000	0.000000
1582082222741	1582082222720	-9.334	0.963	-2.889	-3.200	0.968	1.658	0.000000	0.000000
1582082222761	1582082222740	-5.005	3.795	-2.917	-2.188	-0.073	1.673	0.000000	0.000000
1582082222781	1582082222760	-6.708	5.086	-3.186	-1.318	-0.114	1.540	0.000000	0.000000
1582082222801	1582082222780	-6.873	8.303	-3.301	-1.868	0.592	1.728	0.000000	0.000000
1582082222821	1582082222800	-6.368	6.866	-3.250	-2.811	-0.129	1.779	0.000000	0.000000
1582082222841	1582082222820	-5.216	3.301	-3.555	-2.290	-0.855	1.378	0.000000	0.000000
1582082222863	1582082222839	-8.066	4.238	-2.733	-2.500	-0.993	1.065	0.000000	0.000000
1582082222881	1582082222863	-8.708	4.693	-0.989	-2.242	-1.059	1.088	0.000000	0.000000
1582082222900	1582082222879	-8.687	5.163	-2.714	-1.400	-1.420	0.603	0.000000	0.000000
1582082222920	1582082222899	-11.329	4.111	-1.741	-1.529	-1.987	0.086	0.000000	0.000000
1582082222940	1582082222919	-11.339	4.758	-1.935	-1.206	-2.738	-0.437	0.000000	0.000000
1582082222960	1582082222940	-12.321	3.484	-1.492	-0.974	-3.126	-0.995	0.000000	0.000000
1582082222980	1582082222959	-13.104	4.080	-0.788	-0.575	-3.227	-1.165	0.000000	0.000000
1582082223000	1582082222979	-12.805	5.879	-0.460	-0.275	-3.584	-1.325	0.000000	0.000000
1582082223020	1582082222999	-11.602	5.611	-0.325	0.034	-4.415	-0.998	0.000000	0.000000
1582082223040	1582082223019	-12.891	4.502	-1.015	0.589	-4.984	-0.605	0.000000	0.000000
1582082223060	1582082223039	-13.890	3.354	-1.391	0.787	-5.191	-0.393	0.000000	0.000000
1582082223088	1582082223060	-13.202	2.118	-2.397	0.996	-5.846	-0.450	0.000000	0.000000
1582082223102	1582082223082	-13.217	0.367	-3.646	1.621	-6.965	-0.560	0.000000	0.000000
1582082223120	1582082223099	-12.503	-1.787	-5.658	2.676	-7.740	-0.440	0.000000	0.000000
1582082223140	1582082223118	-10.685	-2.005	-8.025	4.361	-8.644	-0.189	0.000000	0.000000
1582082223162	1582082223138	-9.156	-2.706	-10.015	6.030	-9.573	0.175	0.000000	0.000000
1582082223179	1582082223158	-6.799	-2.546	-11.848	7.986	-9.916	0.477	0.000000	0.000000
1582082223199	1582082223178	-5.048	0.896	-11.898	9.611	-9.607	0.778	0.000000	0.000000
1582082223219	1582082223198	-4.260	1.625	-8.372	9.530	-8.921	1.081	0.000000	0.000000
1582082223239	1582082223219	-3.678	-3.298	-8.058	8.849	-8.313	0.660	0.000000	0.000000
1582082223259	1582082223238	-4.662	-6.192	-10.691	8.296	-7.182	0.429	0.000000	0.000000
1582082223287	1582082223258	-4.207	-2.072	-11.706	6.690	-6.253	0.676	0.000000	0.000000
1582082223302	1582082223279	-3.366	1.249	-12.504	3.752	-5.874	1.032	0.000000	0.000000
1582082223319	1582082223298	-3.043	0.302	-12.741	0.927	-5.330	0.757	0.000000	0.000000
1582082223339	1582082223317	-3.256	1.138	-10.056	-1.046	-4.816	-0.064	0.000000	0.000000
1582082223358	1582082223337	-3.664	3.072	-6.305	-2.446	-4.612	-0.712	0.000000	0.000000
1582082223378	1582082223357	-6.272	1.711	-1.456	-3.396	-4.612	-1.233	0.000000	0.000000
1582082223399	1582082223377	-12.970	2.235	4.878	-3.569	-4.448	-1.599	0.000000	0.000000
1582082223419	1582082223397	-12.627	5.204	8.452	-3.226	-5.128	-1.603	0.000000	0.000000
1582082223438	1582082223417	-8.541	7.522	12.668	-2.065	-6.226	-0.479	0.000000	0.000000
1582082223458	1582082223437	-11.137	8.763	11.147	-0.131	-5.125	-0.031	0.000000	0.000000
1582082223481	1582082223457	-16.566	7.101	8.854	0.439	-3.368	1.085	0.000000	0.000000
1582082223501	1582082223480	-11.657	9.084	10.167	0.000	-2.980	1.974	0.000000	0.000000
1582082223519	1582082223498	-9.497	13.164	12.613	0.308	-3.770	1.638	0.000000	0.000000
1582082223540	1582082223519	-10.129	10.955	10.972	-1.429	-3.664	1.740	0.000000	0.000000
1582082223559	1582082223538	-6.066	8.418	10.826	-1.736	-2.597	1.996	0.000000	0.000000
1582082223579	1582082223558	-6.399	10.625	11.247	-0.341	-1.842	1.589	0.000000	0.000000
1582082223602	1582082223577	-4.809	10.078	10.023	0.520	-2.341	2.332	0.000000	0.000000
1582082223619	1582082223602	-4.152	7.522	8.548	-0.176	-2.265	2.366	0.000000	0.000000
1582082223638	1582082223618	-4.821	5.285	8.033	-0.985	-2.125	2.704	0.000000	0.000000
1582082223658	1582082223638	-3.376	5.110	6.313	-1.414	-1.984	2.758	0.000000	0.000000
1582082223682	1582082223658	-2.923	5.702	5.551	-2.156	-1.452	2.230	0.000000	0.000000
1582082223705	1582082223681	-3.266	6.078	4.866	-2.527	-1.322	2.164	0.000000	0.000000
1582082223718	1582082223704	-3.457	4.648	4.938	-3.213	-0.788	1.970	0.000000	0.000000
1582082223742	1582082223718	-1.867	2.952	4.787	-3.403	-0.621	1.761	0.000000	0.000000
1582082223758	1582082223742	-0.935	3.043	4.343	-3.549	-0.508	1.398	0.000000	0.000000
1582082223778	1582082223757	-1.448	2.298	4.475	-3.026	-0.168	1.295	0.000000	0.000000
1582082223799	1582082223777	-2.600	0.913	4.521	-1.776	0.143	1.229	0.000000	0.000000
1582082223820	1582082223797	-2.389	2.121	5.165	-1.422	0.265	1.141	0.000000	0.000000
1582082223839	1582082223818	-1.136	5.927	5.235	-1.510	0.543	0.748	0.000000	0.000000
1582082223857	1582082223837	-1.361	5.661	6.116	-2.055	0.301	0.251	0.000000	0.000000
1582082223877	1582082223856	-1.536	1.596	6.260	-2.647	0.069	0.263	0.000000	0.000000
1582082223902	1582082223876	-1.239	0.118	6.262	-2.990	0.235	0.344	0.000000	0.000000
1582082223917	1582082223902	-1.788	0.161	6.183	-3.356	0.213	0.337	0.000000	0.000000
1582082223939	1582082223917	-1.658	1.047	6.557	-3.184	-0.028	0.537	0.000000	0.000000
1582082223957	1582082223937	-0.784	0.070	7.915	-2.656	-0.011	0.546	0.000000	0.000000
1582082223976	1582082223956	-2.914	-2.994	8.689	-2.346	0.124	0.457	0.000000	0.000000
1582082224008	1582082223976	-3.295	-3.087	8.485	-2.467	0.595	0.676	0.000000	0.000000
1582082224020	1582082224007	-1.646	-2.021	9.142	-2.573	0.408	0.652	0.000000	0.000000
1582082224036	1582082224017	-0.868	-1.643	9.319	-2.207	-0.088	0.413	0.000000	0.000000
1582082224056	1582082224035	-1.270	-1.832	8.835	-1.887	-0.397	0.349	0.000000	0.000000
1582082224076	1582082224056	-0.863	-2.304	8.737	-1.974	-0.452	0.425	0.000000	0.000000
1582082224096	1582082224075	-0.363	-3.344	8.526	-1.962	-0.499	0.444	0.000000	0.000000
1582082224131	1582082224096	-0.985	-4.034	8.715	-1.855	-0.454	0.831	0.000000	0.000000
1582082224138	1582082224125	-1.668	-3.770	8.291	-1.875	0.084	1.037	0.000000	0.000000
1582082224157	1582082224135	-1.532	-3.514	7.185	-2.376	0.119	1.023	0.000000	0.000000
1582082224176	1582082224156	-0.947	-4.122	6.267	-2.715	-0.214	0.878	0.000000	0.000000
1582082224196	1582082224175	-0.156	-5.943	5.632	-2.377	-0.468	0.948	0.000000	0.000000
1582082224222	1582082224195	-0.264	-6.858	4.751	-2.115	-0.404	1.062	0.000000	0.000000
1582082224239	1582082224215	-1.246	-6.716	4.480	-1.909	-0.056	1.099	0.000000	0.000000
1582082224257	1582082224236	-2.035	-6.573	3.567	-1.853	0.323	0.932	0.000000	0.000000
1582082224276	1582082224255	-2.633	-6.980	3.012	-2.647	0.442	0.709	0.000000	0.000000
1582082224296	1582082224275	-2.672	-9.184	2.978	-2.965	0.383	0.757	0.000000	0.000000
1582082224315	1582082224295	-3.407	-10.353	3.519	-2.666	0.369	0.803	0.000000	0.000000
1582082224337	1582082224315	-3.469	-9.986	3.876	-2.159	0.268	0.704	0.000000	0.000000
1582082224356	1582082224335	-3.141	-9.766	3.656	-1.961	-0.112	0.620	0.000000	0.000000
1582082224375	1582082224355	-3.498	-11.069	2.475	-2.400	-0.273	0.384	0.000000	0.000000
1582082224395	1582082224375	-4.959	-11.898	0.954	-3.472	0.313	0.096	0.000000	0.000000
1582082224419	1582082224395	-7.297	-12.552	-1.260	-4.590	1.202	-0.691	0.000000	0.000000
1582082224441	1582082224417	-10.196	-12.145	-7.577	-6.313	2.074	-1.587	0.000000	0.000000
1582082224455	1582082224437	-11.794	-13.618	-17.451	-8.866	2.531	-2.461	0.000000	0.000000
1582082224476	1582082224455	-13.602	-18.385	-22.000	-10.736	2.004	-3.196	0.000000	0.000000
1582082224495	1582082224475	-10.692	-20.419	-22.443	-11.422	0.792	-3.096	0.000000	0.000000
1582082224514	1582082224494	-10.567	-12.080	-23.916	-9.247	1.741	-2.267	0.000000	0.000000
1582082224536	1582082224514	-17.586	-11.117	-18.031	-6.115	4.483	-0.939	0.000000	0.000000
1582082224556	1582082224533	-15.392	-15.417	-1.518	-1.562	6.728	1.215	0.000000	0.000000
1582082224575	1582082224553	-12.436	-8.963	2.053	1.585	6.783	1.761	0.000000	0.000000
1582082224594	1582082224575	-7.595	-2.457	2.259	0.447	6.086	2.720	0.000000	0.000000
1582082224614	1582082224594	-6.806	2.288	4.197	2.095	4.584	4.448	0.000000	0.000000
1582082224637	1582082224613	-7.657	3.634	8.533	3.215	2.548	6.587	0.000000	0.000000
1582082224657	1582082224637	-16.604	-10.600	8.526	3.013	1.061	8.785	0.000000	0.000000
1582082224675	1582082224653	-16.520	-12.255	1.100	3.097	1.698	10.866	0.000000	0.000000
1582082224694	1582082224673	-13.552	-17.163	-6.956	-0.024	2.602	10.178	0.000000	0.000000
1582082224714	1582082224693	-14.002	-19.628	-8.583	-3.297	3.080	7.919	0.000000	0.000000
1582082224734	1582082224713	-14.932	-15.609	-8.403	-4.140	3.185	7.201	0.000000	0.000000
1582082224758	1582082224733	-18.700	-16.399	-10.125	-3.412	3.499	7.613	0.000000	0.000000
1582082224774	1582082224758	-17.593	-15.671	-12.224	-4.411	4.588	6.271	0.000000	0.000000
1582082224794	1582082224774	-19.385	-14.049	-11.982	-5.519	4.490	5.330	0.000000	0.000000
1582082224813	1582082224792	-18.604	-13.551	-11.136	-5.463	4.342	4.811	0.000000	0.000000
1582082224836	1582082224812	-18.882	-9.227	-8.992	-4.625	3.678	4.422	0.000000	0.000000
1582082224863	1582082224836	-15.478	-7.488	-9.668	-4.459	3.090	3.808	0.000000	0.000000
1582082224873	1582082224858	-13.131	-3.358	-9.891	-4.922	2.516	3.204	0.000000	0.000000
1582082224894	1582082224872	-10.155	-5.083	-9.069	-4.660	1.875	2.586	0.000000	0.000000
1582082224913	1582082224894	-10.575	-0.721	-7.337	-4.161	1.370	2.508	0.000000	0.000000
1582082224933	1582082224913	-10.651	1.620	-7.780	-4.130	1.386	2.467	0.000000	0.000000
1582082224954	1582082224932	-8.914	-2.464	-7.203	-4.396	1.072	1.805	0.000000	0.000000
1582082224973	1582082224952	-6.473	0.465	-7.059	-3.521	0.531	1.459	0.000000	0.000000
1582082224992	1582082224972	-6.143	4.760	-7.129	-3.426	0.339	1.379	0.000000	0.000000
1582082225012	1582082224992	-8.725	2.916	-5.215	-3.406	0.396	1.190	0.000000	0.000000
1582082225033	1582082225011	-7.559	2.113	-3.274	-3.313	0.031	1.172	0.000000	0.000000
1582082225057	1582082225031	-6.272	2.432	-3.375	-2.486	-0.465	1.149	0.000000	0.000000
1582082225073	1582082225057	-7.036	6.856	-4.074	-2.560	-0.565	1.220	0.000000	0.000000
1582082225094	1582082225071	-7.848	5.860	-3.358	-2.993	-0.711	0.879	0.000000	0.000000
1582082225112	1582082225092	-8.749	4.406	-3.217	-2.954	-1.150	0.143	0.000000	0.000000
1582082225132	1582082225111	-11.051	4.516	-0.419	-3.454	-1.549	-0.481	0.000000	0.000000
1582082225153	1582082225131	-13.372	2.125	0.106	-3.159	-1.844	-0.817	0.000000	0.000000
1582082225174	1582082225150	-11.324	4.724	-0.594	-2.823	-2.672	-1.220	0.000000	0.000000
1582082225194	1582082225174	-11.334	4.497	1.038	-1.881	-4.245	-1.084	0.000000	0.000000
1582082225212	1582082225191	-14.721	2.221	0.000	-1.112	-4.176	-1.048	0.000000	0.000000
1582082225232	1582082225211	-16.436	1.270	-1.228	-1.565	-3.664	-1.206	0.000000	0.000000
1582082225255	1582082225230	-16.606	1.287	-2.467	-0.423	-4.642	-1.168	0.000000	0.000000
1582082225271	1582082225250	-16.947	0.949	-3.813	1.253	-6.080	-0.870	0.000000	0.000000
1582082225293	1582082225271	-17.342	-0.507	-5.315	2.637	-7.062	-0.780	0.000000	0.000000
1582082225313	1582082225291	-15.366	-1.624	-7.579	4.003	-8.182	-0.638	0.000000	0.000000
1582082225331	1582082225312	-12.855	-0.946	-9.941	5.879	-9.893	-0.567	0.000000	0.000000
1582082225350	1582082225330	-10.742	-2.635	-10.161	7.082	-11.331	-0.392	0.000000	0.000000
1582082225372	1582082225350	-7.180	-4.156	-8.197	8.278	-12.099	-0.349	0.000000	0.000000
1582082225395	1582082225372	-4.720	-6.791	-7.505	8.667	-11.751	-0.923	0.000000	0.000000
1582082225411	1582082225390	-3.661	-11.177	-9.392	9.084	-9.370	-1.060	0.000000	0.000000
1582082225432	1582082225409	-7.276	-12.039	-13.606	10.703	-6.352	-0.449	0.000000	0.000000
1582082225450	1582082225429	-6.284	-5.054	-17.468	10.504	-4.527	0.626	0.000000	0.000000
1582082225470	1582082225449	-2.504	2.992	-15.400	8.455	-5.300	1.240	0.000000	0.000000
1582082225494	1582082225471	-0.913	1.174	-15.067	4.601	-6.696	0.584	0.000000	0.000000
1582082225512	1582082225494	-2.727	-0.996	-15.137	2.189	-5.998	-0.577	0.000000	0.000000
1582082225530	1582082225511	-6.430	6.509	-11.139	-0.138	-4.281	-0.707	0.000000	0.000000
1582082225550	1582082225529	-6.706	3.783	-3.475	-3.455	-4.209	-1.093	0.000000	0.000000
1582082225572	1582082225549	-11.597	-1.183	3.651	-3.565	-5.191	-1.729	0.000000	0.000000
1582082225598	1582082225571	-14.518	1.361	6.638	-1.484	-5.194	-1.343	0.000000	0.000000
1582082225612	1582082225592	-10.024	8.406	10.263	-0.569	-5.641	-0.341	0.000000	0.000000
1582082225629	1582082225611	-14.549	5.553	11.293	-0.082	-5.947	-0.178	0.000000	0.000000
1582082225650	1582082225629	-15.907	5.793	10.308	-0.719	-4.565	0.638	0.000000	0.000000
1582082225669	1582082225649	-15.732	8.270	6.868	-0.756	-3.774	1.123	0.000000	0.000000
1582082225689	1582082225668	-13.737	5.932	6.892	-1.028	-3.265	1.321	0.000000	0.000000
1582082225713	1582082225688	-8.718	7.625	10.445	-0.718	-3.385	1.453	0.000000	0.000000
1582082225731	1582082225710	-11.391	12.014	8.706	0.084	-3.698	1.646	0.000000	0.000000
1582082225749	1582082225728	-10.812	9.973	7.714	-0.851	-2.923	2.143	0.000000	0.000000
1582082225771	1582082225748	-8.114	5.814	8.217	-2.398	-2.588	2.084	0.000000	0.000000
1582082225794	1582082225771	-6.555	4.641	9.348	-1.778	-2.991	2.297	0.000000	0.000000
1582082225811	1582082225791	-4.777	5.671	8.246	-0.751	-3.010	2.324	0.000000	0.000000
1582082225833	1582082225808	-4.430	5.491	6.236	-0.566	-2.801	2.354	0.000000	0.000000
1582082225848	1582082225833	-5.997	5.795	5.766	-1.095	-2.179	2.379	0.000000	0.000000
1582082225869	1582082225848	-5.254	6.902	5.747	-1.645	-1.694	2.535	0.000000	0.000000
1582082225890	1582082225867	-2.830	7.312	4.660	-2.640	-1.664	2.116	0.000000	0.000000
1582082225910	1582082225887	-1.960	6.521	4.346	-3.743	-1.698	1.554	0.000000	0.000000
1582082225928	1582082225910	-2.332	3.876	5.084	-4.016	-1.259	1.473	0.000000	0.000000
1582082225948	1582082225927	-1.831	2.590	5.050	-3.891	-0.475	1.508	0.000000	0.000000
1582082225968	1582082225948	-1.472	1.819	5.021	-3.672	-0.143	1.241	0.000000	0.000000
1582082225992	1582082225967	-1.534	0.619	4.985	-2.639	-0.186	1.147	0.000000	0.000000
1582082226013	1582082225992	-1.965	1.431	5.304	-1.405	-0.213	1.339	0.000000	0.000000
1582082226029	1582082226013	-1.163	1.342	6.329	-1.033	-0.228	1.274	0.000000	0.000000
1582082226049	1582082226027	-1.004	0.082	7.192	-1.008	-0.502	1.043	0.000000	0.000000
1582082226067	1582082226048	-0.111	-1.063	7.838	-2.004	-0.491	0.850	0.000000	0.000000
1582082226087	1582082226067	0.830	-1.480	7.585	-2.738	-0.612	0.648	0.000000	0.000000
1582082226110	1582082226087	0.193	-1.655	7.922	-2.541	-0.565	0.702	0.000000	0.000000
1582082226128	1582082226107	-1.613	-2.453	8.277	-2.378	0.089	0.709	0.000000	0.000000
1582082226149	1582082226127	-1.754	-2.139	8.097	-2.523	0.430	0.616	0.000000	0.000000
1582082226166	1582082226148	-0.770	-0.816	8.171	-2.456	0.010	0.387	0.000000	0.000000
1582082226187	1582082226166	-0.566	-1.727	8.380	-2.268	-0.219	0.163	0.000000	0.000000
1582082226207	1582082226186	-1.625	-3.368	8.425	-1.947	-0.079	0.228	0.000000	0.000000
1582082226228	1582082226206	-2.315	-3.598	8.385	-1.858	0.278	0.390	0.000000	0.000000
1582082226246	1582082226226	-2.013	-3.775	8.519	-1.726	0.399	0.472	0.000000	0.000000
1582082226266	1582082226245	-1.874	-3.471	8.040	-1.292	0.115	0.409	0.000000	0.000000
1582082226287	1582082226265	1.537	-4.072	8.169	-0.577	-0.436	0.400	0.000000	0.000000
1582082226310	1582082226286	1.444	-5.730	7.391	-0.946	-0.983	0.451	0.000000	0.000000
1582082226333	1582082226308	-1.383	-3.907	7.841	-1.136	-0.048	0.692	0.000000	0.000000
1582082226351	1582082226333	-2.226	-1.010	7.937	-0.869	1.187	0.619	0.000000	0.000000
1582082226367	1582082226346	-2.202	0.113	7.189	-2.020	0.827	0.554	0.000000	0.000000
1582082226386	1582082226365	-1.371	-1.885	6.487	-2.772	0.205	0.523	0.000000	0.000000
1582082226407	1582082226386	-0.506	-4.836	5.920	-2.227	-0.307	0.640	0.000000	0.000000
1582082226427	1582082226406	0.093	-6.410	6.126	-2.035	-0.759	0.918	0.000000	0.000000
1582082226448	1582082226427	-0.281	-6.978	6.327	-1.744	-0.550	1.141	0.000000	0.000000
1582082226467	1582082226445	-1.543	-7.282	5.359	-1.668	0.274	1.229	0.000000	0.000000
1582082226485	1582082226467	-3.012	-7.509	5.172	-1.709	0.957	1.211	0.000000	0.000000
1582082226506	1582082226485	-3.611	-7.164	5.639	-1.553	1.110	0.972	0.000000	0.000000
1582082226527	1582082226504	-3.299	-7.529	4.791	-1.715	0.684	0.905	0.000000	0.000000
1582082226551	1582082226525	-2.854	-8.214	3.807	-2.073	0.397	0.669	0.000000	0.000000
1582082226565	1582082226545	-2.928	-7.955	3.318	-2.319	0.140	0.495	0.000000	0.000000
1582082226585	1582082226565	-3.469	-8.369	3.689	-2.367	0.157	0.452	0.000000	0.000000
1582082226605	1582082226585	-3.750	-9.946	2.959	-2.134	0.463	0.307	0.000000	0.000000
1582082226625	1582082226604	-4.243	-11.287	2.111	-2.234	0.487	0.218	0.000000	0.000000
1582082226648	1582082226624	-5.752	-11.280	1.620	-2.504	0.636	0.185	0.000000	0.000000
1582082226667	1582082226648	-7.178	-12.650	-0.026	-2.545	0.959	0.009	0.000000	0.000000
1582082226685	1582082226667	-7.101	-14.449	-3.935	-2.703	1.168	-0.478	0.000000	0.000000
1582082226705	1582082226685	-9.039	-15.779	-9.249	-4.347	1.571	-1.337	0.000000	0.000000
1582082226727	1582082226704	-13.018	-20.685	-13.146	-6.963	1.942	-2.196	0.000000	0.000000
1582082226748	1582082226727	-12.038	-26.604	-14.694	-8.343	1.844	-2.759	0.000000	0.000000
1582082226765	1582082226748	-13.389	-21.638	-17.604	-9.520	1.939	-2.920	0.000000	0.000000
1582082226786	1582082226764	-16.453	-16.811	-19.813	-9.664	3.499	-2.780	0.000000	0.000000
1582082226805	1582082226786	-15.823	-15.831	-8.635	-5.956	5.338	-2.070	0.000000	0.000000
1582082226824	1582082226804	-15.825	-5.610	-2.314	-3.090	5.951	-1.337	0.000000	0.000000
1582082226845	1582082226824	-14.002	1.553	0.396	-0.700	6.517	1.122	0.000000	0.000000
1582082226866	1582082226845	-13.281	2.731	-0.088	2.929	6.096	3.855	0.000000	0.000000
1582082226886	1582082226866	-10.002	0.314	5.280	2.404	4.170	5.007	0.000000	0.000000
1582082226903	1582082226885	-7.949	2.427	9.611	2.504	1.853	6.351	0.000000	0.000000
1582082226924	1582082226902	-12.335	-8.916	6.698	1.498	0.231	8.188	0.000000	0.000000
1582082226947	1582082226922	-19.704	-14.116	-0.685	0.506	0.287	10.315	0.000000	0.000000
1582082226963	1582082226944	-15.025	-22.381	-6.817	-0.821	0.825	10.924	0.000000	0.000000
1582082226983	1582082226962	-16.388	-20.630	-10.887	-2.754	1.527	9.015	0.000000	0.000000
1582082227004	1582082226983	-18.964	-15.815	-9.275	-3.975	3.403	7.810	0.000000	0.000000
1582082227025	1582082227002	-20.042	-17.769	-10.427	-4.047	3.846	7.481	0.000000	0.000000
1582082227044	1582082227022	-19.912	-13.651	-11.555	-4.847	4.021	6.784	0.000000	0.000000
1582082227065	1582082227044	-20.983	-15.458	-11.409	-5.183	4.067	6.147	0.000000	0.000000
1582082227084	1582082227064	-16.621	-9.852	-8.434	-4.690	3.707	5.562	0.000000	0.000000
1582082227103	1582082227083	-17.924	-6.067	-9.711	-4.129	3.117	5.295	0.000000	0.000000
1582082227124	1582082227102	-16.079	-12.224	-7.845	-5.038	3.308	3.921	0.000000	0.000000
1582082227146	1582082227121	-13.063	-1.317	-8.731	-5.059	3.117	3.074	0.000000	0.000000
1582082227163	1582082227145	-10.057	-2.836	-8.796	-5.961	2.333	2.711	0.000000	0.000000
1582082227182	1582082227163	-7.805	-1.703	-6.963	-5.606	1.343	1.851	0.000000	0.000000
1582082227208	1582082227182	-8.052	1.416	-6.666	-4.744	1.060	1.603	0.000000	0.000000
1582082227222	1582082227208	-9.877	-1.660	-5.251	-4.001	1.250	1.370	0.000000	0.000000
1582082227242	1582082227222	-5.431	3.194	-5.073	-3.286	0.742	1.239	0.000000	0.000000
1582082227266	1582082227241	-5.261	4.576	-5.186	-2.379	-0.817	1.864	0.000000	0.000000
1582082227283	1582082227261	-6.655	4.435	-3.880	-1.760	-0.564	1.824	0.000000	0.000000
1582082227303	1582082227282	-5.568	5.129	-3.907	-2.197	-0.246	1.285	0.000000	0.000000
1582082227322	1582082227301	-6.255	5.570	-3.454	-2.673	-0.463	0.966	0.000000	0.000000
1582082227342	1582082227322	-6.996	2.346	-1.300	-2.587	-0.727	0.656	0.000000	0.000000
1582082227363	1582082227341	-10.438	2.509	1.380	-2.629	-0.778	0.348	0.000000	0.000000
1582082227382	1582082227363	-10.038	3.038	1.438	-2.155	-0.812	0.164	0.000000	0.000000
1582082227408	1582082227381	-9.755	4.418	0.599	-1.962	-1.556	-0.496	0.000000	0.000000
1582082227421	1582082227408	-9.988	7.204	2.520	-2.294	-2.436	-0.859	0.000000	0.000000
1582082227441	1582082227421	-12.029	5.786	3.999	-1.390	-2.992	-0.730	0.000000	0.000000
1582082227462	1582082227440	-13.344	4.042	3.047	-0.013	-2.557	-0.775	0.000000	0.000000
1582082227489	1582082227462	-14.901	5.261	1.809	0.221	-2.819	-0.842	0.000000	0.000000
1582082227507	1582082227488	-14.764	6.389	0.444	-0.444	-3.985	-0.698	0.000000	0.000000
1582082227522	1582082227501	-13.799	4.138	-1.621	-0.226	-5.122	-0.807	0.000000	0.000000
1582082227541	1582082227520	-15.663	1.179	-3.025	0.415	-6.011	-0.906	0.000000	0.000000
1582082227565	1582082227540	-18.001	-0.946	-5.531	1.467	-6.429	-0.746	0.000000	0.000000
1582082227582	1582082227565	-17.035	-2.486	-8.887	2.971	-7.301	-0.438	0.000000	0.000000
1582082227607	1582082227580	-14.213	-2.675	-10.830	4.679	-8.991	-0.087	0.000000	0.000000
1582082227622	1582082227602	-12.668	-4.050	-11.706	6.502	-10.655	0.205	0.000000	0.000000
1582082227640	1582082227620	-10.840	-7.481	-11.541	8.489	-11.312	0.576	0.000000	0.000000
1582082227661	1582082227640	-7.527	-5.018	-11.321	10.461	-10.979	1.095	0.000000	0.000000
1582082227682	1582082227660	-6.030	-2.175	-11.929	10.505	-9.747	1.313	0.000000	0.000000
1582082227702	1582082227681	-6.284	-5.576	-11.675	9.117	-7.981	1.017	0.000000	0.000000
1582082227721	1582082227702	-5.637	-7.548	-12.545	7.801	-7.169	0.539	0.000000	0.000000
1582082227741	1582082227720	-4.768	-1.140	-13.247	6.636	-6.992	0.396	0.000000	0.000000
1582082227759	1582082227739	-2.871	0.108	-15.228	4.460	-6.941	0.293	0.000000	0.000000
1582082227780	1582082227759	-2.281	-3.236	-16.742	3.008	-6.317	-0.297	0.000000	0.000000
1582082227802	1582082227780	-4.236	3.905	-14.868	2.503	-4.920	-0.461	0.000000	0.000000
1582082227821	1582082227800	-5.764	10.807	-8.547	-0.141	-4.266	-0.084	0.000000	0.000000
1582082227839	1582082227820	-6.476	8.253	-0.991	-2.576	-4.956	-0.441	0.000000	0.000000
1582082227860	1582082227839	-11.370	2.535	6.459	-2.773	-5.221	-0.772	0.000000	0.000000
1582082227881	1582082227859	-12.374	4.504	6.454	-1.568	-5.480	-0.462	0.000000	0.000000
1582082227904	1582082227879	-10.357	6.722	8.351	-0.876	-5.627	0.206	0.000000	0.000000
1582082227920	1582082227904	-11.207	6.107	8.634	-0.033	-5.946	0.873	0.000000	0.000000
1582082227944	1582082227919	-14.005	7.333	7.285	-0.646	-4.974	1.458	0.000000	0.000000
1582082227959	1582082227938	-11.212	7.843	6.588	-1.112	-4.593	1.640	0.000000	0.000000
1582082227983	1582082227959	-10.848	8.301	6.856	-1.007	-4.568	1.427	0.000000	0.000000
1582082228000	1582082227978	-8.363	8.727	11.173	-1.581	-4.289	1.778	0.000000	0.000000
1582082228021	1582082227998	-6.538	8.653	10.260	-1.204	-4.081	1.909	0.000000	0.000000
1582082228039	1582082228020	-7.954	5.893	8.435	-0.969	-3.251	2.224	0.000000	0.000000
1582082228059	1582082228039	-5.568	7.345	7.369	-1.906	-2.392	2.598	0.000000	0.000000
1582082228079	1582082228058	-4.284	7.582	8.428	-2.564	-2.139	2.399	0.000000	0.000000
1582082228103	1582082228078	-2.497	5.786	7.561	-2.631	-1.918	2.182	0.000000	0.000000
1582082228119	1582082228103	-4.957	4.734	6.483	-2.359	-1.570	2.128	0.000000	0.000000
1582082228141	1582082228118	-4.933	4.363	5.742	-2.149	-0.825	2.310	0.000000	0.000000
1582082228158	1582082228141	-1.728	6.552	5.230	-1.000	-1.201	2.101	0.000000	0.000000
1582082228178	1582082228158	-3.249	6.986	5.165	-1.016	-1.464	1.811	0.000000	0.000000
1582082228199	1582082228177	-4.576	5.771	5.378	-1.578	-1.098	2.048	0.000000	0.000000
1582082228220	1582082228199	-2.166	4.732	5.278	-2.440	-0.750	2.286	0.000000	0.000000
1582082228240	1582082228220	-1.160	2.192	5.390	-3.181	-0.542	2.199	0.000000	0.000000
1582082228259	1582082228239	-1.900	0.999	6.976	-3.242	-0.290	2.143	0.000000	0.000000
1582082228278	1582082228257	-2.032	0.446	7.683	-2.554	-0.043	1.931	0.000000	0.000000
1582082228299	1582082228277	-0.185	1.900	6.377	-1.746	0.131	1.747	0.000000	0.000000
1582082228318	1582082228298	-0.612	2.166	6.971	-1.688	0.131	1.274	0.000000	0.000000
1582082228338	1582082228318	0.112	1.392	6.784	-1.811	0.135	0.827	0.000000	0.000000
1582082228359	1582082228338	-0.374	0.678	6.729	-2.420	0.212	0.622	0.000000	0.000000
1582082228378	1582082228358	-0.798	0.480	6.765	-3.120	0.534	0.831	0.000000	0.000000
1582082228397	1582082228376	-0.545	-0.543	6.911	-2.680	0.544	0.922	0.000000	0.000000
1582082228424	1582082228396	-0.803	-2.268	7.240	-2.143	0.479	0.970	0.000000	0.000000
1582082228440	1582082228424	-1.817	-3.631	7.704	-1.914	0.504	0.975	0.000000	0.000000
1582082228457	1582082228438	-2.205	-3.042	7.906	-1.917	0.732	0.775	0.000000	0.000000
1582082228477	1582082228456	-2.382	-1.997	8.828	-1.730	0.719	0.565	0.000000	0.000000
1582082228497	1582082228477	-2.197	-1.200	9.455	-1.102	0.625	0.390	0.000000	0.000000
1582082228517	1582082228496	-3.230	-0.107	7.173	-0.896	0.562	0.388	0.000000	0.000000
1582082228538	1582082228517	-0.657	-1.595	9.031	-1.200	0.615	0.388	0.000000	0.000000
1582082228563	1582082228538	-2.425	-3.550	11.032	-0.903	0.236	0.447	0.000000	0.000000
1582082228577	1582082228557	-1.349	-2.321	10.440	-0.479	0.442	0.817	0.000000	0.000000
1582082228596	1582082228575	-1.431	-1.367	10.076	-0.908	0.528	0.759	0.000000	0.000000
1582082228617	1582082228596	-3.223	-1.339	10.126	-0.880	0.376	0.773	0.000000	0.000000
1582082228643	1582082228617	-2.871	-2.630	9.614	-1.208	0.414	0.885	0.000000	0.000000
1582082228662	1582082228643	-3.010	-3.437	9.597	-1.445	0.436	0.833	0.000000	0.000000
1582082228677	1582082228658	-3.350	-2.934	9.142	-1.271	0.554	0.906	0.000000	0.000000
1582082228695	1582082228676	-3.843	-2.618	8.430	-1.527	0.635	0.994	0.000000	0.000000
1582082228719	1582082228695	-3.656	-2.709	8.524	-1.287	0.478	1.180	0.000000	0.000000
1582082228737	1582082228719	-2.770	-2.637	8.706	-0.418	0.085	1.193	0.000000	0.000000
1582082228760	1582082228737	-3.905	-3.071	9.072	-0.073	0.072	1.042	0.000000	0.000000
1582082228776	1582082228755	-4.660	-3.725	8.619	-0.073	0.378	1.219	0.000000	0.000000
1582082228797	1582082228776	-5.395	-4.172	8.313	-0.315	0.773	1.212	0.000000	0.000000
1582082228817	1582082228795	-5.439	-4.338	8.550	-0.398	0.704	1.212	0.000000	0.000000
1582082228842	1582082228814	-3.951	-5.090	9.422	-0.177	0.191	1.205	0.000000	0.000000
1582082228860	1582082228837	-3.939	-6.151	10.584	-0.022	0.132	1.075	0.000000	0.000000
1582082228875	1582082228854	-3.661	-6.108	10.505	0.158	0.442	0.993	0.000000	0.000000
1582082228895	1582082228875	-3.762	-4.505	10.337	0.619	0.554	0.913	0.000000	0.000000
1582082228916	1582082228895	-5.685	-2.881	10.052	1.368	0.580	0.870	0.000000	0.000000
1582082228935	1582082228914	-6.974	-1.703	9.959	1.964	0.481	0.887	0.000000	0.000000
1582082228956	1582082228935	-5.692	-0.435	9.431	1.928	0.362	0.873	0.000000	0.000000
1582082228978	1582082228956	-4.797	1.196	9.350	1.912	0.218	0.775	0.000000	0.000000
1582082228994	1582082228975	-5.273	1.577	9.834	1.882	0.034	0.881	0.000000	0.000000
1582082229016	1582082228994	-6.176	0.623	9.963	1.575	0.019	1.304	0.000000	0.000000
1582082229038	1582082229013	-6.574	2.077	10.071	1.686	0.242	1.815	0.000000	0.000000
1582082229066	1582082229038	-4.718	3.771	10.993	2.036	0.586	1.932	0.000000	0.000000
1582082229073	1582082229065	-2.837	5.247	11.036	2.409	0.711	1.827	0.000000	0.000000
1582082229094	1582082229072	-4.734	9.278	9.592	3.295	0.782	1.903	0.000000	0.000000
1582082229114	1582082229092	-7.767	11.216	8.291	3.793	1.119	2.069	0.000000	0.000000
1582082229138	1582082229113	-6.986	10.157	10.299	2.781	1.114	2.150	0.000000	0.000000
1582082229157	1582082229133	-3.834	8.897	10.464	1.462	0.081	2.047	0.000000	0.000000
1582082229177	1582082229158	-4.607	8.974	8.212	-0.091	-0.340	2.033	0.000000	0.000000
1582082229193	1582082229174	-6.929	8.025	6.133	-0.361	0.679	2.465	0.000000	0.000000
1582082229214	1582082229193	-8.435	4.712	6.562	0.467	1.237	2.647	0.000000	0.000000
1582082229234	1582082229213	-9.552	5.788	5.108	1.848	0.692	2.896	0.000000	0.000000
1582082229258	1582082229234	-8.620	8.471	3.541	2.360	0.632	3.241	0.000000	0.000000
1582082229273	1582082229258	-8.311	9.269	0.242	3.230	1.249	3.353	0.000000	0.000000
1582082229298	1582082229273	-18.276	18.834	5.328	3.068	3.265	2.812	0.000000	0.000000
1582082229313	1582082229292	-17.088	18.546	10.989	3.738	3.953	3.029	0.000000	0.000000
1582082229333	1582082229312	-16.041	17.964	14.366	4.804	2.305	3.251	0.000000	0.000000
1582082229354	1582082229333	-18.556	14.893	15.032	4.582	2.478	4.197	0.000000	0.000000
1582082229377	1582082229352	-19.582	9.039	9.180	3.625	2.489	4.787	0.000000	0.000000
1582082229396	1582082229372	-19.653	6.281	2.314	1.884	3.019	4.482	0.000000	0.000000
1582082229413	1582082229395	-19.349	3.136	-2.443	1.859	3.191	4.721	0.000000	0.000000
1582082229433	1582082229412	-13.099	-0.984	-1.509	3.978	2.770	4.880	0.000000	0.000000
1582082229455	1582082229432	-12.618	4.411	-3.274	3.295	2.671	4.712	0.000000	0.000000
1582082229473	1582082229455	-12.826	3.175	-1.509	0.946	3.232	5.470	0.000000	0.000000
1582082229493	1582082229473	-6.672	0.357	-0.694	2.367	3.510	5.214	0.000000	0.000000
1582082229514	1582082229492	-2.394	9.475	-0.752	2.926	3.898	4.695	0.000000	0.000000
1582082229532	1582082229513	-1.016	1.261	2.758	3.460	3.688	4.830	0.000000	0.000000
1582082229552	1582082229531	8.295	0.908	3.426	4.062	2.929	3.944	0.000000	0.000000
1582082229577	1582082229551	5.806	8.972	0.458	2.275	2.509	3.806	0.000000	0.000000
1582082229596	1582082229571	5.621	7.149	2.068	1.982	1.322	3.879	0.000000	0.000000
1582082229612	1582082229592	4.074	6.576	3.395	2.812	0.485	2.821	0.000000	0.000000
1582082229632	1582082229611	5.509	5.381	4.875	1.607	0.162	2.432	0.000000	0.000000
1582082229651	1582082229631	4.086	1.371	3.970	0.917	0.242	1.910	0.000000	0.000000
1582082229672	1582082229651	2.491	-1.681	4.360	0.511	1.795	1.103	0.000000	0.000000
1582082229693	1582082229672	6.194	-4.125	4.969	-0.462	1.909	0.820	0.000000	0.000000
1582082229714	1582082229692	7.878	-7.248	4.851	0.273	0.437	0.952	0.000000	0.000000
1582082229730	1582082229709	8.910	-5.710	1.136	0.759	0.455	1.196	0.000000	0.000000
1582082229751	1582082229730	8.360	-5.150	2.233	1.348	0.842	0.473	0.000000	0.000000
1582082229773	1582082229750	5.339	-3.528	3.342	1.060	1.479	-0.480	0.000000	0.000000
1582082229793	1582082229772	4.903	-0.519	2.885	1.519	1.481	-0.890	0.000000	0.000000
1582082229813	1582082229793	6.261	2.925	1.397	2.992	0.485	-0.704	0.000000	0.000000
1582082229832	1582082229813	7.358	4.135	-2.352	2.278	-0.395	-0.749	0.000000	0.000000
1582082229851	1582082229830	6.017	4.341	-5.342	2.702	-0.184	-1.067	0.000000	0.000000
1582082229871	1582082229850	3.906	5.599	-7.392	5.017	0.444	-1.262	0.000000	0.000000
1582082229891	1582082229870	5.114	9.283	-10.374	5.258	0.346	-1.136	0.000000	0.000000
1582082229914	1582082229891	5.763	9.592	-9.816	4.213	-0.210	-0.790	0.000000	0.000000
1582082229932	1582082229910	5.974	8.035	-9.083	3.536	-0.732	-1.107	0.000000	0.000000
1582082229950	1582082229932	7.272	7.417	-10.736	2.194	-0.841	-1.486	0.000000	0.000000
1582082229970	1582082229949	7.023	7.609	-10.324	2.766	-0.535	-1.565	0.000000	0.000000
1582082229992	1582082229969	6.204	8.263	-10.202	4.028	0.046	-1.477	0.000000	0.000000
1582082230011	1582082229992	6.017	8.332	-10.360	4.372	0.308	-1.292	0.000000	0.000000
1582082230031	1582082230011	5.641	7.771	-10.408	4.097	0.322	-0.947	0.000000	0.000000
1582082230051	1582082230029	5.389	6.672	-9.613	3.868	0.421	-0.782	0.000000	0.000000
1582082230070	1582082230049	5.356	5.743	-9.364	4.426	0.469	-0.662	0.000000	0.000000
1582082230090	1582082230069	5.535	4.756	-9.670	4.672	0.383	-0.462	0.000000	0.000000
1582082230111	1582082230090	6.201	4.284	-9.900	4.510	0.126	-0.429	0.000000	0.000000
1582082230131	1582082230111	6.968	3.340	-10.583	4.126	-0.311	-0.385	0.000000	0.000000
1582082230150	1582082230131	6.810	2.719	-10.993	3.991	-0.383	-0.116	0.000000	0.000000
1582082230169	1582082230149	6.438	2.465	-10.655	4.089	-0.355	-0.197	0.000000	0.000000
1582082230192	1582082230169	6.362	1.639	-10.116	3.466	-0.318	-0.119	0.000000	0.000000
1582082230214	1582082230191	6.261	0.995	-9.991	2.968	-0.315	0.107	0.000000	0.000000
1582082230229	1582082230213	6.002	0.580	-9.828	3.125	-0.408	0.232	0.000000	0.000000
1582082230254	1582082230228	5.566	-0.057	-9.670	3.359	-0.443	0.302	0.000000	0.000000
1582082230269	1582082230254	5.013	-0.881	-9.754	3.313	-0.482	0.341	0.000000	0.000000
1582082230290	1582082230268	4.515	-1.717	-9.821	3.193	-0.502	0.346	0.000000	0.000000
1582082230310	1582082230288	4.167	-2.409	-9.821	2.941	-0.409	0.394	0.000000	0.000000
1582082230331	1582082230308	3.966	-3.078	-9.797	2.575	-0.369	0.406	0.000000	0.000000
1582082230349	1582082230329	3.794	-3.533	-9.804	2.379	-0.468	0.275	0.000000	0.000000
1582082230368	1582082230348	3.657	-3.672	-9.895	2.232	-0.690	0.053	0.000000	0.000000
1582082230388	1582082230368	3.612	-3.581	-10.018	1.936	-0.870	-0.120	0.000000	0.000000
1582082230414	1582082230387	3.492	-3.334	-10.116	1.824	-0.981	-0.238	0.000000	0.000000
1582082230428	1582082230414	3.420	-3.061	-10.063	2.123	-1.059	-0.324	0.000000	0.000000
1582082230450	1582082230428	3.185	-2.922	-10.006	2.479	-0.954	-0.405	0.000000	0.000000
1582082230468	1582082230448	2.644	-3.116	-9.594	2.629	-0.721	-0.462	0.000000	0.000000
1582082230488	1582082230467	2.325	-3.873	-9.095	2.474	-0.563	-0.462	0.000000	0.000000
1582082230509	1582082230487	2.953	-4.697	-8.441	2.140	-0.681	-0.507	0.000000	0.000000
1582082230531	1582082230507	4.407	-5.751	-7.493	1.705	-0.886	-0.598	0.000000	0.000000
1582082230551	1582082230531	4.620	-6.875	-6.911	1.517	-0.636	-0.496	0.000000	0.000000
1582082230568	1582082230549	3.420	-7.081	-6.331	1.494	0.361	-0.204	0.000000	0.000000
1582082230588	1582082230567	3.540	-7.152	-5.260	1.526	1.261	-0.143	0.000000	0.000000
1582082230612	1582082230587	4.838	-7.679	-4.539	2.013	1.410	-0.155	0.000000	0.000000
1582082230628	1582082230612	5.023	-8.175	-3.988	2.157	1.490	-0.085	0.000000	0.000000
1582082230649	1582082230628	4.646	-8.060	-3.044	2.190	1.802	0.019	0.000000	0.000000
1582082230674	1582082230647	4.795	-8.312	-2.235	2.533	2.043	0.004	0.000000	0.000000
1582082230687	1582082230668	5.063	-8.530	-1.468	2.862	2.090	-0.079	0.000000	0.000000
1582082230707	1582082230686	4.848	-8.283	-0.723	3.252	2.091	-0.267	0.000000	0.000000
1582082230733	1582082230706	4.086	-8.463	0.120	3.265	2.047	-0.423	0.000000	0.000000
1582082230750	1582082230732	3.051	-8.386	0.865	3.011	1.991	-0.383	0.000000	0.000000
1582082230767	1582082230747	2.493	-8.044	1.409	2.725	1.870	-0.287	0.000000	0.000000
1582082230787	1582082230767	2.663	-7.497	2.099	2.659	1.740	-0.247	0.000000	0.000000
1582082230807	1582082230786	3.109	-7.476	3.059	2.838	1.522	-0.323	0.000000	0.000000
1582082230827	1582082230805	3.394	-7.406	3.766	2.856	1.326	-0.386	0.000000	0.000000
1582082230848	1582082230827	4.127	-6.532	4.274	2.731	1.231	-0.382	0.000000	0.000000
1582082230867	1582082230846	5.245	-5.547	4.722	2.796	1.182	-0.283	0.000000	0.000000
1582082230886	1582082230867	5.447	-4.819	4.909	2.987	1.156	-0.201	0.000000	0.000000
1582082230907	1582082230885	5.502	-4.180	5.048	2.931	1.209	-0.147	0.000000	0.000000
1582082230928	1582082230905	5.751	-3.540	5.326	2.599	1.245	0.047	0.000000	0.000000
1582082230947	1582082230928	6.218	-3.130	5.400	2.133	1.309	0.250	0.000000	0.000000
1582082230969	1582082230947	6.491	-3.229	5.218	1.740	1.343	0.505	0.000000	0.000000
1582082230986	1582082230965	6.520	-3.880	5.503	1.296	1.297	0.817	0.000000	0.000000
1582082231006	1582082230986	5.892	-5.567	6.559	0.826	1.244	1.062	0.000000	0.000000
1582082231026	1582082231005	5.418	-7.828	6.897	0.697	1.401	1.224	0.000000	0.000000
1582082231046	1582082231025	5.954	-8.290	7.014	1.199	1.604	1.145	0.000000	0.000000
1582082231070	1582082231046	5.689	-6.994	8.102	2.263	1.469	0.752	0.000000	0.000000
1582082231086	1582082231070	5.128	-5.677	8.974	2.961	1.269	0.393	0.000000	0.000000
1582082231106	1582082231086	5.020	-4.137	9.410	2.917	1.279	0.418	0.000000	0.000000
1582082231125	1582082231104	4.558	-2.965	9.125	2.424	1.371	0.507	0.000000	0.000000
1582082231149	1582082231124	3.461	-2.354	9.024	1.581	1.480	0.602	0.000000	0.000000
1582082231165	1582082231149	2.256	-2.649	8.636	0.704	1.698	0.835	0.000000	0.000000
1582082231186	1582082231165	1.209	-3.351	8.140	0.151	1.844	1.176	0.000000	0.000000
1582082231206	1582082231184	0.838	-2.774	8.373	0.387	1.794	1.509	0.000000	0.000000
1582082231226	1582082231204	0.687	-1.485	9.314	1.408	1.528	1.765	0.000000	0.000000
1582082231245	1582082231224	1.015	-0.227	10.275	2.370	1.235	1.818	0.000000	0.000000
1582082231266	1582082231244	1.096	1.100	10.926	2.576	1.114	1.729	0.000000	0.000000
1582082231286	1582082231266	1.532	0.537	11.631	2.372	0.927	1.700	0.000000	0.000000
1582082231304	1582082231285	1.084	0.822	11.992	2.101	0.730	1.697	0.000000	0.000000
1582082231325	1582082231304	0.864	0.734	12.558	1.423	0.838	1.667	0.000000	0.000000
1582082231346	1582082231323	0.577	2.303	14.730	1.325	0.506	1.600	0.000000	0.000000
1582082231369	1582082231346	2.550	0.278	15.552	1.649	-0.373	1.592	0.000000	0.000000
1582082231384	1582082231369	4.012	-0.768	14.788	0.903	-0.699	1.621	0.000000	0.000000
1582082231408	1582082231384	4.752	2.046	12.383	0.236	-0.403	1.649	0.000000	0.000000
1582082231423	1582082231409	4.405	0.456	10.318	-0.399	-0.180	1.467	0.000000	0.000000
1582082231444	1582082231423	3.161	-1.801	9.597	-1.277	0.009	1.566	0.000000	0.000000
1582082231466	1582082231444	4.908	-0.445	9.906	-0.225	-0.008	1.725	0.000000	0.000000
1582082231486	1582082231466	3.473	0.250	11.341	1.305	-0.212	1.491	0.000000	0.000000
1582082231503	1582082231484	3.818	2.343	11.961	1.320	0.039	1.444	0.000000	0.000000
1582082231524	1582082231503	3.602	2.681	11.077	0.884	-0.040	1.017	0.000000	0.000000
1582082231543	1582082231523	3.796	0.099	9.427	-0.277	-0.067	0.888	0.000000	0.000000
1582082231568	1582082231543	4.697	-1.619	7.438	-0.545	-0.149	1.074	0.000000	0.000000
1582082231584	1582082231568	5.554	-1.224	9.051	-0.672	-0.058	1.244	0.000000	0.000000
1582082231605	1582082231583	3.214	-0.280	7.247	-0.500	0.388	0.700	0.000000	0.000000
1582082231623	1582082231604	-0.703	-4.532	5.496	-1.216	0.333	0.719	0.000000	0.000000
1582082231643	1582082231622	-3.743	-1.923	8.116	-1.123	0.739	0.836	0.000000	0.000000
1582082231664	1582082231642	-5.750	-4.158	8.193	-0.183	0.923	0.689	0.000000	0.000000
1582082231688	1582082231664	-5.465	-4.853	7.082	-0.520	0.434	1.072	0.000000	0.000000
1582082231706	1582082231687	-1.860	-4.781	7.735	-0.407	-0.245	1.007	0.000000	0.000000
1582082231722	1582082231706	1.070	-2.361	8.215	-0.327	-0.310	0.458	0.000000	0.000000
1582082231742	1582082231722	-1.009	-4.812	9.376	-0.602	-0.250	0.333	0.000000	0.000000
1582082231767	1582082231742	-3.309	-5.286	8.967	-0.041	0.231	0.724	0.000000	0.000000
1582082231783	1582082231766	-3.426	-5.399	9.403	0.827	0.064	0.577	0.000000	0.000000
1582082231802	1582082231783	-3.680	-5.418	9.832	1.443	-0.139	0.312	0.000000	0.000000
1582082231823	1582082231802	-3.438	-3.940	10.330	1.401	-0.040	0.248	0.000000	0.000000
1582082231843	1582082231823	-2.193	-3.145	9.776	0.960	0.086	-0.093	0.000000	0.000000
1582082231862	1582082231841	-2.363	-3.200	8.207	0.138	-0.059	-0.166	0.000000	0.000000
1582082231886	1582082231861	-2.986	-2.896	8.440	-0.141	-0.065	-0.038	0.000000	0.000000
1582082231905	1582082231886	-3.331	-2.699	7.724	0.056	0.018	0.068	0.000000	0.000000
1582082231922	1582082231905	-2.614	-2.096	8.011	0.094	-0.121	0.026	0.000000	0.000000
1582082231942	1582082231921	-2.154	-2.728	8.231	0.123	-0.219	-0.099	0.000000	0.000000
1582082231964	1582082231941	-2.341	-1.997	9.451	-0.118	-0.036	-0.128	0.000000	0.000000
1582082231983	1582082231964	-3.057	-1.621	10.251	0.192	0.157	-0.126	0.000000	0.000000
1582082232002	1582082231980	-3.182	-1.449	10.332	0.201	0.139	-0.009	0.000000	0.000000
1582082232029	1582082232001	-2.770	-1.458	10.799	0.151	0.008	-0.096	0.000000	0.000000
1582082232043	1582082232022	-3.175	-1.729	10.550	0.021	-0.039	-0.075	0.000000	0.000000
1582082232061	1582082232040	-3.307	-1.597	10.301	-0.330	0.052	-0.083	0.000000	0.000000
1582082232084	1582082232060	-2.851	-1.058	9.731	-0.047	-0.138	-0.166	0.000000	0.000000
1582082232104	1582082232083	-2.736	-0.596	9.451	0.145	-0.375	-0.147	0.000000	0.000000
1582082232123	1582082232104	-3.400	0.889	9.058	-0.002	-0.468	-0.237	0.000000	0.000000
1582082232140	1582082232122	-3.546	1.378	8.533	-0.173	-0.634	-0.239	0.000000	0.000000
1582082232161	1582082232139	-3.328	0.080	6.768	-0.630	-0.886	-0.372	0.000000	0.000000
1582082232181	1582082232160	-4.605	-2.393	6.085	-1.395	-0.897	-0.382	0.000000	0.000000
1582082232201	1582082232179	-6.363	-2.841	4.784	-1.564	-0.746	-0.313	0.000000	0.000000
1582082232225	1582082232200	-7.645	-3.705	2.820	-1.638	-0.901	-0.318	0.000000	0.000000
1582082232241	1582082232219	-7.285	-3.425	-1.267	-2.359	-1.015	-0.308	0.000000	0.000000
1582082232260	1582082232241	-8.730	1.035	-5.648	-4.862	-0.539	-0.794	0.000000	0.000000
1582082232281	1582082232260	-16.975	4.624	-14.650	-9.565	1.113	-1.433	0.000000	0.000000
1582082232310	1582082232279	-19.378	-1.688	-28.369	-14.631	2.883	-1.414	0.000000	0.000000
1582082232322	1582082232302	-19.045	-14.396	-25.193	-11.893	4.519	-1.201	0.000000	0.000000
1582082232342	1582082232319	-20.219	-24.048	-8.738	0.050	5.021	-0.541	0.000000	0.000000
1582082232360	1582082232342	-12.285	-16.227	1.078	1.115	4.949	0.824	0.000000	0.000000
1582082232379	1582082232359	-10.606	-5.948	1.531	-1.104	4.391	2.371	0.000000	0.000000
1582082232401	1582082232379	-11.892	-9.826	3.419	-1.956	4.948	2.893	0.000000	0.000000
1582082232422	1582082232400	-11.566	-14.205	7.508	0.051	3.001	5.029	0.000000	0.000000
1582082232441	1582082232419	-4.272	-7.893	2.825	0.112	1.059	7.356	0.000000	0.000000
1582082232460	1582082232439	-27.185	-17.602	-3.782	-1.849	2.371	8.793	0.000000	0.000000
1582082232480	1582082232458	-20.643	-20.553	-2.721	-2.639	4.886	9.346	0.000000	0.000000
1582082232503	1582082232478	-21.872	-6.118	-2.462	-2.964	3.777	7.990	0.000000	0.000000
1582082232525	1582082232498	-24.085	-10.516	-3.310	-4.271	4.760	7.138	0.000000	0.000000
1582082232539	1582082232525	-26.236	-7.663	-3.772	-5.274	5.976	5.792	0.000000	0.000000
1582082232563	1582082232539	-27.882	-6.130	-1.418	-5.093	5.949	5.955	0.000000	0.000000
1582082232579	1582082232563	-29.319	-5.512	-1.315	-5.038	5.200	6.107	0.000000	0.000000
1582082232599	1582082232578	-24.945	-2.982	-2.869	-4.738	4.802	6.177	0.000000	0.000000
1582082232619	1582082232598	-20.348	-2.376	-3.111	-4.193	4.542	5.641	0.000000	0.000000
