1582082040870	1582082040868	-2.775	-7.248	4.614	-1.699	0.253	1.086	0.000000	0.000000
1582082040888	1582082040886	-3.223	-8.441	3.498	-1.936	0.544	1.124	0.000000	0.000000
1582082040908	1582082040906	-3.314	-9.122	2.405	-1.946	0.710	1.173	0.000000	0.000000
1582082040929	1582082040926	-4.092	-9.126	2.003	-1.679	0.846	1.177	0.000000	0.000000
1582082040950	1582082040946	-4.284	-9.541	2.465	-1.148	0.769	1.053	0.000000	0.000000
1582082040969	1582082040968	-4.274	-9.917	2.731	-1.180	0.759	0.869	0.000000	0.000000
1582082040987	1582082040986	-4.718	-10.568	2.444	-1.833	1.060	0.658	0.000000	0.000000
1582082041010	1582082041009	-5.036	-11.177	1.426	-2.060	1.409	0.572	0.000000	0.000000
1582082041027	1582082041026	-5.910	-12.461	0.161	-2.111	1.651	0.211	0.000000	0.000000
1582082041047	1582082041046	-8.541	-16.461	-1.693	-1.640	1.934	-0.567	0.000000	0.000000
1582082041067	1582082041066	-12.184	-19.223	-1.617	-2.285	1.899	-1.871	0.000000	0.000000
1582082041087	1582082041086	-14.158	-18.648	-3.047	-4.862	1.558	-3.010	0.000000	0.000000
1582082041108	1582082041106	-14.391	-15.331	-9.014	-8.005	1.549	-3.547	0.000000	0.000000
1582082041128	1582082041127	-14.968	-15.460	-10.844	-10.765	1.267	-4.359	0.000000	0.000000
1582082041154	1582082041150	-9.727	-25.334	-10.552	-10.578	2.769	-4.314	0.000000	0.000000
1582082041168	1582082041166	-9.794	-17.868	-11.361	-6.442	5.193	-3.455	0.000000	0.000000
1582082041186	1582082041186	-11.573	-5.512	-12.701	-2.931	5.379	-2.111	0.000000	0.000000
1582082041206	1582082041205	-6.897	-1.425	-10.209	-1.644	4.672	-0.214	0.000000	0.000000
1582082041226	1582082041225	-5.839	2.082	-3.075	2.424	5.217	2.061	0.000000	0.000000
1582082041246	1582082041245	-8.476	1.213	-2.532	2.659	5.003	3.847	0.000000	0.000000
1582082041266	1582082041265	-10.690	-1.001	3.977	3.341	2.758	6.568	0.000000	0.000000
1582082041286	1582082041285	-12.980	0.329	7.108	3.811	1.461	8.634	0.000000	0.000000
1582082041306	1582082041304	-13.885	-0.776	11.027	2.783	1.230	9.303	0.000000	0.000000
1582082041327	1582082041326	-16.281	-7.354	4.262	0.080	1.781	9.006	0.000000	0.000000
1582082041349	1582082041346	-14.129	-16.313	-2.642	-1.866	1.859	7.857	0.000000	0.000000
1582082041368	1582082041364	-12.927	-16.861	-6.257	-3.376	2.086	7.317	0.000000	0.000000
1582082041386	1582082041384	-15.619	-13.304	-8.381	-4.166	2.874	6.931	0.000000	0.000000
1582082041405	1582082041404	-17.735	-13.639	-9.692	-4.344	3.005	6.488	0.000000	0.000000
1582082041425	1582082041424	-16.496	-12.391	-10.789	-4.837	2.812	5.945	0.000000	0.000000
1582082041445	1582082041444	-17.023	-14.143	-12.059	-5.408	3.132	5.357	0.000000	0.000000
1582082041465	1582082041464	-17.790	-10.121	-10.981	-5.021	3.025	5.319	0.000000	0.000000
1582082041485	1582082041484	-15.996	-7.390	-12.229	-5.051	2.515	4.838	0.000000	0.000000
1582082041505	1582082041504	-14.987	-9.196	-11.371	-4.940	2.225	4.150	0.000000	0.000000
1582082041525	1582082041524	-14.503	-6.812	-13.172	-5.671	2.309	3.515	0.000000	0.000000
1582082041556	1582082041554	-11.118	-8.484	-12.399	-4.276	1.683	2.976	0.000000	0.000000
1582082041572	1582082041569	-9.250	-7.133	-8.858	-3.912	1.624	2.847	0.000000	0.000000
1582082041584	1582082041583	-10.517	0.398	-7.699	-3.696	1.606	2.476	0.000000	0.000000
1582082041605	1582082041603	-7.817	-0.642	-7.809	-3.126	0.536	1.848	0.000000	0.000000
1582082041624	1582082041623	-6.873	-0.098	-6.649	-3.147	0.668	1.831	0.000000	0.000000
1582082041646	1582082041644	-9.621	2.755	-4.767	-3.210	0.867	1.840	0.000000	0.000000
1582082041664	1582082041663	-8.217	3.742	-4.237	-2.791	0.205	1.337	0.000000	0.000000
1582082041689	1582082041683	-8.543	3.704	-3.516	-2.679	0.050	0.739	0.000000	0.000000
1582082041705	1582082041704	-9.889	4.782	-2.958	-2.946	-0.562	0.406	0.000000	0.000000
1582082041725	1582082041724	-8.835	6.993	-3.799	-2.937	-1.498	0.074	0.000000	0.000000
1582082041747	1582082041747	-8.112	6.061	-3.095	-2.432	-1.863	-0.306	0.000000	0.000000
1582082041769	1582082041769	-9.013	5.457	-1.940	-2.094	-1.954	-0.458	0.000000	0.000000
1582082041786	1582082041785	-11.102	4.126	-0.790	-1.810	-1.773	-0.548	0.000000	0.000000
1582082041805	1582082041804	-14.764	2.779	-0.198	-0.943	-2.068	-0.646	0.000000	0.000000
1582082041824	1582082041823	-11.403	3.369	-0.826	-0.799	-4.139	-0.450	0.000000	0.000000
1582082041845	1582082041843	-7.748	7.999	-0.115	-0.348	-4.774	-0.315	0.000000	0.000000
1582082041867	1582082041865	-8.996	3.943	-0.402	0.756	-4.021	-0.336	0.000000	0.000000
1582082041885	1582082041885	-9.880	1.788	-0.507	-0.406	-3.735	-0.131	0.000000	0.000000
1582082041905	1582082041904	-11.552	3.697	0.760	-0.146	-4.048	0.021	0.000000	0.000000
1582082041923	1582082041923	-12.359	1.914	0.796	1.023	-4.766	-0.145	0.000000	0.000000
1582082041945	1582082041944	-13.725	-1.276	-0.610	2.487	-5.634	0.129	0.000000	0.000000
1582082041969	1582082041969	-15.109	-4.441	-2.745	4.301	-7.386	0.300	0.000000	0.000000
1582082041984	1582082041984	-14.230	-5.792	-4.788	6.132	-9.394	0.276	0.000000	0.000000
1582082042004	1582082042003	-12.354	-3.207	-6.657	7.148	-10.765	0.329	0.000000	0.000000
1582082042024	1582082042022	-10.984	-1.854	-8.087	7.523	-11.110	0.014	0.000000	0.000000
1582082042044	1582082042043	-8.366	-4.623	-7.859	8.015	-10.798	-0.536	0.000000	0.000000
1582082042064	1582082042063	-4.169	-5.639	-8.305	8.023	-9.349	-0.790	0.000000	0.000000
1582082042089	1582082042087	-4.641	-8.288	-9.373	8.139	-7.151	-0.594	0.000000	0.000000
1582082042106	1582082042106	-5.841	-9.158	-14.447	8.689	-5.951	-0.703	0.000000	0.000000
1582082042124	1582082042122	-4.040	-5.883	-20.436	9.316	-5.097	-0.450	0.000000	0.000000
1582082042144	1582082042142	-1.302	0.360	-20.575	7.196	-4.303	0.093	0.000000	0.000000
1582082042162	1582082042162	-1.656	3.290	-16.390	3.215	-3.663	0.523	0.000000	0.000000
1582082042183	1582082042182	-4.452	5.970	-10.130	-0.684	-4.141	-0.194	0.000000	0.000000
1582082042204	1582082042204	-5.345	6.042	-6.137	-2.162	-5.022	-1.541	0.000000	0.000000
1582082042222	1582082042222	-4.329	2.751	-1.149	-2.465	-5.011	-1.975	0.000000	0.000000
1582082042244	1582082042243	-13.535	0.647	5.563	-2.005	-5.100	-1.139	0.000000	0.000000
1582082042265	1582082042262	-10.524	2.683	8.488	-1.334	-6.732	-0.571	0.000000	0.000000
1582082042283	1582082042283	-6.596	6.032	9.661	-0.001	-6.799	0.082	0.000000	0.000000
1582082042306	1582082042305	-13.435	5.704	10.081	-0.758	-5.072	1.315	0.000000	0.000000
1582082042324	1582082042322	-15.205	4.358	8.639	-1.486	-4.952	1.501	0.000000	0.000000
1582082042343	1582082042342	-14.453	7.187	9.439	-1.694	-5.154	0.910	0.000000	0.000000
1582082042362	1582082042361	-11.281	8.962	15.078	-1.363	-5.616	1.091	0.000000	0.000000
1582082042383	1582082042383	-11.674	10.442	10.584	-1.947	-3.916	1.618	0.000000	0.000000
1582082042404	1582082042401	-13.634	8.231	10.780	-1.915	-3.030	1.783	0.000000	0.000000
1582082042423	1582082042421	-9.140	6.552	11.700	-0.339	-3.661	2.129	0.000000	0.000000
1582082042443	1582082042441	-8.416	6.200	11.314	-0.225	-3.030	2.279	0.000000	0.000000
1582082042462	1582082042460	-7.559	5.515	9.805	-0.863	-2.354	2.442	0.000000	0.000000
1582082042485	1582082042485	-7.444	5.180	7.747	-1.605	-1.889	2.407	0.000000	0.000000
1582082042506	1582082042504	-6.006	3.924	6.004	-1.908	-1.697	1.985	0.000000	0.000000
1582082042522	1582082042521	-4.066	3.965	6.049	-0.939	-1.880	1.617	0.000000	0.000000
1582082042542	1582082042541	-2.126	4.003	6.523	-0.243	-2.064	1.479	0.000000	0.000000
1582082042561	1582082042560	-0.844	3.965	6.691	-0.497	-1.716	1.393	0.000000	0.000000
1582082042582	1582082042582	-0.032	4.288	5.309	-1.334	-0.914	1.247	0.000000	0.000000
1582082042605	1582082042605	-1.045	4.099	5.810	-1.535	-0.335	1.589	0.000000	0.000000
1582082042626	1582082042621	-2.504	3.522	6.820	-1.711	0.118	1.649	0.000000	0.000000
1582082042642	1582082042640	-1.960	2.866	6.073	-2.179	0.110	1.188	0.000000	0.000000
1582082042661	1582082042661	-1.488	2.861	4.890	-2.864	0.253	0.906	0.000000	0.000000
1582082042681	1582082042680	-1.996	4.001	4.276	-3.392	0.615	0.887	0.000000	0.000000
1582082042705	1582082042704	-1.967	4.394	3.828	-3.501	0.445	0.787	0.000000	0.000000
1582082042720	1582082042720	-1.314	3.278	4.142	-3.204	0.168	0.696	0.000000	0.000000
1582082042741	1582082042740	-1.026	1.864	5.764	-2.673	0.153	0.873	0.000000	0.000000
1582082042761	1582082042759	-2.154	-0.658	6.461	-2.640	0.131	1.166	0.000000	0.000000
1582082042781	1582082042781	-2.509	-2.651	6.753	-2.768	0.246	0.965	0.000000	0.000000
1582082042803	1582082042803	-2.377	-3.336	7.570	-2.406	0.148	0.705	0.000000	0.000000
1582082042826	1582082042825	-2.152	-3.648	8.104	-1.779	0.100	0.364	0.000000	0.000000
1582082042842	1582082042839	-2.126	-3.775	6.935	-2.378	0.343	0.178	0.000000	0.000000
1582082042860	1582082042860	-2.317	-3.413	7.860	-2.273	0.286	0.244	0.000000	0.000000
1582082042880	1582082042879	-1.898	-3.538	9.053	-1.558	0.272	0.306	0.000000	0.000000
1582082042903	1582082042903	-1.560	-1.868	7.994	-1.651	0.198	0.243	0.000000	0.000000
1582082042919	1582082042919	-2.073	-1.080	7.724	-1.473	-0.126	0.282	0.000000	0.000000
1582082042940	1582082042939	-1.124	-2.594	7.565	-1.345	-0.413	0.266	0.000000	0.000000
1582082042961	1582082042959	0.040	-4.335	7.841	-1.605	-0.424	0.592	0.000000	0.000000
1582082042979	1582082042979	-0.434	-4.606	7.953	-2.134	0.447	0.883	0.000000	0.000000
1582082043002	1582082043002	-2.729	-2.934	9.024	-1.704	1.068	1.084	0.000000	0.000000
1582082043023	1582082043021	-4.226	-1.729	8.576	-1.932	0.600	1.032	0.000000	0.000000
1582082043041	1582082043040	-3.050	-2.596	7.714	-2.165	-0.138	0.789	0.000000	0.000000
1582082043058	1582082043058	-2.188	-4.956	6.725	-1.892	-0.405	1.031	0.000000	0.000000
1582082043078	1582082043078	-2.231	-6.031	6.123	-1.602	-0.108	1.261	0.000000	0.000000
1582082043103	1582082043102	-3.014	-5.028	5.874	-1.680	0.086	1.335	0.000000	0.000000
1582082043120	1582082043118	-3.354	-5.452	5.656	-1.619	0.192	1.336	0.000000	0.000000
1582082043138	1582082043138	-3.493	-7.981	5.280	-1.089	0.293	1.480	0.000000	0.000000
1582082043159	1582082043158	-3.838	-9.330	4.981	-0.742	0.338	1.414	0.000000	0.000000
1582082043179	1582082043178	-3.922	-10.240	4.346	-1.478	0.196	1.115	0.000000	0.000000
1582082043199	1582082043199	-3.228	-9.438	3.634	-2.301	-0.108	0.786	0.000000	0.000000
1582082043222	1582082043218	-2.231	-10.044	2.652	-2.389	-0.246	0.810	0.000000	0.000000
1582082043250	1582082043248	-1.951	-10.609	1.886	-2.326	0.270	0.624	0.000000	0.000000
1582082043260	1582082043260	-3.163	-10.947	2.877	-2.449	0.847	0.379	0.000000	0.000000
1582082043278	1582082043277	-4.389	-10.691	3.232	-2.935	0.993	0.156	0.000000	0.000000
1582082043298	1582082043299	-4.155	-8.932	2.209	-3.130	0.852	-0.180	0.000000	0.000000
1582082043319	1582082043318	-4.325	-10.288	0.621	-2.937	0.958	-0.497	0.000000	0.000000
1582082043338	1582082043337	-6.085	-13.886	-1.830	-3.049	1.541	-0.983	0.000000	0.000000
1582082043359	1582082043356	-9.712	-16.387	-3.468	-3.725	2.218	-2.072	0.000000	0.000000
1582082043378	1582082043378	-13.672	-16.186	-6.618	-6.987	1.193	-3.378	0.000000	0.000000
1582082043401	1582082043399	-13.279	-15.295	-13.965	-11.552	-0.790	-4.001	0.000000	0.000000
1582082043422	1582082043420	-11.166	-24.932	-15.508	-13.004	-0.195	-3.204	0.000000	0.000000
1582082043438	1582082043438	-9.137	-28.743	-14.238	-10.994	2.808	-2.467	0.000000	0.000000
1582082043458	1582082043456	-10.366	-20.436	-14.512	-5.706	5.935	-1.406	0.000000	0.000000
1582082043478	1582082043476	-15.421	-12.578	-9.929	-1.751	7.149	-0.730	0.000000	0.000000
1582082043498	1582082043496	-12.975	-0.881	-2.740	-1.459	6.477	0.589	0.000000	0.000000
1582082043517	1582082043516	-8.248	-2.596	-0.819	2.458	5.676	2.556	0.000000	0.000000
1582082043538	1582082043538	-9.647	-1.291	-1.851	5.764	5.183	5.584	0.000000	0.000000
1582082043558	1582082043558	-10.397	-1.657	2.719	6.174	3.896	6.786	0.000000	0.000000
1582082043577	1582082043576	-4.387	2.106	7.084	3.937	2.587	7.107	0.000000	0.000000
1582082043596	1582082043595	-4.749	6.686	10.521	2.188	1.808	8.983	0.000000	0.000000
1582082043616	1582082043615	-16.879	-1.286	7.201	1.885	1.921	10.624	0.000000	0.000000
1582082043637	1582082043637	-15.528	-15.508	2.302	-0.493	1.321	9.120	0.000000	0.000000
1582082043657	1582082043657	-12.917	-13.163	-7.672	-3.848	2.156	7.892	0.000000	0.000000
1582082043676	1582082043676	-16.058	-16.454	-11.864	-4.720	2.473	6.831	0.000000	0.000000
1582082043695	1582082043695	-13.681	-16.382	-14.844	-5.023	2.622	6.345	0.000000	0.000000
1582082043717	1582082043715	-16.443	-14.310	-14.152	-5.281	3.042	6.189	0.000000	0.000000
1582082043737	1582082043737	-17.289	-15.874	-13.295	-5.163	3.447	5.719	0.000000	0.000000
1582082043759	1582082043759	-20.365	-9.222	-12.471	-6.298	3.419	4.955	0.000000	0.000000
1582082043775	1582082043775	-18.389	-11.613	-13.309	-6.509	2.620	4.108	0.000000	0.000000
1582082043796	1582082043795	-15.047	-9.512	-12.499	-5.787	1.965	3.903	0.000000	0.000000
1582082043815	1582082043815	-16.879	-7.473	-10.413	-5.165	2.225	3.875	0.000000	0.000000
1582082043843	1582082043841	-15.181	-4.314	-9.313	-4.180	1.591	3.674	0.000000	0.000000
1582082043860	1582082043857	-11.657	-2.278	-9.201	-3.982	1.039	3.268	0.000000	0.000000
1582082043875	1582082043875	-11.806	0.195	-8.221	-4.142	1.386	2.666	0.000000	0.000000
1582082043896	1582082043894	-10.627	1.143	-7.481	-4.003	0.896	2.246	0.000000	0.000000
1582082043920	1582082043916	-10.325	0.348	-5.696	-4.044	0.521	1.987	0.000000	0.000000
1582082043936	1582082043936	-8.783	2.832	-4.949	-3.855	0.179	1.909	0.000000	0.000000
1582082043958	1582082043956	-8.893	6.667	-3.483	-3.702	-0.041	1.485	0.000000	0.000000
1582082043980	1582082043980	-8.270	5.057	-4.300	-3.617	-0.244	1.122	0.000000	0.000000
1582082043995	1582082043994	-8.450	4.229	-3.614	-3.246	-0.346	0.909	0.000000	0.000000
1582082044015	1582082044014	-8.308	4.030	-3.751	-3.586	-0.716	0.565	0.000000	0.000000
1582082044036	1582082044036	-7.559	3.337	-2.237	-4.350	-1.383	0.344	0.000000	0.000000
1582082044057	1582082044054	-8.728	0.611	-0.316	-4.128	-1.396	0.100	0.000000	0.000000
1582082044075	1582082044074	-11.890	-2.007	3.534	-1.016	-1.496	-0.151	0.000000	0.000000
1582082044094	1582082044093	-11.820	2.777	3.189	0.221	-2.191	-0.195	0.000000	0.000000
1582082044114	1582082044113	-14.918	2.504	2.449	-0.115	-2.721	0.109	0.000000	0.000000
1582082044135	1582082044135	-12.798	2.928	4.121	1.102	-3.198	-0.389	0.000000	0.000000
1582082044158	1582082044156	-13.104	3.486	5.306	1.742	-3.097	-0.629	0.000000	0.000000
1582082044180	1582082044174	-18.187	2.053	3.081	1.044	-3.154	-0.108	0.000000	0.000000
1582082044194	1582082044194	-19.227	0.872	-1.104	1.465	-4.932	0.023	0.000000	0.000000
1582082044215	1582082044213	-17.406	-1.204	-3.277	2.714	-7.315	-0.008	0.000000	0.000000
1582082044249	1582082044239	-16.427	-3.502	-4.779	4.098	-9.087	-0.014	0.000000	0.000000
1582082044260	1582082044257	-15.298	-4.120	-6.499	5.212	-10.695	-0.111	0.000000	0.000000
1582082044276	1582082044276	-14.182	-3.418	-7.672	5.996	-11.879	-0.425	0.000000	0.000000
1582082044293	1582082044293	-13.090	-6.070	-8.343	7.097	-12.278	-0.841	0.000000	0.000000
1582082044313	1582082044313	-10.951	-9.409	-8.858	8.649	-12.032	-1.262	0.000000	0.000000
1582082044334	1582082044332	-8.124	-9.419	-10.101	9.472	-10.083	-1.055	0.000000	0.000000
1582082044356	1582082044352	-8.792	-11.129	-12.432	9.372	-7.415	-0.252	0.000000	0.000000
1582082044374	1582082044374	-9.195	-10.451	-16.687	9.074	-6.535	-0.016	0.000000	0.000000
1582082044393	1582082044393	-7.151	-4.620	-17.949	7.812	-6.852	-0.264	0.000000	0.000000
1582082044414	1582082044412	-3.695	-2.333	-18.684	5.841	-6.721	-0.706	0.000000	0.000000
1582082044437	1582082044434	-1.639	-4.187	-20.081	4.759	-5.081	-0.534	0.000000	0.000000
1582082044457	1582082044457	-2.782	3.177	-18.026	1.654	-3.478	0.051	0.000000	0.000000
1582082044473	1582082044472	-3.647	8.471	-12.432	-1.980	-3.851	-1.002	0.000000	0.000000
1582082044494	1582082044491	-4.674	3.527	-5.068	-3.049	-4.275	-1.918	0.000000	0.000000
1582082044512	1582082044512	-10.289	-1.547	3.373	-2.811	-4.298	-1.505	0.000000	0.000000
1582082044534	1582082044531	-14.865	-0.958	7.386	-2.577	-5.247	-0.454	0.000000	0.000000
1582082044555	1582082044555	-10.543	4.255	9.645	-1.392	-6.331	0.238	0.000000	0.000000
1582082044579	1582082044572	-12.611	5.982	10.196	-0.842	-5.420	0.701	0.000000	0.000000
1582082044593	1582082044591	-17.332	4.152	9.175	-0.775	-5.294	1.550	0.000000	0.000000
1582082044612	1582082044611	-18.422	6.044	11.552	-0.373	-5.431	1.686	0.000000	0.000000
1582082044632	1582082044631	-14.805	11.633	10.699	-0.630	-5.276	1.895	0.000000	0.000000
1582082044657	1582082044657	-13.399	11.806	8.471	-1.639	-4.021	2.216	0.000000	0.000000
1582082044674	1582082044672	-8.196	7.659	9.678	-1.196	-3.962	1.932	0.000000	0.000000
1582082044691	1582082044691	-4.950	6.083	11.262	0.336	-4.489	2.260	0.000000	0.000000
1582082044712	1582082044710	-5.352	6.068	10.684	0.016	-3.531	2.877	0.000000	0.000000
1582082044732	1582082044731	-7.245	6.246	9.206	-1.443	-2.169	2.671	0.000000	0.000000
1582082044756	1582082044755	-5.824	5.769	8.330	-2.070	-2.040	2.116	0.000000	0.000000
1582082044773	1582082044773	-2.885	5.314	8.253	-1.940	-2.164	1.687	0.000000	0.000000
1582082044796	1582082044792	-1.965	4.442	7.534	-2.049	-1.632	1.561	0.000000	0.000000
1582082044810	1582082044810	-1.637	4.942	6.413	-2.210	-1.033	1.471	0.000000	0.000000
1582082044832	1582082044830	-2.451	4.363	7.592	-1.402	-0.547	1.423	0.000000	0.000000
1582082044851	1582082044851	-2.176	4.214	7.831	-0.701	-0.557	1.362	0.000000	0.000000
1582082044872	1582082044870	-1.587	4.576	7.671	-0.888	-0.345	1.290	0.000000	0.000000
1582082044893	1582082044893	-1.383	4.509	6.758	-1.817	-0.132	1.404	0.000000	0.000000
1582082044910	1582082044910	-1.237	4.264	5.594	-2.677	0.056	1.388	0.000000	0.000000
1582082044932	1582082044930	-2.066	2.200	5.374	-2.805	0.327	1.494	0.000000	0.000000
1582082044953	1582082044953	-2.626	0.300	5.256	-2.828	0.499	1.362	0.000000	0.000000
1582082044977	1582082044975	-1.920	0.252	5.603	-3.215	0.109	1.050	0.000000	0.000000
1582082044992	1582082044992	-0.734	0.326	5.905	-2.821	-0.466	0.854	0.000000	0.000000
1582082045011	1582082045009	0.248	-0.318	6.473	-1.539	-0.391	0.545	0.000000	0.000000
1582082045031	1582082045029	0.414	-0.241	7.177	-1.034	0.010	0.375	0.000000	0.000000
1582082045050	1582082045049	-0.820	-0.208	6.887	-1.552	0.453	0.615	0.000000	0.000000
1582082045071	1582082045070	-1.742	0.264	6.569	-2.307	0.567	0.605	0.000000	0.000000
1582082045092	1582082045089	-1.644	0.113	6.772	-2.456	0.237	0.339	0.000000	0.000000
1582082045110	1582082045110	-1.747	-1.233	7.192	-2.161	0.149	0.308	0.000000	0.000000
1582082045132	1582082045129	-1.800	-1.839	7.218	-2.382	0.188	0.341	0.000000	0.000000
1582082045150	1582082045149	-1.491	-2.218	7.228	-2.405	0.069	0.361	0.000000	0.000000
1582082045175	1582082045169	-1.026	-2.280	7.201	-2.055	0.089	0.477	0.000000	0.000000
1582082045194	1582082045189	-0.763	-2.941	7.467	-2.100	0.231	0.575	0.000000	0.000000
1582082045209	1582082045209	-1.563	-3.765	7.208	-2.429	0.420	0.613	0.000000	0.000000
1582082045229	1582082045228	-2.015	-3.887	7.649	-1.874	0.299	0.680	0.000000	0.000000
1582082045249	1582082045249	-1.563	-4.232	8.255	-1.566	0.201	0.788	0.000000	0.000000
1582082045275	1582082045274	-1.785	-4.144	7.668	-1.988	0.359	0.852	0.000000	0.000000
1582082045293	1582082045293	-2.406	-3.974	7.201	-2.116	0.356	0.947	0.000000	0.000000
1582082045315	1582082045309	-2.427	-4.060	6.796	-1.958	0.115	0.971	0.000000	0.000000
1582082045329	1582082045328	-1.666	-4.632	7.201	-1.716	-0.102	0.830	0.000000	0.000000
1582082045348	1582082045348	-1.558	-5.648	7.084	-1.957	-0.164	0.814	0.000000	0.000000
1582082045369	1582082045368	-1.481	-6.252	6.413	-2.116	-0.116	0.868	0.000000	0.000000
1582082045394	1582082045392	-1.321	-6.551	5.285	-1.710	0.040	0.965	0.000000	0.000000
1582082045409	1582082045408	-2.090	-6.740	5.347	-1.235	0.295	1.060	0.000000	0.000000
1582082045429	1582082045427	-3.120	-7.361	5.867	-1.137	0.351	1.130	0.000000	0.000000
1582082045448	1582082045447	-3.398	-8.664	5.426	-1.106	0.298	1.103	0.000000	0.000000
1582082045470	1582082045470	-3.213	-8.868	4.406	-1.243	0.503	0.971	0.000000	0.000000
1582082045493	1582082045487	-3.822	-8.724	4.145	-1.440	0.863	0.930	0.000000	0.000000
1582082045513	1582082045513	-4.363	-9.107	3.891	-1.488	1.033	0.832	0.000000	0.000000
1582082045529	1582082045527	-4.440	-10.121	3.500	-1.201	0.958	0.711	0.000000	0.000000
1582082045547	1582082045547	-4.540	-10.777	3.512	-1.158	0.906	0.503	0.000000	0.000000
1582082045567	1582082045567	-4.741	-10.315	3.083	-1.816	0.984	0.197	0.000000	0.000000
1582082045597	1582082045593	-5.534	-10.224	1.981	-2.646	1.155	-0.242	0.000000	0.000000
1582082045608	1582082045607	-6.694	-12.102	0.475	-3.376	1.350	-1.064	0.000000	0.000000
1582082045629	1582082045626	-8.548	-14.957	-2.191	-5.021	1.343	-2.581	0.000000	0.000000
1582082045647	1582082045646	-9.873	-17.753	-7.181	-8.489	0.924	-4.293	0.000000	0.000000
1582082045667	1582082045666	-11.257	-21.966	-12.895	-11.513	0.546	-4.835	0.000000	0.000000
1582082045688	1582082045688	-11.341	-24.151	-12.751	-11.767	1.534	-3.985	0.000000	0.000000
1582082045710	1582082045708	-8.565	-23.852	-13.553	-10.992	3.390	-3.191	0.000000	0.000000
1582082045728	1582082045728	-8.986	-15.666	-12.662	-7.813	4.534	-2.409	0.000000	0.000000
1582082045747	1582082045746	-8.931	-16.282	-9.761	-2.182	5.331	-1.002	0.000000	0.000000
1582082045767	1582082045766	-8.862	-2.884	-6.664	-0.643	5.336	0.987	0.000000	0.000000
1582082045791	1582082045786	-7.113	3.024	-3.183	1.518	4.764	3.251	0.000000	0.000000
1582082045807	1582082045807	-7.211	-3.835	-1.080	4.761	4.984	4.389	0.000000	0.000000
1582082045827	1582082045825	-8.026	-3.629	-0.038	4.427	4.506	5.584	0.000000	0.000000
1582082045847	1582082045846	-7.448	1.371	1.843	3.649	2.840	7.075	0.000000	0.000000
1582082045867	1582082045866	-9.743	6.785	7.491	2.601	1.417	7.420	0.000000	0.000000
1582082045886	1582082045886	-9.116	-2.558	5.781	0.391	1.320	7.268	0.000000	0.000000
1582082045911	1582082045907	-13.171	-10.959	0.393	-0.541	1.513	7.636	0.000000	0.000000
1582082045929	1582082045928	-10.769	-17.170	-3.887	-2.039	1.712	7.007	0.000000	0.000000
1582082045946	1582082045945	-13.672	-13.939	-7.584	-4.024	2.756	6.001	0.000000	0.000000
1582082045967	1582082045965	-15.785	-15.439	-8.700	-4.374	2.797	5.236	0.000000	0.000000
1582082045987	1582082045987	-13.207	-13.259	-8.484	-3.905	2.604	5.082	0.000000	0.000000
1582082046007	1582082046007	-17.498	-12.444	-7.272	-4.614	3.124	4.923	0.000000	0.000000
1582082046026	1582082046025	-16.817	-13.946	-7.533	-4.345	2.678	4.868	0.000000	0.000000
1582082046049	1582082046044	-14.161	-11.788	-10.121	-3.627	2.340	4.697	0.000000	0.000000
1582082046065	1582082046065	-14.673	-11.186	-10.851	-3.613	2.587	4.126	0.000000	0.000000
1582082046086	1582082046085	-13.626	-10.283	-10.442	-3.705	2.281	3.645	0.000000	0.000000
1582082046110	1582082046107	-11.880	-9.390	-9.081	-3.682	2.119	3.340	0.000000	0.000000
1582082046128	1582082046125	-12.323	-3.825	-10.044	-3.638	1.854	3.044	0.000000	0.000000
1582082046146	1582082046144	-10.560	-2.484	-8.331	-3.985	0.969	2.436	0.000000	0.000000
1582082046165	1582082046165	-8.879	-1.286	-10.250	-4.540	0.937	1.886	0.000000	0.000000
1582082046185	1582082046184	-9.192	-1.734	-8.575	-4.028	1.315	1.737	0.000000	0.000000
1582082046206	1582082046206	-11.193	0.607	-7.234	-4.340	1.086	1.674	0.000000	0.000000
1582082046226	1582082046224	-10.309	2.533	-8.022	-4.187	0.077	1.417	0.000000	0.000000
1582082046246	1582082046244	-10.337	5.172	-6.994	-4.124	-0.441	1.124	0.000000	0.000000
1582082046274	1582082046274	-10.464	3.445	-7.957	-3.836	-0.807	0.765	0.000000	0.000000
1582082046285	1582082046285	-11.202	2.125	-7.325	-3.273	-1.257	0.564	0.000000	0.000000
1582082046303	1582082046303	-9.894	4.279	-7.299	-3.294	-2.041	0.666	0.000000	0.000000
1582082046324	1582082046323	-9.032	6.758	-6.422	-3.135	-2.377	0.641	0.000000	0.000000
1582082046345	1582082046344	-8.629	7.185	-6.127	-3.998	-2.435	0.351	0.000000	0.000000
1582082046365	1582082046364	-9.128	2.997	-4.932	-4.406	-2.336	0.277	0.000000	0.000000
1582082046384	1582082046383	-7.949	-1.159	-2.786	-3.497	-2.417	0.043	0.000000	0.000000
1582082046404	1582082046403	-8.567	-4.302	0.812	-0.311	-2.464	0.340	0.000000	0.000000
1582082046425	1582082046425	-11.997	0.578	0.139	1.438	-2.975	1.207	0.000000	0.000000
1582082046444	1582082046444	-10.618	5.776	1.740	0.476	-4.224	1.737	0.000000	0.000000
1582082046464	1582082046463	-9.504	3.757	2.427	0.921	-4.315	0.793	0.000000	0.000000
1582082046484	1582082046483	-11.902	0.920	2.465	0.758	-3.462	0.519	0.000000	0.000000
1582082046506	1582082046506	-14.113	0.932	2.427	0.230	-3.593	0.462	0.000000	0.000000
1582082046528	1582082046526	-14.345	-1.406	0.731	0.905	-4.640	0.140	0.000000	0.000000
1582082046549	1582082046543	-14.134	-3.648	-1.571	2.301	-6.189	0.029	0.000000	0.000000
1582082046564	1582082046563	-12.271	-3.964	-3.207	3.699	-8.044	-0.052	0.000000	0.000000
1582082046584	1582082046582	-10.610	-4.446	-4.783	5.309	-9.516	-0.360	0.000000	0.000000
1582082046604	1582082046603	-9.429	-7.965	-6.604	7.702	-10.427	-0.425	0.000000	0.000000
1582082046629	1582082046629	-5.096	-7.073	-9.117	9.649	-10.647	-0.272	0.000000	0.000000
1582082046648	1582082046647	-2.207	-3.083	-10.470	10.091	-8.698	0.036	0.000000	0.000000
1582082046668	1582082046668	-4.904	-5.179	-10.648	9.864	-6.639	0.310	0.000000	0.000000
1582082046682	1582082046682	-6.560	-8.046	-14.907	8.665	-6.555	0.031	0.000000	0.000000
1582082046703	1582082046702	-4.380	-4.714	-18.042	7.107	-7.185	-0.628	0.000000	0.000000
1582082046733	1582082046727	-0.286	-4.407	-24.022	6.844	-5.897	-1.001	0.000000	0.000000
1582082046745	1582082046744	-0.822	-1.698	-21.078	5.329	-3.421	0.216	0.000000	0.000000
1582082046762	1582082046762	-3.505	9.484	-12.578	-0.562	-4.093	-0.421	0.000000	0.000000
1582082046783	1582082046782	-3.810	2.899	-5.282	-2.428	-5.336	-2.208	0.000000	0.000000
1582082046802	1582082046802	-4.660	-2.412	-0.795	-1.959	-4.981	-1.890	0.000000	0.000000
1582082046827	1582082046827	-13.935	-1.822	3.790	-1.035	-4.170	-0.681	0.000000	0.000000
1582082046843	1582082046842	-13.080	2.645	3.975	-0.776	-6.001	-0.786	0.000000	0.000000
1582082046869	1582082046869	-11.717	1.936	6.310	-0.346	-6.780	-0.823	0.000000	0.000000
1582082046883	1582082046881	-14.539	2.765	8.375	-0.597	-6.537	-0.116	0.000000	0.000000
1582082046902	1582082046901	-14.745	2.695	10.066	-0.494	-6.023	0.302	0.000000	0.000000
1582082046925	1582082046925	-14.738	7.688	12.028	-1.040	-5.664	0.635	0.000000	0.000000
1582082046943	1582082046942	-14.062	6.974	7.874	-1.084	-4.707	1.213	0.000000	0.000000
1582082046962	1582082046961	-14.489	6.499	9.005	-1.407	-3.811	1.219	0.000000	0.000000
1582082046982	1582082046981	-8.804	5.778	11.099	-0.908	-4.127	1.070	0.000000	0.000000
1582082047004	1582082047003	-7.554	4.463	11.420	-1.127	-3.806	1.472	0.000000	0.000000
1582082047023	1582082047022	-6.639	5.738	10.989	-1.416	-3.128	1.391	0.000000	0.000000
1582082047048	1582082047041	-6.842	5.318	9.398	-1.794	-2.642	1.389	0.000000	0.000000
1582082047062	1582082047061	-6.655	3.206	8.754	-1.819	-2.516	1.204	0.000000	0.000000
1582082047082	1582082047080	-4.535	3.155	8.955	-1.220	-2.672	0.920	0.000000	0.000000
1582082047101	1582082047100	-2.648	4.966	8.945	-0.868	-2.505	0.968	0.000000	0.000000
1582082047124	1582082047120	-1.908	4.344	8.945	-0.490	-2.175	1.256	0.000000	0.000000
1582082047141	1582082047141	-0.233	3.040	8.902	-0.112	-1.759	1.200	0.000000	0.000000
1582082047160	1582082047159	0.596	3.033	8.996	0.102	-1.134	1.128	0.000000	0.000000
1582082047179	1582082047179	-1.110	3.052	9.360	0.011	-0.673	1.437	0.000000	0.000000
1582082047200	1582082047200	-3.216	3.227	10.203	-0.075	-0.398	1.591	0.000000	0.000000
1582082047221	1582082047219	-3.314	3.424	11.077	0.189	-0.406	1.556	0.000000	0.000000
1582082047244	1582082047244	-3.172	2.286	9.638	-0.208	-0.502	1.680	0.000000	0.000000
1582082047261	1582082047261	-3.259	2.475	7.240	-0.826	-0.391	1.445	0.000000	0.000000
1582082047284	1582082047284	-3.029	2.820	6.543	-1.442	-0.156	1.244	0.000000	0.000000
1582082047301	1582082047299	-3.290	3.773	7.300	-2.469	0.157	1.146	0.000000	0.000000
1582082047321	1582082047319	-3.501	3.812	7.884	-2.690	-0.094	0.979	0.000000	0.000000
1582082047340	1582082047339	-2.981	2.183	6.406	-2.238	-0.794	0.986	0.000000	0.000000
1582082047360	1582082047359	-2.842	1.356	5.086	-2.200	-0.518	0.928	0.000000	0.000000
1582082047381	1582082047378	-2.609	2.511	5.218	-2.351	-0.323	0.663	0.000000	0.000000
1582082047400	1582082047399	-1.608	3.414	5.134	-2.331	-0.962	0.321	0.000000	0.000000
1582082047419	1582082047419	-0.528	2.073	4.216	-1.609	-1.487	0.197	0.000000	0.000000
1582082047440	1582082047440	-0.020	1.265	4.389	-1.549	-1.087	0.344	0.000000	0.000000
1582082047464	1582082047464	-0.779	-0.009	5.946	-2.043	-0.717	0.603	0.000000	0.000000
1582082047483	1582082047479	-1.062	-2.556	6.861	-2.121	-0.339	0.828	0.000000	0.000000
1582082047500	1582082047498	-0.578	-2.934	6.866	-2.277	0.072	0.813	0.000000	0.000000
1582082047520	1582082047519	-1.670	-2.570	7.158	-2.514	0.332	0.790	0.000000	0.000000
1582082047542	1582082047539	-2.066	-2.287	7.110	-2.712	0.143	0.753	0.000000	0.000000
1582082047559	1582082047558	-1.565	-2.108	7.230	-2.551	-0.440	0.681	0.000000	0.000000
1582082047581	1582082047580	0.045	-2.819	7.460	-2.145	-0.821	0.492	0.000000	0.000000
1582082047600	1582082047598	0.033	-4.618	8.078	-2.106	-0.536	0.619	0.000000	0.000000
1582082047620	1582082047618	-0.566	-5.742	7.659	-2.411	-0.194	0.890	0.000000	0.000000
1582082047641	1582082047641	-0.420	-4.561	6.641	-2.601	0.055	0.910	0.000000	0.000000
1582082047664	1582082047659	-1.189	-4.608	6.909	-2.217	0.027	1.051	0.000000	0.000000
1582082047683	1582082047680	-0.777	-4.838	7.731	-2.030	-0.109	1.110	0.000000	0.000000
1582082047699	1582082047699	-0.873	-4.194	7.225	-1.923	-0.047	1.190	0.000000	0.000000
1582082047719	1582082047718	-0.648	-4.129	6.514	-1.459	0.092	1.213	0.000000	0.000000
1582082047738	1582082047737	-1.939	-6.292	6.176	-1.594	0.423	1.312	0.000000	0.000000
1582082047759	1582082047759	-2.772	-6.946	5.807	-1.658	0.188	1.316	0.000000	0.000000
1582082047782	1582082047782	-1.153	-6.374	5.232	-1.608	-0.175	1.248	0.000000	0.000000
1582082047804	1582082047804	-0.549	-6.621	4.173	-1.889	-0.025	1.336	0.000000	0.000000
1582082047819	1582082047817	-1.630	-6.980	4.078	-2.056	0.204	1.397	0.000000	0.000000
1582082047838	1582082047837	-2.408	-8.652	4.104	-2.156	0.433	1.491	0.000000	0.000000
1582082047864	1582082047864	-3.913	-9.217	4.516	-2.710	0.487	1.379	0.000000	0.000000
1582082047879	1582082047879	-3.307	-9.364	3.792	-3.617	0.279	1.188	0.000000	0.000000
1582082047898	1582082047897	-3.240	-9.967	1.708	-4.381	0.393	1.047	0.000000	0.000000
1582082047917	1582082047917	-4.509	-11.479	-0.148	-4.534	0.658	0.933	0.000000	0.000000
1582082047937	1582082047936	-5.601	-12.796	-1.755	-4.334	1.015	0.823	0.000000	0.000000
1582082047958	1582082047958	-7.228	-14.971	-3.303	-3.545	1.382	0.482	0.000000	0.000000
1582082047981	1582082047981	-7.556	-15.412	-4.838	-3.956	1.143	-0.494	0.000000	0.000000
1582082048003	1582082048003	-5.669	-11.244	-8.837	-6.668	0.240	-1.581	0.000000	0.000000
1582082048017	1582082048016	-5.163	-10.494	-15.625	-8.369	0.206	-2.012	0.000000	0.000000
1582082048037	1582082048036	-8.311	-17.757	-17.357	-8.082	0.868	-1.900	0.000000	0.000000
1582082048057	1582082048057	-11.887	-20.565	-17.178	-7.975	1.990	-1.517	0.000000	0.000000
1582082048084	1582082048081	-12.285	-15.278	-19.326	-5.738	3.943	-0.310	0.000000	0.000000
1582082048097	1582082048096	-15.869	-12.595	-18.500	-2.281	5.651	0.918	0.000000	0.000000
1582082048116	1582082048116	-17.850	-13.021	-10.626	-0.021	6.380	0.774	0.000000	0.000000
1582082048136	1582082048136	-15.916	-12.667	-2.867	0.882	6.503	0.680	0.000000	0.000000
1582082048158	1582082048158	-11.538	-6.705	-0.112	1.247	5.836	2.607	0.000000	0.000000
1582082048178	1582082048176	-10.507	-2.407	1.946	3.825	4.391	4.383	0.000000	0.000000
1582082048198	1582082048196	-8.924	0.911	5.268	4.163	3.306	5.231	0.000000	0.000000
1582082048216	1582082048215	-7.712	-0.055	5.156	2.192	2.781	5.663	0.000000	0.000000
1582082048236	1582082048236	-7.230	-0.776	5.980	1.436	1.034	6.980	0.000000	0.000000
1582082048256	1582082048256	-8.282	-6.872	7.587	1.747	0.152	8.261	0.000000	0.000000
1582082048292	1582082048284	-10.342	-12.286	2.214	-0.274	1.314	8.324	0.000000	0.000000
1582082048298	1582082048296	-14.204	-13.850	-5.488	-2.298	2.375	7.474	0.000000	0.000000
1582082048316	1582082048315	-13.610	-16.037	-6.611	-2.739	2.229	6.730	0.000000	0.000000
1582082048336	1582082048335	-13.099	-12.554	-9.186	-3.933	2.361	6.269	0.000000	0.000000
1582082048356	1582082048354	-14.625	-11.757	-9.893	-4.121	2.891	5.808	0.000000	0.000000
1582082048375	1582082048374	-15.615	-11.416	-11.251	-4.443	2.997	5.190	0.000000	0.000000
1582082048399	1582082048398	-16.194	-10.099	-11.072	-4.035	2.845	4.957	0.000000	0.000000
1582082048416	1582082048416	-15.689	-8.496	-9.972	-4.268	2.480	4.627	0.000000	0.000000
1582082048435	1582082048434	-14.374	-7.732	-11.512	-4.225	2.332	4.165	0.000000	0.000000
1582082048456	1582082048454	-14.034	-7.917	-11.802	-4.224	2.399	3.657	0.000000	0.000000
1582082048480	1582082048480	-12.913	-5.552	-11.936	-4.239	2.014	3.170	0.000000	0.000000
1582082048495	1582082048494	-12.826	-3.578	-9.730	-4.053	1.500	2.753	0.000000	0.000000
1582082048515	1582082048514	-10.050	-3.111	-9.939	-4.033	1.028	2.488	0.000000	0.000000
1582082048535	1582082048534	-10.975	-0.179	-7.854	-3.649	1.077	2.335	0.000000	0.000000
1582082048554	1582082048554	-9.849	-0.079	-6.719	-3.346	0.741	1.896	0.000000	0.000000
1582082048575	1582082048574	-8.495	4.288	-6.697	-3.607	0.378	1.662	0.000000	0.000000
1582082048604	1582082048597	-10.095	4.044	-6.034	-3.047	0.080	1.408	0.000000	0.000000
1582082048616	1582082048616	-8.344	1.637	-5.179	-2.879	-0.449	1.269	0.000000	0.000000
1582082048634	1582082048633	-8.953	5.318	-5.394	-3.235	-0.695	1.338	0.000000	0.000000
1582082048654	1582082048653	-8.189	5.807	-4.728	-3.374	-1.059	0.921	0.000000	0.000000
1582082048677	1582082048675	-7.966	5.235	-4.357	-3.986	-1.082	0.589	0.000000	0.000000
1582082048703	1582082048703	-7.961	5.192	-4.141	-4.687	-1.148	0.296	0.000000	0.000000
1582082048715	1582082048715	-7.357	4.190	-3.473	-4.134	-1.350	0.016	0.000000	0.000000
1582082048737	1582082048737	-5.963	2.391	-2.687	-3.233	-1.898	-0.180	0.000000	0.000000
1582082048754	1582082048753	-6.021	0.889	-1.595	-2.896	-1.886	0.210	0.000000	0.000000
1582082048774	1582082048773	-8.308	-1.545	2.329	-0.255	-1.635	0.365	0.000000	0.000000
1582082048796	1582082048796	-11.796	2.851	0.834	0.294	-1.928	0.476	0.000000	0.000000
1582082048816	1582082048816	-10.917	7.240	1.443	-0.094	-4.008	0.266	0.000000	0.000000
1582082048833	1582082048833	-9.219	3.249	2.070	-0.079	-4.466	-0.470	0.000000	0.000000
1582082048854	1582082048853	-10.816	1.661	3.340	0.178	-3.834	-0.910	0.000000	0.000000
1582082048873	1582082048872	-14.060	3.826	3.134	0.510	-3.745	-0.919	0.000000	0.000000
1582082048902	1582082048902	-15.073	3.491	1.050	0.601	-4.299	-0.864	0.000000	0.000000
1582082048915	1582082048912	-15.708	1.193	-0.198	1.668	-5.099	-0.810	0.000000	0.000000
1582082048934	1582082048934	-15.780	0.975	-1.451	3.001	-6.721	-0.701	0.000000	0.000000
1582082048954	1582082048952	-13.902	1.972	-2.841	3.986	-8.423	-0.835	0.000000	0.000000
1582082048973	1582082048972	-12.405	1.064	-5.155	5.040	-9.577	-1.013	0.000000	0.000000
1582082048997	1582082048994	-11.104	-1.212	-8.082	6.534	-10.776	-1.314	0.000000	0.000000
1582082049017	1582082049013	-7.178	-3.272	-10.626	7.862	-11.549	-1.626	0.000000	0.000000
1582082049034	1582082049031	-2.490	-3.792	-11.026	8.340	-10.454	-1.761	0.000000	0.000000
1582082049053	1582082049052	-0.516	-2.785	-9.680	8.813	-7.923	-2.186	0.000000	0.000000
1582082049073	1582082049072	-2.909	-6.115	-11.366	8.988	-5.429	-2.060	0.000000	0.000000
1582082049093	1582082049093	-5.156	-6.760	-16.624	7.586	-4.925	-1.475	0.000000	0.000000
1582082049115	1582082049111	-1.845	3.019	-18.478	4.728	-5.796	-1.734	0.000000	0.000000
1582082049137	1582082049137	0.380	4.480	-18.464	3.981	-4.474	-1.744	0.000000	0.000000
1582082049154	1582082049152	-2.243	3.414	-14.852	2.198	-3.035	-1.140	0.000000	0.000000
1582082049174	1582082049174	-2.339	7.982	-8.245	-0.945	-3.889	-1.855	0.000000	0.000000
1582082049192	1582082049191	-3.558	4.950	-1.010	-2.040	-4.594	-2.663	0.000000	0.000000
1582082049219	1582082049214	-7.365	-1.475	5.800	-0.464	-5.230	-2.242	0.000000	0.000000
1582082049233	1582082049230	-10.721	-2.716	10.593	0.494	-5.217	-0.511	0.000000	0.000000
1582082049252	1582082049251	-10.098	0.312	11.475	-0.154	-5.956	0.466	0.000000	0.000000
1582082049287	1582082049286	-12.254	4.169	11.472	-0.542	-6.128	1.011	0.000000	0.000000
1582082049294	1582082049292	-11.456	4.482	12.268	-0.380	-5.816	0.464	0.000000	0.000000
1582082049313	1582082049312	-16.146	4.521	15.102	-1.112	-5.345	1.168	0.000000	0.000000
1582082049336	1582082049336	-11.887	8.742	11.987	-1.493	-4.501	0.873	0.000000	0.000000
1582082049352	1582082049351	-15.263	10.704	9.496	-1.745	-3.373	1.335	0.000000	0.000000
1582082049371	1582082049370	-11.959	7.872	11.829	-0.807	-3.858	1.014	0.000000	0.000000
1582082049391	1582082049391	-5.177	4.964	13.260	0.332	-3.715	1.001	0.000000	0.000000
1582082049415	1582082049415	-5.865	5.596	12.507	0.412	-2.626	1.329	0.000000	0.000000
1582082049432	1582082049430	-7.604	7.364	10.689	-0.331	-2.026	1.359	0.000000	0.000000
1582082049451	1582082049450	-8.167	7.412	9.007	-0.808	-2.084	1.454	0.000000	0.000000
1582082049470	1582082049470	-6.550	5.958	8.792	-0.449	-2.333	1.445	0.000000	0.000000
1582082049491	1582082049489	-4.200	5.824	8.485	0.079	-2.163	1.519	0.000000	0.000000
1582082049515	1582082049515	-4.018	6.063	8.773	0.338	-1.610	1.588	0.000000	0.000000
1582082049534	1582082049532	-3.846	6.454	8.950	0.060	-1.267	1.479	0.000000	0.000000
1582082049551	1582082049550	-2.356	6.447	8.212	-0.396	-1.056	1.432	0.000000	0.000000
1582082049570	1582082049570	-1.872	5.743	7.786	-0.628	-1.130	1.643	0.000000	0.000000
1582082049590	1582082049589	-2.933	5.029	6.909	-0.949	-1.109	1.990	0.000000	0.000000
1582082049614	1582082049614	-3.163	5.362	6.032	-1.328	-0.687	1.928	0.000000	0.000000
1582082049635	1582082049633	-2.708	5.632	6.459	-1.381	-0.356	1.749	0.000000	0.000000
1582082049650	1582082049649	-2.332	5.263	6.492	-1.366	-0.269	1.733	0.000000	0.000000
1582082049670	1582082049669	-2.185	4.720	5.177	-1.968	0.099	1.675	0.000000	0.000000
1582082049690	1582082049689	-2.303	4.183	3.910	-2.781	0.509	1.581	0.000000	0.000000
1582082049712	1582082049713	-2.183	3.817	3.261	-3.778	0.562	1.364	0.000000	0.000000
1582082049733	1582082049730	-2.145	2.734	2.652	-4.300	0.377	1.084	0.000000	0.000000
1582082049750	1582082049750	-1.795	1.031	2.556	-3.778	0.102	0.821	0.000000	0.000000
1582082049769	1582082049769	-0.928	-0.220	3.323	-2.545	-0.196	0.746	0.000000	0.000000
1582082049789	1582082049788	-0.113	-0.184	4.633	-1.540	-0.110	0.581	0.000000	0.000000
1582082049813	1582082049808	-0.013	-0.404	5.903	-1.572	0.302	0.469	0.000000	0.000000
1582082049829	1582082049828	-1.131	-1.523	6.933	-1.673	1.068	0.249	0.000000	0.000000
1582082049849	1582082049848	-2.760	-1.741	7.455	-1.266	1.542	0.060	0.000000	0.000000
1582082049869	1582082049868	-2.820	-0.052	7.575	-1.504	1.163	0.054	0.000000	0.000000
1582082049889	1582082049888	-2.995	1.023	7.910	-2.224	0.615	0.197	0.000000	0.000000
1582082049912	1582082049912	-2.909	0.676	7.714	-2.619	0.115	0.372	0.000000	0.000000
1582082049937	1582082049928	-2.219	0.298	8.159	-2.579	-0.538	0.489	0.000000	0.000000
1582082049951	1582082049950	-1.340	-1.849	9.436	-1.900	-0.693	0.553	0.000000	0.000000
1582082049968	1582082049967	-0.612	-3.423	8.916	-2.482	-0.129	0.552	0.000000	0.000000
1582082049989	1582082049987	-0.875	-2.888	7.575	-3.147	0.385	0.752	0.000000	0.000000
1582082050010	1582082050007	-2.142	-3.485	7.743	-2.486	0.534	1.015	0.000000	0.000000
1582082050029	1582082050029	-2.583	-5.341	7.807	-1.405	0.379	1.100	0.000000	0.000000
1582082050048	1582082050048	-2.202	-6.714	7.455	-1.391	0.372	0.988	0.000000	0.000000
1582082050069	1582082050067	-2.435	-6.767	7.302	-2.034	0.425	0.975	0.000000	0.000000
1582082050088	1582082050087	-2.377	-5.320	7.335	-2.233	0.259	0.951	0.000000	0.000000
1582082050109	1582082050107	-2.147	-4.630	7.082	-1.888	0.144	1.042	0.000000	0.000000
1582082050133	1582082050131	-1.896	-4.402	6.665	-1.316	0.259	1.100	0.000000	0.000000
1582082050151	1582082050147	-2.466	-4.529	6.368	-1.397	0.528	1.139	0.000000	0.000000
1582082050167	1582082050167	-3.800	-6.015	6.430	-1.581	0.872	1.278	0.000000	0.000000
1582082050188	1582082050187	-5.031	-7.279	5.941	-1.428	0.824	1.255	0.000000	0.000000
1582082050209	1582082050206	-4.703	-7.598	5.508	-1.647	0.323	1.092	0.000000	0.000000
1582082050228	1582082050228	-3.764	-7.730	5.148	-1.983	0.094	1.101	0.000000	0.000000
1582082050248	1582082050247	-3.687	-7.660	4.652	-2.160	0.422	1.143	0.000000	0.000000
1582082050271	1582082050271	-3.675	-7.656	3.495	-2.701	0.700	1.042	0.000000	0.000000
1582082050288	1582082050286	-3.973	-8.446	2.657	-2.971	0.659	0.995	0.000000	0.000000
1582082050308	1582082050306	-4.344	-9.488	2.420	-2.855	0.467	0.964	0.000000	0.000000
1582082050328	1582082050328	-4.741	-10.485	2.252	-2.720	0.410	0.794	0.000000	0.000000
1582082050355	1582082050349	-5.163	-11.060	2.312	-2.937	0.531	0.663	0.000000	0.000000
1582082050372	1582082050369	-5.273	-11.043	1.416	-3.059	0.714	0.565	0.000000	0.000000
1582082050386	1582082050386	-5.146	-9.991	0.472	-3.267	1.103	0.304	0.000000	0.000000
1582082050408	1582082050405	-5.637	-10.300	-0.570	-3.046	1.373	0.308	0.000000	0.000000
1582082050426	1582082050426	-6.512	-10.983	-1.173	-2.345	1.534	0.326	0.000000	0.000000
1582082050451	1582082050451	-6.866	-10.494	-1.149	-1.314	1.366	0.339	0.000000	0.000000
1582082050467	1582082050465	-6.593	-9.974	-1.734	-0.930	1.089	0.427	0.000000	0.000000
1582082050492	1582082050486	-6.236	-9.864	-2.215	-1.193	1.154	0.557	0.000000	0.000000
1582082050506	1582082050505	-6.646	-9.922	-1.954	-1.053	1.460	0.747	0.000000	0.000000
1582082050525	1582082050525	-8.107	-10.017	-0.927	-0.549	1.766	0.826	0.000000	0.000000
1582082050552	1582082050546	-9.008	-10.767	0.137	-0.401	1.839	0.698	0.000000	0.000000
1582082050569	1582082050567	-8.517	-11.158	-0.196	-0.724	1.822	0.699	0.000000	0.000000
1582082050585	1582082050585	-8.201	-11.491	-0.515	-0.735	2.086	0.783	0.000000	0.000000
1582082050606	1582082050605	-8.780	-11.203	-0.991	-0.716	2.442	0.930	0.000000	0.000000
1582082050626	1582082050625	-9.293	-10.504	-1.090	-0.461	2.649	0.965	0.000000	0.000000
1582082050649	1582082050649	-9.326	-10.235	-1.238	-0.620	2.779	0.928	0.000000	0.000000
1582082050667	1582082050665	-9.022	-9.998	-1.688	-0.610	2.674	0.739	0.000000	0.000000
1582082050686	1582082050685	-8.773	-9.732	-1.969	-0.377	2.555	0.585	0.000000	0.000000
1582082050705	1582082050704	-8.299	-10.037	-2.074	-0.147	2.535	0.452	0.000000	0.000000
1582082050725	1582082050724	-8.440	-10.274	-2.132	0.150	2.659	0.327	0.000000	0.000000
1582082050748	1582082050747	-8.625	-10.183	-2.285	0.208	2.637	0.216	0.000000	0.000000
1582082050765	1582082050764	-8.890	-9.780	-2.086	0.298	2.474	0.118	0.000000	0.000000
1582082050787	1582082050786	-8.850	-9.524	-2.014	0.272	2.279	0.090	0.000000	0.000000
1582082050805	1582082050804	-8.335	-8.729	-2.203	0.389	2.081	0.120	0.000000	0.000000
