1582081453468	1582081453467	-0.283	-0.802	-12.219	2.706	-4.299	-0.784	0.000000	0.000000
1582081453487	1582081453486	-0.846	1.639	-10.389	-0.053	-3.602	-0.856	0.000000	0.000000
1582081453507	1582081453505	-2.320	6.392	-6.753	-1.954	-2.992	-1.183	0.000000	0.000000
1582081453526	1582081453525	-4.504	5.920	-2.371	-2.478	-2.301	-1.528	0.000000	0.000000
1582081453546	1582081453545	-13.705	0.020	2.748	-2.844	-2.097	-1.121	0.000000	0.000000
1582081453568	1582081453568	-16.149	1.028	4.154	-1.955	-3.481	-0.567	0.000000	0.000000
1582081453589	1582081453586	-9.818	3.879	5.134	0.245	-5.445	0.011	0.000000	0.000000
1582081453606	1582081453605	-10.519	3.572	6.176	0.020	-5.004	0.619	0.000000	0.000000
1582081453626	1582081453625	-11.964	4.351	4.672	-1.677	-3.861	0.717	0.000000	0.000000
1582081453646	1582081453644	-14.963	6.701	6.813	-1.699	-3.025	0.953	0.000000	0.000000
1582081453666	1582081453665	-14.527	7.297	9.913	-2.193	-3.890	0.984	0.000000	0.000000
1582081453686	1582081453685	-9.379	8.734	7.403	-1.692	-4.391	1.281	0.000000	0.000000
1582081453706	1582081453705	-12.177	7.978	6.265	-1.631	-3.158	1.509	0.000000	0.000000
1582081453725	1582081453724	-15.354	5.972	8.380	-1.099	-3.005	1.793	0.000000	0.000000
1582081453745	1582081453745	-11.995	5.881	8.373	-0.041	-3.613	1.736	0.000000	0.000000
1582081453766	1582081453764	-8.069	8.428	11.578	0.894	-3.530	1.458	0.000000	0.000000
1582081453789	1582081453784	-5.010	10.246	11.072	0.096	-3.223	1.512	0.000000	0.000000
1582081453805	1582081453804	-4.447	8.876	9.417	-0.992	-2.299	1.685	0.000000	0.000000
1582081453825	1582081453824	-4.246	6.202	8.478	-2.066	-2.164	1.733	0.000000	0.000000
1582081453845	1582081453844	-3.110	4.492	7.252	-2.491	-2.377	1.635	0.000000	0.000000
1582081453865	1582081453864	-1.651	5.139	6.437	-1.987	-2.075	1.578	0.000000	0.000000
1582081453885	1582081453884	-2.691	6.157	6.681	-1.707	-1.263	1.716	0.000000	0.000000
1582081453906	1582081453904	-2.940	5.563	8.397	-1.812	-0.892	1.496	0.000000	0.000000
1582081453925	1582081453925	-1.771	4.231	8.720	-1.742	-1.142	1.177	0.000000	0.000000
1582081453944	1582081453943	-0.463	3.905	6.940	-2.119	-1.282	0.928	0.000000	0.000000
1582081453964	1582081453963	-0.566	4.585	5.534	-2.464	-1.204	1.052	0.000000	0.000000
1582081453984	1582081453983	-0.094	3.567	5.654	-2.204	-0.810	1.172	0.000000	0.000000
1582081454004	1582081454003	-0.269	2.489	6.940	-1.953	0.065	1.135	0.000000	0.000000
1582081454024	1582081454023	-1.711	2.252	7.616	-2.096	0.567	1.026	0.000000	0.000000
1582081454044	1582081454043	-2.432	2.636	6.962	-2.155	0.663	0.863	0.000000	0.000000
1582081454064	1582081454063	-2.715	3.400	6.866	-1.664	0.439	0.697	0.000000	0.000000
1582081454086	1582081454085	-1.488	3.146	7.074	-1.545	-0.020	0.320	0.000000	0.000000
1582081454105	1582081454105	-0.025	3.177	6.943	-1.967	-0.371	0.169	0.000000	0.000000
1582081454125	1582081454124	0.629	2.734	6.389	-2.349	-0.115	0.455	0.000000	0.000000
1582081454144	1582081454143	-1.512	1.598	6.993	-2.320	0.486	0.702	0.000000	0.000000
1582081454163	1582081454163	-2.111	1.330	7.961	-2.015	0.417	0.647	0.000000	0.000000
1582081454184	1582081454183	-2.070	-0.114	7.712	-2.149	-0.049	0.733	0.000000	0.000000
1582081454203	1582081454203	-1.390	-0.828	7.350	-2.366	-0.041	0.587	0.000000	0.000000
1582081454224	1582081454222	-1.802	-1.463	7.489	-2.101	0.207	0.559	0.000000	0.000000
1582081454243	1582081454242	-2.068	-1.602	7.151	-2.013	0.340	0.548	0.000000	0.000000
1582081454263	1582081454263	-1.412	-0.864	6.588	-1.823	0.551	0.501	0.000000	0.000000
1582081454284	1582081454284	-2.516	-0.651	7.232	-1.309	0.526	0.684	0.000000	0.000000
1582081454311	1582081454305	-3.057	-1.595	7.309	-1.499	0.171	0.794	0.000000	0.000000
1582081454329	1582081454325	-1.644	-2.024	6.514	-2.156	0.115	0.625	0.000000	0.000000
1582081454344	1582081454344	-1.213	-2.678	6.789	-1.903	0.376	0.664	0.000000	0.000000
1582081454363	1582081454363	-2.504	-4.275	7.369	-1.456	0.517	0.942	0.000000	0.000000
1582081454385	1582081454383	-2.993	-4.405	7.632	-1.675	0.666	0.895	0.000000	0.000000
1582081454405	1582081454405	-2.667	-4.108	6.902	-1.823	0.793	0.827	0.000000	0.000000
1582081454436	1582081454423	-3.455	-3.751	6.866	-1.341	0.660	0.964	0.000000	0.000000
1582081454445	1582081454443	-2.921	-3.162	7.218	-0.897	0.406	1.051	0.000000	0.000000
1582081454464	1582081454463	-2.600	-3.176	6.782	-1.355	0.421	1.084	0.000000	0.000000
1582081454484	1582081454484	-3.153	-4.165	5.481	-2.008	0.642	1.075	0.000000	0.000000
1582081454506	1582081454503	-4.198	-4.702	5.417	-1.915	0.795	1.205	0.000000	0.000000
1582081454531	1582081454525	-4.971	-5.138	5.575	-1.837	1.008	1.232	0.000000	0.000000
1582081454544	1582081454544	-5.357	-6.513	4.897	-1.844	1.038	1.096	0.000000	0.000000
1582081454563	1582081454562	-5.185	-7.198	4.789	-1.560	0.976	1.081	0.000000	0.000000
1582081454583	1582081454583	-5.079	-6.410	4.863	-1.500	1.137	0.986	0.000000	0.000000
1582081454603	1582081454602	-5.475	-7.845	4.358	-1.470	1.260	0.953	0.000000	0.000000
1582081454625	1582081454625	-5.362	-8.983	3.965	-1.232	1.392	0.769	0.000000	0.000000
1582081454645	1582081454643	-5.297	-7.624	4.243	-0.883	1.479	0.706	0.000000	0.000000
1582081454663	1582081454663	-6.550	-7.289	3.955	-0.843	1.469	0.878	0.000000	0.000000
1582081454684	1582081454681	-7.403	-7.761	3.874	-1.162	1.659	0.594	0.000000	0.000000
1582081454703	1582081454702	-7.868	-8.269	4.394	-1.685	1.733	0.343	0.000000	0.000000
1582081454732	1582081454725	-7.973	-8.798	3.749	-2.560	1.650	0.126	0.000000	0.000000
1582081454744	1582081454744	-8.088	-9.169	1.038	-3.240	1.653	-0.332	0.000000	0.000000
1582081454763	1582081454762	-8.809	-10.154	-1.921	-3.820	1.764	-1.148	0.000000	0.000000
1582081454783	1582081454781	-10.462	-13.453	-6.477	-5.798	2.182	-2.551	0.000000	0.000000
1582081454803	1582081454801	-13.277	-17.762	-14.229	-9.099	2.025	-3.436	0.000000	0.000000
1582081454823	1582081454823	-18.779	-21.655	-16.014	-11.176	1.850	-3.357	0.000000	0.000000
1582081454845	1582081454842	-16.031	-23.334	-15.376	-10.255	2.442	-3.436	0.000000	0.000000
1582081454863	1582081454863	-12.776	-16.952	-16.452	-8.517	4.242	-2.724	0.000000	0.000000
1582081454881	1582081454881	-23.182	-2.723	-18.982	-5.782	6.002	-0.040	0.000000	0.000000
1582081454902	1582081454901	-23.034	-6.281	-7.634	-0.002	6.675	0.532	0.000000	0.000000
1582081454925	1582081454924	-18.346	-6.946	-0.546	1.292	5.935	2.183	0.000000	0.000000
1582081454946	1582081454946	-15.351	-0.076	-2.098	2.594	4.224	4.139	0.000000	0.000000
1582081454963	1582081454961	-11.049	-4.278	0.010	3.598	2.662	4.534	0.000000	0.000000
1582081454982	1582081454982	-4.459	6.971	3.999	3.189	1.466	5.559	0.000000	0.000000
1582081455002	1582081455001	-7.029	1.857	7.216	1.589	-0.098	7.602	0.000000	0.000000
1582081455022	1582081455020	-10.816	1.591	3.431	1.340	0.012	9.477	0.000000	0.000000
1582081455047	1582081455041	-21.984	-18.433	-4.704	0.411	1.890	8.914	0.000000	0.000000
1582081455062	1582081455063	-15.742	-15.949	-7.922	-2.699	2.397	7.453	0.000000	0.000000
1582081455080	1582081455080	-17.160	-14.035	-11.421	-3.030	3.179	7.207	0.000000	0.000000
1582081455101	1582081455100	-18.676	-11.989	-10.616	-3.557	3.985	6.361	0.000000	0.000000
1582081455120	1582081455120	-20.044	-15.201	-12.569	-4.689	3.781	5.771	0.000000	0.000000
1582081455142	1582081455142	-15.768	-8.805	-11.800	-4.095	3.317	5.774	0.000000	0.000000
1582081455162	1582081455160	-19.651	-6.695	-11.316	-5.215	3.379	4.749	0.000000	0.000000
1582081455181	1582081455181	-14.992	-10.959	-12.300	-4.108	2.590	4.008	0.000000	0.000000
1582081455201	1582081455200	-13.257	-4.989	-11.790	-4.861	2.583	3.306	0.000000	0.000000
1582081455220	1582081455220	-12.232	-5.639	-10.928	-4.482	2.498	2.818	0.000000	0.000000
1582081455240	1582081455240	-11.487	-1.696	-9.704	-4.302	2.092	2.530	0.000000	0.000000
1582081455265	1582081455260	-11.149	-2.826	-8.796	-3.633	1.684	2.293	0.000000	0.000000
1582081455281	1582081455281	-7.477	1.359	-6.324	-2.840	1.057	2.296	0.000000	0.000000
1582081455300	1582081455299	-8.811	-1.197	-5.960	-2.883	1.703	1.965	0.000000	0.000000
1582081455319	1582081455319	-9.465	2.794	-4.822	-2.436	1.212	1.891	0.000000	0.000000
1582081455347	1582081455341	-5.513	4.554	-4.874	-2.346	-0.090	1.396	0.000000	0.000000
1582081455360	1582081455359	-4.236	3.155	-5.251	-1.971	0.310	1.057	0.000000	0.000000
1582081455382	1582081455378	-6.739	4.073	-3.634	-1.988	0.361	1.101	0.000000	0.000000
1582081455399	1582081455399	-5.647	4.058	-3.607	-1.722	-0.203	0.992	0.000000	0.000000
1582081455421	1582081455421	-4.092	2.731	-2.730	-1.978	-0.739	0.761	0.000000	0.000000
1582081455439	1582081455439	-4.797	6.533	-2.211	-2.011	-0.746	0.796	0.000000	0.000000
1582081455466	1582081455461	-8.701	7.582	-0.917	-0.891	-0.402	0.323	0.000000	0.000000
1582081455480	1582081455479	-8.416	2.528	-2.565	-2.234	-1.602	-0.440	0.000000	0.000000
1582081455499	1582081455499	-8.198	5.345	-3.454	-2.325	-2.822	-0.737	0.000000	0.000000
1582081455519	1582081455519	-8.831	5.045	-1.645	-0.787	-3.307	-0.743	0.000000	0.000000
1582081455539	1582081455538	-9.171	5.903	-2.072	-0.048	-3.505	-0.510	0.000000	0.000000
1582081455560	1582081455560	-9.583	6.543	-1.202	-0.163	-3.699	-0.579	0.000000	0.000000
1582081455582	1582081455581	-10.761	7.137	-1.600	-1.136	-3.872	-0.756	0.000000	0.000000
1582081455603	1582081455603	-11.406	6.202	-2.021	-1.145	-4.439	-0.819	0.000000	0.000000
1582081455618	1582081455618	-11.561	4.470	-1.468	-0.572	-5.162	-0.662	0.000000	0.000000
1582081455638	1582081455638	-13.030	3.546	-0.965	-0.413	-5.502	-0.624	0.000000	0.000000
1582081455658	1582081455657	-15.507	1.759	-2.429	-0.054	-6.051	-0.746	0.000000	0.000000
1582081455687	1582081455682	-16.858	-1.837	-4.774	1.925	-7.298	-1.014	0.000000	0.000000
1582081455705	1582081455702	-15.960	-3.442	-6.803	4.199	-8.929	-0.863	0.000000	0.000000
1582081455718	1582081455717	-13.662	-2.067	-9.086	5.784	-10.027	-0.236	0.000000	0.000000
1582081455738	1582081455737	-11.715	-3.478	-11.421	7.956	-10.438	0.130	0.000000	0.000000
1582081455762	1582081455761	-8.344	-3.859	-13.537	9.528	-10.152	0.543	0.000000	0.000000
1582081455778	1582081455778	-6.004	-0.349	-12.990	9.100	-8.769	1.172	0.000000	0.000000
1582081455798	1582081455798	-4.835	-0.982	-11.326	8.563	-7.391	0.844	0.000000	0.000000
1582081455818	1582081455817	-4.214	-5.428	-11.474	7.951	-6.254	0.407	0.000000	0.000000
1582081455837	1582081455837	-3.565	-5.404	-13.304	7.073	-5.646	0.478	0.000000	0.000000
1582081455859	1582081455859	-1.635	-2.503	-15.637	6.711	-5.132	0.385	0.000000	0.000000
1582081455881	1582081455880	-1.096	-1.260	-15.455	5.460	-4.128	0.463	0.000000	0.000000
1582081455900	1582081455897	-1.220	1.366	-13.091	2.324	-3.666	0.389	0.000000	0.000000
1582081455917	1582081455916	-3.656	3.378	-8.264	-0.373	-3.788	-0.471	0.000000	0.000000
1582081455937	1582081455936	-3.386	1.984	-6.209	-1.553	-4.211	-1.334	0.000000	0.000000
1582081455956	1582081455956	-9.132	0.678	-1.387	-1.900	-3.526	-0.920	0.000000	0.000000
1582081455977	1582081455977	-14.915	1.457	3.047	-1.524	-4.201	-0.572	0.000000	0.000000
1582081455998	1582081455998	-7.221	3.929	5.151	-0.611	-5.940	-1.015	0.000000	0.000000
1582081456018	1582081456018	-8.409	5.738	4.684	-1.395	-5.891	0.040	0.000000	0.000000
1582081456036	1582081456036	-13.765	6.713	4.811	-2.148	-3.854	0.725	0.000000	0.000000
1582081456057	1582081456056	-17.826	6.430	6.899	-1.365	-3.800	0.957	0.000000	0.000000
1582081456078	1582081456077	-13.555	4.672	9.146	-1.275	-4.689	1.040	0.000000	0.000000
1582081456097	1582081456097	-11.078	10.198	9.590	-1.005	-4.585	0.929	0.000000	0.000000
1582081456116	1582081456117	-11.849	11.717	7.196	-0.924	-3.585	1.590	0.000000	0.000000
1582081456138	1582081456135	-13.746	9.094	8.689	-0.968	-2.875	2.099	0.000000	0.000000
1582081456156	1582081456156	-10.840	6.648	10.670	0.084	-3.357	2.198	0.000000	0.000000
1582081456176	1582081456175	-7.434	6.888	10.426	-0.572	-3.373	2.076	0.000000	0.000000
1582081456197	1582081456197	-6.224	7.661	8.761	-1.932	-2.972	2.158	0.000000	0.000000
1582081456218	1582081456218	-5.822	8.035	7.513	-2.512	-2.267	2.044	0.000000	0.000000
1582081456235	1582081456235	-6.929	5.412	5.958	-2.487	-1.680	2.236	0.000000	0.000000
1582081456255	1582081456255	-7.424	4.619	6.885	-2.168	-1.750	1.977	0.000000	0.000000
1582081456275	1582081456275	-5.216	6.538	6.617	-2.029	-2.141	1.341	0.000000	0.000000
1582081456297	1582081456297	-3.081	5.716	6.186	-1.461	-2.032	1.332	0.000000	0.000000
1582081456316	1582081456316	-2.324	4.257	6.487	-1.558	-1.300	1.482	0.000000	0.000000
1582081456339	1582081456338	-2.796	5.318	5.805	-2.119	-0.632	1.304	0.000000	0.000000
1582081456355	1582081456354	-4.056	4.832	5.970	-1.919	-0.709	1.581	0.000000	0.000000
1582081456375	1582081456375	-3.498	3.828	6.315	-2.080	-0.870	1.488	0.000000	0.000000
1582081456395	1582081456395	-1.589	3.694	6.035	-2.764	-1.036	1.088	0.000000	0.000000
1582081456419	1582081456419	-0.815	2.686	4.993	-3.105	-1.025	1.146	0.000000	0.000000
1582081456448	1582081456441	-1.579	2.027	4.365	-3.128	-0.372	1.281	0.000000	0.000000
1582081456456	1582081456454	-2.511	1.435	4.906	-2.483	0.121	1.192	0.000000	0.000000
1582081456474	1582081456474	-2.073	1.114	6.660	-1.544	-0.023	0.870	0.000000	0.000000
1582081456496	1582081456495	-0.382	2.576	6.612	-1.805	-0.398	0.482	0.000000	0.000000
1582081456515	1582081456515	0.318	2.576	6.435	-2.457	-0.298	0.598	0.000000	0.000000
1582081456538	1582081456538	-0.748	0.075	6.497	-2.667	0.257	1.094	0.000000	0.000000
1582081456555	1582081456553	-1.958	-1.463	7.240	-2.315	0.577	1.229	0.000000	0.000000
1582081456574	1582081456574	-2.008	-1.288	7.858	-1.985	0.513	1.066	0.000000	0.000000
1582081456594	1582081456594	-1.958	-1.866	8.306	-2.065	0.337	0.977	0.000000	0.000000
1582081456616	1582081456615	-1.838	-3.277	7.472	-1.995	0.262	0.945	0.000000	0.000000
1582081456638	1582081456638	-1.884	-3.408	7.381	-1.723	0.465	0.817	0.000000	0.000000
1582081456654	1582081456654	-1.982	-2.606	7.575	-1.332	0.422	0.817	0.000000	0.000000
1582081456675	1582081456673	-2.025	-2.033	7.563	-0.907	0.511	0.875	0.000000	0.000000
1582081456693	1582081456693	-2.286	-2.778	8.116	-0.867	0.774	0.986	0.000000	0.000000
1582081456714	1582081456714	-2.964	-3.542	8.270	-0.827	0.742	1.065	0.000000	0.000000
1582081456737	1582081456733	-3.026	-3.902	7.910	-1.065	0.567	0.949	0.000000	0.000000
1582081456754	1582081456755	-2.281	-3.442	6.904	-1.446	0.450	0.899	0.000000	0.000000
1582081456773	1582081456773	-2.897	-3.765	6.746	-1.440	0.615	0.967	0.000000	0.000000
1582081456793	1582081456792	-2.641	-4.937	6.722	-1.243	0.595	1.029	0.000000	0.000000
1582081456814	1582081456814	-2.207	-5.334	6.157	-1.091	0.746	0.976	0.000000	0.000000
1582081456837	1582081456837	-3.350	-4.915	6.677	-0.819	1.106	1.017	0.000000	0.000000
1582081456854	1582081456853	-4.308	-4.601	7.448	-0.713	1.122	0.892	0.000000	0.000000
1582081456873	1582081456873	-4.274	-4.355	6.909	-0.953	0.949	0.723	0.000000	0.000000
1582081456893	1582081456892	-4.181	-3.588	6.660	-0.959	0.764	0.685	0.000000	0.000000
1582081456917	1582081456915	-4.145	-2.738	6.437	-1.126	0.632	0.657	0.000000	0.000000
1582081456934	1582081456932	-4.368	-3.188	6.447	-1.594	0.622	0.670	0.000000	0.000000
1582081456953	1582081456953	-4.799	-5.205	5.647	-2.200	0.579	0.895	0.000000	0.000000
1582081456972	1582081456972	-4.993	-5.624	5.247	-2.620	0.732	0.828	0.000000	0.000000
1582081456992	1582081456992	-5.637	-6.302	5.273	-2.489	0.818	0.854	0.000000	0.000000
1582081457012	1582081457012	-5.645	-7.133	4.720	-2.429	0.898	0.772	0.000000	0.000000
1582081457044	1582081457037	-5.546	-7.675	3.999	-2.117	0.955	0.721	0.000000	0.000000
1582081457052	1582081457051	-5.625	-8.125	3.445	-1.473	1.229	0.725	0.000000	0.000000
1582081457072	1582081457072	-6.550	-8.614	4.063	-0.868	1.529	0.740	0.000000	0.000000
1582081457092	1582081457092	-7.944	-8.123	4.128	-0.621	1.516	0.685	0.000000	0.000000
1582081457112	1582081457111	-7.954	-6.918	4.135	-0.960	1.451	0.371	0.000000	0.000000
1582081457133	1582081457133	-7.863	-7.835	3.884	-1.732	1.451	0.094	0.000000	0.000000
1582081457155	1582081457151	-8.514	-10.348	2.425	-2.466	1.585	-0.370	0.000000	0.000000
1582081457176	1582081457175	-8.895	-11.366	-0.268	-3.515	1.825	-1.258	0.000000	0.000000
1582081457191	1582081457191	-10.936	-11.836	-3.380	-4.905	2.245	-2.576	0.000000	0.000000
1582081457211	1582081457211	-12.632	-12.406	-9.179	-7.731	2.081	-3.760	0.000000	0.000000
1582081457241	1582081457230	-14.137	-14.428	-16.404	-11.121	1.632	-4.252	0.000000	0.000000
1582081457251	1582081457251	-15.615	-22.472	-15.134	-12.796	1.677	-3.591	0.000000	0.000000
1582081457271	1582081457271	-13.703	-23.921	-14.940	-11.648	2.896	-2.719	0.000000	0.000000
1582081457291	1582081457291	-14.338	-12.082	-19.815	-7.234	4.606	-1.344	0.000000	0.000000
1582081457310	1582081457310	-20.097	-9.131	-18.855	-2.256	5.712	-0.022	0.000000	0.000000
1582081457336	1582081457335	-18.319	-8.578	-8.595	0.674	5.641	1.731	0.000000	0.000000
1582081457355	1582081457350	-16.724	-4.913	-1.873	3.981	4.851	3.610	0.000000	0.000000
1582081457372	1582081457372	-13.368	1.261	-1.703	3.858	4.257	3.533	0.000000	0.000000
1582081457390	1582081457390	-7.228	8.761	2.770	2.436	2.517	4.417	0.000000	0.000000
1582081457410	1582081457410	-5.451	13.355	8.100	3.273	-0.455	7.506	0.000000	0.000000
1582081457442	1582081457433	-11.964	1.062	9.173	3.425	-0.981	10.385	0.000000	0.000000
1582081457461	1582081457452	-21.112	-17.530	-1.233	2.245	1.203	10.568	0.000000	0.000000
1582081457482	1582081457475	-14.096	-19.278	-7.505	-2.029	2.395	8.290	0.000000	0.000000
1582081457494	1582081457494	-17.605	-12.293	-12.188	-3.925	3.266	7.421	0.000000	0.000000
1582081457511	1582081457509	-17.078	-12.044	-10.937	-3.438	2.945	6.901	0.000000	0.000000
1582081457529	1582081457528	-18.130	-10.719	-13.453	-4.923	3.456	6.026	0.000000	0.000000
1582081457549	1582081457548	-19.313	-11.577	-15.750	-5.631	3.326	5.313	0.000000	0.000000
1582081457576	1582081457569	-16.858	-13.081	-15.345	-5.539	2.502	5.296	0.000000	0.000000
1582081457590	1582081457590	-15.492	-9.431	-12.978	-4.623	2.335	5.308	0.000000	0.000000
1582081457611	1582081457609	-16.218	-5.464	-9.009	-4.340	2.574	4.458	0.000000	0.000000
1582081457631	1582081457629	-16.175	-6.221	-8.779	-4.210	2.563	3.399	0.000000	0.000000
1582081457658	1582081457651	-10.522	-1.602	-8.324	-4.513	1.680	3.170	0.000000	0.000000
1582081457668	1582081457667	-12.975	-0.718	-7.148	-3.384	2.155	2.926	0.000000	0.000000
1582081457688	1582081457687	-11.305	-0.716	-6.199	-3.039	1.542	2.340	0.000000	0.000000
1582081457708	1582081457707	-9.219	1.620	-4.920	-3.096	0.642	2.115	0.000000	0.000000
1582081457728	1582081457727	-8.931	1.395	-5.128	-2.611	0.376	1.374	0.000000	0.000000
1582081457748	1582081457747	-3.877	1.148	-5.186	-1.713	-0.340	1.499	0.000000	0.000000
1582081457772	1582081457768	-5.580	3.325	-4.192	-1.498	0.193	1.478	0.000000	0.000000
1582081457795	1582081457791	-7.012	2.058	-3.940	-1.140	0.136	1.131	0.000000	0.000000
1582081457810	1582081457808	-4.720	-1.042	-3.739	-1.374	-0.351	0.878	0.000000	0.000000
1582081457828	1582081457826	-6.346	2.044	-3.188	-1.805	-0.113	0.659	0.000000	0.000000
1582081457847	1582081457847	-8.481	5.366	-2.053	-1.867	-0.698	0.009	0.000000	0.000000
1582081457867	1582081457866	-7.642	5.017	-1.602	-1.646	-1.457	-0.735	0.000000	0.000000
1582081457888	1582081457887	-9.252	4.545	-1.264	-1.346	-1.719	-1.357	0.000000	0.000000
1582081457907	1582081457906	-8.593	2.231	-0.333	-1.269	-2.393	-1.462	0.000000	0.000000
1582081457929	1582081457927	-10.076	5.846	-1.559	-1.612	-2.555	-0.558	0.000000	0.000000
1582081457948	1582081457948	-12.141	9.302	-2.033	-0.443	-3.712	-0.917	0.000000	0.000000
1582081457971	1582081457969	-7.868	6.262	-1.360	0.275	-4.637	-1.113	0.000000	0.000000
1582081457988	1582081457987	-7.604	5.525	-1.010	-0.195	-4.026	-0.552	0.000000	0.000000
1582081458008	1582081458008	-10.876	6.270	0.264	-0.368	-3.374	-0.020	0.000000	0.000000
1582081458028	1582081458027	-12.400	5.426	-0.342	-0.044	-4.068	0.040	0.000000	0.000000
1582081458048	1582081458047	-12.096	2.295	-1.190	0.899	-5.072	-0.069	0.000000	0.000000
1582081458069	1582081458066	-13.624	0.568	-2.076	1.454	-5.891	-0.193	0.000000	0.000000
1582081458087	1582081458087	-15.009	-0.625	-3.638	2.160	-7.067	-0.380	0.000000	0.000000
1582081458109	1582081458109	-13.114	-2.155	-5.691	3.839	-8.423	-0.358	0.000000	0.000000
1582081458127	1582081458127	-11.612	-2.536	-8.283	5.722	-9.199	0.244	0.000000	0.000000
1582081458148	1582081458147	-10.495	-2.838	-11.033	7.742	-9.549	0.747	0.000000	0.000000
1582081458166	1582081458166	-7.549	-2.316	-13.235	8.839	-9.242	0.975	0.000000	0.000000
1582081458192	1582081458192	-4.914	-1.032	-12.554	9.011	-8.213	0.921	0.000000	0.000000
1582081458206	1582081458206	-3.400	-2.062	-11.864	8.707	-7.006	0.521	0.000000	0.000000
1582081458228	1582081458226	-3.484	-3.260	-10.226	8.050	-6.035	0.187	0.000000	0.000000
1582081458247	1582081458246	-3.520	-2.225	-10.849	7.192	-5.487	0.256	0.000000	0.000000
1582081458267	1582081458266	-2.370	-0.848	-13.745	6.094	-4.887	0.409	0.000000	0.000000
1582081458286	1582081458285	-1.912	0.324	-13.893	4.387	-4.156	0.431	0.000000	0.000000
1582081458310	1582081458306	-2.253	2.758	-12.667	1.970	-3.814	0.402	0.000000	0.000000
1582081458330	1582081458330	-3.101	5.781	-9.574	-0.720	-4.036	-0.201	0.000000	0.000000
1582081458347	1582081458346	-3.491	5.457	-6.259	-2.479	-4.297	-1.227	0.000000	0.000000
1582081458366	1582081458366	-4.202	1.864	-3.245	-3.375	-3.939	-1.710	0.000000	0.000000
1582081458391	1582081458391	-8.337	0.983	1.414	-3.399	-3.622	-1.385	0.000000	0.000000
1582081458406	1582081458406	-12.917	2.980	3.455	-2.271	-4.155	-0.723	0.000000	0.000000
1582081458427	1582081458427	-9.964	3.999	5.163	-0.694	-4.753	-0.197	0.000000	0.000000
1582081458446	1582081458446	-11.442	2.044	5.414	-0.248	-4.290	0.886	0.000000	0.000000
1582081458469	1582081458467	-14.208	3.258	6.406	-0.366	-4.145	0.798	0.000000	0.000000
1582081458488	1582081458488	-13.959	4.442	6.610	-0.335	-4.625	0.590	0.000000	0.000000
1582081458510	1582081458505	-13.418	6.265	12.349	0.101	-4.725	0.670	0.000000	0.000000
1582081458530	1582081458526	-9.772	8.837	10.289	0.548	-4.313	0.963	0.000000	0.000000
1582081458545	1582081458545	-13.406	9.108	7.906	-0.251	-2.664	1.635	0.000000	0.000000
1582081458566	1582081458565	-12.304	10.682	9.144	-0.266	-3.079	1.843	0.000000	0.000000
1582081458585	1582081458585	-7.139	8.543	11.281	0.129	-3.941	1.974	0.000000	0.000000
1582081458607	1582081458607	-5.592	6.775	10.835	-0.321	-3.555	2.322	0.000000	0.000000
1582081458626	1582081458625	-5.065	6.744	9.455	-0.643	-2.745	2.330	0.000000	0.000000
1582081458649	1582081458649	-5.489	7.314	7.846	-0.805	-2.338	2.445	0.000000	0.000000
1582081458666	1582081458664	-5.542	7.173	6.614	-1.224	-1.944	2.416	0.000000	0.000000
1582081458685	1582081458685	-4.672	6.327	6.854	-1.571	-2.060	2.189	0.000000	0.000000
1582081458706	1582081458706	-3.105	5.946	6.310	-1.938	-1.918	2.088	0.000000	0.000000
1582081458727	1582081458727	-3.132	6.468	6.085	-2.253	-1.024	1.863	0.000000	0.000000
1582081458745	1582081458743	-2.914	5.965	6.128	-2.577	-0.605	1.864	0.000000	0.000000
1582081458764	1582081458764	-2.447	3.924	6.317	-2.563	-0.771	1.882	0.000000	0.000000
1582081458784	1582081458784	-1.345	3.007	7.072	-2.487	-0.864	1.553	0.000000	0.000000
1582081458806	1582081458805	-0.358	2.911	6.789	-2.529	-0.696	1.335	0.000000	0.000000
1582081458826	1582081458826	-0.403	2.815	5.496	-2.905	-0.303	1.319	0.000000	0.000000
1582081458844	1582081458844	-1.577	2.154	6.272	-2.722	0.395	1.308	0.000000	0.000000
1582081458863	1582081458863	-2.494	1.320	6.662	-2.453	0.597	1.109	0.000000	0.000000
1582081458885	1582081458884	-1.924	2.312	6.030	-2.475	0.416	0.558	0.000000	0.000000
1582081458907	1582081458907	-1.687	2.556	5.884	-2.118	0.179	0.365	0.000000	0.000000
1582081458925	1582081458925	-0.712	2.041	6.234	-1.879	0.123	0.244	0.000000	0.000000
1582081458945	1582081458944	-0.173	1.332	6.150	-1.801	0.528	0.340	0.000000	0.000000
1582081458964	1582081458963	-1.002	1.713	6.686	-1.572	1.060	0.467	0.000000	0.000000
1582081458984	1582081458983	-2.236	1.517	8.248	-1.265	1.105	0.553	0.000000	0.000000
1582081459005	1582081459002	-2.655	-0.160	8.411	-1.597	0.697	0.537	0.000000	0.000000
1582081459023	1582081459023	-2.145	-1.803	7.956	-1.921	0.564	0.444	0.000000	0.000000
1582081459045	1582081459045	-2.159	-1.966	7.704	-1.736	0.578	0.393	0.000000	0.000000
1582081459062	1582081459062	-2.609	-0.486	7.393	-1.444	0.557	0.347	0.000000	0.000000
1582081459082	1582081459081	-2.437	0.300	7.635	-1.209	0.352	0.208	0.000000	0.000000
1582081459102	1582081459102	-1.414	-0.126	7.877	-1.516	0.283	0.191	0.000000	0.000000
1582081459125	1582081459125	-1.599	-2.165	7.712	-1.860	0.343	0.527	0.000000	0.000000
1582081459145	1582081459142	-2.293	-3.341	7.829	-1.891	0.445	0.681	0.000000	0.000000
1582081459162	1582081459162	-2.590	-3.744	8.013	-1.548	0.328	0.668	0.000000	0.000000
1582081459182	1582081459182	-1.927	-3.801	7.391	-1.499	0.350	0.625	0.000000	0.000000
1582081459202	1582081459202	-1.788	-3.003	7.340	-1.438	0.651	0.605	0.000000	0.000000
1582081459223	1582081459223	-2.741	-3.015	7.779	-1.384	0.705	0.741	0.000000	0.000000
1582081459244	1582081459244	-3.230	-3.516	7.891	-1.730	0.623	0.674	0.000000	0.000000
1582081459263	1582081459263	-2.971	-3.229	6.974	-2.032	0.349	0.640	0.000000	0.000000
1582081459281	1582081459281	-2.066	-3.418	5.644	-1.791	0.258	0.699	0.000000	0.000000
1582081459303	1582081459302	-2.133	-4.043	5.980	-1.494	0.479	0.805	0.000000	0.000000
1582081459326	1582081459326	-2.799	-4.843	6.356	-1.841	0.742	0.961	0.000000	0.000000
1582081459347	1582081459347	-4.114	-5.955	5.695	-2.400	0.998	1.046	0.000000	0.000000
1582081459362	1582081459361	-5.122	-6.489	5.445	-2.396	1.096	0.798	0.000000	0.000000
1582081459383	1582081459381	-5.139	-6.803	5.093	-2.380	0.893	0.687	0.000000	0.000000
1582081459402	1582081459401	-5.177	-6.676	4.331	-2.307	0.755	0.725	0.000000	0.000000
1582081459422	1582081459421	-4.818	-6.178	3.380	-1.849	0.756	0.791	0.000000	0.000000
1582081459446	1582081459446	-4.713	-5.471	3.421	-1.500	1.123	0.895	0.000000	0.000000
1582081459470	1582081459468	-7.163	-6.012	4.226	-1.486	1.545	1.198	0.000000	0.000000
1582081459481	1582081459481	-8.248	-5.576	4.815	-1.745	1.389	1.146	0.000000	0.000000
1582081459501	1582081459500	-8.114	-6.757	5.170	-1.988	1.070	1.075	0.000000	0.000000
1582081459521	1582081459520	-8.225	-8.307	4.331	-2.347	1.183	0.868	0.000000	0.000000
1582081459546	1582081459546	-9.482	-9.526	2.659	-3.190	1.674	0.470	0.000000	0.000000
1582081459561	1582081459561	-11.075	-10.906	-0.879	-5.003	1.944	-0.386	0.000000	0.000000
1582081459581	1582081459581	-11.751	-11.543	-7.507	-7.871	1.754	-1.587	0.000000	0.000000
1582081459600	1582081459600	-13.483	-14.734	-13.537	-9.181	1.483	-2.238	0.000000	0.000000
1582081459621	1582081459620	-17.114	-17.602	-16.869	-9.204	1.415	-2.687	0.000000	0.000000
1582081459642	1582081459640	-15.356	-21.346	-16.045	-9.566	1.837	-2.840	0.000000	0.000000
1582081459665	1582081459665	-16.681	-18.577	-16.612	-9.023	4.329	-1.935	0.000000	0.000000
1582081459685	1582081459681	-19.505	-15.791	-17.664	-4.933	6.545	-0.628	0.000000	0.000000
1582081459700	1582081459700	-21.177	-7.885	-10.777	-2.056	7.063	0.924	0.000000	0.000000
1582081459722	1582081459720	-20.123	-5.502	-2.546	-0.187	6.679	0.924	0.000000	0.000000
1582081459745	1582081459740	-9.964	-5.430	-1.346	1.341	4.778	2.509	0.000000	0.000000
1582081459761	1582081459761	-8.093	-1.708	-0.915	4.388	3.066	4.857	0.000000	0.000000
1582081459781	1582081459780	-4.305	2.104	1.054	4.768	1.957	5.779	0.000000	0.000000
1582081459803	1582081459803	-2.696	9.712	4.636	2.846	0.633	6.670	0.000000	0.000000
1582081459820	1582081459819	-4.741	-0.057	6.348	2.592	-0.034	9.405	0.000000	0.000000
1582081459839	1582081459839	-21.520	-10.477	1.936	2.746	1.721	10.812	0.000000	0.000000
1582081459864	1582081459864	-16.731	-16.505	-3.171	0.156	2.377	8.664	0.000000	0.000000
1582081459881	1582081459881	-15.454	-12.327	-8.075	-2.945	3.531	7.197	0.000000	0.000000
1582081459899	1582081459899	-17.668	-8.705	-12.696	-3.670	3.584	6.900	0.000000	0.000000
1582081459920	1582081459919	-16.642	-6.695	-12.015	-3.683	3.292	5.988	0.000000	0.000000
1582081459940	1582081459938	-17.965	-12.976	-13.089	-4.977	3.466	4.979	0.000000	0.000000
1582081459961	1582081459961	-16.515	-12.873	-13.776	-4.845	3.677	4.843	0.000000	0.000000
1582081459982	1582081459979	-16.403	-7.421	-13.029	-5.117	3.505	4.482	0.000000	0.000000
1582081460004	1582081460004	-15.368	-7.984	-11.266	-5.406	3.162	3.747	0.000000	0.000000
1582081460020	1582081460018	-13.938	-3.059	-11.620	-5.347	2.970	3.260	0.000000	0.000000
1582081460039	1582081460039	-13.349	-2.936	-8.952	-4.137	2.314	2.556	0.000000	0.000000
1582081460062	1582081460061	-9.765	-6.760	-8.053	-3.736	1.866	2.395	0.000000	0.000000
1582081460086	1582081460086	-13.765	0.046	-5.140	-4.219	1.709	2.829	0.000000	0.000000
1582081460103	1582081460098	-7.868	7.882	-4.968	-3.553	0.173	2.043	0.000000	0.000000
1582081460119	1582081460118	-5.132	3.903	-5.586	-2.998	0.460	1.544	0.000000	0.000000
1582081460139	1582081460138	-8.622	5.972	-4.913	-2.360	1.077	1.356	0.000000	0.000000
1582081460158	1582081460158	-7.130	3.905	-3.674	-1.967	0.123	1.040	0.000000	0.000000
1582081460179	1582081460179	-5.074	1.926	-4.206	-1.701	-0.599	1.353	0.000000	0.000000
1582081460204	1582081460204	-4.734	6.981	-3.830	-1.765	-0.599	1.478	0.000000	0.000000
1582081460219	1582081460219	-5.534	7.134	-2.424	-1.487	-0.487	1.044	0.000000	0.000000
1582081460239	1582081460237	-7.151	2.164	-3.701	-1.548	-0.437	0.614	0.000000	0.000000
1582081460258	1582081460257	-8.270	2.645	-1.276	-0.743	-0.937	0.074	0.000000	0.000000
1582081460287	1582081460286	-7.777	2.801	0.099	-1.222	-1.489	-0.152	0.000000	0.000000
1582081460298	1582081460297	-7.937	3.884	-2.294	-2.865	-1.923	-0.054	0.000000	0.000000
1582081460317	1582081460317	-9.899	7.585	-1.046	-2.120	-2.546	-0.135	0.000000	0.000000
1582081460337	1582081460337	-10.752	6.765	-0.373	-1.449	-3.315	-1.033	0.000000	0.000000
1582081460357	1582081460357	-10.328	7.874	-0.515	-1.854	-3.920	-1.199	0.000000	0.000000
1582081460378	1582081460378	-10.495	6.270	0.918	-1.645	-4.398	-1.183	0.000000	0.000000
1582081460398	1582081460398	-11.617	5.318	0.012	-1.881	-4.396	-1.267	0.000000	0.000000
1582081460417	1582081460418	-13.789	4.720	-1.099	-1.406	-4.905	-1.192	0.000000	0.000000
1582081460442	1582081460440	-14.920	3.285	-1.744	-0.282	-5.744	-1.245	0.000000	0.000000
1582081460458	1582081460456	-16.055	2.099	-2.960	0.591	-6.847	-1.545	0.000000	0.000000
1582081460477	1582081460477	-16.278	0.429	-4.515	1.820	-8.076	-1.990	0.000000	0.000000
1582081460502	1582081460502	-14.846	-1.286	-6.027	3.634	-9.136	-2.011	0.000000	0.000000
1582081460517	1582081460517	-12.671	-1.315	-8.590	5.058	-9.819	-1.700	0.000000	0.000000
1582081460538	1582081460536	-10.886	-2.349	-10.410	7.011	-10.020	-1.448	0.000000	0.000000
1582081460556	1582081460556	-7.336	-3.260	-11.278	8.761	-9.415	-1.296	0.000000	0.000000
1582081460576	1582081460576	-4.679	-3.126	-12.986	9.410	-7.662	-0.815	0.000000	0.000000
1582081460598	1582081460598	-3.841	-2.706	-13.235	9.349	-6.660	-0.586	0.000000	0.000000
1582081460617	1582081460617	-3.652	-1.775	-12.866	8.394	-6.489	-0.866	0.000000	0.000000
1582081460636	1582081460636	-2.772	-0.002	-13.850	7.110	-6.289	-1.221	0.000000	0.000000
1582081460656	1582081460656	-1.395	-0.888	-17.283	6.926	-4.958	-0.849	0.000000	0.000000
1582081460676	1582081460676	-1.505	0.904	-17.839	5.388	-3.810	-0.140	0.000000	0.000000
1582081460696	1582081460695	-1.644	6.382	-13.668	1.928	-3.797	-0.414	0.000000	0.000000
1582081460717	1582081460716	-4.284	5.877	-8.209	-0.297	-4.644	-1.667	0.000000	0.000000
1582081460737	1582081460737	-3.580	1.296	-5.325	-1.068	-5.849	-2.264	0.000000	0.000000
1582081460756	1582081460755	-4.234	0.980	3.390	-0.930	-4.078	-1.795	0.000000	0.000000
1582081460777	1582081460777	-16.676	-1.882	8.210	-1.195	-2.841	-0.209	0.000000	0.000000
1582081460797	1582081460795	-9.415	1.052	3.864	-0.530	-4.952	-0.529	0.000000	0.000000
1582081460820	1582081460819	-10.299	6.579	4.633	-0.451	-5.769	-0.676	0.000000	0.000000
1582081460839	1582081460835	-15.092	5.156	6.859	-1.219	-4.678	0.492	0.000000	0.000000
1582081460856	1582081460854	-17.270	5.987	10.960	-1.929	-4.095	0.484	0.000000	0.000000
1582081460875	1582081460875	-13.068	10.787	6.521	-0.894	-3.773	0.765	0.000000	0.000000
1582081460900	1582081460900	-18.580	11.288	7.163	-0.842	-3.043	1.461	0.000000	0.000000
1582081460916	1582081460914	-15.972	8.509	10.112	0.189	-3.391	1.658	0.000000	0.000000
1582081460938	1582081460937	-9.978	6.979	11.130	1.285	-4.093	1.794	0.000000	0.000000
1582081460955	1582081460955	-7.448	8.500	11.048	0.835	-3.948	1.957	0.000000	0.000000
1582081460975	1582081460974	-7.834	8.006	9.137	-0.921	-3.227	2.446	0.000000	0.000000
1582081460995	1582081460995	-8.069	6.562	7.606	-1.957	-2.901	2.805	0.000000	0.000000
1582081461026	1582081461020	-7.408	5.565	7.601	-2.079	-2.768	2.600	0.000000	0.000000
1582081461035	1582081461035	-5.427	5.683	7.450	-1.695	-2.648	2.329	0.000000	0.000000
1582081461055	1582081461054	-3.994	4.470	6.341	-0.985	-2.393	2.159	0.000000	0.000000
1582081461074	1582081461074	-2.739	5.393	5.541	-0.774	-1.780	1.966	0.000000	0.000000
1582081461095	1582081461094	-3.148	5.915	7.014	-1.399	-1.310	2.011	0.000000	0.000000
1582081461115	1582081461115	-2.772	5.297	6.885	-2.150	-1.391	1.924	0.000000	0.000000
1582081461134	1582081461134	-1.589	3.599	5.659	-2.385	-1.237	1.963	0.000000	0.000000
1582081461155	1582081461155	-1.419	1.943	5.651	-2.622	-0.279	1.941	0.000000	0.000000
1582081461174	1582081461173	-2.435	1.512	6.566	-2.428	0.169	1.788	0.000000	0.000000
1582081461193	1582081461193	-2.221	1.723	7.079	-2.391	-0.186	1.496	0.000000	0.000000
1582081461215	1582081461215	-0.916	1.955	7.412	-2.393	-0.204	1.135	0.000000	0.000000
1582081461247	1582081461237	-1.048	1.603	7.400	-1.985	0.238	1.155	0.000000	0.000000
1582081461257	1582081461253	-2.528	0.978	7.371	-1.591	0.738	1.285	0.000000	0.000000
1582081461273	1582081461273	-3.381	1.155	7.247	-1.481	0.804	1.110	0.000000	0.000000
1582081461294	1582081461293	-3.271	2.315	6.988	-1.618	0.748	0.610	0.000000	0.000000
1582081461313	1582081461313	-1.929	3.007	7.187	-1.986	0.408	0.239	0.000000	0.000000
1582081461336	1582081461336	0.126	3.189	6.451	-2.464	-0.296	-0.019	0.000000	0.000000
1582081461354	1582081461354	1.274	2.396	5.328	-2.732	-0.665	0.044	0.000000	0.000000
1582081461373	1582081461373	0.699	0.714	5.795	-2.378	-0.006	0.430	0.000000	0.000000
1582081461393	1582081461393	-1.201	-0.435	7.506	-1.687	0.728	0.619	0.000000	0.000000
1582081461412	1582081461412	-2.789	-1.607	8.533	-1.519	0.854	0.490	0.000000	0.000000
1582081461437	1582081461437	-2.696	-2.242	8.401	-1.630	0.491	0.332	0.000000	0.000000
1582081461468	1582081461461	-1.682	-2.029	8.179	-1.508	0.097	0.299	0.000000	0.000000
1582081461471	1582081461471	-1.412	-1.767	8.205	-1.742	-0.043	0.306	0.000000	0.000000
1582081461494	1582081461492	-1.378	-1.899	7.946	-2.125	-0.048	0.395	0.000000	0.000000
1582081461513	1582081461513	-1.086	-1.832	7.676	-2.324	0.099	0.438	0.000000	0.000000
1582081461532	1582081461533	-1.752	-3.209	7.776	-2.174	0.303	0.605	0.000000	0.000000
1582081461558	1582081461555	-2.705	-4.216	7.994	-2.084	0.413	0.668	0.000000	0.000000
1582081461573	1582081461573	-2.674	-4.292	7.642	-2.147	0.302	0.568	0.000000	0.000000
1582081461592	1582081461592	-1.793	-4.235	7.017	-2.111	0.086	0.483	0.000000	0.000000
1582081461612	1582081461612	-0.545	-4.493	7.261	-1.668	0.122	0.524	0.000000	0.000000
1582081461634	1582081461634	-0.818	-4.549	7.810	-1.524	0.458	0.663	0.000000	0.000000
1582081461659	1582081461659	-2.394	-4.177	7.369	-1.535	0.437	0.801	0.000000	0.000000
1582081461673	1582081461672	-2.344	-4.230	6.914	-1.471	0.310	0.665	0.000000	0.000000
1582081461693	1582081461692	-1.948	-4.252	6.998	-1.608	0.416	0.647	0.000000	0.000000
1582081461711	1582081461711	-3.096	-4.676	7.137	-1.926	0.598	0.794	0.000000	0.000000
1582081461732	1582081461731	-3.755	-6.276	6.499	-1.910	0.348	0.832	0.000000	0.000000
1582081461755	1582081461751	-2.677	-6.695	5.409	-1.868	0.087	0.780	0.000000	0.000000
1582081461774	1582081461773	-2.827	-6.230	4.470	-1.709	0.277	0.888	0.000000	0.000000
1582081461791	1582081461791	-3.668	-6.661	4.430	-1.787	0.542	0.816	0.000000	0.000000
1582081461811	1582081461811	-4.104	-7.313	4.061	-2.247	0.469	0.613	0.000000	0.000000
1582081461832	1582081461830	-4.080	-9.134	3.474	-2.327	0.494	0.566	0.000000	0.000000
1582081461852	1582081461852	-4.234	-9.589	3.788	-1.915	0.769	0.471	0.000000	0.000000
1582081461871	1582081461872	-4.789	-9.050	3.958	-1.642	0.852	0.380	0.000000	0.000000
1582081461892	1582081461890	-4.799	-9.953	3.486	-1.670	0.939	0.144	0.000000	0.000000
1582081461910	1582081461910	-4.775	-11.716	2.473	-1.776	1.004	-0.156	0.000000	0.000000
1582081461931	1582081461930	-5.937	-13.072	0.432	-2.349	1.595	-0.695	0.000000	0.000000
1582081461952	1582081461952	-8.287	-14.090	-1.530	-3.613	2.784	-1.925	0.000000	0.000000
1582081461976	1582081461970	-14.678	-15.168	-3.408	-6.273	3.654	-3.745	0.000000	0.000000
1582081461994	1582081461990	-17.002	-14.897	-10.509	-11.132	2.266	-5.586	0.000000	0.000000
1582081462010	1582081462009	-8.284	-13.946	-17.880	-14.379	0.808	-6.741	0.000000	0.000000
1582081462030	1582081462029	-5.762	-20.124	-16.124	-11.505	1.641	-5.732	0.000000	0.000000
1582081462054	1582081462049	-4.703	-16.936	-14.191	-7.149	3.664	-3.414	0.000000	0.000000
1582081462070	1582081462070	-4.873	10.284	-23.222	-6.223	4.565	-0.225	0.000000	0.000000
1582081462092	1582081462090	-10.244	-0.881	-15.621	0.096	5.014	1.406	0.000000	0.000000
1582081462112	1582081462110	-11.461	-12.030	-4.817	1.905	4.361	3.273	0.000000	0.000000
1582081462130	1582081462128	-10.304	-5.119	-1.839	3.181	2.995	5.410	0.000000	0.000000
1582081462150	1582081462149	-11.212	-5.138	-0.922	3.199	1.837	6.241	0.000000	0.000000
1582081462178	1582081462170	-9.827	-1.600	2.777	2.886	1.206	7.642	0.000000	0.000000
1582081462190	1582081462188	-11.238	0.544	6.768	0.282	0.474	7.647	0.000000	0.000000
1582081462208	1582081462208	-13.394	-11.527	1.244	0.835	0.384	9.536	0.000000	0.000000
1582081462228	1582081462227	-17.349	-16.871	-1.854	0.064	1.738	9.641	0.000000	0.000000
1582081462247	1582081462247	-16.494	-20.244	-6.788	-1.903	2.459	8.642	0.000000	0.000000
1582081462271	1582081462271	-15.068	-13.371	-8.489	-3.360	2.995	7.072	0.000000	0.000000
1582081462291	1582081462291	-15.607	-11.124	-9.414	-3.868	3.436	6.438	0.000000	0.000000
1582081462310	1582081462308	-17.411	-12.212	-10.013	-4.384	3.433	6.137	0.000000	0.000000
1582081462328	1582081462328	-16.815	-14.444	-14.480	-5.053	2.988	5.576	0.000000	0.000000
1582081462348	1582081462348	-15.416	-13.680	-12.202	-4.970	3.293	5.425	0.000000	0.000000
1582081462370	1582081462370	-16.357	-10.518	-13.941	-5.205	3.337	5.194	0.000000	0.000000
1582081462392	1582081462391	-13.504	-9.095	-11.196	-4.047	2.864	4.536	0.000000	0.000000
1582081462409	1582081462408	-16.111	-8.125	-10.528	-4.456	2.654	3.862	0.000000	0.000000
1582081462428	1582081462428	-10.680	-6.252	-9.035	-4.199	1.694	3.077	0.000000	0.000000
1582081462452	1582081462447	-10.220	-1.854	-8.995	-5.218	1.637	2.397	0.000000	0.000000
1582081462468	1582081462468	-9.080	4.207	-7.402	-4.873	1.392	2.194	0.000000	0.000000
1582081462490	1582081462488	-8.632	-2.893	-8.219	-3.203	1.694	2.013	0.000000	0.000000
1582081462508	1582081462509	-7.410	-2.587	-8.087	-2.966	1.413	1.866	0.000000	0.000000
1582081462528	1582081462528	-6.239	5.795	-7.253	-3.296	0.842	1.450	0.000000	0.000000
1582081462549	1582081462547	-6.404	6.478	-6.115	-2.827	0.461	0.662	0.000000	0.000000
1582081462567	1582081462567	-5.103	-0.879	-6.022	-2.375	-0.129	0.888	0.000000	0.000000
1582081462591	1582081462591	-4.684	3.301	-4.611	-1.377	-0.385	1.084	0.000000	0.000000
1582081462607	1582081462607	-4.809	6.178	-4.058	-0.827	-0.542	1.042	0.000000	0.000000
1582081462627	1582081462627	-4.794	4.389	-2.951	-1.547	-0.367	0.793	0.000000	0.000000
1582081462647	1582081462647	-4.607	6.935	-2.407	-1.901	-0.295	0.495	0.000000	0.000000
1582081462667	1582081462667	-4.962	7.795	-1.518	-1.637	-0.231	0.209	0.000000	0.000000
1582081462689	1582081462689	-8.162	5.184	0.123	-1.968	-0.320	0.178	0.000000	0.000000
1582081462712	1582081462710	-9.202	5.908	-0.117	-2.113	-1.437	-0.228	0.000000	0.000000
1582081462730	1582081462727	-7.338	5.184	-2.129	-2.237	-2.573	-0.689	0.000000	0.000000
1582081462747	1582081462746	-8.902	8.104	-1.056	-2.037	-2.760	-0.941	0.000000	0.000000
1582081462767	1582081462766	-10.625	6.667	-0.028	-1.407	-3.342	-1.053	0.000000	0.000000
1582081462791	1582081462788	-13.372	6.140	0.611	-1.134	-3.988	-1.279	0.000000	0.000000
1582081462808	1582081462806	-12.759	5.091	1.634	-0.751	-4.628	-1.664	0.000000	0.000000
1582081462827	1582081462827	-12.987	5.318	-0.244	-1.391	-4.526	-1.834	0.000000	0.000000
1582081462848	1582081462846	-14.973	3.632	-1.906	-0.735	-5.074	-1.513	0.000000	0.000000
1582081462867	1582081462866	-15.574	1.649	-3.801	0.953	-6.036	-1.383	0.000000	0.000000
1582081462887	1582081462886	-15.442	2.106	-5.567	1.615	-7.216	-1.446	0.000000	0.000000
1582081462908	1582081462906	-15.239	0.614	-6.281	2.561	-8.527	-1.695	0.000000	0.000000
1582081462928	1582081462927	-14.518	-2.948	-7.826	4.837	-9.542	-1.961	0.000000	0.000000
1582081462945	1582081462945	-13.073	-4.163	-10.794	6.885	-10.397	-1.654	0.000000	0.000000
1582081462966	1582081462966	-11.092	-3.018	-12.770	8.742	-10.953	-1.192	0.000000	0.000000
1582081462987	1582081462985	-8.098	-1.214	-12.255	9.416	-10.715	-1.380	0.000000	0.000000
1582081463006	1582081463006	-6.057	-0.773	-10.645	8.587	-9.056	-1.368	0.000000	0.000000
1582081463027	1582081463025	-6.143	-3.188	-10.437	8.106	-7.118	-1.066	0.000000	0.000000
1582081463049	1582081463049	-6.231	-5.179	-14.744	7.884	-5.468	-0.578	0.000000	0.000000
1582081463066	1582081463065	-5.070	-1.401	-19.058	7.064	-4.614	-0.084	0.000000	0.000000
1582081463085	1582081463085	-2.823	3.093	-18.716	5.795	-4.196	0.210	0.000000	0.000000
1582081463105	1582081463105	-2.152	4.403	-14.952	3.204	-4.021	0.167	0.000000	0.000000
1582081463127	1582081463125	-1.697	6.617	-10.394	-0.658	-4.250	-0.541	0.000000	0.000000
1582081463148	1582081463145	-2.185	7.477	-6.894	-3.291	-4.184	-1.577	0.000000	0.000000
1582081463165	1582081463164	-2.106	4.387	-3.911	-4.363	-3.647	-2.430	0.000000	0.000000
1582081463186	1582081463184	-5.630	1.426	2.446	-4.392	-3.142	-2.033	0.000000	0.000000
1582081463208	1582081463208	-13.123	1.347	5.788	-3.186	-3.464	-1.250	0.000000	0.000000
1582081463228	1582081463224	-11.331	3.577	6.154	-1.181	-4.435	-0.596	0.000000	0.000000
1582081463247	1582081463246	-8.411	4.569	9.223	0.551	-4.977	-0.152	0.000000	0.000000
1582081463264	1582081463264	-9.214	1.924	9.151	0.330	-4.800	0.426	0.000000	0.000000
1582081463284	1582081463284	-13.897	4.257	8.763	0.052	-4.171	0.767	0.000000	0.000000
1582081463305	1582081463305	-13.485	6.794	12.208	0.384	-4.838	0.567	0.000000	0.000000
1582081463326	1582081463326	-7.039	9.800	14.491	0.398	-4.763	0.376	0.000000	0.000000
1582081463346	1582081463346	-8.960	11.372	12.141	-0.943	-2.556	0.698	0.000000	0.000000
1582081463364	1582081463364	-8.792	7.657	12.792	-0.990	-2.391	1.212	0.000000	0.000000
1582081463385	1582081463384	-6.004	5.920	13.777	-0.024	-2.945	1.657	0.000000	0.000000
1582081463404	1582081463404	-6.282	5.690	11.803	-0.235	-2.649	2.060	0.000000	0.000000
