1582082401891	1582082401889	-3.084	-8.300	2.279	-2.930	0.133	0.336	0.000000	0.000000
1582082401909	1582082401908	-3.520	-9.325	2.302	-2.395	-0.110	0.477	0.000000	0.000000
1582082401929	1582082401929	-3.944	-8.968	2.394	-2.297	-0.131	0.470	0.000000	0.000000
1582082401957	1582082401954	-3.522	-9.057	2.722	-2.197	0.103	0.553	0.000000	0.000000
1582082401974	1582082401974	-4.162	-10.441	2.144	-2.414	0.437	0.589	0.000000	0.000000
1582082401989	1582082401987	-5.601	-11.215	0.951	-2.505	1.050	0.464	0.000000	0.000000
1582082402009	1582082402008	-8.553	-12.986	-1.897	-2.869	1.731	0.111	0.000000	0.000000
1582082402030	1582082402028	-12.824	-15.863	-4.604	-4.962	1.797	-1.191	0.000000	0.000000
1582082402049	1582082402047	-14.002	-17.645	-11.862	-11.483	0.592	-3.360	0.000000	0.000000
1582082402068	1582082402067	-11.396	-24.946	-24.501	-18.661	-0.263	-4.648	0.000000	0.000000
1582082402088	1582082402087	-8.950	-30.121	-22.539	-18.162	1.424	-4.067	0.000000	0.000000
1582082402108	1582082402107	-7.391	-9.687	-16.471	-9.708	5.291	-2.597	0.000000	0.000000
1582082402129	1582082402129	-15.315	2.274	-22.088	-3.636	8.240	0.012	0.000000	0.000000
1582082402153	1582082402151	-16.525	-6.015	-9.677	-1.524	7.661	1.058	0.000000	0.000000
1582082402169	1582082402168	-11.298	-7.308	0.491	1.156	6.310	2.597	0.000000	0.000000
1582082402187	1582082402187	-7.848	4.942	0.405	2.772	4.720	4.717	0.000000	0.000000
1582082402208	1582082402207	-8.663	-2.503	1.459	5.471	2.824	7.791	0.000000	0.000000
1582082402229	1582082402227	-9.703	-2.419	3.414	7.323	0.851	10.569	0.000000	0.000000
1582082402248	1582082402246	-4.801	-4.491	5.668	5.923	0.270	9.683	0.000000	0.000000
1582082402267	1582082402266	-5.558	-6.566	4.928	1.230	0.920	8.489	0.000000	0.000000
1582082402288	1582082402286	-7.690	-12.080	-3.909	0.328	1.807	9.079	0.000000	0.000000
1582082402313	1582082402306	-9.930	-13.699	-3.267	0.063	2.361	8.514	0.000000	0.000000
1582082402327	1582082402326	-11.722	-16.258	-7.545	-3.023	3.213	7.069	0.000000	0.000000
1582082402349	1582082402346	-15.016	-15.304	-7.256	-3.460	3.682	6.830	0.000000	0.000000
1582082402369	1582082402368	-16.166	-11.639	-9.170	-3.343	3.719	6.327	0.000000	0.000000
1582082402387	1582082402386	-18.520	-9.004	-8.398	-3.904	3.734	5.340	0.000000	0.000000
1582082402407	1582082402406	-17.318	-11.951	-9.273	-4.670	3.232	4.509	0.000000	0.000000
1582082402427	1582082402426	-14.335	-11.891	-9.376	-3.652	2.775	4.711	0.000000	0.000000
1582082402447	1582082402446	-15.931	-7.454	-9.217	-3.544	2.910	4.524	0.000000	0.000000
1582082402467	1582082402466	-14.937	-7.414	-11.582	-3.961	2.210	3.646	0.000000	0.000000
1582082402488	1582082402488	-11.008	-5.449	-10.993	-4.601	1.807	2.471	0.000000	0.000000
1582082402506	1582082402505	-11.595	-3.092	-11.220	-5.386	1.805	1.843	0.000000	0.000000
1582082402526	1582082402525	-10.266	-2.242	-11.246	-5.103	1.233	1.564	0.000000	0.000000
1582082402548	1582082402548	-9.017	-0.491	-9.994	-4.730	0.308	1.617	0.000000	0.000000
1582082402569	1582082402566	-8.248	0.307	-9.325	-4.424	-0.075	1.544	0.000000	0.000000
1582082402586	1582082402585	-7.396	1.361	-11.206	-4.456	-0.025	1.162	0.000000	0.000000
1582082402606	1582082402605	-8.241	-0.196	-10.283	-3.698	0.106	1.103	0.000000	0.000000
1582082402626	1582082402625	-8.359	-0.752	-8.362	-3.123	-0.316	1.272	0.000000	0.000000
1582082402646	1582082402645	-6.720	3.519	-7.706	-3.105	-0.392	1.496	0.000000	0.000000
1582082402666	1582082402665	-8.251	4.612	-6.918	-2.634	0.033	1.302	0.000000	0.000000
1582082402688	1582082402686	-7.745	1.577	-6.094	-2.346	-0.704	1.008	0.000000	0.000000
1582082402707	1582082402707	-5.915	6.758	-5.682	-2.030	-1.187	1.035	0.000000	0.000000
1582082402727	1582082402726	-6.227	6.607	-5.200	-2.000	-1.446	0.872	0.000000	0.000000
1582082402747	1582082402747	-6.342	4.837	-3.849	-2.685	-1.648	0.703	0.000000	0.000000
1582082402772	1582082402771	-6.703	4.986	-1.657	-2.383	-1.790	0.533	0.000000	0.000000
1582082402789	1582082402787	-8.634	1.699	1.193	-1.369	-1.496	0.485	0.000000	0.000000
1582082402806	1582082402805	-11.542	1.754	-1.214	-1.249	-2.272	0.821	0.000000	0.000000
1582082402825	1582082402825	-10.505	3.802	-0.028	-1.142	-4.276	0.988	0.000000	0.000000
1582082402849	1582082402846	-9.451	6.040	1.665	-0.718	-4.582	0.618	0.000000	0.000000
1582082402866	1582082402865	-10.795	3.833	1.253	-1.066	-4.176	-0.080	0.000000	0.000000
1582082402892	1582082402886	-12.354	2.149	0.571	-1.449	-4.544	-0.597	0.000000	0.000000
1582082402905	1582082402905	-13.099	2.442	0.079	-1.151	-5.277	-0.822	0.000000	0.000000
1582082402925	1582082402925	-12.584	2.075	-0.735	-0.460	-6.073	-1.188	0.000000	0.000000
1582082402949	1582082402944	-12.726	-0.194	-1.252	0.621	-6.669	-1.490	0.000000	0.000000
1582082402986	1582082402970	-13.358	-1.593	-2.263	1.926	-7.393	-1.702	0.000000	0.000000
1582082403006	1582082403006	-12.548	-2.812	-3.281	3.797	-8.442	-1.847	0.000000	0.000000
1582082403006	1582082403006	-11.336	-3.042	-5.262	5.638	-9.073	-1.809	0.000000	0.000000
1582082403025	1582082403023	-9.933	-2.661	-7.792	7.417	-9.316	-1.641	0.000000	0.000000
1582082403044	1582082403044	-8.157	-1.597	-10.846	8.606	-9.046	-1.519	0.000000	0.000000
1582082403064	1582082403064	-6.220	-0.639	-12.868	9.532	-8.393	-1.555	0.000000	0.000000
1582082403087	1582082403087	-5.247	0.092	-11.493	9.712	-7.352	-1.418	0.000000	0.000000
1582082403107	1582082403106	-4.706	-1.743	-12.145	9.216	-6.208	-1.205	0.000000	0.000000
1582082403125	1582082403124	-4.737	-4.290	-16.529	8.743	-5.174	-0.883	0.000000	0.000000
1582082403146	1582082403144	-2.118	-1.525	-19.734	7.414	-4.333	-0.188	0.000000	0.000000
1582082403169	1582082403169	-1.361	2.262	-17.470	4.522	-3.541	0.455	0.000000	0.000000
1582082403185	1582082403184	-3.251	5.941	-11.110	0.433	-3.896	-0.133	0.000000	0.000000
1582082403206	1582082403203	-3.065	6.095	-6.616	-2.217	-4.747	-1.441	0.000000	0.000000
1582082403224	1582082403224	-4.528	2.281	-3.447	-3.152	-4.939	-2.194	0.000000	0.000000
1582082403244	1582082403244	-11.286	-3.348	3.055	-2.667	-5.258	-1.840	0.000000	0.000000
1582082403265	1582082403263	-10.608	-2.031	7.070	-1.021	-6.557	-0.756	0.000000	0.000000
1582082403288	1582082403284	-9.588	3.117	9.290	1.018	-6.759	0.218	0.000000	0.000000
1582082403307	1582082403305	-11.703	6.178	9.046	1.058	-6.237	0.601	0.000000	0.000000
1582082403326	1582082403324	-13.042	5.192	9.918	0.267	-6.017	0.884	0.000000	0.000000
1582082403344	1582082403343	-15.478	6.456	11.245	-0.577	-5.879	1.390	0.000000	0.000000
1582082403364	1582082403364	-12.268	11.604	11.772	-1.490	-5.711	1.543	0.000000	0.000000
1582082403385	1582082403385	-12.944	10.823	10.217	-2.037	-4.231	2.067	0.000000	0.000000
1582082403404	1582082403403	-9.786	8.653	12.167	-0.475	-3.897	1.780	0.000000	0.000000
1582082403425	1582082403425	-4.064	7.709	13.094	1.327	-4.409	1.981	0.000000	0.000000
1582082403443	1582082403443	-5.774	6.969	12.785	0.845	-3.707	2.487	0.000000	0.000000
1582082403465	1582082403465	-3.865	9.084	10.699	-0.474	-3.115	2.328	0.000000	0.000000
1582082403486	1582082403483	-3.448	5.136	8.354	-1.269	-2.474	2.581	0.000000	0.000000
1582082403506	1582082403503	-3.532	4.595	7.781	-1.322	-2.148	2.250	0.000000	0.000000
1582082403526	1582082403522	-1.440	7.316	7.371	-1.538	-1.786	1.804	0.000000	0.000000
1582082403543	1582082403543	-0.121	5.021	5.330	-1.877	-1.416	1.724	0.000000	0.000000
1582082403563	1582082403562	0.553	3.301	4.133	-1.385	-1.043	1.542	0.000000	0.000000
1582082403584	1582082403584	0.205	5.031	5.477	-1.111	-0.550	1.338	0.000000	0.000000
1582082403603	1582082403603	-1.345	4.930	6.277	-1.961	-0.116	1.572	0.000000	0.000000
1582082403623	1582082403621	-2.133	3.668	6.087	-3.219	0.328	1.534	0.000000	0.000000
1582082403643	1582082403642	-2.197	3.048	4.796	-3.421	0.301	1.369	0.000000	0.000000
1582082403664	1582082403662	-1.829	2.415	3.989	-2.506	0.251	1.190	0.000000	0.000000
1582082403686	1582082403682	-2.138	1.349	4.858	-2.228	0.166	1.215	0.000000	0.000000
1582082403707	1582082403703	-1.745	-0.517	4.631	-2.473	0.067	1.314	0.000000	0.000000
1582082403722	1582082403721	-2.209	-0.146	5.316	-2.774	0.160	1.246	0.000000	0.000000
1582082403744	1582082403741	-1.479	-0.234	6.768	-2.808	0.277	1.094	0.000000	0.000000
1582082403762	1582082403762	-0.082	-0.347	7.211	-2.786	0.617	0.764	0.000000	0.000000
1582082403782	1582082403782	-0.056	-0.862	6.974	-2.505	0.897	0.664	0.000000	0.000000
1582082403804	1582082403803	-0.353	-1.657	7.352	-2.412	0.917	0.725	0.000000	0.000000
1582082403825	1582082403825	-1.405	-2.723	8.035	-1.955	0.891	0.828	0.000000	0.000000
1582082403843	1582082403841	-2.130	-2.781	9.132	-1.306	0.675	0.703	0.000000	0.000000
1582082403861	1582082403860	-2.142	-2.484	9.693	-1.515	0.348	0.562	0.000000	0.000000
1582082403883	1582082403880	-2.176	-1.276	9.276	-2.135	0.381	0.534	0.000000	0.000000
1582082403904	1582082403903	-4.207	0.647	7.795	-2.360	0.138	0.569	0.000000	0.000000
1582082403924	1582082403921	-1.151	0.343	8.373	-2.695	-0.628	0.230	0.000000	0.000000
1582082403941	1582082403940	-1.136	-2.438	9.000	-2.834	-0.456	0.441	0.000000	0.000000
1582082403961	1582082403960	-2.284	-3.971	8.442	-3.145	-0.207	0.716	0.000000	0.000000
1582082403992	1582082403984	-1.747	-4.903	7.189	-3.246	-0.479	0.687	0.000000	0.000000
1582082404003	1582082404004	-0.521	-5.433	7.007	-2.461	-0.700	0.844	0.000000	0.000000
1582082404023	1582082404020	0.821	-5.112	7.252	-1.685	-0.311	1.086	0.000000	0.000000
1582082404040	1582082404039	0.203	-4.642	6.234	-1.113	0.231	1.228	0.000000	0.000000
1582082404060	1582082404059	-1.455	-5.226	6.066	-0.496	0.688	1.359	0.000000	0.000000
1582082404080	1582082404080	-3.299	-6.796	7.278	-0.343	0.996	1.462	0.000000	0.000000
1582082404115	1582082404103	-4.179	-6.784	7.345	-1.185	0.782	1.242	0.000000	0.000000
1582082404122	1582082404120	-2.962	-6.350	5.659	-1.976	0.363	1.066	0.000000	0.000000
1582082404140	1582082404140	-2.528	-6.709	4.061	-2.105	0.449	1.079	0.000000	0.000000
1582082404160	1582082404160	-3.611	-7.418	4.245	-1.828	0.765	1.239	0.000000	0.000000
1582082404181	1582082404179	-4.983	-7.883	4.331	-2.232	0.836	1.045	0.000000	0.000000
1582082404201	1582082404201	-4.876	-8.171	3.469	-2.610	0.359	0.854	0.000000	0.000000
1582082404225	1582082404225	-3.946	-7.833	3.467	-2.620	-0.108	0.887	0.000000	0.000000
1582082404242	1582082404241	-3.819	-8.734	2.968	-2.557	0.028	0.927	0.000000	0.000000
1582082404261	1582082404259	-4.076	-9.203	2.671	-2.147	0.291	0.936	0.000000	0.000000
1582082404279	1582082404279	-4.576	-9.299	2.477	-2.156	0.610	0.711	0.000000	0.000000
1582082404305	1582082404302	-4.876	-10.106	2.094	-2.215	0.840	0.623	0.000000	0.000000
1582082404319	1582082404319	-4.983	-10.101	1.177	-2.570	1.123	0.535	0.000000	0.000000
1582082404340	1582082404339	-5.264	-11.139	-0.680	-2.596	1.421	0.368	0.000000	0.000000
1582082404359	1582082404359	-5.934	-14.162	-2.869	-2.256	1.746	-0.049	0.000000	0.000000
1582082404379	1582082404379	-8.481	-17.214	-3.418	-2.477	2.221	-0.926	0.000000	0.000000
1582082404402	1582082404402	-11.058	-16.746	-4.494	-4.410	2.264	-2.282	0.000000	0.000000
1582082404422	1582082404419	-11.538	-14.334	-10.492	-8.010	1.720	-3.703	0.000000	0.000000
1582082404447	1582082404439	-11.976	-16.246	-16.167	-11.747	1.024	-4.495	0.000000	0.000000
1582082404459	1582082404458	-8.962	-23.703	-16.998	-12.194	1.191	-4.233	0.000000	0.000000
1582082404478	1582082404478	-8.040	-20.014	-14.979	-9.329	3.924	-3.048	0.000000	0.000000
1582082404499	1582082404498	-10.297	-7.679	-18.232	-5.584	5.843	-1.233	0.000000	0.000000
1582082404526	1582082404526	-12.932	-7.909	-12.348	-1.557	5.719	-0.208	0.000000	0.000000
1582082404541	1582082404538	-9.267	-6.096	-5.524	-0.440	5.448	1.539	0.000000	0.000000
1582082404559	1582082404559	-8.917	0.518	-2.740	3.298	5.107	3.851	0.000000	0.000000
1582082404579	1582082404578	-10.323	-2.991	0.056	4.568	4.262	5.166	0.000000	0.000000
1582082404602	1582082404599	-9.223	0.896	-0.388	3.693	2.356	6.514	0.000000	0.000000
1582082404622	1582082404617	-6.334	2.504	3.471	4.498	0.488	8.239	0.000000	0.000000
1582082404640	1582082404638	-10.091	-1.688	4.784	3.165	-0.289	9.630	0.000000	0.000000
1582082404658	1582082404657	-8.831	-6.321	2.295	1.334	-0.129	9.882	0.000000	0.000000
1582082404678	1582082404677	-15.811	-10.130	-2.637	0.171	1.277	9.862	0.000000	0.000000
1582082404698	1582082404697	-14.443	-20.436	-7.823	-2.066	1.891	7.961	0.000000	0.000000
1582082404727	1582082404725	-13.303	-15.642	-11.069	-4.145	2.722	7.407	0.000000	0.000000
1582082404739	1582082404738	-16.101	-18.790	-11.900	-4.419	3.473	6.585	0.000000	0.000000
1582082404759	1582082404759	-15.574	-14.588	-9.800	-4.296	3.763	6.119	0.000000	0.000000
1582082404777	1582082404777	-15.993	-14.236	-11.668	-4.517	4.144	5.336	0.000000	0.000000
1582082404798	1582082404797	-15.538	-9.586	-9.955	-4.624	3.780	4.825	0.000000	0.000000
1582082404821	1582082404816	-17.006	-10.255	-9.562	-5.064	3.794	3.966	0.000000	0.000000
1582082404838	1582082404838	-15.047	-6.314	-9.285	-4.633	3.073	3.417	0.000000	0.000000
1582082404857	1582082404856	-14.393	-8.230	-8.767	-4.759	2.950	2.784	0.000000	0.000000
1582082404877	1582082404876	-14.019	-5.011	-8.542	-4.049	2.293	2.625	0.000000	0.000000
1582082404897	1582082404896	-8.838	-2.038	-7.706	-3.319	1.447	2.289	0.000000	0.000000
1582082404918	1582082404918	-10.208	1.249	-7.234	-4.159	1.575	1.615	0.000000	0.000000
1582082404937	1582082404936	-9.497	3.064	-8.190	-4.084	0.570	1.176	0.000000	0.000000
1582082404960	1582082404956	-7.360	1.270	-7.838	-3.384	-0.081	1.053	0.000000	0.000000
1582082404983	1582082404980	-8.071	2.204	-6.067	-2.675	0.234	1.158	0.000000	0.000000
1582082404997	1582082404996	-7.748	4.684	-6.010	-2.678	0.046	0.963	0.000000	0.000000
1582082405017	1582082405015	-6.943	4.274	-6.331	-2.709	-0.307	0.541	0.000000	0.000000
1582082405037	1582082405037	-6.442	3.469	-6.127	-2.565	-0.959	0.062	0.000000	0.000000
1582082405056	1582082405056	-4.500	3.165	-5.366	-2.646	-1.348	0.182	0.000000	0.000000
1582082405076	1582082405076	-7.789	7.228	-4.494	-2.429	-1.371	0.630	0.000000	0.000000
1582082405096	1582082405095	-9.700	5.376	-2.659	-2.041	-1.829	0.140	0.000000	0.000000
1582082405118	1582082405116	-7.542	3.963	-0.251	-1.887	-2.421	-0.282	0.000000	0.000000
1582082405136	1582082405135	-10.189	4.995	1.962	-1.951	-2.218	-0.216	0.000000	0.000000
1582082405159	1582082405159	-12.352	2.295	2.458	-1.822	-3.079	0.281	0.000000	0.000000
1582082405176	1582082405175	-9.513	3.730	3.242	-1.390	-3.630	0.607	0.000000	0.000000
1582082405196	1582082405195	-9.168	4.928	2.944	-0.716	-3.272	0.233	0.000000	0.000000
1582082405218	1582082405215	-11.018	2.686	2.556	-1.131	-3.479	0.178	0.000000	0.000000
1582082405243	1582082405238	-12.316	2.801	2.535	-0.833	-3.826	0.408	0.000000	0.000000
1582082405257	1582082405257	-13.969	3.373	2.073	-0.037	-4.785	0.040	0.000000	0.000000
1582082405276	1582082405275	-14.508	-0.002	0.331	1.151	-5.715	-0.435	0.000000	0.000000
1582082405295	1582082405294	-15.543	-2.369	-2.587	2.312	-6.850	-0.652	0.000000	0.000000
1582082405315	1582082405314	-15.152	-2.244	-4.786	3.593	-8.479	-0.725	0.000000	0.000000
1582082405339	1582082405339	-13.138	-1.113	-6.487	4.572	-9.683	-0.869	0.000000	0.000000
1582082405357	1582082405357	-11.760	-0.380	-7.442	5.055	-10.086	-1.187	0.000000	0.000000
1582082405381	1582082405375	-10.285	-5.339	-7.172	7.159	-9.613	-1.261	0.000000	0.000000
1582082405395	1582082405394	-7.827	-7.598	-10.243	9.924	-8.364	-0.675	0.000000	0.000000
1582082405414	1582082405414	-6.186	-3.140	-13.618	10.517	-6.748	0.546	0.000000	0.000000
1582082405447	1582082405438	-6.646	-1.159	-13.963	9.626	-5.988	1.147	0.000000	0.000000
1582082405455	1582082405455	-6.069	-1.032	-14.512	7.564	-6.691	0.626	0.000000	0.000000
1582082405475	1582082405474	-4.198	0.767	-12.442	5.169	-7.350	-0.397	0.000000	0.000000
1582082405494	1582082405494	-3.129	0.331	-12.468	3.652	-6.876	-0.925	0.000000	0.000000
1582082405514	1582082405514	-3.216	-2.572	-13.750	3.366	-5.842	-0.824	0.000000	0.000000
1582082405535	1582082405535	-3.366	2.367	-12.506	1.444	-5.394	-0.583	0.000000	0.000000
1582082405560	1582082405554	-3.767	6.569	-8.252	-0.907	-5.269	-0.683	0.000000	0.000000
1582082405576	1582082405575	-4.849	6.588	-3.181	-3.260	-5.399	-1.205	0.000000	0.000000
1582082405594	1582082405594	-8.943	1.246	4.952	-2.842	-5.595	-1.267	0.000000	0.000000
1582082405614	1582082405613	-11.837	1.488	9.132	-1.158	-5.521	-0.527	0.000000	0.000000
1582082405634	1582082405634	-9.564	5.445	9.683	0.027	-5.204	0.159	0.000000	0.000000
1582082405663	1582082405657	-11.284	7.812	10.589	0.912	-5.247	0.656	0.000000	0.000000
1582082405677	1582082405675	-16.285	5.857	8.703	0.719	-4.994	1.630	0.000000	0.000000
1582082405693	1582082405693	-14.573	4.650	9.122	0.930	-5.463	1.965	0.000000	0.000000
1582082405714	1582082405713	-12.400	6.032	8.787	-0.144	-4.896	2.006	0.000000	0.000000
1582082405738	1582082405736	-9.849	12.093	13.808	-0.766	-4.610	1.685	0.000000	0.000000
1582082405754	1582082405755	-7.060	14.671	10.366	-0.484	-3.631	2.371	0.000000	0.000000
1582082405774	1582082405774	-7.527	8.651	8.433	-1.365	-1.928	2.535	0.000000	0.000000
1582082405793	1582082405793	-3.108	8.064	10.066	-1.225	-2.461	2.346	0.000000	0.000000
1582082405813	1582082405812	-1.869	7.884	9.856	-0.676	-2.367	2.707	0.000000	0.000000
1582082405833	1582082405832	-3.474	5.776	8.476	-1.159	-1.679	2.792	0.000000	0.000000
1582082405858	1582082405857	-4.612	6.461	6.725	-2.175	-1.146	2.449	0.000000	0.000000
1582082405873	1582082405873	-4.294	6.396	5.920	-3.017	-0.832	2.297	0.000000	0.000000
1582082405894	1582082405892	-3.045	5.860	4.331	-3.806	-0.545	1.905	0.000000	0.000000
1582082405913	1582082405912	-3.285	4.085	4.102	-3.394	-0.252	1.700	0.000000	0.000000
1582082405934	1582082405931	-3.182	3.062	4.456	-3.095	-0.085	1.569	0.000000	0.000000
1582082405957	1582082405957	-2.174	2.767	4.171	-2.996	-0.059	1.504	0.000000	0.000000
1582082405983	1582082405972	-2.229	2.549	3.838	-2.893	0.094	1.502	0.000000	0.000000
1582082405996	1582082405991	-2.411	1.823	4.037	-2.893	0.257	1.295	0.000000	0.000000
1582082406014	1582082406011	-2.087	0.032	4.717	-2.832	0.139	0.921	0.000000	0.000000
1582082406032	1582082406031	-1.278	-1.319	5.541	-2.718	0.027	0.378	0.000000	0.000000
1582082406057	1582082406051	-1.405	-1.813	6.332	-2.359	0.251	0.183	0.000000	0.000000
1582082406073	1582082406071	-1.505	-0.558	6.928	-2.236	0.437	0.211	0.000000	0.000000
1582082406091	1582082406089	-1.474	0.801	8.102	-2.047	0.287	0.298	0.000000	0.000000
1582082406111	1582082406110	-0.935	0.638	8.545	-2.128	0.176	0.312	0.000000	0.000000
1582082406131	1582082406131	-1.429	-1.291	8.893	-2.217	0.496	0.401	0.000000	0.000000
1582082406151	1582082406151	-2.265	-2.711	9.412	-2.021	0.549	0.469	0.000000	0.000000
1582082406177	1582082406171	-2.018	-1.480	9.604	-1.831	0.322	0.425	0.000000	0.000000
1582082406196	1582082406191	-2.995	-0.083	9.937	-1.693	0.250	0.460	0.000000	0.000000
1582082406211	1582082406210	-4.334	-0.735	8.492	-2.005	0.059	0.320	0.000000	0.000000
1582082406232	1582082406230	-3.927	-1.077	7.805	-2.233	-0.742	0.145	0.000000	0.000000
1582082406254	1582082406254	-0.425	-2.191	8.186	-2.346	-1.642	0.239	0.000000	0.000000
1582082406271	1582082406271	1.017	-3.861	7.620	-2.351	-0.958	0.654	0.000000	0.000000
1582082406292	1582082406292	0.047	-5.250	7.441	-2.129	0.369	0.911	0.000000	0.000000
1582082406312	1582082406310	-2.799	-4.383	8.174	-1.809	0.909	1.070	0.000000	0.000000
1582082406331	1582082406330	-4.195	-3.816	8.397	-1.804	0.446	1.147	0.000000	0.000000
1582082406351	1582082406349	-2.715	-4.738	7.867	-1.929	-0.339	0.947	0.000000	0.000000
1582082406375	1582082406370	-0.942	-5.924	6.557	-1.735	-0.600	0.818	0.000000	0.000000
1582082406393	1582082406392	-0.228	-6.441	5.754	-1.679	-0.351	0.960	0.000000	0.000000
1582082406410	1582082406410	-1.278	-5.825	6.741	-1.526	-0.038	1.056	0.000000	0.000000
1582082406432	1582082406429	-1.984	-5.325	7.105	-1.432	-0.005	0.950	0.000000	0.000000
1582082406450	1582082406449	-2.047	-5.770	6.461	-2.095	-0.059	0.813	0.000000	0.000000
1582082406470	1582082406470	-2.629	-6.221	5.778	-2.362	-0.181	0.762	0.000000	0.000000
1582082406492	1582082406489	-2.578	-6.446	5.036	-1.983	-0.280	0.717	0.000000	0.000000
1582082406512	1582082406510	-2.605	-7.105	4.446	-2.153	-0.210	0.683	0.000000	0.000000
1582082406529	1582082406529	-2.878	-8.468	3.536	-2.533	-0.168	0.673	0.000000	0.000000
1582082406549	1582082406549	-2.820	-9.095	2.985	-2.375	-0.227	0.659	0.000000	0.000000
1582082406569	1582082406569	-2.339	-9.074	2.762	-2.201	-0.169	0.665	0.000000	0.000000
1582082406592	1582082406592	-2.193	-9.332	2.822	-1.996	-0.122	0.679	0.000000	0.000000
1582082406612	1582082406611	-2.394	-9.893	2.652	-2.018	-0.083	0.672	0.000000	0.000000
1582082406629	1582082406629	-3.041	-10.238	2.707	-2.162	0.209	0.686	0.000000	0.000000
1582082406649	1582082406648	-3.781	-10.346	2.715	-2.178	0.503	0.592	0.000000	0.000000
1582082406670	1582082406669	-4.787	-11.493	2.025	-2.416	0.932	0.315	0.000000	0.000000
1582082406692	1582082406693	-6.164	-13.568	0.908	-2.909	1.253	-0.249	0.000000	0.000000
1582082406713	1582082406713	-7.935	-15.630	-1.315	-3.738	1.523	-1.115	0.000000	0.000000
1582082406730	1582082406728	-9.413	-17.386	-4.659	-5.258	1.841	-2.000	0.000000	0.000000
1582082406748	1582082406748	-10.203	-15.724	-9.146	-8.480	1.766	-2.952	0.000000	0.000000
1582082406772	1582082406769	-10.112	-10.070	-15.230	-12.783	0.825	-3.708	0.000000	0.000000
1582082406792	1582082406792	-5.887	-14.935	-19.025	-13.263	0.300	-3.228	0.000000	0.000000
1582082406810	1582082406808	-3.987	-21.523	-17.779	-9.942	2.290	-2.262	0.000000	0.000000
1582082406829	1582082406828	-9.489	-13.812	-17.329	-4.752	5.456	-0.745	0.000000	0.000000
1582082406848	1582082406847	-12.922	-1.315	-16.220	-1.130	6.215	1.368	0.000000	0.000000
1582082406868	1582082406867	-10.369	-7.596	-7.112	2.144	5.524	3.148	0.000000	0.000000
1582082406888	1582082406886	-11.116	-7.996	-1.420	3.050	5.320	4.222	0.000000	0.000000
1582082406914	1582082406908	-7.908	-2.223	-0.256	3.710	4.239	4.560	0.000000	0.000000
1582082406930	1582082406930	-7.501	-0.977	2.231	4.208	3.289	6.128	0.000000	0.000000
1582082406949	1582082406947	-5.958	3.433	3.294	3.333	1.797	8.062	0.000000	0.000000
1582082406968	1582082406966	-9.027	2.185	6.955	2.933	0.612	9.627	0.000000	0.000000
1582082406989	1582082406989	-14.807	-6.355	4.480	1.220	0.560	10.091	0.000000	0.000000
1582082407006	1582082407006	-13.885	-14.670	-3.811	-0.937	1.234	9.141	0.000000	0.000000
1582082407028	1582082407027	-15.188	-18.589	-6.386	-1.811	1.788	8.324	0.000000	0.000000
1582082407047	1582082407046	-12.642	-18.311	-9.598	-3.036	2.354	7.483	0.000000	0.000000
1582082407068	1582082407066	-14.438	-13.225	-10.161	-3.918	3.224	6.880	0.000000	0.000000
1582082407089	1582082407089	-16.836	-13.218	-11.043	-4.700	3.517	6.147	0.000000	0.000000
1582082407112	1582082407111	-18.657	-10.971	-9.893	-4.513	3.281	5.851	0.000000	0.000000
1582082407129	1582082407128	-18.429	-9.744	-9.828	-4.691	2.817	5.454	0.000000	0.000000
1582082407146	1582082407146	-17.498	-9.261	-9.924	-4.542	2.492	5.038	0.000000	0.000000
1582082407167	1582082407166	-16.865	-6.398	-10.676	-4.294	2.359	4.575	0.000000	0.000000
1582082407192	1582082407191	-15.732	-5.976	-11.536	-4.537	1.839	3.579	0.000000	0.000000
1582082407207	1582082407207	-15.164	-5.593	-11.323	-4.690	1.240	2.846	0.000000	0.000000
1582082407227	1582082407226	-14.048	-6.309	-8.614	-3.903	0.885	2.305	0.000000	0.000000
1582082407247	1582082407246	-9.561	-1.978	-7.886	-3.750	0.580	1.913	0.000000	0.000000
1582082407266	1582082407266	-8.593	1.974	-7.811	-3.437	0.863	1.750	0.000000	0.000000
1582082407288	1582082407288	-9.918	2.786	-5.919	-3.015	0.776	1.194	0.000000	0.000000
1582082407309	1582082407305	-10.105	1.610	-5.595	-2.588	-0.022	0.827	0.000000	0.000000
1582082407327	1582082407327	-8.728	4.027	-3.933	-2.014	-0.589	1.047	0.000000	0.000000
1582082407346	1582082407345	-11.952	4.279	-3.250	-1.965	-0.760	1.018	0.000000	0.000000
1582082407366	1582082407365	-10.191	2.976	-4.046	-2.178	-1.895	0.669	0.000000	0.000000
1582082407388	1582082407388	-7.178	4.667	-5.296	-3.214	-2.592	0.577	0.000000	0.000000
1582082407414	1582082407414	-7.930	5.168	-4.985	-3.567	-2.530	0.217	0.000000	0.000000
1582082407427	1582082407427	-8.505	-0.062	-3.337	-3.622	-2.487	-0.241	0.000000	0.000000
1582082407448	1582082407448	-8.114	-4.673	1.011	-2.132	-2.254	-0.401	0.000000	0.000000
1582082407466	1582082407465	-9.039	-1.937	0.602	-0.150	-2.177	0.161	0.000000	0.000000
1582082407485	1582082407485	-10.560	4.255	1.256	0.311	-2.486	1.285	0.000000	0.000000
1582082407509	1582082407504	-9.727	5.699	1.363	0.143	-3.568	0.778	0.000000	0.000000
1582082407527	1582082407527	-6.861	2.521	0.992	-0.461	-4.002	-0.234	0.000000	0.000000
1582082407545	1582082407544	-9.235	0.889	1.191	-1.205	-3.628	-0.251	0.000000	0.000000
1582082407568	1582082407566	-11.207	2.463	1.095	-1.261	-3.947	-0.481	0.000000	0.000000
1582082407586	1582082407584	-11.679	2.312	0.693	-0.499	-4.558	-0.730	0.000000	0.000000
1582082407605	1582082407605	-12.783	0.254	-0.309	0.735	-4.998	-0.989	0.000000	0.000000
1582082407627	1582082407627	-13.979	-2.060	-1.645	2.616	-5.969	-1.054	0.000000	0.000000
1582082407648	1582082407644	-13.761	-2.682	-3.753	4.780	-7.482	-0.951	0.000000	0.000000
1582082407665	1582082407664	-12.666	-1.456	-5.061	6.654	-8.942	-0.848	0.000000	0.000000
1582082407685	1582082407684	-10.450	0.508	-6.652	7.464	-9.574	-0.918	0.000000	0.000000
1582082407704	1582082407703	-8.177	-0.771	-8.154	7.937	-9.548	-1.217	0.000000	0.000000
1582082407727	1582082407724	-4.200	-3.971	-9.646	8.988	-9.074	-1.630	0.000000	0.000000
1582082407750	1582082407745	-0.988	-1.945	-11.723	9.842	-7.159	-1.619	0.000000	0.000000
1582082407766	1582082407763	-3.467	0.032	-11.364	9.630	-5.086	-1.225	0.000000	0.000000
1582082407783	1582082407783	-5.103	-1.375	-12.466	8.242	-5.169	-1.104	0.000000	0.000000
1582082407803	1582082407803	-3.513	-1.648	-15.764	6.975	-5.253	-0.950	0.000000	0.000000
1582082407823	1582082407822	-2.571	2.492	-16.457	5.387	-4.372	-0.597	0.000000	0.000000
1582082407843	1582082407842	-2.624	5.484	-14.303	2.409	-3.919	-0.580	0.000000	0.000000
1582082407863	1582082407862	-3.120	6.152	-9.033	-1.129	-4.429	-1.150	0.000000	0.000000
1582082407883	1582082407882	-2.883	5.096	-4.117	-3.194	-5.109	-1.607	0.000000	0.000000
1582082407903	1582082407903	-4.188	1.883	0.638	-2.832	-4.877	-1.560	0.000000	0.000000
1582082407925	1582082407925	-11.516	-0.021	5.901	-1.591	-5.015	-1.114	0.000000	0.000000
1582082407946	1582082407943	-10.404	-1.154	10.466	0.287	-5.886	-0.406	0.000000	0.000000
1582082407964	1582082407962	-7.463	3.469	12.095	2.243	-6.027	0.431	0.000000	0.000000
1582082407995	1582082407993	-14.599	5.680	9.781	1.002	-5.529	1.363	0.000000	0.000000
1582082408005	1582082408005	-15.076	6.900	10.818	-0.271	-5.992	1.194	0.000000	0.000000
1582082408024	1582082408024	-14.029	6.483	12.330	-1.451	-6.001	1.388	0.000000	0.000000
1582082408047	1582082408047	-12.407	9.053	16.592	-2.260	-5.004	1.288	0.000000	0.000000
1582082408063	1582082408062	-9.655	14.155	10.739	-2.096	-3.540	1.292	0.000000	0.000000
1582082408083	1582082408082	-11.140	9.827	10.651	-1.448	-2.873	1.761	0.000000	0.000000
1582082408102	1582082408102	-6.816	6.262	12.895	-0.303	-3.462	1.910	0.000000	0.000000
1582082408126	1582082408126	-5.336	5.824	11.997	-0.293	-2.787	2.221	0.000000	0.000000
1582082408145	1582082408142	-4.543	5.752	8.952	-0.509	-2.428	2.278	0.000000	0.000000
1582082408163	1582082408162	-3.771	5.869	7.884	-0.537	-2.651	2.335	0.000000	0.000000
1582082408183	1582082408182	-3.419	5.273	6.883	-1.090	-2.503	2.331	0.000000	0.000000
1582082408203	1582082408202	-3.122	3.062	7.125	-1.181	-2.050	2.171	0.000000	0.000000
1582082408227	1582082408227	-1.500	4.248	7.285	-1.509	-1.792	1.722	0.000000	0.000000
1582082408248	1582082408243	-0.609	4.986	6.475	-1.271	-1.517	1.950	0.000000	0.000000
1582082408269	1582082408263	-1.426	5.616	5.915	-1.700	-0.657	1.927	0.000000	0.000000
1582082408282	1582082408281	-2.391	5.965	6.073	-2.540	-0.146	1.916	0.000000	0.000000
1582082408301	1582082408301	-1.903	4.679	5.165	-3.276	-0.155	1.858	0.000000	0.000000
1582082408328	1582082408325	-1.613	2.559	4.334	-3.747	0.271	1.745	0.000000	0.000000
1582082408344	1582082408341	-1.405	1.953	3.450	-3.503	0.492	1.620	0.000000	0.000000
1582082408362	1582082408361	-1.817	1.943	3.960	-3.048	0.572	1.365	0.000000	0.000000
1582082408381	1582082408381	-2.229	0.571	5.323	-2.515	0.240	1.249	0.000000	0.000000
1582082408401	1582082408401	-2.300	-1.763	6.092	-2.315	0.291	0.795	0.000000	0.000000
1582082408422	1582082408421	-1.608	-1.485	6.538	-2.761	0.475	0.460	0.000000	0.000000
1582082408445	1582082408443	-0.760	-0.507	6.624	-2.969	0.234	0.394	0.000000	0.000000
1582082408463	1582082408462	0.035	-1.662	6.121	-2.840	-0.039	0.441	0.000000	0.000000
1582082408481	1582082408480	0.131	-2.314	6.607	-2.825	0.239	0.536	0.000000	0.000000
1582082408502	1582082408500	-0.597	-2.340	8.555	-2.168	0.453	0.853	0.000000	0.000000
1582082408522	1582082408522	-1.108	-3.684	8.572	-1.730	0.503	0.991	0.000000	0.000000
1582082408541	1582082408541	-1.096	-3.008	8.813	-1.575	0.426	0.969	0.000000	0.000000
1582082408561	1582082408561	-2.423	-3.320	9.609	-1.613	0.181	1.058	0.000000	0.000000
1582082408581	1582082408581	-2.782	-3.542	9.283	-1.948	-0.103	0.787	0.000000	0.000000
1582082408600	1582082408600	-3.141	-1.842	7.738	-1.775	-0.321	0.696	0.000000	0.000000
1582082408620	1582082408620	0.131	-3.679	7.379	-1.666	-0.711	0.711	0.000000	0.000000
1582082408647	1582082408640	-0.113	-5.009	6.576	-1.424	-0.203	1.231	0.000000	0.000000
1582082408662	1582082408662	-2.396	-3.998	7.644	-1.381	0.627	1.326	0.000000	0.000000
1582082408680	1582082408679	-3.266	-3.796	7.858	-1.570	0.386	1.264	0.000000	0.000000
1582082408701	1582082408699	-2.399	-4.319	7.326	-1.618	-0.078	1.219	0.000000	0.000000
1582082408721	1582082408719	-2.008	-5.509	5.915	-1.675	-0.143	1.154	0.000000	0.000000
1582082408741	1582082408741	-2.677	-5.262	5.582	-1.997	-0.244	1.215	0.000000	0.000000
1582082408760	1582082408760	-1.898	-5.413	5.486	-1.642	-0.361	1.211	0.000000	0.000000
1582082408781	1582082408779	-1.227	-6.479	4.902	-1.264	0.052	1.283	0.000000	0.000000
1582082408800	1582082408799	-3.129	-7.897	4.952	-1.410	0.497	1.404	0.000000	0.000000
1582082408819	1582082408819	-3.759	-8.743	4.221	-1.560	0.346	1.261	0.000000	0.000000
1582082408843	1582082408843	-3.601	-8.355	4.245	-1.644	0.135	1.114	0.000000	0.000000
1582082408870	1582082408859	-3.398	-9.277	3.579	-2.209	-0.037	0.961	0.000000	0.000000
1582082408882	1582082408878	-2.839	-9.838	2.762	-2.827	-0.118	0.816	0.000000	0.000000
1582082408900	1582082408898	-2.626	-10.015	2.497	-3.250	0.214	0.682	0.000000	0.000000
1582082408920	1582082408918	-3.218	-9.110	2.374	-3.829	0.728	0.523	0.000000	0.000000
1582082408939	1582082408938	-4.411	-9.177	1.553	-3.905	0.986	0.571	0.000000	0.000000
1582082408960	1582082408958	-4.763	-12.013	-0.414	-3.314	1.200	0.479	0.000000	0.000000
1582082408982	1582082408978	-5.242	-15.371	-2.378	-2.937	1.497	0.000	0.000000	0.000000
1582082408999	1582082408999	-7.503	-17.108	-3.255	-3.040	1.566	-0.856	0.000000	0.000000
1582082409019	1582082409018	-9.523	-16.610	-4.932	-4.553	1.600	-1.942	0.000000	0.000000
1582082409039	1582082409039	-10.491	-12.581	-10.545	-8.537	1.448	-3.504	0.000000	0.000000
1582082409059	1582082409059	-11.494	-11.186	-13.949	-11.499	0.586	-4.084	0.000000	0.000000
1582082409084	1582082409080	-7.350	-21.044	-13.678	-10.420	1.449	-3.108	0.000000	0.000000
1582082409100	1582082409097	-9.312	-18.304	-15.611	-7.771	4.496	-1.818	0.000000	0.000000
1582082409118	1582082409118	-14.506	-4.316	-21.178	-3.686	5.885	0.735	0.000000	0.000000
1582082409140	1582082409137	-13.933	-3.861	-13.980	1.571	6.012	2.160	0.000000	0.000000
1582082409162	1582082409162	-16.091	-13.580	-3.943	2.789	6.290	3.296	0.000000	0.000000
1582082409179	1582082409178	-11.882	-3.583	0.202	2.976	5.322	4.229	0.000000	0.000000
1582082409199	1582082409198	-11.252	-9.991	2.027	3.410	3.999	5.012	0.000000	0.000000
1582082409219	1582082409217	-6.751	-3.056	2.068	2.752	2.937	6.071	0.000000	0.000000
1582082409237	1582082409236	-7.650	-1.224	4.808	2.748	2.008	7.197	0.000000	0.000000
1582082409258	1582082409258	-9.295	-3.794	3.565	0.913	1.916	7.762	0.000000	0.000000
1582082409278	1582082409278	-13.991	-4.848	3.117	0.118	1.406	8.541	0.000000	0.000000
1582082409298	1582082409297	-14.783	-15.585	0.384	-0.721	1.747	8.363	0.000000	0.000000
1582082409318	1582082409317	-14.429	-13.249	-4.491	-2.818	2.150	7.997	0.000000	0.000000
1582082409338	1582082409336	-16.264	-17.254	-8.348	-3.804	2.440	7.040	0.000000	0.000000
1582082409371	1582082409371	-14.398	-15.223	-9.754	-3.707	2.748	6.970	0.000000	0.000000
1582082409382	1582082409382	-18.803	-13.843	-9.876	-4.217	3.296	6.326	0.000000	0.000000
1582082409400	1582082409400	-14.139	-13.515	-9.371	-3.641	3.091	5.569	0.000000	0.000000
1582082409418	1582082409416	-17.433	-10.046	-9.052	-4.460	3.739	4.957	0.000000	0.000000
1582082409436	1582082409436	-16.175	-10.935	-9.768	-4.259	3.125	4.631	0.000000	0.000000
1582082409460	1582082409458	-14.431	-7.541	-9.862	-4.103	2.758	4.063	0.000000	0.000000
1582082409482	1582082409476	-13.979	-5.454	-10.413	-4.644	2.673	3.167	0.000000	0.000000
1582082409497	1582082409496	-11.391	-4.438	-9.800	-4.453	2.522	2.565	0.000000	0.000000
1582082409517	1582082409516	-12.249	-1.789	-9.071	-4.830	2.568	2.090	0.000000	0.000000
1582082409536	1582082409535	-10.160	0.271	-8.664	-4.193	1.524	1.836	0.000000	0.000000
1582082409557	1582082409555	-6.871	2.497	-7.792	-3.499	0.904	1.578	0.000000	0.000000
1582082409577	1582082409577	-10.534	1.270	-5.629	-3.398	1.148	1.414	0.000000	0.000000
1582082409603	1582082409602	-10.289	2.516	-4.122	-3.421	0.181	1.001	0.000000	0.000000
1582082409616	1582082409615	-8.378	4.705	-4.065	-3.215	-0.239	0.644	0.000000	0.000000
1582082409635	1582082409635	-7.798	1.998	-3.195	-3.346	-0.145	0.644	0.000000	0.000000
1582082409658	1582082409657	-8.653	4.159	-2.335	-3.060	-0.418	0.834	0.000000	0.000000
1582082409682	1582082409679	-8.498	6.804	-3.092	-2.658	-1.190	0.544	0.000000	0.000000
1582082409696	1582082409696	-8.385	5.891	-4.079	-2.639	-1.665	-0.071	0.000000	0.000000
1582082409716	1582082409715	-9.077	4.408	-3.348	-2.760	-1.851	-0.555	0.000000	0.000000
1582082409736	1582082409735	-10.287	3.141	-1.485	-2.014	-1.971	-0.645	0.000000	0.000000
1582082409756	1582082409754	-12.836	2.786	-0.318	-1.441	-2.864	-0.008	0.000000	0.000000
1582082409777	1582082409776	-11.765	4.693	0.197	-1.001	-4.077	0.261	0.000000	0.000000
1582082409796	1582082409796	-9.901	3.836	1.201	-0.263	-4.119	0.031	0.000000	0.000000
1582082409816	1582082409815	-11.844	5.014	1.646	-0.193	-3.891	-0.234	0.000000	0.000000
1582082409836	1582082409834	-15.210	3.637	0.369	-0.408	-4.307	-0.415	0.000000	0.000000
1582082409856	1582082409854	-16.029	0.240	-1.217	-0.352	-5.240	-0.744	0.000000	0.000000
1582082409880	1582082409880	-15.778	-2.148	-1.643	1.370	-6.841	-0.894	0.000000	0.000000
1582082409895	1582082409895	-15.389	-3.691	-2.745	3.585	-8.416	-0.712	0.000000	0.000000
1582082409916	1582082409916	-13.995	-2.601	-3.988	5.095	-9.728	-0.662	0.000000	0.000000
1582082409935	1582082409935	-12.299	-2.076	-4.585	6.111	-10.354	-0.791	0.000000	0.000000
1582082409955	1582082409954	-10.958	-3.614	-5.308	7.089	-10.365	-1.115	0.000000	0.000000
1582082409974	1582082409974	-8.907	-6.218	-6.295	8.541	-10.039	-1.297	0.000000	0.000000
1582082410016	1582082410016	-5.673	-6.719	-8.144	10.116	-8.853	-1.131	0.000000	0.000000
1582082410024	1582082410017	-5.094	-7.152	-10.025	10.612	-6.667	-0.421	0.000000	0.000000
1582082410033	1582082410032	-6.974	-7.349	-12.516	9.899	-5.686	0.034	0.000000	0.000000
1582082410054	1582082410052	-5.721	-5.004	-14.555	8.599	-6.128	-0.227	0.000000	0.000000
1582082410074	1582082410073	-3.448	-5.583	-16.378	7.783	-5.920	-0.552	0.000000	0.000000
1582082410093	1582082410093	-1.699	-3.667	-17.317	5.742	-4.755	-0.039	0.000000	0.000000
1582082410116	1582082410113	-3.022	0.856	-14.365	2.558	-3.977	0.205	0.000000	0.000000
1582082410134	1582082410133	-4.732	4.571	-9.091	-0.807	-4.935	-0.562	0.000000	0.000000
1582082410154	1582082410153	-4.404	4.226	-5.193	-2.015	-5.506	-1.297	0.000000	0.000000
1582082410175	1582082410175	-8.390	0.889	-0.615	-2.073	-5.464	-1.055	0.000000	0.000000
1582082410199	1582082410199	-12.860	0.029	3.919	-1.812	-6.054	-0.340	0.000000	0.000000
1582082410218	1582082410216	-10.745	4.252	8.560	-1.100	-6.847	0.750	0.000000	0.000000
1582082410233	1582082410233	-10.850	6.540	10.459	-0.403	-6.411	1.162	0.000000	0.000000
1582082410254	1582082410252	-15.524	4.049	10.174	-1.145	-5.781	1.641	0.000000	0.000000
1582082410277	1582082410272	-14.891	5.072	10.826	-0.819	-5.821	1.623	0.000000	0.000000
1582082410295	1582082410295	-13.234	7.355	13.511	-0.301	-5.545	1.770	0.000000	0.000000
1582082410316	1582082410312	-9.485	8.948	13.997	-1.146	-4.791	1.796	0.000000	0.000000
1582082410335	1582082410334	-11.763	8.040	11.185	-1.279	-3.189	1.991	0.000000	0.000000
1582082410353	1582082410352	-6.926	8.933	9.535	-0.774	-2.488	1.407	0.000000	0.000000
1582082410374	1582082410373	-6.850	9.477	12.002	0.052	-2.704	1.820	0.000000	0.000000
1582082410397	1582082410393	-5.216	8.622	10.680	0.154	-2.717	1.934	0.000000	0.000000
1582082410416	1582082410412	-4.138	6.320	9.309	0.056	-2.432	2.307	0.000000	0.000000
1582082410434	1582082410432	-4.773	5.826	9.621	-0.344	-2.134	2.551	0.000000	0.000000
1582082410453	1582082410452	-4.214	6.174	8.713	-1.205	-1.678	2.459	0.000000	0.000000
1582082410473	1582082410471	-2.758	5.800	6.875	-1.918	-1.263	2.284	0.000000	0.000000
1582082410493	1582082410493	-2.336	6.504	4.835	-2.677	-0.895	2.278	0.000000	0.000000
1582082410513	1582082410511	-2.430	6.655	4.918	-3.257	-0.669	2.140	0.000000	0.000000
1582082410536	1582082410536	-2.643	4.274	5.263	-3.178	-0.776	2.030	0.000000	0.000000
1582082410552	1582082410551	-1.960	2.832	5.215	-2.776	-0.799	1.722	0.000000	0.000000
1582082410573	1582082410571	-1.342	2.398	4.636	-2.473	-0.538	1.555	0.000000	0.000000
1582082410593	1582082410591	-1.328	2.051	4.300	-2.461	-0.288	1.558	0.000000	0.000000
1582082410616	1582082410614	-1.469	2.010	5.005	-2.838	-0.050	1.424	0.000000	0.000000
1582082410633	1582082410631	-0.777	1.507	4.581	-3.127	0.092	1.028	0.000000	0.000000
1582082410652	1582082410652	-1.383	0.894	4.954	-3.215	0.566	0.763	0.000000	0.000000
1582082410672	1582082410671	-1.608	1.160	5.438	-3.010	0.567	0.493	0.000000	0.000000
1582082410692	1582082410691	-0.832	0.240	5.304	-2.860	0.138	0.222	0.000000	0.000000
1582082410715	1582082410715	-0.743	-1.957	5.623	-3.086	0.051	0.312	0.000000	0.000000
1582082410731	1582082410731	0.411	-1.947	5.742	-2.986	0.101	0.454	0.000000	0.000000
1582082410754	1582082410753	-0.669	-3.205	7.800	-1.868	0.381	0.806	0.000000	0.000000
1582082410770	1582082410770	-2.375	-4.680	9.901	-1.133	0.993	0.699	0.000000	0.000000
1582082410792	1582082410792	-3.422	-3.519	9.626	-1.484	0.946	0.476	0.000000	0.000000
1582082410817	1582082410814	-2.899	-0.138	8.969	-1.808	0.221	0.267	0.000000	0.000000
1582082410831	1582082410831	-1.016	-0.347	9.484	-1.670	-0.375	0.247	0.000000	0.000000
1582082410851	1582082410850	-1.884	-1.875	8.198	-2.374	0.049	0.271	0.000000	0.000000
1582082410871	1582082410870	-1.390	-2.766	7.173	-2.819	-0.139	0.346	0.000000	0.000000
1582082410891	1582082410890	-1.057	-3.866	8.282	-1.979	-0.684	0.639	0.000000	0.000000
1582082410912	1582082410909	-0.374	-4.584	8.351	-1.684	-0.492	0.740	0.000000	0.000000
1582082410937	1582082410931	-0.564	-5.389	7.304	-2.217	0.019	0.898	0.000000	0.000000
1582082410949	1582082410949	-2.070	-5.897	6.969	-2.022	0.278	1.126	0.000000	0.000000
1582082410970	1582082410969	-2.552	-5.557	7.007	-1.441	-0.028	1.175	0.000000	0.000000
1582082410991	1582082410989	-1.989	-5.684	6.796	-1.440	-0.244	1.143	0.000000	0.000000
1582082411021	1582082411014	-1.524	-6.216	6.051	-1.425	-0.374	1.124	0.000000	0.000000
1582082411039	1582082411039	-0.760	-5.140	5.924	-1.115	-0.453	1.096	0.000000	0.000000
1582082411049	1582082411049	-0.590	-5.900	5.565	-0.842	-0.247	1.175	0.000000	0.000000
1582082411069	1582082411068	-1.601	-7.385	5.433	-0.861	0.246	1.310	0.000000	0.000000
1582082411089	1582082411089	-2.844	-8.034	5.613	-1.146	0.491	1.277	0.000000	0.000000
1582082411110	1582082411110	-3.343	-8.051	5.261	-1.749	0.428	1.102	0.000000	0.000000
1582082411137	1582082411129	-3.201	-7.708	4.619	-2.219	0.133	1.013	0.000000	0.000000
1582082411151	1582082411151	-3.213	-7.066	4.353	-2.420	-0.161	0.904	0.000000	0.000000
1582082411170	1582082411169	-2.607	-8.058	3.905	-2.562	-0.225	0.785	0.000000	0.000000
1582082411189	1582082411188	-1.987	-9.134	2.695	-3.032	0.196	0.721	0.000000	0.000000
1582082411214	1582082411213	-3.558	-9.347	2.063	-3.531	0.752	0.666	0.000000	0.000000
1582082411229	1582082411228	-4.940	-9.162	1.778	-3.775	0.731	0.507	0.000000	0.000000
1582082411249	1582082411249	-4.715	-8.951	0.206	-3.883	0.303	0.311	0.000000	0.000000
1582082411269	1582082411268	-4.531	-11.139	-2.484	-3.748	0.219	0.025	0.000000	0.000000
1582082411289	1582082411288	-5.985	-15.204	-5.725	-3.688	0.691	-0.677	0.000000	0.000000
1582082411309	1582082411308	-11.164	-18.454	-7.311	-5.107	0.973	-2.207	0.000000	0.000000
1582082411331	1582082411327	-14.654	-17.935	-13.695	-9.445	-0.455	-3.322	0.000000	0.000000
1582082411352	1582082411348	-10.718	-21.252	-16.526	-11.462	-1.273	-2.679	0.000000	0.000000
1582082411369	1582082411367	-5.966	-26.575	-14.785	-9.575	1.252	-1.817	0.000000	0.000000
1582082411388	1582082411387	-10.160	-18.929	-14.507	-7.800	4.910	-1.201	0.000000	0.000000
1582082411411	1582082411410	-15.998	-5.720	-14.603	-3.267	7.264	0.702	0.000000	0.000000
1582082411437	1582082411436	-12.433	-10.506	-9.747	1.058	7.456	1.687	0.000000	0.000000
1582082411448	1582082411448	-11.930	-11.093	-5.155	1.871	7.582	3.501	0.000000	0.000000
1582082411470	1582082411467	-8.359	2.588	-2.484	3.172	6.308	4.542	0.000000	0.000000
1582082411487	1582082411487	-10.026	0.096	0.765	3.855	4.318	4.435	0.000000	0.000000
1582082411508	1582082411507	-7.894	2.156	4.449	2.550	2.885	5.418	0.000000	0.000000
1582082411532	1582082411527	-6.246	8.176	6.988	2.003	1.323	7.626	0.000000	0.000000
1582082411549	1582082411548	-13.107	-6.367	4.169	2.633	1.140	9.907	0.000000	0.000000
1582082411567	1582082411566	-14.630	-13.165	1.289	0.156	1.368	9.565	0.000000	0.000000
1582082411587	1582082411587	-14.817	-16.433	-3.756	-3.172	1.897	8.323	0.000000	0.000000
1582082411609	1582082411608	-14.786	-19.920	-7.584	-4.132	2.549	7.447	0.000000	0.000000
1582082411628	1582082411628	-12.833	-18.574	-9.931	-3.652	3.488	7.231	0.000000	0.000000
1582082411647	1582082411647	-18.417	-11.263	-8.429	-4.455	4.193	6.572	0.000000	0.000000
1582082411672	1582082411672	-18.954	-12.554	-7.440	-4.674	3.795	5.866	0.000000	0.000000
1582082411687	1582082411686	-18.202	-10.578	-9.059	-4.332	3.611	5.600	0.000000	0.000000
1582082411707	1582082411706	-17.704	-8.757	-10.089	-4.054	3.381	5.171	0.000000	0.000000
1582082411726	1582082411726	-17.943	-6.530	-9.313	-4.671	2.675	4.370	0.000000	0.000000
1582082411749	1582082411749	-15.512	-9.740	-10.432	-4.489	2.379	3.787	0.000000	0.000000
1582082411771	1582082411767	-14.407	-5.880	-10.657	-4.318	2.112	3.200	0.000000	0.000000
1582082411788	1582082411786	-11.969	-5.104	-9.249	-3.731	1.496	2.681	0.000000	0.000000
1582082411806	1582082411806	-11.331	-0.792	-8.554	-4.001	1.041	2.140	0.000000	0.000000
1582082411827	1582082411825	-8.584	2.219	-9.277	-4.719	0.207	1.298	0.000000	0.000000
