1582082847003	1582082847003	-10.869	-1.389	-1.034	-3.100	-0.798	0.457	0.000000	0.000000
1582082847022	1582082847020	-11.032	2.808	-0.596	-2.525	-1.484	0.406	0.000000	0.000000
1582082847042	1582082847040	-14.283	5.525	-1.950	-1.395	-2.324	-0.484	0.000000	0.000000
1582082847062	1582082847060	-12.278	6.164	-1.296	-1.107	-3.393	-1.355	0.000000	0.000000
1582082847081	1582082847080	-11.660	5.062	-0.009	-0.933	-3.847	-1.803	0.000000	0.000000
1582082847102	1582082847100	-13.749	5.132	0.676	-1.087	-4.466	-1.569	0.000000	0.000000
1582082847121	1582082847120	-14.134	3.663	1.354	0.063	-5.275	-1.312	0.000000	0.000000
1582082847145	1582082847141	-14.482	2.195	0.774	1.361	-5.964	-1.008	0.000000	0.000000
1582082847161	1582082847160	-16.726	0.779	-0.563	2.428	-6.717	-0.509	0.000000	0.000000
1582082847181	1582082847180	-17.011	-0.780	-2.285	3.785	-8.404	-0.263	0.000000	0.000000
1582082847201	1582082847200	-14.673	-3.552	-5.033	5.825	-9.848	0.189	0.000000	0.000000
1582082847221	1582082847220	-13.475	-5.246	-8.362	8.017	-10.479	0.896	0.000000	0.000000
1582082847241	1582082847240	-11.073	-6.937	-11.321	10.547	-10.871	1.444	0.000000	0.000000
1582082847261	1582082847260	-7.427	-5.538	-10.837	11.143	-10.153	1.960	0.000000	0.000000
1582082847281	1582082847279	-5.836	-5.677	-8.525	10.449	-8.477	2.091	0.000000	0.000000
1582082847301	1582082847299	-7.678	-10.437	-8.552	9.927	-7.424	1.900	0.000000	0.000000
1582082847320	1582082847319	-7.293	-9.783	-11.223	8.495	-7.339	2.057	0.000000	0.000000
1582082847340	1582082847339	-5.175	-2.613	-11.730	5.538	-7.175	2.146	0.000000	0.000000
1582082847360	1582082847359	-4.452	-2.807	-13.699	2.904	-6.495	1.402	0.000000	0.000000
1582082847381	1582082847379	-3.913	-5.363	-15.498	0.890	-5.902	0.499	0.000000	0.000000
1582082847400	1582082847399	-2.602	1.086	-15.441	-1.688	-5.389	0.294	0.000000	0.000000
1582082847420	1582082847419	-3.309	7.168	-11.031	-3.881	-4.978	-0.402	0.000000	0.000000
1582082847440	1582082847439	-7.527	3.484	-3.964	-4.404	-4.912	-1.358	0.000000	0.000000
1582082847461	1582082847460	-12.414	-0.833	3.608	-2.618	-5.376	-1.082	0.000000	0.000000
1582082847481	1582082847479	-8.783	4.456	11.753	-1.512	-6.298	0.687	0.000000	0.000000
1582082847499	1582082847498	-11.030	11.568	13.331	-1.301	-4.782	1.308	0.000000	0.000000
1582082847520	1582082847518	-16.185	6.071	10.914	-1.398	-3.330	1.654	0.000000	0.000000
1582082847540	1582082847538	-13.600	5.232	7.776	-0.320	-3.363	1.740	0.000000	0.000000
1582082847559	1582082847558	-12.445	8.497	6.751	0.914	-4.240	1.762	0.000000	0.000000
1582082847579	1582082847578	-7.568	8.380	8.619	0.024	-4.629	1.829	0.000000	0.000000
1582082847599	1582082847598	-4.176	7.982	14.211	-1.204	-3.953	2.348	0.000000	0.000000
1582082847619	1582082847618	-7.832	10.632	9.796	-2.223	-2.344	3.093	0.000000	0.000000
1582082847640	1582082847639	-8.593	10.088	8.825	-3.164	-1.310	2.334	0.000000	0.000000
1582082847661	1582082847660	-4.298	7.254	11.834	-1.587	-1.953	2.337	0.000000	0.000000
1582082847680	1582082847680	-4.567	8.013	10.627	-1.361	-0.941	2.362	0.000000	0.000000
1582082847698	1582082847698	-5.834	5.949	8.507	-1.181	-0.559	2.415	0.000000	0.000000
1582082847719	1582082847717	-4.835	5.690	5.498	-1.425	-0.700	2.256	0.000000	0.000000
1582082847739	1582082847738	-4.612	6.591	4.557	-2.017	-0.673	1.993	0.000000	0.000000
1582082847760	1582082847761	-4.308	6.370	5.783	-2.839	-0.825	1.671	0.000000	0.000000
1582082847782	1582082847779	-3.929	6.703	5.088	-3.717	-0.695	1.227	0.000000	0.000000
1582082847801	1582082847801	-3.136	3.761	4.111	-4.083	-0.528	1.166	0.000000	0.000000
1582082847819	1582082847818	-1.886	2.350	3.254	-3.291	-0.532	1.231	0.000000	0.000000
1582082847839	1582082847838	-1.079	2.350	3.256	-2.340	-0.338	1.070	0.000000	0.000000
1582082847864	1582082847864	-0.870	1.764	4.791	-1.867	0.082	1.044	0.000000	0.000000
1582082847881	1582082847878	-1.898	0.235	5.314	-1.928	0.682	0.992	0.000000	0.000000
1582082847900	1582082847899	-2.231	0.700	5.421	-2.060	0.523	0.501	0.000000	0.000000
1582082847923	1582082847919	-1.405	1.699	5.323	-1.859	0.022	0.145	0.000000	0.000000
1582082847939	1582082847938	-1.390	0.858	6.696	-1.710	0.362	-0.029	0.000000	0.000000
1582082847960	1582082847960	-2.619	-0.194	7.836	-2.355	0.922	-0.294	0.000000	0.000000
1582082847979	1582082847978	-2.286	0.118	8.145	-2.533	0.749	-0.401	0.000000	0.000000
1582082848001	1582082847998	-2.274	0.580	8.052	-1.364	0.119	-0.019	0.000000	0.000000
1582082848018	1582082848017	-2.528	1.574	8.854	-0.858	-0.054	0.018	0.000000	0.000000
1582082848038	1582082848037	-2.188	0.956	9.808	-1.378	0.040	-0.028	0.000000	0.000000
1582082848060	1582082848058	-1.567	0.106	9.463	-2.036	0.109	0.038	0.000000	0.000000
1582082848082	1582082848082	-2.842	0.118	8.758	-2.264	0.311	0.216	0.000000	0.000000
1582082848101	1582082848097	-1.944	-0.323	8.492	-2.232	0.044	0.131	0.000000	0.000000
1582082848118	1582082848117	-1.383	-2.778	8.950	-1.890	0.216	0.398	0.000000	0.000000
1582082848139	1582082848137	-2.748	-2.647	9.331	-1.440	0.548	0.651	0.000000	0.000000
1582082848158	1582082848157	-3.204	-1.921	9.168	-1.206	0.384	0.620	0.000000	0.000000
1582082848178	1582082848177	-2.559	-1.722	8.586	-1.379	0.275	0.540	0.000000	0.000000
1582082848198	1582082848198	-2.959	-2.548	7.417	-1.727	0.475	0.677	0.000000	0.000000
1582082848218	1582082848217	-3.934	-2.579	7.187	-1.702	0.467	0.731	0.000000	0.000000
1582082848237	1582082848236	-3.338	-3.519	7.553	-1.677	0.071	0.692	0.000000	0.000000
1582082848258	1582082848256	-1.917	-4.901	7.070	-1.823	-0.113	0.639	0.000000	0.000000
1582082848282	1582082848282	-0.619	-4.740	5.896	-1.732	-0.209	0.642	0.000000	0.000000
1582082848297	1582082848295	-0.264	-4.002	5.704	-1.260	-0.025	0.670	0.000000	0.000000
1582082848316	1582082848315	-1.503	-4.575	6.681	-1.302	0.517	0.795	0.000000	0.000000
1582082848337	1582082848336	-3.678	-5.981	6.866	-2.193	0.856	0.722	0.000000	0.000000
1582082848356	1582082848356	-4.447	-6.946	6.317	-2.768	0.644	0.439	0.000000	0.000000
1582082848378	1582082848377	-4.255	-6.870	5.191	-3.021	0.279	0.187	0.000000	0.000000
1582082848401	1582082848400	-3.594	-7.035	4.324	-3.155	0.198	0.036	0.000000	0.000000
1582082848417	1582082848417	-3.867	-8.242	3.972	-3.424	0.419	0.012	0.000000	0.000000
1582082848436	1582082848436	-5.060	-8.532	4.288	-3.786	0.754	-0.198	0.000000	0.000000
1582082848457	1582082848455	-5.566	-10.013	3.876	-3.830	0.794	-0.445	0.000000	0.000000
1582082848481	1582082848479	-5.360	-11.757	2.815	-3.689	0.652	-0.705	0.000000	0.000000
1582082848509	1582082848504	-5.050	-13.256	1.162	-3.457	0.737	-0.964	0.000000	0.000000
1582082848518	1582082848518	-5.542	-15.757	-1.010	-2.956	1.114	-1.575	0.000000	0.000000
1582082848538	1582082848536	-6.979	-17.808	-4.685	-3.183	1.309	-2.470	0.000000	0.000000
1582082848556	1582082848555	-9.178	-17.956	-8.995	-5.948	1.427	-3.409	0.000000	0.000000
1582082848576	1582082848575	-14.038	-11.929	-10.837	-12.337	1.458	-4.152	0.000000	0.000000
1582082848603	1582082848598	-10.773	-25.342	-18.143	-12.206	2.270	-2.951	0.000000	0.000000
1582082848618	1582082848615	-6.464	-29.929	-17.015	-8.065	3.767	-2.659	0.000000	0.000000
1582082848636	1582082848635	-11.583	-13.077	-14.835	-3.290	5.443	-1.385	0.000000	0.000000
1582082848656	1582082848654	-15.289	-5.361	-8.920	-2.809	6.005	-0.537	0.000000	0.000000
1582082848675	1582082848675	-11.875	0.796	-3.840	-1.004	5.246	1.128	0.000000	0.000000
1582082848697	1582082848697	-10.560	5.913	-0.632	2.982	4.272	3.138	0.000000	0.000000
1582082848716	1582082848715	-10.119	2.954	-1.717	2.564	2.290	6.132	0.000000	0.000000
1582082848742	1582082848735	-13.607	4.147	9.673	3.556	-0.613	9.177	0.000000	0.000000
1582082848755	1582082848754	-10.579	-4.589	10.270	2.135	-1.129	10.643	0.000000	0.000000
1582082848776	1582082848774	-21.007	-14.914	5.084	0.953	0.209	11.446	0.000000	0.000000
1582082848797	1582082848795	-15.607	-22.690	-3.622	-1.006	1.121	10.187	0.000000	0.000000
1582082848816	1582082848816	-13.746	-17.621	-10.274	-2.986	2.523	8.614	0.000000	0.000000
1582082848838	1582082848834	-15.236	-18.708	-9.318	-3.040	3.626	7.759	0.000000	0.000000
1582082848855	1582082848855	-18.880	-14.670	-6.190	-3.474	4.122	7.568	0.000000	0.000000
1582082848875	1582082848874	-21.196	-11.438	-8.326	-5.212	4.167	6.401	0.000000	0.000000
1582082848899	1582082848899	-21.273	-7.342	-9.416	-5.607	3.263	5.244	0.000000	0.000000
1582082848924	1582082848924	-21.776	-10.401	-10.921	-6.225	2.841	4.278	0.000000	0.000000
1582082848937	1582082848937	-21.762	-12.803	-9.304	-5.162	2.500	3.764	0.000000	0.000000
1582082848956	1582082848955	-15.847	-9.419	-8.801	-4.351	1.874	3.280	0.000000	0.000000
1582082848975	1582082848973	-14.803	-6.175	-8.530	-5.175	1.429	2.736	0.000000	0.000000
1582082848994	1582082848994	-11.885	-2.685	-9.270	-4.851	0.561	2.658	0.000000	0.000000
1582082849022	1582082849018	-8.684	-3.768	-8.631	-4.443	0.247	2.463	0.000000	0.000000
1582082849038	1582082849035	-10.333	2.034	-5.797	-3.645	0.853	2.430	0.000000	0.000000
1582082849053	1582082849053	-12.055	2.801	-4.987	-2.947	0.803	2.060	0.000000	0.000000
1582082849075	1582082849073	-9.695	1.555	-4.901	-2.235	0.182	1.951	0.000000	0.000000
1582082849095	1582082849093	-9.195	4.298	-3.555	-1.828	-0.457	2.073	0.000000	0.000000
1582082849115	1582082849115	-10.059	5.529	-1.542	-2.081	-0.924	1.813	0.000000	0.000000
1582082849137	1582082849137	-10.031	2.978	-1.542	-2.126	-1.072	1.686	0.000000	0.000000
1582082849155	1582082849155	-8.332	3.642	-3.039	-2.092	-1.298	1.414	0.000000	0.000000
1582082849173	1582082849173	-8.510	6.265	-2.644	-2.372	-1.381	1.352	0.000000	0.000000
1582082849192	1582082849192	-10.440	3.608	0.087	-2.332	-1.619	0.851	0.000000	0.000000
1582082849215	1582082849215	-12.903	-0.249	3.919	-0.320	-1.815	0.604	0.000000	0.000000
1582082849237	1582082849237	-13.626	4.605	1.704	-0.382	-3.541	0.884	0.000000	0.000000
1582082849253	1582082849253	-13.255	5.939	1.414	-0.532	-4.949	1.026	0.000000	0.000000
1582082849276	1582082849272	-11.600	1.605	1.131	-0.703	-5.239	0.162	0.000000	0.000000
1582082849293	1582082849292	-14.527	1.229	1.349	-1.386	-4.621	-0.097	0.000000	0.000000
1582082849313	1582082849312	-15.629	1.457	0.240	-0.716	-5.612	-0.102	0.000000	0.000000
1582082849335	1582082849335	-13.823	0.127	-0.309	0.222	-7.186	-0.525	0.000000	0.000000
1582082849356	1582082849354	-13.648	-2.474	-0.122	1.490	-7.859	-0.916	0.000000	0.000000
1582082849373	1582082849373	-14.472	-4.125	-0.836	2.531	-8.196	-0.872	0.000000	0.000000
1582082849392	1582082849391	-13.916	-3.643	-2.716	4.000	-8.459	-0.931	0.000000	0.000000
1582082849412	1582082849411	-12.845	-2.910	-5.691	5.454	-8.836	-1.046	0.000000	0.000000
1582082849437	1582082849437	-12.527	-4.125	-8.379	6.886	-9.412	-1.089	0.000000	0.000000
1582082849452	1582082849452	-10.486	-5.725	-10.377	8.649	-9.953	-1.262	0.000000	0.000000
1582082849473	1582082849473	-9.183	-5.282	-11.999	9.160	-9.585	-1.122	0.000000	0.000000
1582082849491	1582082849491	-8.284	-4.029	-11.960	9.430	-8.455	-0.916	0.000000	0.000000
1582082849511	1582082849511	-8.639	-3.859	-12.511	9.581	-7.109	-0.463	0.000000	0.000000
1582082849533	1582082849530	-9.221	-2.393	-13.273	8.319	-6.795	0.034	0.000000	0.000000
1582082849558	1582082849558	-6.581	-0.982	-13.836	5.925	-7.148	0.266	0.000000	0.000000
1582082849575	1582082849571	-4.509	-1.123	-15.383	3.613	-6.506	0.086	0.000000	0.000000
1582082849592	1582082849591	-3.920	0.149	-16.061	0.994	-5.097	-0.081	0.000000	0.000000
1582082849611	1582082849610	-5.228	4.094	-13.853	-2.269	-4.259	-0.278	0.000000	0.000000
1582082849636	1582082849636	-7.647	4.609	-7.071	-3.880	-4.567	-0.882	0.000000	0.000000
1582082849652	1582082849652	-9.923	0.017	1.167	-2.638	-5.785	-1.303	0.000000	0.000000
1582082849672	1582082849671	-10.888	2.341	7.946	-1.502	-5.492	-0.592	0.000000	0.000000
1582082849693	1582082849691	-9.382	9.606	8.708	-0.823	-5.457	0.265	0.000000	0.000000
1582082849710	1582082849710	-9.856	8.155	8.181	-0.739	-5.486	1.058	0.000000	0.000000
1582082849731	1582082849730	-11.827	4.049	10.287	-0.051	-4.260	1.412	0.000000	0.000000
1582082849751	1582082849751	-9.640	7.537	11.686	1.605	-4.055	1.281	0.000000	0.000000
1582082849774	1582082849772	-8.627	7.807	8.291	0.990	-3.266	1.607	0.000000	0.000000
1582082849791	1582082849790	-9.300	9.348	7.999	-0.417	-2.632	1.745	0.000000	0.000000
1582082849811	1582082849810	-6.658	15.186	10.948	-0.416	-2.513	1.844	0.000000	0.000000
1582082849830	1582082849829	-7.329	7.553	9.348	-0.041	-1.728	1.962	0.000000	0.000000
1582082849851	1582082849852	-4.962	8.746	9.594	0.428	-1.760	1.998	0.000000	0.000000
1582082849870	1582082849870	-4.430	8.890	9.901	-0.115	-1.431	2.350	0.000000	0.000000
1582082849891	1582082849891	-3.778	6.104	10.380	-0.965	-1.092	2.636	0.000000	0.000000
1582082849910	1582082849909	-5.676	9.142	9.506	-1.580	-0.384	2.543	0.000000	0.000000
1582082849929	1582082849929	-5.362	7.697	7.822	-2.295	-0.257	2.618	0.000000	0.000000
1582082849952	1582082849952	-5.503	7.410	7.043	-3.081	-0.004	2.433	0.000000	0.000000
1582082849976	1582082849976	-4.444	7.853	5.443	-3.396	-0.040	2.095	0.000000	0.000000
1582082849992	1582082849989	-4.351	6.888	3.622	-3.666	-0.104	2.145	0.000000	0.000000
1582082850011	1582082850008	-5.218	6.157	3.539	-3.501	-0.222	2.102	0.000000	0.000000
1582082850030	1582082850030	-4.617	4.894	3.553	-3.368	-0.626	1.814	0.000000	0.000000
1582082850049	1582082850048	-2.554	4.605	3.536	-3.866	-0.706	1.358	0.000000	0.000000
1582082850070	1582082850070	-1.793	4.358	3.539	-4.427	-0.490	1.135	0.000000	0.000000
1582082850091	1582082850088	-1.884	2.786	3.704	-4.281	-0.524	1.232	0.000000	0.000000
1582082850110	1582082850110	-0.851	-0.198	4.607	-2.666	-0.569	1.114	0.000000	0.000000
1582082850129	1582082850128	-0.003	-1.430	5.560	-1.461	-0.499	0.773	0.000000	0.000000
1582082850148	1582082850148	-0.137	-0.023	6.123	-1.673	-0.323	0.632	0.000000	0.000000
1582082850176	1582082850170	-0.559	1.479	6.820	-2.106	0.192	0.493	0.000000	0.000000
1582082850193	1582082850191	-1.306	1.598	7.367	-1.900	0.628	0.423	0.000000	0.000000
1582082850209	1582082850208	-1.857	-0.560	7.853	-1.778	0.755	0.454	0.000000	0.000000
1582082850228	1582082850228	-2.382	-1.315	8.011	-2.025	0.589	0.444	0.000000	0.000000
1582082850249	1582082850248	-3.144	-1.334	8.265	-2.085	0.305	0.583	0.000000	0.000000
1582082850268	1582082850268	-2.727	-1.348	8.945	-1.984	0.174	0.523	0.000000	0.000000
1582082850292	1582082850288	-1.577	-1.169	9.091	-1.881	-0.020	0.477	0.000000	0.000000
1582082850309	1582082850309	0.251	-1.315	8.857	-1.931	0.130	0.428	0.000000	0.000000
1582082850328	1582082850328	-1.321	-1.652	8.538	-1.471	0.575	0.628	0.000000	0.000000
1582082850349	1582082850347	-2.020	-2.510	8.715	-1.449	0.433	0.580	0.000000	0.000000
1582082850373	1582082850367	-1.493	-2.287	8.454	-1.992	0.098	0.513	0.000000	0.000000
1582082850393	1582082850393	-1.687	-2.738	8.418	-1.972	0.188	0.658	0.000000	0.000000
1582082850411	1582082850408	-2.303	-3.166	7.853	-2.114	0.229	0.840	0.000000	0.000000
1582082850431	1582082850426	-2.375	-3.933	6.732	-2.249	0.162	0.877	0.000000	0.000000
1582082850448	1582082850447	-2.272	-4.505	6.555	-2.062	-0.031	0.854	0.000000	0.000000
1582082850469	1582082850467	-1.936	-5.119	6.952	-1.921	-0.263	0.903	0.000000	0.000000
1582082850488	1582082850488	-1.215	-5.888	6.658	-1.674	-0.254	0.914	0.000000	0.000000
1582082850512	1582082850507	-0.794	-5.492	6.650	-1.536	0.002	0.868	0.000000	0.000000
1582082850528	1582082850527	-1.742	-5.504	6.820	-1.433	0.422	0.993	0.000000	0.000000
1582082850547	1582082850547	-3.407	-5.813	7.235	-1.608	0.835	0.881	0.000000	0.000000
1582082850567	1582082850566	-4.648	-5.674	6.921	-2.357	0.853	0.631	0.000000	0.000000
1582082850591	1582082850591	-4.358	-5.495	5.783	-3.057	0.316	0.468	0.000000	0.000000
1582082850608	1582082850606	-3.218	-6.178	4.772	-3.055	-0.109	0.413	0.000000	0.000000
1582082850631	1582082850631	-2.768	-7.809	4.530	-2.426	-0.016	0.572	0.000000	0.000000
1582082850647	1582082850646	-3.278	-9.340	4.485	-2.019	0.413	0.724	0.000000	0.000000
1582082850667	1582082850666	-4.145	-10.221	4.377	-1.926	0.893	0.561	0.000000	0.000000
1582082850690	1582082850687	-5.115	-11.730	3.598	-2.181	1.059	0.188	0.000000	0.000000
1582082850710	1582082850710	-5.678	-13.944	2.159	-3.115	0.885	-0.656	0.000000	0.000000
1582082850728	1582082850727	-5.573	-14.392	-0.999	-5.640	0.635	-2.012	0.000000	0.000000
1582082850747	1582082850745	-7.971	-15.058	-7.608	-9.963	1.213	-3.476	0.000000	0.000000
1582082850766	1582082850766	-14.937	-16.145	-14.928	-14.617	1.918	-4.145	0.000000	0.000000
1582082850786	1582082850785	-12.309	-25.200	-19.389	-12.330	2.148	-2.850	0.000000	0.000000
1582082850807	1582082850805	-7.671	-22.297	-17.997	-8.292	3.980	-2.860	0.000000	0.000000
1582082850827	1582082850826	-14.913	-5.181	-20.112	-5.351	5.723	-1.196	0.000000	0.000000
1582082850852	1582082850847	-17.143	-3.650	-13.388	-0.292	6.801	0.810	0.000000	0.000000
1582082850866	1582082850865	-17.701	-4.714	-4.031	2.672	7.210	2.168	0.000000	0.000000
1582082850886	1582082850885	-17.986	-5.100	0.135	2.347	5.448	3.809	0.000000	0.000000
1582082850908	1582082850907	-10.627	-0.586	2.643	4.394	4.085	5.291	0.000000	0.000000
1582082850930	1582082850926	-10.615	-1.882	2.346	3.416	2.811	6.171	0.000000	0.000000
1582082850945	1582082850945	-7.887	4.157	7.865	2.956	0.225	8.273	0.000000	0.000000
1582082850965	1582082850965	-10.280	-11.661	8.045	2.749	1.332	10.054	0.000000	0.000000
1582082850986	1582082850985	-17.366	-9.582	1.507	0.193	2.301	9.917	0.000000	0.000000
1582082851008	1582082851008	-14.623	-26.381	-3.478	-1.142	2.364	8.397	0.000000	0.000000
1582082851025	1582082851025	-11.054	-17.053	-5.861	-4.084	3.771	7.462	0.000000	0.000000
1582082851047	1582082851046	-21.915	-14.868	-8.104	-6.490	4.614	6.526	0.000000	0.000000
1582082851066	1582082851064	-17.387	-14.248	-6.190	-5.191	4.189	6.173	0.000000	0.000000
1582082851084	1582082851084	-21.687	-13.745	-7.696	-5.502	4.360	5.669	0.000000	0.000000
1582082851107	1582082851107	-21.242	-14.923	-8.401	-4.765	3.916	5.289	0.000000	0.000000
1582082851125	1582082851125	-19.886	-11.206	-8.446	-5.485	3.032	4.755	0.000000	0.000000
1582082851144	1582082851144	-18.954	-10.607	-7.045	-5.161	2.966	4.055	0.000000	0.000000
1582082851164	1582082851162	-16.266	-4.882	-10.099	-4.827	2.585	3.700	0.000000	0.000000
1582082851184	1582082851182	-14.197	-4.079	-8.719	-4.278	1.956	3.158	0.000000	0.000000
1582082851204	1582082851202	-12.788	-3.816	-9.146	-5.298	1.824	2.389	0.000000	0.000000
1582082851224	1582082851224	-13.480	-3.023	-6.856	-4.357	1.492	2.302	0.000000	0.000000
1582082851246	1582082851246	-8.340	-0.967	-6.254	-3.345	1.250	2.280	0.000000	0.000000
1582082851267	1582082851265	-9.813	3.462	-6.019	-3.066	1.899	1.793	0.000000	0.000000
1582082851283	1582082851283	-9.334	0.853	-5.770	-2.525	1.055	1.212	0.000000	0.000000
1582082851304	1582082851303	-8.325	1.483	-3.339	-1.627	0.036	1.215	0.000000	0.000000
1582082851330	1582082851326	-6.519	4.039	-3.717	-0.650	-0.715	1.544	0.000000	0.000000
1582082851346	1582082851343	-8.670	5.378	-3.368	-0.624	-0.480	1.539	0.000000	0.000000
1582082851364	1582082851363	-7.755	8.600	-3.128	-2.256	-1.206	1.122	0.000000	0.000000
1582082851384	1582082851383	-5.676	9.707	-4.173	-3.195	-1.634	0.964	0.000000	0.000000
1582082851404	1582082851402	-7.856	2.341	-3.528	-2.615	-1.234	1.308	0.000000	0.000000
1582082851424	1582082851423	-13.408	-0.642	-0.110	-1.164	-1.180	1.250	0.000000	0.000000
1582082851447	1582082851447	-12.984	2.710	-1.775	-0.664	-2.612	0.669	0.000000	0.000000
1582082851466	1582082851464	-9.827	5.798	-0.539	-1.284	-3.947	0.412	0.000000	0.000000
1582082851483	1582082851483	-12.788	4.094	2.015	-1.131	-3.454	0.081	0.000000	0.000000
1582082851503	1582082851502	-13.974	3.213	0.669	-1.493	-3.304	-0.197	0.000000	0.000000
1582082851526	1582082851524	-13.054	4.286	0.513	-1.400	-4.385	-0.386	0.000000	0.000000
1582082851557	1582082851547	-13.440	2.243	0.518	-0.557	-5.378	-0.395	0.000000	0.000000
1582082851563	1582082851562	-15.035	-1.104	-0.409	0.939	-5.925	-0.316	0.000000	0.000000
1582082851586	1582082851586	-16.058	-2.223	-2.093	2.208	-6.962	-0.071	0.000000	0.000000
1582082851603	1582082851602	-15.126	-2.249	-4.110	3.533	-8.234	0.173	0.000000	0.000000
1582082851623	1582082851622	-14.407	-3.911	-6.197	5.421	-9.285	0.522	0.000000	0.000000
1582082851648	1582082851647	-13.152	-5.279	-8.520	7.601	-10.254	0.979	0.000000	0.000000
1582082851664	1582082851663	-10.934	-4.872	-10.204	8.999	-10.534	1.495	0.000000	0.000000
1582082851682	1582082851681	-9.535	-5.114	-10.592	9.331	-9.809	1.654	0.000000	0.000000
1582082851702	1582082851702	-7.446	-5.476	-10.832	8.852	-8.810	1.491	0.000000	0.000000
1582082851723	1582082851721	-6.600	-6.659	-9.785	8.376	-7.909	1.199	0.000000	0.000000
1582082851747	1582082851747	-6.735	-5.914	-9.792	7.673	-7.437	0.975	0.000000	0.000000
1582082851761	1582082851760	-6.160	-3.387	-12.480	6.302	-7.225	0.950	0.000000	0.000000
1582082851781	1582082851780	-3.649	-5.018	-16.318	5.423	-6.394	0.692	0.000000	0.000000
1582082851802	1582082851801	-3.398	-3.382	-16.814	2.780	-4.900	0.852	0.000000	0.000000
1582082851821	1582082851821	-6.600	3.206	-12.662	-1.617	-4.725	0.457	0.000000	0.000000
1582082851842	1582082851841	-7.705	3.083	-6.446	-3.257	-5.838	-0.463	0.000000	0.000000
1582082851868	1582082851868	-9.001	1.637	0.980	-2.327	-6.344	-0.706	0.000000	0.000000
1582082851885	1582082851881	-14.872	3.256	4.612	-0.062	-5.669	-0.720	0.000000	0.000000
1582082851901	1582082851900	-10.131	7.652	7.204	1.380	-6.037	-0.740	0.000000	0.000000
1582082851921	1582082851921	-10.301	8.349	9.566	0.859	-4.534	0.495	0.000000	0.000000
1582082851944	1582082851944	-15.251	9.456	6.792	-0.881	-3.580	1.501	0.000000	0.000000
1582082851962	1582082851961	-13.914	8.643	6.734	-0.382	-3.933	1.967	0.000000	0.000000
1582082851981	1582082851981	-14.259	8.507	5.376	-0.630	-4.133	2.618	0.000000	0.000000
1582082852002	1582082852002	-13.214	8.787	5.429	-0.953	-4.429	2.856	0.000000	0.000000
1582082852020	1582082852020	-9.087	9.767	8.068	-1.346	-4.690	2.732	0.000000	0.000000
1582082852041	1582082852040	-7.137	11.777	8.715	-1.607	-4.068	2.905	0.000000	0.000000
1582082852064	1582082852062	-8.792	6.337	8.224	-1.495	-3.063	3.454	0.000000	0.000000
1582082852083	1582082852081	-5.580	6.040	8.442	-0.032	-2.547	2.896	0.000000	0.000000
1582082852100	1582082852099	-3.357	5.273	10.217	0.692	-1.836	2.685	0.000000	0.000000
1582082852121	1582082852120	-4.088	4.415	7.228	-1.136	-0.622	2.553	0.000000	0.000000
1582082852141	1582082852139	-4.900	5.649	4.559	-2.362	-0.066	2.270	0.000000	0.000000
1582082852161	1582082852161	-4.167	7.479	1.684	-3.069	-0.192	1.817	0.000000	0.000000
1582082852180	1582082852180	-2.983	7.709	1.878	-2.819	-0.909	1.272	0.000000	0.000000
1582082852200	1582082852200	-2.116	6.080	2.949	-2.634	-1.487	1.108	0.000000	0.000000
1582082852220	1582082852219	-1.112	5.913	3.713	-3.069	-1.124	1.047	0.000000	0.000000
1582082852240	1582082852239	-1.021	5.024	4.971	-3.641	-0.443	1.170	0.000000	0.000000
1582082852260	1582082852258	-1.318	3.555	4.784	-3.508	-0.091	1.392	0.000000	0.000000
1582082852281	1582082852281	-0.775	2.166	3.857	-2.842	0.006	1.342	0.000000	0.000000
1582082852302	1582082852299	-1.424	1.677	4.387	-2.331	0.248	1.196	0.000000	0.000000
1582082852320	1582082852319	-2.070	2.168	5.695	-2.885	0.238	0.944	0.000000	0.000000
1582082852340	1582082852339	-1.345	2.219	6.758	-3.592	-0.119	0.491	0.000000	0.000000
1582082852363	1582082852363	0.042	0.413	6.610	-3.438	-0.436	0.472	0.000000	0.000000
1582082852379	1582082852379	-0.183	-1.516	6.509	-2.946	-0.059	0.750	0.000000	0.000000
1582082852401	1582082852400	-0.159	-0.718	6.892	-2.933	0.092	0.803	0.000000	0.000000
1582082852419	1582082852418	0.706	-0.984	7.043	-2.984	0.364	0.811	0.000000	0.000000
1582082852439	1582082852438	-0.928	-2.196	8.025	-2.607	1.018	0.832	0.000000	0.000000
1582082852459	1582082852459	-2.746	-3.389	8.790	-2.126	1.064	0.636	0.000000	0.000000
1582082852482	1582082852482	-3.793	-4.225	9.635	-1.838	0.656	0.553	0.000000	0.000000
1582082852501	1582082852500	-2.772	-1.966	9.369	-2.279	0.020	0.471	0.000000	0.000000
1582082852520	1582082852520	-2.418	-1.020	10.715	-2.213	0.042	0.471	0.000000	0.000000
1582082852540	1582082852539	-4.042	-1.396	9.702	-2.311	0.232	0.324	0.000000	0.000000
1582082852559	1582082852558	-3.398	-0.982	7.012	-1.727	-0.610	0.339	0.000000	0.000000
1582082852579	1582082852579	1.690	-5.380	8.179	-1.274	-1.483	0.724	0.000000	0.000000
1582082852601	1582082852598	1.084	-7.658	8.279	-1.068	-0.303	1.158	0.000000	0.000000
1582082852621	1582082852619	-1.215	-5.749	9.180	-1.077	0.982	0.922	0.000000	0.000000
1582082852639	1582082852638	-2.672	-2.213	9.523	-2.044	1.033	0.902	0.000000	0.000000
1582082852659	1582082852657	-3.326	-1.621	8.435	-2.145	0.556	0.738	0.000000	0.000000
1582082852680	1582082852680	-2.518	-3.078	8.066	-1.082	-0.294	0.777	0.000000	0.000000
1582082852709	1582082852709	-1.440	-5.140	7.297	-1.476	-0.889	0.903	0.000000	0.000000
1582082852718	1582082852719	-0.461	-5.940	6.341	-2.052	-0.839	0.982	0.000000	0.000000
1582082852740	1582082852740	-0.657	-6.209	6.030	-1.739	-0.180	1.117	0.000000	0.000000
1582082852758	1582082852757	-2.075	-5.533	5.824	-1.679	0.514	1.146	0.000000	0.000000
1582082852777	1582082852776	-3.295	-6.312	4.926	-2.375	0.766	1.088	0.000000	0.000000
1582082852802	1582082852802	-3.889	-8.501	3.570	-2.933	0.460	0.930	0.000000	0.000000
1582082852820	1582082852818	-3.422	-9.488	2.885	-2.762	-0.065	0.824	0.000000	0.000000
1582082852837	1582082852837	-2.633	-8.935	3.158	-2.610	-0.190	0.763	0.000000	0.000000
1582082852858	1582082852856	-2.193	-8.310	2.885	-2.548	0.175	0.677	0.000000	0.000000
1582082852877	1582082852876	-3.436	-8.966	2.595	-2.770	0.973	0.443	0.000000	0.000000
1582082852903	1582082852903	-5.204	-12.049	1.399	-3.054	1.542	0.066	0.000000	0.000000
1582082852918	1582082852916	-6.253	-15.949	-1.343	-3.531	1.835	-0.844	0.000000	0.000000
1582082852943	1582082852942	-8.026	-18.483	-4.204	-4.934	1.715	-2.380	0.000000	0.000000
1582082852957	1582082852956	-11.391	-18.524	-7.270	-7.355	1.238	-3.978	0.000000	0.000000
1582082852977	1582082852976	-14.053	-16.895	-12.219	-11.260	0.987	-4.749	0.000000	0.000000
1582082852998	1582082852995	-10.486	-18.404	-15.999	-12.303	1.496	-3.714	0.000000	0.000000
1582082853016	1582082853016	-5.154	-24.513	-18.179	-8.739	3.214	-2.497	0.000000	0.000000
1582082853039	1582082853038	-6.639	-11.462	-18.011	-6.625	4.576	-1.344	0.000000	0.000000
1582082853057	1582082853055	-11.976	-10.458	-18.102	-1.673	5.887	0.456	0.000000	0.000000
1582082853077	1582082853075	-13.749	-13.532	-4.803	0.718	5.584	0.906	0.000000	0.000000
1582082853102	1582082853102	-9.049	0.647	-3.176	0.157	5.646	2.323	0.000000	0.000000
1582082853117	1582082853115	-11.588	2.511	0.721	4.410	4.664	4.366	0.000000	0.000000
1582082853142	1582082853142	-10.893	-5.088	1.878	3.853	3.107	5.732	0.000000	0.000000
1582082853157	1582082853155	-5.556	8.114	6.557	2.472	1.168	8.387	0.000000	0.000000
1582082853175	1582082853175	-13.617	-1.080	6.068	2.313	1.298	10.159	0.000000	0.000000
1582082853195	1582082853195	-17.905	-13.517	2.039	0.368	1.566	10.235	0.000000	0.000000
1582082853216	1582082853216	-14.041	-21.585	-0.143	-2.562	2.355	9.074	0.000000	0.000000
1582082853238	1582082853235	-15.636	-15.379	-8.022	-4.894	3.377	8.078	0.000000	0.000000
1582082853256	1582082853254	-17.819	-17.877	-6.293	-3.870	3.969	7.325	0.000000	0.000000
1582082853276	1582082853274	-19.203	-14.873	-5.742	-4.237	4.090	6.728	0.000000	0.000000
1582082853296	1582082853294	-16.851	-13.479	-7.093	-4.544	3.885	5.985	0.000000	0.000000
1582082853317	1582082853317	-21.314	-17.635	-10.180	-4.535	4.303	5.430	0.000000	0.000000
1582082853336	1582082853334	-17.890	-13.927	-8.837	-4.759	3.171	4.934	0.000000	0.000000
1582082853356	1582082853356	-17.100	-12.272	-8.971	-4.725	3.250	4.058	0.000000	0.000000
1582082853376	1582082853374	-13.770	-7.735	-11.172	-5.948	3.150	2.773	0.000000	0.000000
1582082853395	1582082853394	-14.388	-6.460	-10.377	-5.820	2.574	2.174	0.000000	0.000000
1582082853416	1582082853414	-12.742	-3.794	-9.059	-4.753	1.528	2.001	0.000000	0.000000
1582082853444	1582082853436	-8.232	0.389	-9.713	-4.381	0.662	1.867	0.000000	0.000000
1582082853457	1582082853455	-8.581	-0.335	-6.724	-3.394	1.265	2.145	0.000000	0.000000
1582082853474	1582082853474	-11.926	4.284	-4.163	-3.133	1.567	1.882	0.000000	0.000000
1582082853495	1582082853494	-8.977	4.039	-7.548	-3.917	0.477	1.091	0.000000	0.000000
1582082853524	1582082853516	-5.709	2.580	-6.908	-3.095	-0.342	1.219	0.000000	0.000000
1582082853535	1582082853534	-6.215	4.054	-6.515	-2.034	-0.238	1.883	0.000000	0.000000
1582082853555	1582082853555	-9.070	3.460	-4.724	-1.841	-0.204	2.023	0.000000	0.000000
1582082853574	1582082853574	-9.518	1.682	-5.104	-2.242	-0.794	1.338	0.000000	0.000000
1582082853594	1582082853593	-7.297	2.480	-4.604	-2.364	-1.331	0.626	0.000000	0.000000
1582082853613	1582082853613	-7.995	3.996	-4.903	-2.253	-1.246	0.049	0.000000	0.000000
1582082853637	1582082853637	-10.955	2.010	-2.232	-1.571	-1.547	-0.439	0.000000	0.000000
1582082853655	1582082853653	-11.712	-1.379	-0.769	-1.173	-2.911	-0.455	0.000000	0.000000
1582082853674	1582082853673	-7.930	1.613	1.610	-1.508	-4.043	-0.073	0.000000	0.000000
1582082853693	1582082853692	-10.129	4.511	2.432	-0.381	-3.164	-0.122	0.000000	0.000000
1582082853714	1582082853712	-13.904	3.230	1.843	0.061	-2.219	-0.592	0.000000	0.000000
1582082853735	1582082853735	-14.597	2.247	0.379	0.285	-2.882	-0.316	0.000000	0.000000
1582082853758	1582082853758	-13.061	4.138	-1.442	0.467	-4.324	0.016	0.000000	0.000000
1582082853775	1582082853775	-13.095	3.531	-2.179	0.894	-5.333	0.129	0.000000	0.000000
1582082853793	1582082853792	-13.899	1.090	-2.496	1.388	-6.330	0.073	0.000000	0.000000
1582082853813	1582082853812	-15.258	-2.304	-3.715	2.264	-7.255	0.057	0.000000	0.000000
1582082853842	1582082853836	-15.569	-5.892	-5.502	4.341	-8.553	0.227	0.000000	0.000000
1582082853855	1582082853852	-13.313	-5.842	-7.881	6.668	-9.969	0.739	0.000000	0.000000
1582082853873	1582082853872	-10.649	-6.779	-9.912	9.415	-10.441	1.573	0.000000	0.000000
1582082853893	1582082853892	-7.530	-6.712	-11.687	11.146	-9.864	2.057	0.000000	0.000000
1582082853913	1582082853912	-5.781	-4.905	-10.909	10.729	-8.347	2.109	0.000000	0.000000
1582082853937	1582082853935	-5.532	-4.470	-9.320	9.413	-6.922	1.881	0.000000	0.000000
1582082853959	1582082853952	-6.076	-8.307	-10.458	8.707	-6.209	1.732	0.000000	0.000000
1582082853972	1582082853972	-5.233	-6.815	-13.263	7.375	-6.315	1.772	0.000000	0.000000
1582082853992	1582082853992	-3.640	-1.523	-15.927	5.419	-6.034	1.713	0.000000	0.000000
1582082854012	1582082854011	-2.899	-0.265	-16.667	3.150	-5.384	1.375	0.000000	0.000000
1582082854031	1582082854031	-3.539	1.749	-15.697	0.184	-5.545	0.742	0.000000	0.000000
1582082854052	1582082854052	-3.855	3.170	-11.064	-1.778	-6.094	-0.128	0.000000	0.000000
1582082854072	1582082854072	-4.751	4.166	-4.908	-4.105	-6.424	-0.625	0.000000	0.000000
1582082854097	1582082854092	-7.190	3.074	2.592	-4.277	-6.209	-0.646	0.000000	0.000000
1582082854111	1582082854111	-10.788	2.916	7.803	-2.371	-5.002	-0.400	0.000000	0.000000
1582082854131	1582082854130	-11.617	4.061	9.206	-0.044	-4.486	0.549	0.000000	0.000000
1582082854155	1582082854152	-11.331	6.564	10.076	1.372	-4.593	1.299	0.000000	0.000000
1582082854177	1582082854171	-13.945	9.559	9.376	1.679	-4.212	1.552	0.000000	0.000000
1582082854197	1582082854191	-13.535	9.645	8.212	1.922	-4.260	2.091	0.000000	0.000000
1582082854211	1582082854210	-13.298	7.271	6.097	0.484	-4.358	2.727	0.000000	0.000000
1582082854232	1582082854230	-9.391	7.321	6.353	-1.686	-4.298	2.716	0.000000	0.000000
1582082854252	1582082854252	-7.290	10.050	9.786	-3.417	-3.693	2.659	0.000000	0.000000
1582082854270	1582082854270	-6.404	10.771	14.829	-3.291	-2.843	3.148	0.000000	0.000000
1582082854297	1582082854291	-7.827	9.046	9.676	-2.760	-1.122	3.083	0.000000	0.000000
1582082854310	1582082854310	-6.131	6.267	8.742	-3.020	-0.831	2.311	0.000000	0.000000
1582082854330	1582082854330	-4.473	3.872	6.531	-2.065	-1.467	2.463	0.000000	0.000000
1582082854354	1582082854354	-4.588	2.257	5.165	-2.365	-1.186	2.358	0.000000	0.000000
1582082854376	1582082854371	-2.796	5.292	3.919	-2.814	-1.151	2.153	0.000000	0.000000
1582082854392	1582082854391	-2.787	7.810	4.698	-2.380	-0.672	1.816	0.000000	0.000000
1582082854409	1582082854409	-5.115	5.493	6.763	-2.407	-0.302	1.560	0.000000	0.000000
1582082854430	1582082854429	-4.672	2.152	6.571	-2.575	-0.441	1.410	0.000000	0.000000
1582082854450	1582082854449	-2.880	3.182	6.135	-2.459	-0.343	1.211	0.000000	0.000000
1582082854471	1582082854471	-2.621	4.437	5.338	-2.283	-0.209	1.126	0.000000	0.000000
1582082854491	1582082854489	-3.407	3.876	5.005	-2.250	-0.088	1.173	0.000000	0.000000
1582082854511	1582082854511	-3.115	2.856	4.969	-2.462	-0.156	1.099	0.000000	0.000000
1582082854530	1582082854529	-1.606	1.088	4.662	-2.870	-0.571	1.033	0.000000	0.000000
1582082854551	1582082854549	-0.389	-0.208	5.477	-2.755	-1.049	0.957	0.000000	0.000000
1582082854572	1582082854570	0.153	-0.819	6.092	-2.324	-1.025	0.812	0.000000	0.000000
1582082854594	1582082854591	0.519	0.130	5.855	-2.558	-0.411	0.435	0.000000	0.000000
1582082854610	1582082854610	0.073	-0.009	6.039	-2.444	0.206	0.371	0.000000	0.000000
1582082854629	1582082854628	-1.196	-1.501	7.309	-1.980	0.493	0.452	0.000000	0.000000
1582082854649	1582082854649	-1.575	-2.045	7.752	-1.751	0.363	0.406	0.000000	0.000000
1582082854671	1582082854670	-1.093	-1.947	8.207	-1.854	0.368	0.327	0.000000	0.000000
1582082854692	1582082854692	-1.572	-2.031	8.464	-2.178	0.805	0.355	0.000000	0.000000
1582082854712	1582082854709	-2.437	-1.006	8.229	-1.984	1.006	0.311	0.000000	0.000000
1582082854729	1582082854728	-3.204	-2.752	8.639	-2.088	0.402	0.267	0.000000	0.000000
1582082854750	1582082854747	-0.897	-4.240	7.937	-2.498	-0.344	0.271	0.000000	0.000000
1582082854768	1582082854768	-1.100	-5.547	8.095	-2.295	-0.061	0.452	0.000000	0.000000
1582082854798	1582082854793	-1.462	-4.640	8.109	-2.217	0.418	0.483	0.000000	0.000000
1582082854811	1582082854808	-2.090	-3.583	8.658	-1.967	0.591	0.518	0.000000	0.000000
1582082854830	1582082854830	-2.008	-3.789	7.561	-2.271	0.288	0.438	0.000000	0.000000
1582082854849	1582082854848	-0.925	-4.029	6.159	-2.884	-0.192	0.300	0.000000	0.000000
1582082854868	1582082854867	0.375	-4.340	6.140	-2.502	-0.403	0.379	0.000000	0.000000
1582082854889	1582082854890	0.689	-5.243	7.038	-1.442	-0.309	0.747	0.000000	0.000000
1582082854911	1582082854908	-0.672	-7.014	7.850	-1.785	0.367	1.121	0.000000	0.000000
1582082854930	1582082854928	-3.005	-7.938	7.276	-2.464	0.864	1.076	0.000000	0.000000
1582082854949	1582082854947	-3.525	-6.808	5.853	-2.821	0.813	0.699	0.000000	0.000000
1582082854968	1582082854967	-3.393	-5.157	4.981	-2.826	0.344	0.560	0.000000	0.000000
1582082854992	1582082854992	-3.378	-6.736	3.951	-2.883	0.051	0.801	0.000000	0.000000
1582082855007	1582082855007	-3.788	-8.882	3.064	-3.187	0.295	0.772	0.000000	0.000000
1582082855030	1582082855030	-4.313	-9.730	2.870	-3.134	0.324	0.711	0.000000	0.000000
1582082855048	1582082855047	-4.423	-9.931	2.710	-3.592	0.146	0.413	0.000000	0.000000
1582082855068	1582082855066	-4.337	-10.616	1.275	-5.047	0.310	-0.080	0.000000	0.000000
1582082855092	1582082855091	-4.710	-13.220	-1.717	-6.767	0.834	-0.766	0.000000	0.000000
1582082855112	1582082855110	-6.004	-16.397	-7.462	-7.917	1.615	-1.625	0.000000	0.000000
1582082855126	1582082855125	-8.790	-17.640	-14.373	-9.593	2.705	-3.424	0.000000	0.000000
1582082855147	1582082855145	-15.313	-13.649	-22.661	-13.468	2.671	-4.679	0.000000	0.000000
1582082855167	1582082855167	-8.924	-18.052	-27.601	-12.027	1.863	-3.480	0.000000	0.000000
1582082855187	1582082855186	-4.900	-8.825	-24.364	-8.551	4.210	-2.846	0.000000	0.000000
1582082855208	1582082855208	-12.874	5.419	-27.718	-5.539	7.045	-0.442	0.000000	0.000000
1582082855228	1582082855227	-16.451	-6.398	-14.753	-0.630	7.470	1.280	0.000000	0.000000
1582082855254	1582082855247	-17.687	-15.326	-2.472	2.388	6.026	4.164	0.000000	0.000000
1582082855266	1582082855266	-14.055	-4.867	-0.864	2.422	4.906	5.387	0.000000	0.000000
1582082855286	1582082855286	-12.134	-11.704	1.936	4.791	3.322	6.559	0.000000	0.000000
1582082855307	1582082855305	-5.280	-1.094	6.770	4.663	1.246	8.045	0.000000	0.000000
1582082855328	1582082855325	-0.346	2.003	5.179	3.212	0.567	9.190	0.000000	0.000000
1582082855349	1582082855348	-21.754	-9.268	6.835	2.558	2.589	10.352	0.000000	0.000000
1582082855366	1582082855365	-14.446	-7.514	1.665	-0.050	2.244	9.399	0.000000	0.000000
1582082855386	1582082855385	-16.714	-15.038	-4.331	-3.013	2.940	7.697	0.000000	0.000000
1582082855407	1582082855407	-14.963	-16.926	-8.853	-4.576	3.251	7.115	0.000000	0.000000
1582082855429	1582082855429	-18.899	-16.593	-10.425	-4.808	3.511	6.637	0.000000	0.000000
1582082855448	1582082855445	-13.519	-17.034	-11.141	-4.688	3.140	5.885	0.000000	0.000000
1582082855467	1582082855466	-18.640	-16.588	-13.973	-5.897	4.215	5.349	0.000000	0.000000
1582082855485	1582082855484	-20.303	-16.385	-11.783	-5.061	3.449	5.049	0.000000	0.000000
1582082855506	1582082855504	-18.614	-13.235	-9.606	-4.786	2.854	4.509	0.000000	0.000000
1582082855527	1582082855525	-18.369	-10.480	-9.927	-5.448	2.876	3.460	0.000000	0.000000
1582082855549	1582082855545	-15.114	-7.464	-8.405	-5.328	2.698	2.832	0.000000	0.000000
1582082855567	1582082855565	-14.736	-2.364	-9.177	-5.754	2.168	2.106	0.000000	0.000000
1582082855586	1582082855584	-11.121	-4.065	-9.974	-5.208	1.153	1.576	0.000000	0.000000
1582082855605	1582082855604	-8.998	-1.109	-9.641	-4.641	0.333	1.494	0.000000	0.000000
1582082855626	1582082855626	-7.985	-1.758	-7.917	-4.760	0.212	1.360	0.000000	0.000000
1582082855645	1582082855644	-7.302	-0.172	-9.574	-4.115	0.038	1.430	0.000000	0.000000
1582082855667	1582082855665	-7.151	1.081	-8.966	-3.356	-0.299	1.422	0.000000	0.000000
1582082855684	1582082855684	-6.737	0.707	-8.547	-2.831	-0.731	1.351	0.000000	0.000000
1582082855705	1582082855704	-6.318	2.808	-6.561	-2.251	-0.863	1.254	0.000000	0.000000
1582082855731	1582082855726	-8.050	4.109	-3.672	-2.424	-0.426	1.053	0.000000	0.000000
1582082855748	1582082855746	-8.879	4.169	-4.302	-3.226	-0.677	0.777	0.000000	0.000000
1582082855765	1582082855765	-8.914	7.903	-4.134	-3.940	-1.398	0.344	0.000000	0.000000
1582082855785	1582082855783	-9.880	3.927	-3.523	-4.275	-1.874	0.439	0.000000	0.000000
1582082855806	1582082855803	-10.230	1.050	-1.593	-3.430	-2.123	0.573	0.000000	0.000000
1582082855826	1582082855826	-12.426	0.444	-0.589	-1.057	-1.968	0.409	0.000000	0.000000
1582082855848	1582082855848	-15.720	2.801	-1.269	1.943	-2.743	0.333	0.000000	0.000000
1582082855865	1582082855865	-15.871	10.914	0.180	1.257	-5.355	0.777	0.000000	0.000000
1582082855883	1582082855883	-13.020	4.909	1.198	0.155	-5.883	0.367	0.000000	0.000000
1582082855904	1582082855903	-13.389	1.558	0.293	-0.657	-5.625	-0.067	0.000000	0.000000
1582082855923	1582082855923	-15.464	2.837	-1.099	-1.016	-5.601	-0.045	0.000000	0.000000
1582082855954	1582082855948	-15.883	-0.510	-1.775	0.038	-6.565	-0.056	0.000000	0.000000
1582082855966	1582082855963	-14.395	-3.734	-2.539	1.793	-7.958	-0.260	0.000000	0.000000
1582082855986	1582082855986	-12.524	-3.899	-4.889	3.173	-8.914	-0.272	0.000000	0.000000
1582082856005	1582082856003	-11.432	-4.062	-7.073	4.646	-9.619	-0.172	0.000000	0.000000
1582082856025	1582082856022	-10.218	-7.291	-8.973	7.092	-10.182	-0.176	0.000000	0.000000
1582082856044	1582082856044	-8.359	-9.670	-10.283	9.541	-10.723	-0.139	0.000000	0.000000
1582082856069	1582082856068	-5.132	-5.751	-10.595	10.344	-10.184	-0.272	0.000000	0.000000
1582082856083	1582082856083	-4.253	-3.940	-9.538	10.089	-8.279	-0.496	0.000000	0.000000
1582082856103	1582082856102	-6.984	-6.954	-9.160	8.947	-6.707	-0.193	0.000000	0.000000
1582082856123	1582082856123	-8.407	-7.409	-12.346	7.224	-6.362	0.306	0.000000	0.000000
1582082856148	1582082856146	-6.569	-0.663	-14.492	4.452	-6.887	0.220	0.000000	0.000000
1582082856163	1582082856162	-4.780	0.487	-15.843	2.405	-6.745	-0.550	0.000000	0.000000
1582082856187	1582082856181	-3.393	-2.354	-17.350	2.001	-5.155	-0.698	0.000000	0.000000
1582082856203	1582082856201	-5.944	3.208	-14.011	0.126	-3.773	0.018	0.000000	0.000000
1582082856222	1582082856222	-7.654	8.603	-5.926	-2.722	-4.909	-0.570	0.000000	0.000000
1582082856247	1582082856244	-7.918	4.185	1.586	-2.512	-5.963	-1.323	0.000000	0.000000
1582082856264	1582082856263	-13.186	1.831	6.622	-0.622	-5.121	-0.984	0.000000	0.000000
1582082856281	1582082856280	-12.987	4.073	8.471	-0.212	-6.155	0.127	0.000000	0.000000
1582082856301	1582082856299	-9.657	9.489	11.034	0.368	-6.116	0.292	0.000000	0.000000
1582082856321	1582082856321	-12.469	6.471	11.324	-0.357	-4.718	1.326	0.000000	0.000000
1582082856342	1582082856341	-13.449	6.571	9.633	-0.873	-4.636	1.895	0.000000	0.000000
1582082856363	1582082856363	-12.187	8.962	8.627	-1.273	-4.539	1.875	0.000000	0.000000
1582082856381	1582082856381	-9.863	10.177	12.752	-1.427	-4.356	1.671	0.000000	0.000000
1582082856403	1582082856402	-8.110	13.384	13.787	-0.507	-4.019	2.336	0.000000	0.000000
1582082856421	1582082856421	-10.850	9.487	8.960	-0.009	-2.648	2.796	0.000000	0.000000
1582082856442	1582082856440	-9.856	4.480	10.241	1.383	-2.894	2.845	0.000000	0.000000
1582082856464	1582082856464	-4.830	7.048	11.580	0.267	-2.653	2.747	0.000000	0.000000
1582082856488	1582082856480	-5.628	7.604	8.152	-1.833	-1.511	2.980	0.000000	0.000000
1582082856507	1582082856502	-5.618	6.351	4.487	-2.589	-1.078	2.874	0.000000	0.000000
1582082856522	1582082856520	-5.534	5.067	3.318	-2.687	-0.867	2.434	0.000000	0.000000
1582082856541	1582082856540	-4.294	4.780	2.882	-3.410	-1.017	1.910	0.000000	0.000000
1582082856563	1582082856560	-2.324	5.254	3.062	-4.080	-1.378	1.521	0.000000	0.000000
1582082856581	1582082856580	-0.952	4.205	2.841	-4.354	-1.304	1.294	0.000000	0.000000
1582082856603	1582082856602	-1.603	1.869	3.261	-3.499	-0.485	1.209	0.000000	0.000000
1582082856621	1582082856619	-2.140	0.623	5.069	-2.397	0.130	1.291	0.000000	0.000000
1582082856641	1582082856639	-1.869	2.453	5.553	-2.462	0.448	0.976	0.000000	0.000000
1582082856664	1582082856659	-2.152	2.952	5.814	-2.083	0.258	0.911	0.000000	0.000000
1582082856687	1582082856683	-2.075	1.744	6.039	-1.417	-0.149	1.023	0.000000	0.000000
1582082856705	1582082856702	-1.110	2.001	6.332	-1.540	-0.403	0.955	0.000000	0.000000
1582082856721	1582082856719	-0.717	1.490	6.744	-2.250	-0.337	0.834	0.000000	0.000000
1582082856741	1582082856739	-0.281	1.407	6.087	-3.334	-0.129	0.570	0.000000	0.000000
1582082856759	1582082856759	-0.202	0.554	6.715	-3.415	-0.170	0.578	0.000000	0.000000
1582082856781	1582082856781	0.109	-1.327	7.388	-2.661	0.057	0.848	0.000000	0.000000
1582082856804	1582082856804	-1.076	-2.728	7.537	-1.886	0.347	0.982	0.000000	0.000000
1582082856824	1582082856821	-1.771	-2.694	8.423	-1.356	0.212	0.830	0.000000	0.000000
1582082856840	1582082856839	-1.165	-2.246	9.326	-1.227	0.136	0.758	0.000000	0.000000
1582082856860	1582082856859	-1.045	-1.154	9.717	-1.702	0.609	0.753	0.000000	0.000000
1582082856879	1582082856878	-2.988	-0.500	10.265	-2.175	0.917	0.614	0.000000	0.000000
1582082856903	1582082856903	-5.990	-0.826	9.479	-2.101	0.175	0.503	0.000000	0.000000
1582082856924	1582082856918	-1.579	-2.419	8.667	-1.869	-1.367	0.294	0.000000	0.000000
1582082856941	1582082856940	2.035	-5.444	8.042	-1.598	-1.636	0.912	0.000000	0.000000
