1582082342155	1582082342134	-1.939	-2.611	8.092	-2.822	0.429	0.529	0.000000	0.000000
1582082342176	1582082342154	-1.807	-3.281	8.342	-2.282	0.369	0.784	0.000000	0.000000
1582082342197	1582082342174	-0.890	-2.766	8.813	-1.807	0.056	0.555	0.000000	0.000000
1582082342214	1582082342196	-0.580	-2.251	9.345	-1.805	0.027	0.480	0.000000	0.000000
1582082342243	1582082342212	-2.516	-1.264	9.834	-1.965	0.017	0.807	0.000000	0.000000
1582082342253	1582082342242	-5.570	-0.677	8.327	-2.052	0.513	0.859	0.000000	0.000000
1582082342273	1582082342252	-3.778	-1.868	7.161	-2.099	0.427	0.494	0.000000	0.000000
1582082342293	1582082342272	1.683	-5.315	6.940	-2.103	-1.077	0.373	0.000000	0.000000
1582082342314	1582082342292	2.526	-7.588	6.636	-2.040	-2.163	0.705	0.000000	0.000000
1582082342333	1582082342314	0.533	-6.101	6.327	-1.881	-0.715	1.196	0.000000	0.000000
1582082342353	1582082342332	-2.243	-4.949	6.490	-1.784	1.080	1.042	0.000000	0.000000
1582082342374	1582082342352	-3.537	-4.987	6.749	-1.762	1.604	1.140	0.000000	0.000000
1582082342396	1582082342371	-3.802	-6.221	6.365	-1.804	1.262	1.171	0.000000	0.000000
1582082342414	1582082342394	-1.692	-6.633	6.142	-1.229	0.550	1.113	0.000000	0.000000
1582082342432	1582082342414	0.193	-6.197	5.869	-0.910	-0.340	0.919	0.000000	0.000000
1582082342452	1582082342432	-0.111	-6.187	5.944	-1.408	-0.528	0.764	0.000000	0.000000
1582082342474	1582082342451	-1.510	-5.444	6.289	-1.339	0.024	0.863	0.000000	0.000000
1582082342492	1582082342474	-3.297	-5.056	6.715	-0.776	0.739	0.948	0.000000	0.000000
1582082342512	1582082342491	-4.504	-5.907	6.507	-1.318	0.990	0.934	0.000000	0.000000
1582082342532	1582082342511	-3.901	-7.562	4.849	-2.496	0.673	0.757	0.000000	0.000000
1582082342552	1582082342531	-2.679	-8.856	3.402	-3.338	0.078	0.621	0.000000	0.000000
1582082342573	1582082342551	-2.231	-9.249	3.064	-3.633	-0.317	0.627	0.000000	0.000000
1582082342594	1582082342570	-2.847	-9.050	2.564	-3.754	-0.147	0.668	0.000000	0.000000
1582082342613	1582082342591	-3.858	-8.494	1.450	-4.112	0.216	0.580	0.000000	0.000000
1582082342632	1582082342611	-4.447	-9.088	0.144	-4.340	0.546	0.433	0.000000	0.000000
1582082342651	1582082342631	-4.437	-10.525	-1.595	-4.271	0.550	0.338	0.000000	0.000000
1582082342671	1582082342650	-4.916	-12.207	-4.326	-4.554	0.540	0.241	0.000000	0.000000
1582082342694	1582082342670	-6.215	-13.716	-7.893	-5.089	0.860	0.004	0.000000	0.000000
1582082342711	1582082342692	-9.894	-15.791	-10.710	-5.743	1.564	-0.688	0.000000	0.000000
1582082342731	1582082342710	-14.252	-16.140	-15.503	-7.397	2.217	-1.748	0.000000	0.000000
1582082342751	1582082342730	-9.978	-14.854	-21.034	-10.142	1.316	-2.610	0.000000	0.000000
1582082342771	1582082342750	-5.958	-14.384	-21.868	-12.068	-0.242	-2.820	0.000000	0.000000
1582082342796	1582082342770	-9.585	-8.472	-23.430	-12.142	1.054	-2.207	0.000000	0.000000
1582082342812	1582082342790	-13.145	-4.127	-21.001	-9.516	3.713	-0.795	0.000000	0.000000
1582082342831	1582082342810	-12.527	-3.758	-12.626	-4.168	5.145	1.262	0.000000	0.000000
1582082342851	1582082342829	-12.402	-8.731	-6.858	0.269	5.405	2.245	0.000000	0.000000
1582082342871	1582082342849	-9.595	-8.252	-3.538	1.570	4.696	4.165	0.000000	0.000000
1582082342890	1582082342871	-10.215	-12.648	0.297	5.070	4.120	5.581	0.000000	0.000000
1582082342911	1582082342889	-4.526	-5.768	0.880	7.870	4.185	5.502	0.000000	0.000000
1582082342930	1582082342910	-2.224	9.024	2.389	5.828	2.829	6.337	0.000000	0.000000
1582082342951	1582082342929	-4.466	7.125	6.576	4.986	1.837	7.393	0.000000	0.000000
1582082342972	1582082342951	-16.103	-0.301	6.624	3.630	0.945	9.040	0.000000	0.000000
1582082343001	1582082342970	-16.879	-13.663	0.472	3.267	0.968	10.945	0.000000	0.000000
1582082343012	1582082342992	-16.853	-11.105	-9.114	1.190	1.605	10.136	0.000000	0.000000
1582082343031	1582082343011	-15.334	-17.932	-12.310	-2.630	2.175	8.506	0.000000	0.000000
1582082343050	1582082343030	-15.102	-14.066	-13.057	-3.344	2.327	7.424	0.000000	0.000000
1582082343071	1582082343050	-17.905	-14.720	-12.576	-4.707	3.155	6.971	0.000000	0.000000
1582082343090	1582082343070	-17.229	-11.999	-10.291	-5.044	3.781	6.514	0.000000	0.000000
1582082343113	1582082343090	-19.807	-7.193	-11.431	-4.783	3.686	6.180	0.000000	0.000000
1582082343132	1582082343111	-16.774	-11.136	-12.816	-5.566	3.388	5.762	0.000000	0.000000
1582082343150	1582082343131	-17.579	-7.955	-11.968	-4.581	2.710	5.196	0.000000	0.000000
1582082343171	1582082343149	-15.639	-4.328	-11.984	-4.827	3.048	4.572	0.000000	0.000000
1582082343192	1582082343169	-14.752	-7.157	-10.252	-4.945	2.846	3.513	0.000000	0.000000
1582082343214	1582082343191	-10.539	-2.934	-9.184	-4.441	2.332	2.685	0.000000	0.000000
1582082343230	1582082343214	-7.681	0.396	-9.153	-4.080	1.491	2.373	0.000000	0.000000
1582082343250	1582082343229	-10.117	0.508	-7.426	-4.086	1.075	1.882	0.000000	0.000000
1582082343270	1582082343249	-9.020	-0.091	-5.076	-3.831	1.402	1.566	0.000000	0.000000
1582082343289	1582082343269	-5.465	0.480	-5.818	-2.872	0.652	1.770	0.000000	0.000000
1582082343313	1582082343289	-5.831	6.078	-3.911	-2.707	0.056	2.019	0.000000	0.000000
1582082343331	1582082343309	-7.583	5.982	-4.086	-2.446	0.579	1.983	0.000000	0.000000
1582082343350	1582082343330	-6.615	5.110	-3.957	-2.619	0.333	1.144	0.000000	0.000000
1582082343369	1582082343349	-7.120	7.728	-2.709	-2.314	-0.332	0.534	0.000000	0.000000
1582082343389	1582082343369	-6.818	9.810	-3.068	-2.447	-0.679	0.304	0.000000	0.000000
1582082343414	1582082343388	-5.168	8.461	-3.514	-3.059	-1.211	-0.113	0.000000	0.000000
1582082343429	1582082343413	-8.134	5.376	-1.782	-3.869	-1.820	-0.360	0.000000	0.000000
1582082343450	1582082343428	-12.117	2.049	2.003	-3.181	-1.506	-0.069	0.000000	0.000000
1582082343469	1582082343448	-11.521	2.683	-0.802	-1.980	-1.683	-0.206	0.000000	0.000000
1582082343488	1582082343468	-8.095	5.053	-0.409	-1.854	-3.219	0.000	0.000000	0.000000
1582082343511	1582082343488	-7.032	2.662	2.005	-0.626	-4.850	-0.005	0.000000	0.000000
1582082343533	1582082343511	-10.460	2.216	1.989	-0.393	-4.365	-0.495	0.000000	0.000000
1582082343552	1582082343533	-12.929	3.735	1.524	-1.111	-3.211	-0.651	0.000000	0.000000
1582082343569	1582082343548	-11.791	4.420	1.783	-0.814	-3.382	-0.832	0.000000	0.000000
1582082343588	1582082343568	-11.528	3.172	1.605	-0.133	-4.531	-1.145	0.000000	0.000000
1582082343614	1582082343587	-13.660	1.723	-0.603	0.391	-5.239	-1.332	0.000000	0.000000
1582082343628	1582082343607	-15.200	-0.476	-2.723	0.770	-5.492	-1.511	0.000000	0.000000
1582082343648	1582082343627	-14.494	-1.949	-4.668	1.973	-6.598	-1.677	0.000000	0.000000
1582082343669	1582082343648	-13.689	-3.224	-6.321	3.531	-8.242	-1.771	0.000000	0.000000
1582082343688	1582082343667	-11.921	-2.685	-8.044	5.486	-9.463	-1.728	0.000000	0.000000
1582082343708	1582082343688	-9.719	-2.242	-10.585	7.383	-10.185	-1.710	0.000000	0.000000
1582082343733	1582082343707	-7.669	-2.340	-10.863	8.893	-10.190	-1.634	0.000000	0.000000
1582082343752	1582082343727	-6.023	-0.768	-9.117	9.993	-9.762	-1.958	0.000000	0.000000
1582082343768	1582082343747	-7.137	-3.633	-8.856	9.772	-8.316	-2.015	0.000000	0.000000
1582082343788	1582082343766	-7.901	-7.857	-15.391	9.596	-6.619	-1.366	0.000000	0.000000
1582082343810	1582082343787	-3.572	-5.732	-21.456	9.854	-5.732	-0.612	0.000000	0.000000
1582082343836	1582082343806	-2.631	2.353	-19.513	9.330	-4.643	0.298	0.000000	0.000000
1582082343850	1582082343836	-5.970	6.111	-13.050	5.304	-3.576	1.110	0.000000	0.000000
1582082343871	1582082343849	-3.237	2.595	-8.041	0.087	-4.572	0.165	0.000000	0.000000
1582082343887	1582082343866	-1.225	3.414	-3.035	-2.851	-6.515	-1.784	0.000000	0.000000
1582082343907	1582082343886	-12.821	1.891	4.427	-3.556	-5.787	-1.864	0.000000	0.000000
1582082343929	1582082343906	-12.144	1.637	6.653	-1.739	-4.675	-0.686	0.000000	0.000000
1582082343948	1582082343926	-8.946	5.405	6.555	-0.176	-5.465	-0.254	0.000000	0.000000
1582082343966	1582082343948	-13.861	6.452	7.242	0.387	-5.743	0.363	0.000000	0.000000
1582082343986	1582082343966	-14.369	6.375	8.068	-0.329	-5.348	1.144	0.000000	0.000000
1582082344006	1582082343986	-14.333	4.339	7.946	-1.027	-5.614	1.013	0.000000	0.000000
1582082344035	1582082344005	-14.525	7.168	10.193	-1.165	-5.595	1.554	0.000000	0.000000
1582082344047	1582082344035	-11.252	14.005	12.134	-1.826	-4.946	1.618	0.000000	0.000000
1582082344071	1582082344047	-9.389	10.442	8.636	-1.488	-4.913	1.576	0.000000	0.000000
1582082344086	1582082344071	-8.057	6.104	9.602	-1.708	-3.285	1.752	0.000000	0.000000
1582082344106	1582082344085	-6.054	6.998	9.798	-1.086	-3.625	2.244	0.000000	0.000000
1582082344127	1582082344106	-3.010	4.823	10.749	0.167	-4.381	2.421	0.000000	0.000000
1582082344149	1582082344125	-2.734	5.206	9.324	0.059	-3.829	2.366	0.000000	0.000000
1582082344167	1582082344149	-5.005	6.861	9.101	-0.953	-2.921	2.524	0.000000	0.000000
1582082344186	1582082344167	-4.979	6.765	8.251	-1.483	-2.009	2.482	0.000000	0.000000
1582082344206	1582082344185	-3.350	5.941	6.799	-1.763	-1.685	2.257	0.000000	0.000000
1582082344225	1582082344205	-1.833	4.952	5.409	-2.199	-1.525	2.072	0.000000	0.000000
1582082344246	1582082344224	-1.016	4.427	4.624	-2.821	-1.324	2.001	0.000000	0.000000
1582082344266	1582082344245	-0.569	3.987	4.391	-3.357	-1.023	1.925	0.000000	0.000000
1582082344286	1582082344264	-0.094	3.048	4.171	-3.355	-0.772	1.936	0.000000	0.000000
1582082344305	1582082344285	-0.403	2.274	3.608	-3.080	-0.338	1.947	0.000000	0.000000
1582082344326	1582082344304	-1.412	1.019	3.701	-2.932	0.270	2.065	0.000000	0.000000
1582082344351	1582082344326	-1.596	-0.610	5.055	-2.569	0.638	2.098	0.000000	0.000000
1582082344366	1582082344348	-2.265	-1.873	5.989	-2.326	0.894	1.784	0.000000	0.000000
1582082344385	1582082344366	-1.577	-1.389	6.061	-1.983	0.824	1.250	0.000000	0.000000
1582082344404	1582082344384	-1.021	-1.523	6.281	-1.644	0.417	0.726	0.000000	0.000000
1582082344424	1582082344404	0.232	-0.079	7.129	-1.413	0.128	0.715	0.000000	0.000000
1582082344445	1582082344424	-0.200	0.389	7.965	-1.868	0.274	0.370	0.000000	0.000000
1582082344469	1582082344444	-1.414	-1.113	7.944	-2.377	0.448	0.243	0.000000	0.000000
1582082344486	1582082344469	-1.788	-2.067	8.253	-2.750	0.476	0.566	0.000000	0.000000
1582082344504	1582082344484	-2.617	-3.171	8.622	-2.411	0.406	0.793	0.000000	0.000000
1582082344525	1582082344503	-2.255	-3.451	9.647	-2.120	0.594	0.690	0.000000	0.000000
1582082344549	1582082344524	-1.805	-2.910	9.130	-2.097	0.593	0.410	0.000000	0.000000
1582082344566	1582082344547	-3.096	-2.958	8.845	-2.257	0.097	0.556	0.000000	0.000000
1582082344584	1582082344563	-3.460	-1.691	8.023	-1.585	0.092	0.620	0.000000	0.000000
1582082344604	1582082344583	0.531	-4.149	8.150	-1.408	-0.368	0.482	0.000000	0.000000
1582082344624	1582082344603	1.235	-6.199	8.303	-1.132	-1.438	0.810	0.000000	0.000000
1582082344648	1582082344623	0.045	-4.709	8.392	-0.983	-0.529	1.176	0.000000	0.000000
1582082344670	1582082344648	-1.256	-3.301	8.418	-1.271	0.640	1.073	0.000000	0.000000
1582082344685	1582082344665	-2.212	-3.430	8.306	-1.673	0.950	0.959	0.000000	0.000000
1582082344704	1582082344685	-1.960	-3.784	7.391	-1.905	0.532	0.955	0.000000	0.000000
1582082344723	1582082344703	-0.990	-5.627	6.389	-1.597	-0.067	0.921	0.000000	0.000000
1582082344752	1582082344722	-0.930	-6.820	5.857	-1.122	-0.549	1.027	0.000000	0.000000
1582082344764	1582082344747	-1.155	-7.047	6.516	-0.985	-0.429	1.103	0.000000	0.000000
1582082344785	1582082344762	-1.376	-5.854	6.291	-1.238	0.090	0.986	0.000000	0.000000
1582082344804	1582082344782	-2.806	-4.898	5.764	-1.948	0.614	0.744	0.000000	0.000000
1582082344823	1582082344802	-3.872	-5.926	4.863	-2.626	0.861	0.840	0.000000	0.000000
1582082344845	1582082344822	-3.398	-8.343	3.769	-2.682	0.727	0.868	0.000000	0.000000
1582082344870	1582082344844	-3.625	-10.588	2.832	-2.509	0.452	0.836	0.000000	0.000000
1582082344884	1582082344862	-3.970	-10.006	2.710	-2.697	0.392	0.790	0.000000	0.000000
1582082344902	1582082344884	-3.489	-8.190	3.119	-2.755	0.278	0.558	0.000000	0.000000
1582082344922	1582082344902	-2.602	-8.183	2.341	-2.834	-0.038	0.266	0.000000	0.000000
1582082344943	1582082344921	-1.790	-10.377	0.592	-3.452	-0.336	0.074	0.000000	0.000000
1582082344962	1582082344941	-2.073	-12.226	-0.472	-3.641	-0.127	-0.033	0.000000	0.000000
1582082344983	1582082344961	-4.294	-13.934	-0.876	-3.349	0.590	-0.155	0.000000	0.000000
1582082345004	1582082344981	-7.242	-15.034	-1.458	-3.522	1.180	-0.549	0.000000	0.000000
1582082345026	1582082345004	-8.510	-15.022	-4.141	-4.192	1.235	-1.105	0.000000	0.000000
1582082345043	1582082345024	-8.282	-13.407	-9.704	-5.700	1.022	-1.738	0.000000	0.000000
1582082345061	1582082345041	-10.273	-12.123	-15.927	-8.975	0.958	-2.414	0.000000	0.000000
1582082345082	1582082345060	-6.878	-19.547	-21.722	-12.452	0.901	-2.907	0.000000	0.000000
1582082345105	1582082345082	-3.661	-23.071	-21.058	-11.842	1.228	-2.523	0.000000	0.000000
1582082345121	1582082345102	-10.450	-14.986	-22.409	-9.220	3.411	-1.860	0.000000	0.000000
1582082345141	1582082345121	-15.413	-4.711	-16.909	-5.895	6.259	-0.810	0.000000	0.000000
1582082345162	1582082345141	-11.621	-5.904	-5.344	-3.016	6.780	0.293	0.000000	0.000000
1582082345183	1582082345161	-12.007	-2.831	-3.066	-1.039	7.055	0.679	0.000000	0.000000
1582082345203	1582082345181	-7.547	-0.203	-0.251	0.053	6.279	2.299	0.000000	0.000000
1582082345220	1582082345203	-10.256	-7.342	1.601	2.768	4.333	5.079	0.000000	0.000000
1582082345240	1582082345220	-10.062	-1.394	4.475	5.933	2.753	8.216	0.000000	0.000000
1582082345262	1582082345240	-5.879	-3.202	7.635	5.472	1.217	9.385	0.000000	0.000000
1582082345289	1582082345260	-7.954	-2.057	4.224	4.693	0.285	9.768	0.000000	0.000000
1582082345302	1582082345283	-13.164	-14.483	-0.483	1.394	0.719	10.000	0.000000	0.000000
1582082345321	1582082345300	-10.613	-19.619	-5.066	0.122	1.352	9.532	0.000000	0.000000
1582082345341	1582082345321	-12.524	-15.503	-8.676	-2.071	1.671	8.617	0.000000	0.000000
1582082345363	1582082345340	-12.728	-17.647	-8.525	-2.684	2.545	7.941	0.000000	0.000000
1582082345380	1582082345362	-16.743	-11.685	-9.028	-3.967	3.452	6.983	0.000000	0.000000
1582082345403	1582082345379	-17.136	-10.609	-9.766	-4.738	4.071	6.832	0.000000	0.000000
1582082345419	1582082345403	-15.330	-12.233	-10.609	-4.110	3.728	5.901	0.000000	0.000000
1582082345440	1582082345419	-18.326	-6.510	-9.289	-4.288	3.644	5.215	0.000000	0.000000
1582082345466	1582082345439	-19.047	-9.565	-9.706	-4.941	3.306	4.972	0.000000	0.000000
1582082345481	1582082345464	-18.295	-10.128	-8.460	-4.913	2.769	4.251	0.000000	0.000000
1582082345506	1582082345481	-14.470	-6.019	-9.016	-4.799	2.599	3.532	0.000000	0.000000
1582082345520	1582082345499	-12.323	-2.601	-7.732	-4.233	2.191	2.941	0.000000	0.000000
1582082345540	1582082345519	-10.004	-0.397	-6.918	-3.920	1.506	2.441	0.000000	0.000000
1582082345560	1582082345539	-6.179	0.269	-8.343	-3.872	0.619	2.123	0.000000	0.000000
1582082345580	1582082345559	-6.473	0.734	-7.392	-3.474	0.169	2.022	0.000000	0.000000
1582082345604	1582082345580	-8.038	2.487	-7.586	-3.393	0.724	2.022	0.000000	0.000000
1582082345621	1582082345604	-6.277	2.286	-8.547	-3.559	0.757	1.894	0.000000	0.000000
1582082345640	1582082345620	-4.629	1.792	-8.554	-3.606	0.031	1.570	0.000000	0.000000
1582082345659	1582082345638	-5.791	4.054	-7.320	-3.526	-0.130	1.412	0.000000	0.000000
1582082345681	1582082345658	-6.888	5.283	-5.766	-3.046	0.110	1.480	0.000000	0.000000
1582082345703	1582082345680	-6.576	5.956	-6.221	-2.470	-0.057	1.363	0.000000	0.000000
1582082345719	1582082345698	-6.706	8.207	-4.807	-2.385	-0.627	1.093	0.000000	0.000000
1582082345738	1582082345718	-8.819	7.968	-4.177	-1.848	-0.942	0.958	0.000000	0.000000
1582082345759	1582082345738	-7.381	8.052	-4.951	-2.087	-1.496	0.840	0.000000	0.000000
1582082345779	1582082345758	-5.228	5.635	-3.487	-2.792	-2.597	0.333	0.000000	0.000000
1582082345802	1582082345779	-7.954	2.082	0.980	-3.071	-3.253	0.091	0.000000	0.000000
1582082345820	1582082345802	-9.458	2.554	1.869	-2.007	-3.061	0.281	0.000000	0.000000
1582082345838	1582082345819	-8.311	6.662	1.191	-0.353	-3.193	0.396	0.000000	0.000000
1582082345857	1582082345838	-8.359	5.683	3.781	-0.053	-3.512	0.413	0.000000	0.000000
1582082345878	1582082345857	-9.818	1.543	3.536	-0.184	-3.223	0.166	0.000000	0.000000
1582082345904	1582082345878	-11.835	0.645	1.730	-0.779	-2.794	-0.853	0.000000	0.000000
1582082345918	1582082345902	-12.824	2.226	1.577	-0.511	-2.892	-1.186	0.000000	0.000000
1582082345938	1582082345917	-12.486	3.172	0.293	0.344	-3.649	-0.807	0.000000	0.000000
1582082345961	1582082345937	-13.396	2.207	-1.200	1.270	-4.971	-0.922	0.000000	0.000000
1582082345981	1582082345959	-14.177	1.102	-2.412	1.587	-6.034	-1.494	0.000000	0.000000
1582082346002	1582082345979	-12.314	-1.161	-3.832	1.804	-6.860	-1.917	0.000000	0.000000
1582082346019	1582082346002	-12.656	-3.250	-5.507	2.807	-7.757	-2.267	0.000000	0.000000
1582082346037	1582082346018	-10.996	-4.903	-5.986	4.228	-8.392	-2.238	0.000000	0.000000
1582082346058	1582082346037	-7.405	-2.699	-7.325	7.350	-9.294	-2.240	0.000000	0.000000
1582082346078	1582082346057	-6.009	-2.888	-10.027	8.955	-8.596	-1.810	0.000000	0.000000
1582082346102	1582082346077	-6.948	-3.478	-12.598	9.638	-6.430	-1.277	0.000000	0.000000
1582082346117	1582082346102	-6.148	-1.533	-16.591	9.527	-5.434	-0.691	0.000000	0.000000
1582082346137	1582082346117	-2.928	-2.584	-21.142	9.304	-5.502	-0.732	0.000000	0.000000
1582082346157	1582082346137	-0.715	0.681	-22.017	9.661	-4.633	-0.410	0.000000	0.000000
1582082346178	1582082346157	-3.031	5.338	-14.952	7.727	-3.187	0.443	0.000000	0.000000
1582082346197	1582082346176	-5.376	6.998	-8.501	3.828	-2.678	1.077	0.000000	0.000000
1582082346221	1582082346196	-0.128	3.378	-5.195	0.070	-4.558	-0.162	0.000000	0.000000
1582082346239	1582082346217	-5.319	2.453	-1.104	-1.384	-5.757	-1.404	0.000000	0.000000
1582082346257	1582082346238	-8.984	0.956	2.468	-1.795	-4.530	-1.004	0.000000	0.000000
1582082346276	1582082346255	-7.693	0.156	4.181	-0.446	-4.949	-0.668	0.000000	0.000000
1582082346297	1582082346276	-9.671	2.259	5.484	0.302	-5.663	-0.263	0.000000	0.000000
1582082346317	1582082346296	-11.897	3.330	7.462	0.058	-5.346	0.027	0.000000	0.000000
1582082346337	1582082346316	-11.360	4.899	6.895	0.031	-5.847	0.329	0.000000	0.000000
1582082346356	1582082346337	-13.485	5.685	7.635	0.004	-5.898	0.397	0.000000	0.000000
1582082346375	1582082346356	-13.298	4.456	8.794	-0.159	-5.596	0.679	0.000000	0.000000
1582082346396	1582082346375	-10.613	5.431	14.337	0.141	-5.820	1.047	0.000000	0.000000
1582082346420	1582082346395	-9.331	12.031	11.365	-0.012	-5.614	1.148	0.000000	0.000000
1582082346440	1582082346415	-14.115	8.567	10.018	-0.081	-4.699	1.286	0.000000	0.000000
1582082346456	1582082346436	-7.875	8.792	11.156	-0.639	-3.879	1.901	0.000000	0.000000
1582082346476	1582082346455	-5.388	7.393	11.530	-0.359	-4.132	1.827	0.000000	0.000000
1582082346500	1582082346475	-4.351	6.998	10.256	0.113	-3.658	2.362	0.000000	0.000000
1582082346524	1582082346497	-4.083	7.094	8.897	-0.095	-2.987	2.550	0.000000	0.000000
1582082346537	1582082346524	-2.504	6.509	8.902	-0.594	-2.631	2.719	0.000000	0.000000
1582082346559	1582082346534	-1.158	6.186	8.277	-1.036	-2.569	2.597	0.000000	0.000000
1582082346576	1582082346559	0.270	6.758	6.938	-1.212	-2.335	2.352	0.000000	0.000000
1582082346595	1582082346574	-1.448	5.817	6.315	-1.156	-1.565	2.259	0.000000	0.000000
1582082346624	1582082346594	-1.450	4.842	4.585	-1.753	-0.668	2.489	0.000000	0.000000
1582082346639	1582082346616	-0.346	4.435	4.135	-2.930	-0.148	2.124	0.000000	0.000000
1582082346654	1582082346639	-0.003	3.579	4.341	-3.076	-0.078	1.769	0.000000	0.000000
1582082346675	1582082346654	-0.808	2.106	4.485	-2.447	-0.048	1.850	0.000000	0.000000
1582082346694	1582082346675	-1.412	2.286	3.378	-1.900	0.334	1.949	0.000000	0.000000
1582082346719	1582082346694	-1.927	2.226	3.967	-2.096	0.700	1.878	0.000000	0.000000
1582082346736	1582082346719	-2.669	0.424	5.457	-2.340	0.946	1.664	0.000000	0.000000
1582082346758	1582082346736	-2.315	-1.068	5.867	-2.478	0.862	1.516	0.000000	0.000000
1582082346774	1582082346758	-2.111	-1.152	5.891	-2.589	0.439	1.140	0.000000	0.000000
1582082346795	1582082346773	-1.019	0.108	6.241	-2.709	0.214	0.981	0.000000	0.000000
1582082346821	1582082346793	-0.288	0.652	7.017	-2.755	0.051	0.815	0.000000	0.000000
1582082346839	1582082346814	-0.528	0.063	7.093	-2.701	0.220	0.687	0.000000	0.000000
1582082346855	1582082346836	-0.969	-1.921	7.537	-2.869	0.393	0.605	0.000000	0.000000
1582082346874	1582082346853	-1.304	-2.187	8.406	-2.637	0.406	0.626	0.000000	0.000000
1582082346895	1582082346873	-1.445	-1.094	8.610	-2.410	0.348	0.775	0.000000	0.000000
1582082346914	1582082346893	-2.056	-1.581	9.707	-2.027	0.401	0.817	0.000000	0.000000
1582082346936	1582082346914	-1.960	-2.841	9.621	-1.524	0.621	0.735	0.000000	0.000000
1582082346959	1582082346934	-3.443	-3.087	8.246	-1.765	0.809	0.586	0.000000	0.000000
1582082346974	1582082346953	-2.878	-2.879	7.841	-1.791	0.529	0.814	0.000000	0.000000
1582082346994	1582082346972	-0.068	-3.114	9.031	-1.205	-0.111	0.943	0.000000	0.000000
1582082347015	1582082346993	-1.620	-4.182	9.122	-1.001	-0.589	1.046	0.000000	0.000000
1582082347041	1582082347015	-2.475	-4.448	9.242	-1.182	0.121	1.232	0.000000	0.000000
1582082347054	1582082347041	-2.411	-4.077	8.512	-1.392	0.396	1.128	0.000000	0.000000
1582082347073	1582082347052	-2.746	-4.314	8.001	-1.980	0.263	1.075	0.000000	0.000000
1582082347093	1582082347072	-2.538	-4.527	8.100	-1.597	0.229	1.009	0.000000	0.000000
1582082347113	1582082347092	-1.833	-4.505	7.803	-0.892	-0.032	1.034	0.000000	0.000000
1582082347138	1582082347112	-1.508	-5.567	8.059	-0.796	-0.356	0.987	0.000000	0.000000
1582082347154	1582082347137	-1.337	-5.198	7.503	-0.513	-0.442	1.031	0.000000	0.000000
1582082347175	1582082347154	-2.150	-5.068	7.465	-0.720	-0.156	0.914	0.000000	0.000000
1582082347192	1582082347174	-2.629	-5.981	6.710	-1.076	0.135	0.850	0.000000	0.000000
1582082347213	1582082347192	-2.444	-6.836	6.111	-1.587	0.174	0.880	0.000000	0.000000
1582082347236	1582082347211	-2.241	-7.320	5.496	-1.802	0.134	0.878	0.000000	0.000000
1582082347253	1582082347236	-2.265	-7.792	5.158	-1.959	0.040	0.765	0.000000	0.000000
1582082347273	1582082347252	-2.281	-8.209	4.387	-2.242	-0.054	0.617	0.000000	0.000000
1582082347292	1582082347271	-2.104	-8.959	3.749	-2.464	-0.059	0.685	0.000000	0.000000
1582082347312	1582082347291	-3.232	-9.421	3.452	-2.788	0.332	0.538	0.000000	0.000000
1582082347336	1582082347311	-4.492	-8.923	3.182	-3.256	0.759	0.462	0.000000	0.000000
1582082347355	1582082347336	-4.095	-8.760	2.082	-3.695	0.625	0.419	0.000000	0.000000
1582082347374	1582082347351	-3.925	-10.190	0.923	-3.586	0.218	0.240	0.000000	0.000000
1582082347391	1582082347374	-4.780	-12.736	0.170	-3.036	0.123	0.036	0.000000	0.000000
1582082347412	1582082347391	-6.612	-15.038	-0.979	-3.048	0.449	-0.096	0.000000	0.000000
1582082347438	1582082347410	-8.507	-15.297	-2.845	-3.695	0.878	-0.500	0.000000	0.000000
1582082347450	1582082347437	-9.420	-13.975	-6.273	-4.728	1.215	-1.163	0.000000	0.000000
1582082347471	1582082347450	-9.839	-12.238	-10.894	-6.623	1.199	-1.441	0.000000	0.000000
1582082347491	1582082347469	-7.662	-16.845	-14.955	-8.999	0.663	-1.489	0.000000	0.000000
1582082347510	1582082347489	-5.103	-21.823	-18.042	-11.036	1.017	-1.148	0.000000	0.000000
1582082347532	1582082347509	-9.408	-21.571	-19.813	-11.575	2.759	-0.680	0.000000	0.000000
1582082347557	1582082347531	-14.805	-19.077	-14.284	-6.589	4.851	0.031	0.000000	0.000000
1582082347573	1582082347554	-13.229	-10.307	-3.452	-0.229	6.295	0.363	0.000000	0.000000
1582082347591	1582082347572	-8.833	0.568	-3.705	0.068	6.701	0.147	0.000000	0.000000
1582082347610	1582082347590	-9.590	5.515	-4.506	0.095	6.579	1.827	0.000000	0.000000
1582082347635	1582082347609	-12.148	4.300	-1.269	3.596	5.955	3.818	0.000000	0.000000
1582082347651	1582082347629	-12.453	3.761	2.063	5.007	5.108	5.672	0.000000	0.000000
1582082347670	1582082347651	-10.007	5.156	8.612	3.417	3.207	6.628	0.000000	0.000000
1582082347692	1582082347670	-13.463	-6.218	8.538	2.271	1.129	7.710	0.000000	0.000000
1582082347711	1582082347689	-15.931	-11.072	0.214	2.107	0.691	9.634	0.000000	0.000000
1582082347730	1582082347709	-15.430	-16.493	-4.827	0.286	0.816	9.819	0.000000	0.000000
1582082347758	1582082347730	-13.646	-17.724	-8.856	-1.351	1.279	8.413	0.000000	0.000000
1582082347773	1582082347749	-13.600	-12.092	-9.016	-2.438	2.311	7.484	0.000000	0.000000
1582082347790	1582082347773	-17.181	-13.826	-9.756	-3.721	3.208	6.796	0.000000	0.000000
1582082347810	1582082347789	-16.508	-8.942	-8.765	-3.824	3.582	6.325	0.000000	0.000000
1582082347829	1582082347809	-17.850	-12.768	-10.655	-3.797	3.347	6.095	0.000000	0.000000
1582082347850	1582082347828	-17.186	-9.998	-10.248	-4.319	3.452	5.550	0.000000	0.000000
1582082347870	1582082347850	-17.807	-7.541	-10.612	-3.859	3.168	5.552	0.000000	0.000000
1582082347890	1582082347869	-16.034	-10.123	-9.759	-3.542	3.072	4.902	0.000000	0.000000
1582082347909	1582082347888	-11.195	-5.540	-10.511	-3.420	2.683	3.688	0.000000	0.000000
1582082347928	1582082347908	-13.384	-2.299	-8.417	-3.465	2.416	3.142	0.000000	0.000000
1582082347950	1582082347928	-11.125	-1.961	-8.084	-3.639	2.736	2.537	0.000000	0.000000
1582082347977	1582082347948	-8.342	0.010	-7.610	-3.450	1.815	2.210	0.000000	0.000000
1582082347992	1582082347972	-9.566	3.004	-7.531	-3.399	1.628	2.210	0.000000	0.000000
1582082348009	1582082347988	-10.059	4.135	-6.563	-3.215	1.847	2.099	0.000000	0.000000
1582082348029	1582082348008	-9.073	2.842	-6.580	-3.044	1.361	1.854	0.000000	0.000000
1582082348051	1582082348028	-5.683	4.092	-8.920	-3.298	0.482	1.343	0.000000	0.000000
1582082348069	1582082348050	-4.320	3.836	-7.742	-3.338	-0.243	0.854	0.000000	0.000000
1582082348093	1582082348068	-7.652	4.003	-5.239	-2.736	0.248	0.887	0.000000	0.000000
1582082348109	1582082348087	-7.796	5.726	-4.827	-2.694	0.640	1.085	0.000000	0.000000
1582082348128	1582082348107	-5.518	4.042	-5.885	-2.498	0.092	0.819	0.000000	0.000000
1582082348149	1582082348127	-5.554	3.534	-4.156	-2.332	-0.759	0.315	0.000000	0.000000
1582082348170	1582082348148	-5.963	4.746	-1.777	-2.195	-0.858	0.185	0.000000	0.000000
1582082348189	1582082348170	-10.397	7.518	0.959	-2.470	-0.646	0.441	0.000000	0.000000
1582082348208	1582082348189	-12.180	6.214	1.407	-1.545	-0.416	0.517	0.000000	0.000000
1582082348227	1582082348207	-10.179	3.110	-1.080	-1.235	-1.159	-0.129	0.000000	0.000000
1582082348248	1582082348227	-7.920	2.164	0.290	-1.215	-2.836	-0.159	0.000000	0.000000
1582082348268	1582082348246	-9.904	6.291	1.929	-0.913	-3.739	0.374	0.000000	0.000000
1582082348290	1582082348268	-9.894	6.888	3.198	0.373	-3.696	0.611	0.000000	0.000000
1582082348308	1582082348288	-9.801	4.715	2.676	0.577	-4.016	0.105	0.000000	0.000000
1582082348328	1582082348308	-12.496	4.962	1.404	-0.353	-4.150	-0.291	0.000000	0.000000
1582082348347	1582082348326	-12.769	4.638	0.020	-0.412	-4.338	-0.251	0.000000	0.000000
1582082348372	1582082348346	-12.814	2.815	-0.915	0.273	-5.274	-0.434	0.000000	0.000000
1582082348391	1582082348369	-14.117	-0.124	-1.906	0.739	-6.168	-0.664	0.000000	0.000000
1582082348408	1582082348386	-14.652	-5.334	-2.431	1.373	-7.088	-0.943	0.000000	0.000000
1582082348427	1582082348407	-12.683	-7.267	-3.825	3.164	-8.175	-1.031	0.000000	0.000000
1582082348447	1582082348426	-11.458	-5.421	-6.499	5.426	-9.162	-0.809	0.000000	0.000000
1582082348467	1582082348446	-9.140	-5.370	-8.561	7.255	-9.414	-0.345	0.000000	0.000000
1582082348487	1582082348466	-6.277	-4.046	-10.149	9.211	-9.375	-0.313	0.000000	0.000000
1582082348513	1582082348487	-6.593	-3.715	-11.036	9.073	-8.480	-0.262	0.000000	0.000000
1582082348527	1582082348507	-7.142	-3.787	-11.292	8.214	-7.458	-0.218	0.000000	0.000000
1582082348547	1582082348526	-6.723	-2.972	-13.822	7.419	-7.295	-0.527	0.000000	0.000000
1582082348568	1582082348545	-4.234	-3.746	-19.901	7.014	-7.123	-0.733	0.000000	0.000000
1582082348591	1582082348568	-3.505	0.230	-18.682	7.847	-5.583	-0.239	0.000000	0.000000
1582082348607	1582082348591	-5.276	7.733	-11.735	6.240	-3.761	0.952	0.000000	0.000000
1582082348626	1582082348606	-3.877	4.880	-6.532	0.768	-4.670	0.832	0.000000	0.000000
1582082348646	1582082348625	-5.371	0.451	-0.591	-1.178	-6.161	-0.560	0.000000	0.000000
1582082348667	1582082348645	-13.147	-0.136	2.940	-1.913	-5.960	-0.933	0.000000	0.000000
1582082348686	1582082348664	-11.801	0.262	5.366	-1.439	-6.145	-0.603	0.000000	0.000000
1582082348705	1582082348686	-9.063	4.492	8.243	-0.898	-7.417	0.056	0.000000	0.000000
1582082348725	1582082348705	-10.661	7.748	8.104	-0.648	-7.364	0.589	0.000000	0.000000
1582082348746	1582082348725	-13.717	5.103	8.181	-1.400	-6.738	0.757	0.000000	0.000000
1582082348766	1582082348746	-12.527	4.367	10.845	-2.262	-6.580	1.371	0.000000	0.000000
1582082348785	1582082348764	-8.340	8.723	14.728	-1.700	-6.751	1.511	0.000000	0.000000
1582082348805	1582082348784	-6.502	8.349	12.076	-1.093	-6.264	1.476	0.000000	0.000000
1582082348827	1582082348804	-4.859	7.532	11.595	-0.692	-4.925	1.905	0.000000	0.000000
1582082348846	1582082348826	-3.120	7.041	12.641	-1.529	-3.395	1.682	0.000000	0.000000
1582082348865	1582082348844	-3.898	6.325	12.804	-0.956	-3.482	2.114	0.000000	0.000000
1582082348886	1582082348864	-2.751	7.609	11.767	-0.085	-2.785	2.341	0.000000	0.000000
1582082348905	1582082348885	-2.971	7.410	9.915	-0.317	-2.281	2.171	0.000000	0.000000
1582082348927	1582082348905	-4.035	6.234	8.718	-1.099	-1.749	2.489	0.000000	0.000000
1582082348945	1582082348926	-2.305	5.249	7.980	-1.562	-1.337	2.631	0.000000	0.000000
1582082348964	1582082348944	-0.882	4.252	7.007	-1.671	-1.460	2.478	0.000000	0.000000
1582082348991	1582082348964	-0.020	3.486	6.210	-1.778	-1.290	2.262	0.000000	0.000000
1582082349005	1582082348984	0.629	4.315	5.163	-1.786	-0.843	2.012	0.000000	0.000000
1582082349026	1582082349004	0.253	5.266	4.897	-1.971	-0.278	1.805	0.000000	0.000000
1582082349044	1582082349024	-0.111	6.133	3.905	-2.096	0.220	1.873	0.000000	0.000000
1582082349065	1582082349043	-0.487	5.881	3.874	-2.922	0.683	1.835	0.000000	0.000000
1582082349087	1582082349063	-2.602	2.391	4.296	-3.720	0.715	1.794	0.000000	0.000000
1582082349105	1582082349086	-4.246	-2.009	5.558	-3.972	0.802	2.007	0.000000	0.000000
1582082349128	1582082349105	-4.892	-6.276	7.379	-3.792	1.096	1.822	0.000000	0.000000
1582082349144	1582082349124	-2.166	-5.401	6.856	-2.437	0.591	1.363	0.000000	0.000000
1582082349164	1582082349143	0.296	-1.511	6.066	-1.992	-0.452	0.859	0.000000	0.000000
1582082349184	1582082349162	1.724	0.484	4.933	-1.566	-1.005	0.764	0.000000	0.000000
1582082349208	1582082349183	0.874	0.235	6.583	-2.146	-0.586	0.695	0.000000	0.000000
1582082349228	1582082349208	-1.309	-3.578	8.224	-2.589	0.540	0.655	0.000000	0.000000
1582082349248	1582082349228	-2.104	-5.895	8.792	-2.146	0.996	1.091	0.000000	0.000000
1582082349263	1582082349242	-1.524	-4.771	8.483	-1.524	0.737	1.023	0.000000	0.000000
1582082349284	1582082349263	-1.234	-3.320	8.919	-0.776	0.734	0.752	0.000000	0.000000
1582082349309	1582082349282	-2.480	-2.369	9.228	-0.574	0.893	0.739	0.000000	0.000000
1582082349328	1582082349303	-4.540	-2.302	8.476	-1.573	0.908	0.715	0.000000	0.000000
1582082349344	1582082349326	-3.345	-1.954	7.865	-1.799	0.576	0.679	0.000000	0.000000
1582082349363	1582082349342	0.778	-3.943	7.903	-1.847	-0.398	0.515	0.000000	0.000000
1582082349384	1582082349362	1.942	-6.163	7.455	-1.642	-1.685	0.803	0.000000	0.000000
1582082349404	1582082349382	1.611	-6.089	6.674	-1.229	-1.040	1.021	0.000000	0.000000
1582082349423	1582082349404	0.196	-5.353	7.043	-1.768	0.394	0.965	0.000000	0.000000
1582082349444	1582082349422	-2.911	-4.850	7.740	-1.800	1.395	1.066	0.000000	0.000000
1582082349462	1582082349442	-4.780	-4.584	7.086	-1.723	1.713	1.081	0.000000	0.000000
1582082349483	1582082349462	-3.136	-5.437	5.968	-2.116	0.664	0.982	0.000000	0.000000
1582082349502	1582082349482	-0.743	-6.295	5.340	-2.019	-0.750	0.921	0.000000	0.000000
1582082349526	1582082349501	0.081	-6.012	4.806	-1.466	-1.350	0.976	0.000000	0.000000
1582082349544	1582082349525	-1.385	-5.799	4.954	-1.209	-0.925	1.001	0.000000	0.000000
1582082349563	1582082349541	-2.720	-6.879	5.227	-1.348	0.051	1.164	0.000000	0.000000
1582082349582	1582082349561	-3.934	-8.151	4.820	-1.797	0.698	1.256	0.000000	0.000000
1582082349602	1582082349581	-4.835	-8.985	3.654	-2.491	0.826	1.135	0.000000	0.000000
1582082349625	1582082349603	-3.879	-9.529	2.128	-3.018	0.534	0.977	0.000000	0.000000
1582082349644	1582082349625	-3.223	-8.990	1.672	-2.699	0.042	0.881	0.000000	0.000000
1582082349661	1582082349643	-3.187	-8.611	1.308	-2.442	-0.111	0.790	0.000000	0.000000
1582082349682	1582082349661	-3.582	-9.328	1.143	-2.774	0.052	0.624	0.000000	0.000000
1582082349704	1582082349681	-4.425	-10.518	0.741	-2.688	0.354	0.626	0.000000	0.000000
1582082349725	1582082349700	-5.036	-10.858	0.309	-2.329	0.724	0.709	0.000000	0.000000
1582082349742	1582082349725	-6.037	-11.979	-0.007	-1.964	0.754	0.622	0.000000	0.000000
1582082349761	1582082349740	-7.137	-15.359	-0.673	-1.530	0.390	0.492	0.000000	0.000000
1582082349781	1582082349760	-8.457	-17.535	-0.879	-1.549	0.184	0.165	0.000000	0.000000
1582082349801	1582082349780	-10.802	-15.496	-2.699	-2.870	0.372	-0.739	0.000000	0.000000
1582082349823	1582082349800	-13.423	-14.430	-7.373	-5.816	0.733	-1.586	0.000000	0.000000
1582082349844	1582082349824	-12.520	-17.331	-12.332	-9.102	1.370	-1.909	0.000000	0.000000
1582082349868	1582082349843	-10.330	-21.111	-16.416	-11.089	2.295	-1.488	0.000000	0.000000
1582082349880	1582082349862	-11.437	-17.364	-17.899	-11.728	3.785	-1.030	0.000000	0.000000
1582082349901	1582082349880	-12.374	-14.555	-15.757	-9.865	5.580	-0.190	0.000000	0.000000
1582082349925	1582082349899	-13.207	-14.104	-8.496	-2.913	7.062	0.275	0.000000	0.000000
1582082349940	1582082349919	-10.541	-4.153	-4.220	-0.144	7.891	0.485	0.000000	0.000000
1582082349960	1582082349939	-5.918	6.246	-4.105	-1.385	7.290	1.914	0.000000	0.000000
1582082349981	1582082349959	-12.718	-3.931	-1.964	2.132	5.970	3.653	0.000000	0.000000
1582082350000	1582082349979	-8.215	-0.459	2.489	5.553	5.573	4.828	0.000000	0.000000
1582082350021	1582082349999	-4.691	4.274	3.397	4.770	2.721	5.595	0.000000	0.000000
1582082350045	1582082350021	-8.031	3.737	4.921	2.903	0.975	7.134	0.000000	0.000000
1582082350061	1582082350043	-16.319	-11.570	3.342	2.905	0.219	9.434	0.000000	0.000000
1582082350080	1582082350060	-13.025	-14.370	-2.148	1.651	0.665	10.106	0.000000	0.000000
1582082350100	1582082350079	-11.727	-15.913	-6.118	-0.503	0.465	9.532	0.000000	0.000000
1582082350124	1582082350099	-14.254	-19.626	-10.799	-2.418	1.238	8.491	0.000000	0.000000
1582082350141	1582082350119	-14.822	-13.970	-10.648	-3.228	2.989	7.610	0.000000	0.000000
1582082350159	1582082350139	-18.099	-12.820	-11.884	-4.407	3.577	6.802	0.000000	0.000000
1582082350181	1582082350158	-16.937	-12.676	-9.812	-5.206	3.790	5.672	0.000000	0.000000
1582082350199	1582082350178	-16.982	-10.238	-9.895	-4.495	3.240	5.218	0.000000	0.000000
1582082350221	1582082350198	-16.513	-8.307	-8.801	-4.250	3.309	5.272	0.000000	0.000000
1582082350247	1582082350219	-17.924	-6.561	-8.456	-4.150	3.154	4.985	0.000000	0.000000
1582082350263	1582082350242	-13.964	-6.142	-9.045	-4.518	3.042	4.222	0.000000	0.000000
1582082350279	1582082350260	-11.978	-5.701	-8.904	-4.551	2.446	3.294	0.000000	0.000000
1582082350299	1582082350278	-9.607	-2.412	-8.183	-4.547	2.260	2.531	0.000000	0.000000
1582082350319	1582082350299	-7.640	-2.237	-7.739	-4.135	1.593	2.330	0.000000	0.000000
1582082350347	1582082350317	-8.122	1.936	-6.027	-3.051	1.195	2.490	0.000000	0.000000
1582082350360	1582082350347	-7.091	4.677	-5.715	-2.564	1.192	2.544	0.000000	0.000000
1582082350382	1582082350360	-6.699	4.037	-6.197	-2.865	1.002	2.026	0.000000	0.000000
1582082350398	1582082350377	-6.804	1.809	-5.960	-3.045	0.709	1.738	0.000000	0.000000
1582082350417	1582082350397	-6.208	4.375	-5.507	-3.154	0.504	1.605	0.000000	0.000000
1582082350443	1582082350417	-6.615	6.523	-5.368	-2.473	0.183	1.754	0.000000	0.000000
1582082350463	1582082350437	-9.096	4.892	-2.352	-1.549	0.176	1.736	0.000000	0.000000
1582082350479	1582082350458	-7.063	6.028	-3.150	-1.265	0.103	1.422	0.000000	0.000000
1582082350498	1582082350476	-6.370	8.258	-3.842	-2.418	-0.678	0.921	0.000000	0.000000
1582082350517	1582082350497	-8.553	6.567	-2.716	-2.259	-0.771	0.659	0.000000	0.000000
1582082350538	1582082350517	-9.985	4.744	-1.449	-1.675	-1.338	0.407	0.000000	0.000000
1582082350559	1582082350538	-10.464	3.948	-1.664	-1.677	-2.087	-0.118	0.000000	0.000000
1582082350582	1582082350559	-9.542	4.863	-0.642	-1.653	-3.348	-0.362	0.000000	0.000000
1582082350597	1582082350576	-8.569	4.109	0.182	-1.031	-4.086	-0.475	0.000000	0.000000
1582082350617	1582082350596	-9.724	2.866	-0.476	-1.426	-3.508	-0.655	0.000000	0.000000
1582082350638	1582082350616	-12.388	4.514	-1.200	-2.017	-2.681	-0.709	0.000000	0.000000
1582082350661	1582082350638	-13.423	5.711	-2.019	-2.487	-2.831	-0.937	0.000000	0.000000
1582082350678	1582082350660	-11.820	4.051	-1.423	-2.397	-3.972	-1.307	0.000000	0.000000
1582082350698	1582082350678	-12.268	1.912	-1.231	-1.471	-5.101	-1.991	0.000000	0.000000
1582082350717	1582082350696	-15.181	0.513	-2.992	-0.575	-5.436	-2.252	0.000000	0.000000
1582082350737	1582082350716	-16.460	-1.607	-5.112	0.420	-5.820	-2.343	0.000000	0.000000
1582082350756	1582082350735	-14.901	-3.351	-6.707	2.536	-7.237	-2.261	0.000000	0.000000
1582082350782	1582082350756	-13.162	-2.659	-7.823	5.567	-9.134	-2.012	0.000000	0.000000
1582082350797	1582082350776	-9.921	-3.399	-9.924	8.098	-10.347	-1.427	0.000000	0.000000
1582082350816	1582082350795	-5.508	-3.435	-10.513	10.701	-10.748	-1.066	0.000000	0.000000
1582082350838	1582082350816	-3.534	-2.033	-9.416	11.515	-10.078	-1.255	0.000000	0.000000
1582082350859	1582082350835	-2.813	-2.704	-8.805	10.512	-8.354	-1.474	0.000000	0.000000
1582082350879	1582082350859	-4.607	-9.332	-12.042	9.211	-6.860	-2.019	0.000000	0.000000
1582082350897	1582082350875	-4.629	-6.000	-17.695	8.660	-5.777	-1.690	0.000000	0.000000
1582082350917	1582082350897	-4.368	1.874	-16.984	7.666	-4.887	-0.970	0.000000	0.000000
1582082350937	1582082350915	-3.383	5.187	-14.315	5.753	-4.761	-0.746	0.000000	0.000000
1582082350955	1582082350935	-3.558	5.424	-10.082	2.909	-4.653	-0.747	0.000000	0.000000
1582082350977	1582082350955	-4.078	2.513	-4.446	-0.553	-4.881	-1.476	0.000000	0.000000
1582082350999	1582082350977	-8.771	-1.238	3.709	-2.478	-5.399	-2.057	0.000000	0.000000
1582082351015	1582082350998	-10.457	-3.027	8.435	-1.978	-5.549	-1.572	0.000000	0.000000
1582082351036	1582082351015	-8.248	2.192	11.175	-0.828	-6.015	-0.451	0.000000	0.000000
1582082351058	1582082351035	-12.771	4.123	11.619	0.460	-6.227	0.462	0.000000	0.000000
1582082351076	1582082351058	-13.567	3.999	12.067	0.687	-5.997	1.095	0.000000	0.000000
1582082351096	1582082351075	-15.131	4.229	11.295	0.412	-5.919	1.112	0.000000	0.000000
1582082351114	1582082351094	-16.297	6.658	13.415	-0.077	-5.505	1.500	0.000000	0.000000
1582082351134	1582082351114	-9.101	11.319	10.457	-0.594	-5.025	1.681	0.000000	0.000000
1582082351159	1582082351134	-13.614	9.640	9.628	-0.567	-4.170	1.477	0.000000	0.000000
1582082351176	1582082351159	-3.795	5.884	12.155	-0.029	-3.561	1.748	0.000000	0.000000
1582082351195	1582082351175	-4.420	8.433	11.743	1.190	-4.071	1.242	0.000000	0.000000
1582082351215	1582082351194	-5.091	8.442	9.206	0.854	-2.899	1.721	0.000000	0.000000
1582082351234	1582082351214	-4.416	5.960	9.772	0.091	-2.366	2.143	0.000000	0.000000
1582082351254	1582082351234	-1.093	6.531	10.490	-0.059	-2.470	2.157	0.000000	0.000000
1582082351280	1582082351254	-1.761	6.456	9.240	-0.635	-2.162	1.886	0.000000	0.000000
1582082351295	1582082351274	-2.993	4.698	6.998	-1.211	-1.191	1.914	0.000000	0.000000
1582082351316	1582082351294	-2.976	4.710	7.098	-1.111	-0.865	1.815	0.000000	0.000000
1582082351334	1582082351313	-2.128	5.932	7.589	-0.829	-0.836	1.647	0.000000	0.000000
1582082351356	1582082351333	-2.080	5.960	6.562	-1.058	-0.903	1.755	0.000000	0.000000
1582082351377	1582082351356	-2.844	5.079	5.929	-1.212	-0.642	1.901	0.000000	0.000000
1582082351395	1582082351374	-2.162	4.511	4.631	-1.687	-0.246	1.914	0.000000	0.000000
1582082351415	1582082351395	-1.790	4.535	4.171	-2.141	-0.229	1.771	0.000000	0.000000
1582082351435	1582082351413	-2.293	3.963	3.761	-2.417	-0.073	1.711	0.000000	0.000000
1582082351454	1582082351432	-2.245	3.081	3.948	-2.752	0.274	1.664	0.000000	0.000000
1582082351473	1582082351452	-1.977	1.924	4.569	-3.174	0.353	1.566	0.000000	0.000000
1582082351495	1582082351473	-1.266	1.392	5.510	-3.202	0.154	1.465	0.000000	0.000000
1582082351515	1582082351493	-0.396	1.735	4.978	-2.498	0.120	1.161	0.000000	0.000000
1582082351534	1582082351513	-0.719	1.474	5.721	-1.972	0.132	0.944	0.000000	0.000000
1582082351554	1582082351532	-1.421	-1.044	6.993	-1.710	0.362	0.766	0.000000	0.000000
1582082351574	1582082351553	-1.467	-2.448	7.105	-2.128	0.567	0.854	0.000000	0.000000
1582082351596	1582082351573	-1.172	-3.341	7.129	-3.044	0.776	0.656	0.000000	0.000000
1582082351614	1582082351592	-0.626	-2.723	7.803	-3.016	0.486	0.693	0.000000	0.000000
1582082351633	1582082351612	-0.398	-1.566	8.648	-2.542	0.107	0.665	0.000000	0.000000
1582082351653	1582082351632	-0.904	-1.708	9.606	-2.047	-0.003	0.693	0.000000	0.000000
1582082351673	1582082351652	-1.603	-3.018	9.640	-1.931	0.226	0.599	0.000000	0.000000
1582082351694	1582082351673	-1.817	-3.248	8.852	-2.256	0.457	0.533	0.000000	0.000000
1582082351713	1582082351692	-2.154	-1.334	7.338	-2.358	0.197	0.670	0.000000	0.000000
1582082351732	1582082351711	-0.787	-1.911	7.700	-1.871	-0.136	0.764	0.000000	0.000000
1582082351753	1582082351732	-0.097	-4.791	8.136	-1.442	-0.472	0.632	0.000000	0.000000
1582082351773	1582082351752	-1.390	-6.252	8.799	-1.732	-0.231	0.810	0.000000	0.000000
1582082351792	1582082351772	-2.138	-5.912	9.063	-1.639	0.449	0.916	0.000000	0.000000
1582082351818	1582082351792	-1.929	-4.280	7.953	-1.607	0.449	0.904	0.000000	0.000000
1582082351833	1582082351812	-0.947	-2.340	7.510	-2.301	0.068	0.888	0.000000	0.000000
1582082351851	1582082351831	-0.822	-1.475	7.939	-1.868	-0.251	0.982	0.000000	0.000000
1582082351876	1582082351851	-1.718	-3.389	7.644	-1.271	-0.113	1.052	0.000000	0.000000
1582082351892	1582082351873	-2.753	-5.171	6.497	-1.326	0.139	1.278	0.000000	0.000000
1582082351913	1582082351891	-3.623	-6.182	5.716	-1.617	0.218	1.299	0.000000	0.000000
1582082351932	1582082351911	-2.933	-6.386	5.203	-2.014	-0.142	1.245	0.000000	0.000000
1582082351951	1582082351932	-1.280	-6.604	4.181	-2.099	-0.574	1.070	0.000000	0.000000
1582082351971	1582082351951	-2.020	-8.242	2.549	-2.521	-0.562	1.081	0.000000	0.000000
1582082351999	1582082351970	-2.954	-9.960	2.841	-2.848	-0.120	1.163	0.000000	0.000000
1582082352016	1582082351993	-3.103	-10.798	3.285	-2.509	0.240	1.113	0.000000	0.000000
1582082352030	1582082352011	-3.029	-10.602	2.470	-2.490	0.376	0.882	0.000000	0.000000
1582082352050	1582082352029	-2.576	-9.922	1.855	-2.536	0.264	0.606	0.000000	0.000000
1582082352071	1582082352049	-2.710	-10.061	0.995	-2.572	0.383	0.450	0.000000	0.000000
1582082352091	1582082352070	-4.466	-10.367	0.712	-3.239	0.827	0.358	0.000000	0.000000
