1582081911441	1582081911441	-4.610	6.636	9.793	-0.321	-2.355	1.495	0.000000	0.000000
1582081911460	1582081911459	-2.619	7.278	9.372	0.172	-1.962	1.321	0.000000	0.000000
1582081911484	1582081911479	-1.242	7.381	8.912	-0.064	-1.486	1.387	0.000000	0.000000
1582081911501	1582081911499	-1.572	6.394	8.996	-0.218	-1.110	1.512	0.000000	0.000000
1582081911521	1582081911519	-0.719	4.851	9.091	-0.079	-1.136	1.735	0.000000	0.000000
1582081911540	1582081911539	0.294	4.454	8.725	-0.205	-0.797	1.799	0.000000	0.000000
1582081911560	1582081911559	-1.488	3.771	8.203	-0.507	-0.342	1.976	0.000000	0.000000
1582081911580	1582081911579	-3.905	3.687	8.375	-0.917	-0.142	1.918	0.000000	0.000000
1582081911600	1582081911600	-3.407	3.529	7.939	-1.532	-0.430	1.810	0.000000	0.000000
1582081911620	1582081911619	-2.705	3.290	7.240	-2.502	-0.477	1.736	0.000000	0.000000
1582081911640	1582081911638	-2.312	3.728	6.844	-3.621	-0.356	1.543	0.000000	0.000000
1582081911661	1582081911659	-2.195	3.831	5.431	-4.801	-0.251	1.361	0.000000	0.000000
1582081911679	1582081911678	-2.277	3.052	4.365	-5.169	-0.200	1.027	0.000000	0.000000
1582081911705	1582081911701	-1.848	0.142	3.103	-4.370	-0.561	1.387	0.000000	0.000000
1582081911719	1582081911718	-1.048	-2.191	2.762	-2.639	-0.383	1.794	0.000000	0.000000
1582081911739	1582081911738	-1.069	-3.090	4.873	-0.840	-0.031	1.671	0.000000	0.000000
1582081911759	1582081911758	-0.794	-2.189	5.587	-0.736	-0.226	0.936	0.000000	0.000000
1582081911779	1582081911778	-0.228	-0.848	5.342	-1.205	0.007	0.649	0.000000	0.000000
1582081911799	1582081911798	-0.113	1.076	6.394	-1.310	0.486	0.228	0.000000	0.000000
1582081911823	1582081911821	-0.533	1.414	6.521	-1.673	0.727	0.132	0.000000	0.000000
1582081911839	1582081911837	-1.529	-0.948	7.163	-1.517	0.991	0.230	0.000000	0.000000
1582081911859	1582081911857	-2.080	-3.437	7.688	-1.533	0.798	0.075	0.000000	0.000000
1582081911880	1582081911878	-2.183	-4.589	7.815	-1.490	0.400	0.094	0.000000	0.000000
1582081911900	1582081911900	-0.863	-2.436	7.896	-1.084	0.171	-0.003	0.000000	0.000000
1582081911918	1582081911917	-1.091	-1.166	8.330	-0.939	0.510	0.027	0.000000	0.000000
1582081911938	1582081911937	-2.003	-1.101	8.799	-1.504	0.754	0.094	0.000000	0.000000
1582081911958	1582081911957	-2.296	-1.420	8.976	-1.929	0.631	0.160	0.000000	0.000000
1582081911980	1582081911979	-1.979	-2.342	8.811	-2.283	0.295	0.308	0.000000	0.000000
1582081911998	1582081911997	-1.795	-4.867	8.545	-2.339	-0.010	0.592	0.000000	0.000000
1582081912018	1582081912017	-1.987	-5.845	7.494	-2.463	-0.079	0.783	0.000000	0.000000
1582081912038	1582081912036	-2.003	-3.617	7.515	-2.512	-0.001	0.666	0.000000	0.000000
1582081912063	1582081912063	-2.027	-2.900	7.498	-2.249	0.097	0.705	0.000000	0.000000
1582081912078	1582081912076	-2.197	-3.789	6.114	-1.861	0.163	0.889	0.000000	0.000000
1582081912101	1582081912097	-2.732	-5.224	5.455	-1.156	0.277	0.991	0.000000	0.000000
1582081912118	1582081912116	-3.168	-5.195	6.396	-0.916	0.124	0.946	0.000000	0.000000
1582081912137	1582081912136	-3.045	-5.497	6.866	-1.149	-0.062	0.885	0.000000	0.000000
1582081912157	1582081912156	-2.518	-6.022	6.418	-1.035	0.201	0.999	0.000000	0.000000
1582081912177	1582081912176	-3.532	-6.978	6.289	-1.082	0.711	1.365	0.000000	0.000000
1582081912199	1582081912197	-4.495	-7.584	5.328	-1.444	0.781	1.363	0.000000	0.000000
1582081912219	1582081912218	-4.629	-7.236	5.069	-1.791	0.395	1.276	0.000000	0.000000
1582081912237	1582081912237	-3.841	-8.144	4.667	-1.980	0.158	1.201	0.000000	0.000000
1582081912258	1582081912257	-3.616	-9.289	3.131	-2.311	0.120	1.187	0.000000	0.000000
1582081912279	1582081912279	-3.862	-9.816	2.494	-2.322	0.172	1.010	0.000000	0.000000
1582081912303	1582081912303	-4.356	-9.929	3.189	-2.275	0.031	0.713	0.000000	0.000000
1582081912318	1582081912318	-3.489	-9.438	2.350	-3.170	-0.032	0.467	0.000000	0.000000
1582081912339	1582081912336	-3.699	-11.282	0.487	-3.609	0.946	0.504	0.000000	0.000000
1582081912357	1582081912357	-6.720	-13.395	-0.395	-3.059	2.336	0.346	0.000000	0.000000
1582081912378	1582081912376	-9.159	-14.171	-0.960	-2.731	2.583	-0.252	0.000000	0.000000
1582081912398	1582081912398	-8.313	-13.901	-3.734	-3.458	1.840	-1.032	0.000000	0.000000
1582081912426	1582081912417	-5.182	-11.975	-8.540	-5.731	1.336	-1.778	0.000000	0.000000
1582081912439	1582081912439	-4.593	-12.614	-14.720	-7.665	1.149	-2.315	0.000000	0.000000
1582081912457	1582081912456	-8.514	-22.795	-12.993	-7.224	1.159	-2.209	0.000000	0.000000
1582081912477	1582081912476	-10.304	-30.267	-9.936	-7.674	1.617	-2.069	0.000000	0.000000
1582081912497	1582081912496	-9.978	-21.772	-10.878	-6.021	3.888	-1.658	0.000000	0.000000
1582081912517	1582081912516	-11.732	-17.202	-14.301	-3.433	5.705	-1.273	0.000000	0.000000
1582081912539	1582081912539	-15.119	-15.228	-7.902	-2.290	5.738	-1.323	0.000000	0.000000
1582081912557	1582081912556	-11.918	-5.607	-4.843	-2.062	5.611	-0.178	0.000000	0.000000
1582081912576	1582081912576	-11.401	2.892	-3.684	0.929	5.759	1.651	0.000000	0.000000
1582081912598	1582081912598	-7.022	-2.702	-4.474	4.385	5.165	3.755	0.000000	0.000000
1582081912625	1582081912625	-12.457	0.185	-2.282	5.496	3.349	6.109	0.000000	0.000000
1582081912640	1582081912636	-8.179	6.454	4.554	4.159	2.082	5.652	0.000000	0.000000
1582081912657	1582081912655	-6.210	5.388	4.784	1.639	1.130	6.128	0.000000	0.000000
1582081912677	1582081912676	-7.925	0.008	7.055	1.853	0.886	7.438	0.000000	0.000000
1582081912696	1582081912696	-12.948	-8.963	2.966	0.013	1.632	7.760	0.000000	0.000000
1582081912717	1582081912717	-12.445	-11.666	-3.384	-2.049	2.065	6.834	0.000000	0.000000
1582081912736	1582081912736	-13.322	-15.244	-6.954	-3.656	2.778	5.948	0.000000	0.000000
1582081912759	1582081912754	-14.017	-11.766	-8.401	-3.790	2.895	5.932	0.000000	0.000000
1582081912775	1582081912775	-14.879	-12.791	-9.589	-4.055	3.183	5.295	0.000000	0.000000
1582081912795	1582081912795	-14.848	-12.272	-10.015	-4.252	3.299	4.798	0.000000	0.000000
1582081912821	1582081912815	-15.984	-8.808	-10.545	-4.028	3.212	4.975	0.000000	0.000000
1582081912839	1582081912835	-16.870	-8.985	-9.744	-3.826	3.005	4.589	0.000000	0.000000
1582081912856	1582081912855	-14.803	-6.237	-10.782	-4.271	2.628	3.815	0.000000	0.000000
1582081912875	1582081912875	-12.251	-5.715	-11.797	-5.150	2.487	3.056	0.000000	0.000000
1582081912896	1582081912894	-13.519	-6.225	-12.581	-4.726	2.551	2.995	0.000000	0.000000
1582081912918	1582081912918	-12.615	-4.551	-11.654	-3.491	1.694	3.045	0.000000	0.000000
1582081912936	1582081912935	-9.108	-4.709	-10.906	-2.533	1.200	2.760	0.000000	0.000000
1582081912959	1582081912959	-8.843	-1.763	-9.404	-3.398	1.916	2.191	0.000000	0.000000
1582081912975	1582081912974	-9.497	0.427	-9.950	-4.384	1.987	1.386	0.000000	0.000000
1582081912995	1582081912993	-6.394	-2.376	-10.521	-3.594	1.206	1.376	0.000000	0.000000
1582081913016	1582081913015	-7.365	-0.546	-8.549	-2.327	0.983	1.979	0.000000	0.000000
1582081913042	1582081913037	-6.778	1.399	-7.315	-1.760	0.475	1.833	0.000000	0.000000
1582081913055	1582081913055	-6.524	5.599	-6.302	-1.762	0.356	0.905	0.000000	0.000000
1582081913074	1582081913074	-6.818	1.383	-6.127	-2.334	0.393	0.271	0.000000	0.000000
1582081913094	1582081913094	-9.044	3.347	-3.765	-2.762	0.426	0.551	0.000000	0.000000
1582081913115	1582081913114	-9.295	7.034	-3.794	-2.273	-0.439	0.778	0.000000	0.000000
1582081913135	1582081913135	-5.781	3.740	-3.583	-1.715	-1.599	0.736	0.000000	0.000000
1582081913159	1582081913158	-5.055	7.692	-3.737	-1.909	-1.731	0.951	0.000000	0.000000
1582081913174	1582081913173	-7.132	9.362	-3.109	-1.948	-1.414	0.586	0.000000	0.000000
1582081913194	1582081913193	-8.541	6.365	-1.995	-2.451	-1.725	0.086	0.000000	0.000000
1582081913216	1582081913216	-9.645	3.948	0.477	-2.160	-2.010	-0.200	0.000000	0.000000
1582081913243	1582081913236	-9.408	2.461	0.475	-1.522	-2.327	-0.022	0.000000	0.000000
1582081913256	1582081913253	-9.552	4.447	0.671	-0.650	-3.533	0.666	0.000000	0.000000
1582081913273	1582081913273	-10.177	4.214	2.736	-0.108	-3.537	0.458	0.000000	0.000000
1582081913293	1582081913293	-10.495	5.786	2.238	-0.604	-3.136	0.026	0.000000	0.000000
1582081913315	1582081913312	-12.112	6.205	3.249	-1.095	-2.985	0.459	0.000000	0.000000
1582081913336	1582081913336	-15.763	5.333	2.825	-1.245	-3.466	0.715	0.000000	0.000000
1582081913359	1582081913359	-17.799	2.990	0.726	-0.461	-4.626	0.091	0.000000	0.000000
1582081913376	1582081913373	-18.247	-0.931	-2.651	1.002	-6.536	-0.557	0.000000	0.000000
1582081913393	1582081913392	-17.076	-2.781	-4.891	2.133	-9.017	-0.808	0.000000	0.000000
1582081913413	1582081913412	-13.998	-2.565	-7.105	3.597	-10.987	-1.081	0.000000	0.000000
1582081913437	1582081913437	-12.417	-2.505	-9.079	4.903	-12.180	-1.575	0.000000	0.000000
1582081913459	1582081913452	-10.975	-5.919	-9.598	6.638	-12.831	-2.119	0.000000	0.000000
1582081913472	1582081913471	-6.330	-6.774	-9.828	7.857	-12.090	-2.633	0.000000	0.000000
1582081913491	1582081913491	-3.695	-5.250	-10.552	8.527	-8.623	-2.554	0.000000	0.000000
1582081913515	1582081913514	-8.136	-7.282	-13.000	9.412	-5.599	-2.081	0.000000	0.000000
1582081913534	1582081913534	-8.589	-6.161	-18.692	8.771	-5.473	-1.411	0.000000	0.000000
1582081913555	1582081913555	-4.006	2.293	-19.235	5.722	-6.153	-1.225	0.000000	0.000000
1582081913573	1582081913573	-2.494	5.012	-17.187	3.304	-5.405	-1.623	0.000000	0.000000
1582081913592	1582081913591	-2.499	3.579	-15.060	1.509	-4.035	-1.697	0.000000	0.000000
1582081913613	1582081913611	-2.945	6.373	-10.590	-1.277	-3.826	-1.976	0.000000	0.000000
1582081913632	1582081913632	-3.160	5.369	-3.598	-2.610	-3.903	-2.299	0.000000	0.000000
1582081913652	1582081913652	-6.706	1.071	4.456	-2.025	-4.011	-1.870	0.000000	0.000000
1582081913672	1582081913672	-11.981	-0.395	9.786	-0.460	-4.059	-0.968	0.000000	0.000000
1582081913692	1582081913690	-9.784	-0.043	11.391	0.905	-4.744	-0.057	0.000000	0.000000
1582081913712	1582081913711	-10.124	5.829	11.683	1.198	-5.751	0.933	0.000000	0.000000
1582081913733	1582081913732	-12.057	4.643	11.367	0.913	-4.855	0.869	0.000000	0.000000
1582081913757	1582081913750	-13.835	4.655	9.594	-0.508	-4.929	1.326	0.000000	0.000000
1582081913774	1582081913773	-15.198	9.894	13.010	-1.371	-4.957	1.394	0.000000	0.000000
1582081913791	1582081913790	-10.143	9.690	9.192	-2.189	-4.078	1.404	0.000000	0.000000
1582081913812	1582081913810	-13.195	6.579	10.109	-1.521	-3.274	1.746	0.000000	0.000000
1582081913831	1582081913830	-5.879	6.291	11.477	-0.019	-3.727	1.475	0.000000	0.000000
1582081913858	1582081913858	-5.070	6.885	11.415	0.403	-2.808	1.828	0.000000	0.000000
1582081913872	1582081913870	-6.893	6.701	9.645	0.155	-1.809	2.062	0.000000	0.000000
1582081913892	1582081913892	-6.193	8.545	9.190	-0.282	-1.604	1.912	0.000000	0.000000
1582081913911	1582081913910	-5.204	5.395	9.156	-0.375	-1.781	2.281	0.000000	0.000000
1582081913930	1582081913929	-3.680	5.364	8.799	-0.678	-1.551	2.057	0.000000	0.000000
1582081913953	1582081913949	-2.993	5.673	7.642	-0.802	-0.964	2.154	0.000000	0.000000
1582081913972	1582081913972	-4.076	5.340	7.894	-0.708	-0.417	2.101	0.000000	0.000000
1582081913990	1582081913990	-2.586	6.396	8.076	-0.555	-0.532	1.580	0.000000	0.000000
1582081914011	1582081914009	-1.033	6.365	7.975	-0.669	-0.500	1.445	0.000000	0.000000
1582081914030	1582081914030	-1.718	4.657	7.697	-1.371	-0.077	1.786	0.000000	0.000000
1582081914051	1582081914051	-2.760	4.950	6.451	-2.611	0.474	1.748	0.000000	0.000000
1582081914070	1582081914070	-3.886	4.851	6.269	-3.073	0.579	1.690	0.000000	0.000000
1582081914091	1582081914089	-3.807	4.078	5.663	-3.497	0.327	1.551	0.000000	0.000000
1582081914111	1582081914109	-3.656	2.262	5.232	-3.641	0.198	1.368	0.000000	0.000000
1582081914129	1582081914129	-3.029	1.107	4.842	-3.728	0.065	1.177	0.000000	0.000000
1582081914152	1582081914152	-2.087	1.246	4.928	-3.800	-0.235	0.851	0.000000	0.000000
1582081914171	1582081914171	-1.812	0.276	4.868	-3.383	-0.371	0.716	0.000000	0.000000
1582081914190	1582081914190	-0.827	-0.162	5.639	-2.382	-0.477	0.444	0.000000	0.000000
1582081914211	1582081914208	0.399	0.681	5.951	-1.748	-0.874	0.238	0.000000	0.000000
1582081914228	1582081914228	0.715	1.004	6.456	-1.581	-0.754	0.077	0.000000	0.000000
1582081914251	1582081914249	0.438	-0.167	6.665	-1.465	-0.098	0.345	0.000000	0.000000
1582081914269	1582081914268	-0.729	-1.492	7.002	-1.222	0.618	0.663	0.000000	0.000000
1582081914289	1582081914287	-1.888	-1.933	7.980	-1.087	0.791	0.376	0.000000	0.000000
1582081914310	1582081914308	-2.382	-2.747	8.334	-1.245	0.389	0.232	0.000000	0.000000
1582081914328	1582081914328	-1.412	-2.419	7.747	-2.144	-0.047	0.134	0.000000	0.000000
1582081914353	1582081914353	-0.789	-1.384	7.503	-2.526	-0.306	0.154	0.000000	0.000000
1582081914371	1582081914371	-0.837	-1.322	8.073	-1.722	-0.298	0.296	0.000000	0.000000
1582081914392	1582081914389	-1.431	-1.930	8.296	-1.385	-0.155	0.222	0.000000	0.000000
1582081914410	1582081914408	-1.687	-2.148	7.716	-1.887	-0.414	0.165	0.000000	0.000000
1582081914429	1582081914427	-2.018	-3.054	7.855	-1.947	-0.598	0.425	0.000000	0.000000
1582081914448	1582081914448	-1.031	-3.808	8.164	-2.032	-0.283	0.754	0.000000	0.000000
1582081914469	1582081914469	-0.775	-3.380	7.597	-2.110	0.114	1.098	0.000000	0.000000
1582081914493	1582081914493	-1.905	-3.221	7.252	-1.575	0.417	1.135	0.000000	0.000000
1582081914514	1582081914508	-2.396	-3.768	6.610	-1.268	0.390	0.969	0.000000	0.000000
1582081914527	1582081914527	-2.581	-4.050	6.758	-1.291	0.087	0.941	0.000000	0.000000
1582081914547	1582081914547	-2.001	-4.431	7.141	-1.458	-0.346	1.078	0.000000	0.000000
1582081914575	1582081914569	-1.860	-3.993	5.474	-1.415	-0.493	0.980	0.000000	0.000000
1582081914591	1582081914587	-3.735	-5.768	6.056	-1.545	-0.778	0.261	0.000000	0.000000
1582081914615	1582081914613	-1.409	-11.737	8.428	0.389	-0.713	0.056	0.000000	0.000000
1582081914644	1582081914626	0.167	-5.924	8.064	-1.505	0.263	1.273	0.000000	0.000000
1582081914647	1582081914646	-3.630	-2.402	4.423	-2.938	0.551	2.166	0.000000	0.000000
1582081914667	1582081914666	-6.555	-9.780	1.201	-1.048	-0.040	1.790	0.000000	0.000000
1582081914686	1582081914686	-6.830	-13.086	2.760	1.350	-0.506	0.614	0.000000	0.000000
1582081914712	1582081914707	-4.059	-9.146	5.644	0.983	-0.911	-0.070	0.000000	0.000000
1582081914727	1582081914726	-1.421	-7.965	6.626	-0.184	-0.967	-0.110	0.000000	0.000000
1582081914747	1582081914746	-1.728	-6.252	7.012	-1.294	-0.287	0.316	0.000000	0.000000
1582081914768	1582081914766	-2.509	-7.560	6.787	-1.744	0.261	0.750	0.000000	0.000000
1582081914791	1582081914791	-1.917	-8.726	6.590	-1.506	0.521	0.927	0.000000	0.000000
1582081914807	1582081914807	-1.874	-9.445	6.274	-1.300	0.738	0.995	0.000000	0.000000
1582081914827	1582081914826	-1.970	-9.855	6.293	-1.134	0.994	0.935	0.000000	0.000000
1582081914846	1582081914845	-1.977	-9.043	6.348	-1.145	1.274	0.876	0.000000	0.000000
1582081914869	1582081914866	-2.315	-9.529	6.063	-1.220	1.401	0.937	0.000000	0.000000
1582081914887	1582081914887	-2.890	-10.168	5.783	-1.377	1.577	1.139	0.000000	0.000000
1582081914907	1582081914906	-3.922	-11.182	5.144	-1.467	1.897	1.362	0.000000	0.000000
1582081914927	1582081914925	-5.187	-11.541	4.219	-1.393	2.166	1.443	0.000000	0.000000
1582081914946	1582081914945	-5.930	-11.378	4.022	-1.270	2.484	1.393	0.000000	0.000000
1582081914966	1582081914966	-6.399	-11.697	4.461	-1.240	2.859	1.240	0.000000	0.000000
1582081914991	1582081914991	-7.362	-12.332	4.595	-1.281	3.140	1.108	0.000000	0.000000
1582081915007	1582081915007	-7.892	-11.632	4.777	-1.247	3.334	0.955	0.000000	0.000000
1582081915028	1582081915027	-8.653	-11.376	4.446	-1.330	3.510	0.893	0.000000	0.000000
1582081915046	1582081915045	-9.468	-11.802	3.946	-1.337	3.572	0.745	0.000000	0.000000
1582081915066	1582081915065	-9.463	-11.136	3.380	-1.245	3.377	0.552	0.000000	0.000000
1582081915086	1582081915084	-8.917	-9.780	2.808	-1.210	3.170	0.358	0.000000	0.000000
1582081915109	1582081915105	-9.008	-9.112	2.199	-1.344	3.018	0.202	0.000000	0.000000
1582081915129	1582081915128	-9.525	-8.949	1.450	-1.459	2.948	0.175	0.000000	0.000000
1582081915146	1582081915144	-9.830	-8.851	0.700	-1.195	2.836	0.208	0.000000	0.000000
1582081915166	1582081915164	-9.410	-8.027	0.386	-0.769	2.543	0.183	0.000000	0.000000
1582081915185	1582081915184	-9.259	-8.015	0.175	-0.362	2.212	0.033	0.000000	0.000000
1582081915205	1582081915205	-8.902	-8.702	0.115	-0.063	1.789	-0.118	0.000000	0.000000
1582081915226	1582081915224	-8.332	-8.966	0.041	0.138	1.420	-0.083	0.000000	0.000000
1582081915244	1582081915244	-7.813	-8.520	0.075	0.390	1.514	0.211	0.000000	0.000000
1582081915265	1582081915264	-7.688	-8.087	0.017	0.637	1.766	0.574	0.000000	0.000000
1582081915285	1582081915284	-7.297	-7.469	-0.692	0.928	1.860	0.672	0.000000	0.000000
1582081915310	1582081915304	-8.098	-6.748	-1.010	1.430	1.803	0.486	0.000000	0.000000
1582081915328	1582081915324	-8.867	-6.824	-0.876	1.374	1.449	0.568	0.000000	0.000000
1582081915345	1582081915344	-7.927	-6.290	-0.697	1.006	1.032	0.523	0.000000	0.000000
1582081915365	1582081915363	-7.161	-5.643	-0.654	0.903	0.733	0.422	0.000000	0.000000
1582081915384	1582081915384	-7.096	-5.009	-0.721	0.721	0.486	0.172	0.000000	0.000000
1582081915404	1582081915404	-6.660	-5.409	-1.018	0.430	0.403	0.045	0.000000	0.000000
1582081915425	1582081915425	-6.799	-6.357	-1.686	-0.086	0.322	0.089	0.000000	0.000000
1582081915444	1582081915443	-7.484	-6.827	-1.892	-0.615	0.120	0.134	0.000000	0.000000
1582081915463	1582081915463	-7.681	-6.755	-2.170	-1.212	-0.257	0.279	0.000000	0.000000
1582081915486	1582081915486	-7.269	-6.204	-2.381	-1.615	-0.547	0.333	0.000000	0.000000
1582081915505	1582081915504	-7.233	-6.292	-2.728	-1.866	-0.695	0.390	0.000000	0.000000
1582081915528	1582081915524	-7.664	-6.415	-3.104	-2.076	-0.791	0.374	0.000000	0.000000
1582081915543	1582081915543	-8.167	-5.907	-3.782	-2.198	-1.017	0.431	0.000000	0.000000
1582081915564	1582081915563	-8.237	-5.267	-4.211	-2.363	-1.317	0.375	0.000000	0.000000
1582081915584	1582081915582	-8.062	-5.215	-4.628	-2.472	-1.551	0.289	0.000000	0.000000
1582081915604	1582081915604	-8.366	-5.298	-4.831	-2.351	-1.691	0.267	0.000000	0.000000
1582081915625	1582081915623	-8.914	-5.341	-5.030	-2.323	-1.871	0.316	0.000000	0.000000
1582081915649	1582081915648	-9.144	-5.157	-5.416	-2.368	-2.055	0.312	0.000000	0.000000
1582081915664	1582081915661	-9.111	-4.755	-5.629	-2.387	-2.134	0.249	0.000000	0.000000
1582081915683	1582081915682	-9.319	-4.805	-5.368	-2.377	-2.114	0.224	0.000000	0.000000
1582081915710	1582081915703	-10.124	-4.874	-4.805	-2.155	-2.166	0.293	0.000000	0.000000
1582081915725	1582081915722	-10.357	-4.467	-4.249	-1.693	-2.376	0.278	0.000000	0.000000
1582081915744	1582081915742	-9.789	-4.024	-4.012	-1.180	-2.675	0.299	0.000000	0.000000
1582081915762	1582081915762	-9.353	-3.109	-3.832	-0.776	-2.811	0.450	0.000000	0.000000
1582081915783	1582081915782	-9.049	-2.486	-2.884	-0.811	-2.750	0.648	0.000000	0.000000
1582081915807	1582081915807	-8.780	-2.896	-2.510	-1.235	-2.775	0.865	0.000000	0.000000
1582081915824	1582081915823	-7.218	-4.127	-1.231	-1.325	-2.453	0.970	0.000000	0.000000
1582081915844	1582081915842	-7.611	-4.786	-0.483	-1.299	-1.562	1.467	0.000000	0.000000
1582081915862	1582081915861	-9.020	-4.925	-0.565	-1.552	-1.237	1.711	0.000000	0.000000
1582081915882	1582081915881	-8.366	-4.441	0.175	-1.362	-1.180	1.483	0.000000	0.000000
1582081915903	1582081915901	-8.260	-4.800	0.345	-0.971	-1.216	1.306	0.000000	0.000000
1582081915927	1582081915927	-8.720	-4.237	0.326	-0.347	-1.368	1.322	0.000000	0.000000
1582081915944	1582081915941	-8.826	-3.351	0.580	-0.258	-1.588	1.266	0.000000	0.000000
1582081915961	1582081915961	-8.881	-2.824	0.894	-0.594	-1.782	1.101	0.000000	0.000000
1582081915981	1582081915980	-8.797	-2.072	0.372	-0.834	-1.942	1.098	0.000000	0.000000
1582081916004	1582081916003	-8.948	-0.912	-0.670	-0.838	-2.017	1.198	0.000000	0.000000
1582081916023	1582081916021	-9.020	0.719	-1.502	-1.123	-2.038	1.203	0.000000	0.000000
1582081916048	1582081916041	-8.701	0.453	-1.820	-1.528	-1.909	1.377	0.000000	0.000000
1582081916061	1582081916060	-8.347	-0.203	-1.995	-1.935	-1.832	1.418	0.000000	0.000000
1582081916081	1582081916080	-8.208	0.678	-2.244	-2.027	-1.839	1.277	0.000000	0.000000
1582081916102	1582081916100	-8.059	1.249	-2.247	-1.880	-1.915	1.207	0.000000	0.000000
1582081916132	1582081916125	-7.932	1.107	-2.067	-1.825	-1.983	1.158	0.000000	0.000000
1582081916141	1582081916140	-7.271	0.609	-1.791	-1.786	-1.968	1.127	0.000000	0.000000
1582081916161	1582081916160	-7.367	0.647	-1.456	-1.906	-1.761	1.205	0.000000	0.000000
1582081916180	1582081916180	-6.998	0.401	-0.730	-2.069	-1.533	1.257	0.000000	0.000000
1582081916201	1582081916199	-6.691	-0.677	-0.603	-2.016	-1.252	1.408	0.000000	0.000000
1582081916225	1582081916225	-6.929	-1.650	-0.843	-1.892	-0.961	1.451	0.000000	0.000000
1582081916242	1582081916242	-6.639	-2.230	0.264	-1.742	-0.738	1.430	0.000000	0.000000
1582081916261	1582081916261	-5.649	-2.424	1.052	-1.637	-0.484	1.414	0.000000	0.000000
1582081916283	1582081916281	-5.245	-2.771	1.658	-1.516	-0.189	1.298	0.000000	0.000000
1582081916300	1582081916299	-5.173	-3.094	2.008	-1.495	-0.030	1.093	0.000000	0.000000
1582081916326	1582081916319	-5.501	-3.011	2.154	-1.569	0.056	0.868	0.000000	0.000000
1582081916340	1582081916339	-5.779	-2.014	2.990	-1.830	0.074	0.706	0.000000	0.000000
1582081916359	1582081916359	-5.851	-2.084	3.563	-2.207	-0.026	0.616	0.000000	0.000000
1582081916379	1582081916379	-5.910	-2.488	3.792	-2.456	-0.049	0.442	0.000000	0.000000
1582081916401	1582081916398	-6.289	-2.218	3.800	-2.512	-0.031	0.240	0.000000	0.000000
1582081916419	1582081916419	-6.720	-2.335	3.622	-2.389	-0.043	0.085	0.000000	0.000000
1582081916444	1582081916442	-7.127	-2.944	3.433	-2.309	-0.126	-0.084	0.000000	0.000000
1582081916464	1582081916460	-7.317	-2.900	3.687	-2.298	-0.209	-0.279	0.000000	0.000000
1582081916478	1582081916478	-7.182	-3.605	3.991	-2.548	-0.337	-0.356	0.000000	0.000000
1582081916499	1582081916498	-7.211	-3.708	3.845	-2.935	-0.448	-0.480	0.000000	0.000000
1582081916522	1582081916519	-7.305	-4.522	3.716	-3.153	-0.491	-0.545	0.000000	0.000000
1582081916539	1582081916539	-7.343	-5.430	4.113	-3.000	-0.574	-0.729	0.000000	0.000000
1582081916561	1582081916558	-7.465	-5.744	4.540	-2.810	-0.668	-0.998	0.000000	0.000000
1582081916582	1582081916578	-8.162	-6.740	4.870	-2.594	-0.679	-1.269	0.000000	0.000000
1582081916599	1582081916598	-9.676	-6.733	5.223	-2.470	-0.552	-1.484	0.000000	0.000000
1582081916623	1582081916623	-11.863	-7.660	5.608	-2.546	-0.390	-1.587	0.000000	0.000000
1582081916641	1582081916638	-12.999	-6.475	4.973	-2.537	-0.237	-1.662	0.000000	0.000000
1582081916663	1582081916661	-12.237	-6.063	3.922	-2.691	-0.115	-1.552	0.000000	0.000000
1582081916679	1582081916677	-11.085	-7.203	3.666	-3.014	-0.141	-1.477	0.000000	0.000000
1582081916698	1582081916697	-11.420	-6.439	3.285	-3.139	-0.275	-1.610	0.000000	0.000000
1582081916717	1582081916717	-11.485	-6.019	3.016	-3.498	-0.229	-1.529	0.000000	0.000000
1582081916747	1582081916747	-11.066	-5.952	2.420	-3.643	-0.223	-1.391	0.000000	0.000000
1582081916759	1582081916759	-10.912	-6.348	1.665	-3.479	-0.256	-1.331	0.000000	0.000000
1582081916781	1582081916781	-11.473	-6.798	0.719	-3.305	-0.282	-1.395	0.000000	0.000000
1582081916798	1582081916797	-10.919	-6.285	-0.031	-3.092	-0.310	-1.428	0.000000	0.000000
1582081916817	1582081916817	-10.472	-7.155	-0.603	-3.253	-0.368	-1.386	0.000000	0.000000
1582081916845	1582081916837	-10.563	-6.242	-1.123	-2.986	-0.392	-1.363	0.000000	0.000000
1582081916860	1582081916858	-10.306	-6.736	-1.940	-3.186	-0.325	-1.266	0.000000	0.000000
1582081916877	1582081916876	-9.492	-7.945	-2.503	-3.328	-0.329	-1.215	0.000000	0.000000
1582081916898	1582081916896	-8.835	-7.859	-2.872	-3.452	-0.524	-1.336	0.000000	0.000000
1582081916917	1582081916916	-8.766	-8.556	-3.164	-3.856	-0.686	-1.399	0.000000	0.000000
1582081916938	1582081916936	-8.057	-9.574	-3.416	-3.950	-0.799	-1.423	0.000000	0.000000
1582081916958	1582081916957	-7.415	-10.571	-3.602	-3.684	-0.772	-1.385	0.000000	0.000000
1582081916982	1582081916982	-6.933	-11.388	-3.598	-3.282	-0.677	-1.319	0.000000	0.000000
1582081916998	1582081916997	-6.330	-11.404	-3.916	-3.158	-0.719	-1.371	0.000000	0.000000
1582081917016	1582081917016	-5.975	-12.878	-4.422	-3.416	-0.912	-1.430	0.000000	0.000000
1582081917039	1582081917039	-5.762	-14.722	-4.158	-3.470	-1.022	-1.566	0.000000	0.000000
1582081917064	1582081917064	-5.185	-14.952	-4.192	-3.299	-0.980	-1.763	0.000000	0.000000
1582081917080	1582081917078	-3.726	-17.166	-4.391	-3.231	-0.809	-2.018	0.000000	0.000000
1582081917097	1582081917095	-1.869	-17.709	-3.543	-2.798	-0.277	-2.546	0.000000	0.000000
1582081917117	1582081917116	-0.890	-16.045	-2.711	-1.815	0.321	-3.224	0.000000	0.000000
1582081917136	1582081917136	-0.535	-13.941	-2.939	-1.000	0.370	-3.623	0.000000	0.000000
1582081917156	1582081917156	-0.068	-12.552	-3.346	-0.499	0.130	-3.751	0.000000	0.000000
1582081917182	1582081917176	0.253	-12.025	-3.976	0.074	-0.188	-3.975	0.000000	0.000000
1582081917198	1582081917196	0.545	-10.671	-5.116	0.533	-0.333	-4.166	0.000000	0.000000
1582081917216	1582081917215	0.335	-9.301	-5.437	0.541	-0.253	-3.898	0.000000	0.000000
1582081917236	1582081917236	0.816	-8.432	-4.879	1.045	-0.220	-3.624	0.000000	0.000000
1582081917258	1582081917258	1.923	-8.274	-5.047	1.756	-0.237	-3.634	0.000000	0.000000
1582081917276	1582081917275	2.074	-7.191	-6.506	2.116	-0.186	-3.515	0.000000	0.000000
1582081917296	1582081917296	2.474	-6.767	-6.947	2.696	-0.109	-3.008	0.000000	0.000000
1582081917315	1582081917315	3.360	-6.590	-7.052	3.431	-0.081	-2.835	0.000000	0.000000
1582081917335	1582081917335	3.569	-7.838	-7.744	3.462	0.033	-2.707	0.000000	0.000000
1582081917356	1582081917355	3.190	-7.615	-7.651	3.161	0.400	-2.251	0.000000	0.000000
1582081917375	1582081917373	2.991	-6.987	-6.532	3.049	0.649	-1.693	0.000000	0.000000
1582081917400	1582081917394	2.891	-7.224	-5.557	2.770	0.713	-1.384	0.000000	0.000000
1582081917416	1582081917414	3.533	-7.390	-4.498	2.618	0.824	-1.123	0.000000	0.000000
1582081917434	1582081917434	4.694	-5.730	-5.052	2.734	1.076	-0.955	0.000000	0.000000
1582081917455	1582081917454	5.607	-4.244	-5.421	3.376	1.487	-1.012	0.000000	0.000000
1582081917475	1582081917475	6.045	-5.128	-4.297	4.367	2.258	-1.048	0.000000	0.000000
1582081917494	1582081917494	7.279	-3.581	-2.663	5.503	2.969	-1.098	0.000000	0.000000
1582081917515	1582081917514	7.035	-3.138	-1.794	5.973	3.587	-0.805	0.000000	0.000000
1582081917535	1582081917533	6.738	-0.771	-0.215	5.843	3.649	-0.293	0.000000	0.000000
1582081917558	1582081917556	7.495	-0.816	3.931	5.738	3.591	0.326	0.000000	0.000000
1582081917578	1582081917576	4.536	-3.408	6.586	6.254	3.264	0.712	0.000000	0.000000
1582081917596	1582081917594	5.856	-4.798	12.102	5.942	2.459	0.107	0.000000	0.000000
1582081917614	1582081917613	6.673	-6.197	13.300	2.191	1.424	0.050	0.000000	0.000000
1582081917636	1582081917633	6.812	-6.896	9.309	-0.129	1.459	-0.180	0.000000	0.000000
1582081917655	1582081917653	3.142	-8.465	5.431	0.083	1.524	0.066	0.000000	0.000000
1582081917675	1582081917675	-0.557	-7.464	2.880	2.146	1.255	0.270	0.000000	0.000000
1582081917694	1582081917694	-0.846	-5.667	7.506	2.696	1.242	0.142	0.000000	0.000000
1582081917715	1582081917713	-1.802	-6.649	8.773	0.533	1.362	0.205	0.000000	0.000000
1582081917733	1582081917733	-1.831	-7.869	6.717	-0.053	1.181	0.274	0.000000	0.000000
1582081917754	1582081917752	-1.280	-4.335	6.384	0.701	0.876	0.097	0.000000	0.000000
1582081917776	1582081917776	-0.116	-3.511	7.750	0.672	0.525	-0.180	0.000000	0.000000
1582081917797	1582081917795	0.028	-4.448	7.549	0.176	0.156	-0.008	0.000000	0.000000
1582081917814	1582081917813	-1.004	-5.064	7.362	0.163	0.328	0.029	0.000000	0.000000
1582081917833	1582081917832	-1.309	-4.062	7.041	0.445	0.464	-0.013	0.000000	0.000000
1582081917853	1582081917852	-0.935	-4.573	7.132	0.898	0.589	0.149	0.000000	0.000000
1582081917874	1582081917874	-1.103	-5.176	6.909	1.380	0.666	0.474	0.000000	0.000000
1582081917893	1582081917893	-1.342	-3.600	8.286	1.636	0.668	0.362	0.000000	0.000000
1582081917914	1582081917912	-1.479	-3.808	9.166	1.205	0.582	0.337	0.000000	0.000000
1582081917933	1582081917932	-0.993	-4.304	8.993	1.110	0.439	0.238	0.000000	0.000000
1582081917954	1582081917952	-1.179	-4.237	9.393	1.026	0.353	0.180	0.000000	0.000000
1582081917975	1582081917975	-1.467	-4.309	9.690	0.523	0.352	0.156	0.000000	0.000000
1582081917994	1582081917992	-0.878	-3.360	9.218	0.335	0.218	0.096	0.000000	0.000000
1582081918018	1582081918013	-1.122	-2.548	8.588	0.767	0.097	0.223	0.000000	0.000000
1582081918032	1582081918032	-1.534	-2.956	8.924	0.897	0.182	0.238	0.000000	0.000000
1582081918052	1582081918051	-1.841	-1.324	9.515	0.469	0.091	-0.079	0.000000	0.000000
1582081918073	1582081918073	-0.396	-0.440	8.394	0.046	-0.187	0.011	0.000000	0.000000
1582081918092	1582081918092	-2.243	-2.081	8.902	0.291	0.229	0.506	0.000000	0.000000
1582081918113	1582081918111	-4.013	-0.958	11.039	0.503	0.239	0.276	0.000000	0.000000
1582081918133	1582081918132	-2.514	1.129	10.241	-0.271	-0.441	-0.172	0.000000	0.000000
1582081918152	1582081918151	-2.451	0.817	7.791	-1.037	-0.628	-0.041	0.000000	0.000000
1582081918174	1582081918174	-3.201	-1.068	7.379	-0.427	-0.595	0.341	0.000000	0.000000
1582081918193	1582081918193	-4.397	-1.415	7.082	-0.228	-0.775	0.716	0.000000	0.000000
1582081918214	1582081918211	-4.708	-1.010	6.380	-0.788	-0.859	0.715	0.000000	0.000000
1582081918232	1582081918231	-4.710	-3.025	4.942	-1.896	-0.950	0.813	0.000000	0.000000
1582081918251	1582081918250	-4.679	-4.970	2.525	-4.606	-0.502	0.566	0.000000	0.000000
1582081918272	1582081918270	-5.120	-3.653	-0.357	-8.812	0.345	-0.411	0.000000	0.000000
1582081918295	1582081918295	-8.912	-1.295	-6.535	-12.720	1.803	-0.619	0.000000	0.000000
1582081918313	1582081918310	-13.066	-3.439	-14.698	-11.297	4.163	-0.249	0.000000	0.000000
1582081918331	1582081918331	-13.411	-1.708	-21.391	-5.779	4.439	-0.466	0.000000	0.000000
1582081918352	1582081918350	-13.447	-12.279	-18.450	-1.181	4.049	-0.033	0.000000	0.000000
1582081918371	1582081918370	-16.563	-21.628	-8.226	-0.629	4.563	1.127	0.000000	0.000000
1582081918402	1582081918393	-13.267	-14.123	-2.884	-0.521	4.235	3.031	0.000000	0.000000
1582081918415	1582081918412	-13.897	-6.800	-0.963	0.181	3.975	3.126	0.000000	0.000000
1582081918430	1582081918430	-9.729	-9.785	2.350	-0.107	2.719	3.884	0.000000	0.000000
1582081918451	1582081918449	-11.734	-11.678	4.897	0.807	1.985	6.084	0.000000	0.000000
1582081918471	1582081918469	-11.676	-13.048	7.137	-0.136	2.497	6.975	0.000000	0.000000
1582081918491	1582081918491	-16.455	-11.960	0.034	-2.254	4.007	7.085	0.000000	0.000000
1582081918513	1582081918512	-19.098	-16.356	0.408	-2.443	3.530	6.595	0.000000	0.000000
1582081918531	1582081918530	-17.074	-15.225	0.635	-2.965	3.908	6.393	0.000000	0.000000
1582081918550	1582081918549	-18.940	-7.598	-1.842	-2.871	5.211	5.949	0.000000	0.000000
1582081918570	1582081918569	-22.123	-7.816	-2.438	-3.651	4.942	4.992	0.000000	0.000000
1582081918591	1582081918590	-22.365	-6.978	-1.521	-3.312	4.538	4.903	0.000000	0.000000
1582081918616	1582081918615	-22.878	-5.830	-2.314	-2.640	4.613	4.980	0.000000	0.000000
1582081918655	1582081918656	-21.309	-5.852	-3.250	-2.822	4.008	4.402	0.000000	0.000000
1582081918656	1582081918656	-17.759	-8.257	-3.313	-2.804	3.869	3.474	0.000000	0.000000
1582081918669	1582081918668	-18.180	-5.353	-6.604	-2.953	3.887	3.095	0.000000	0.000000
1582081918691	1582081918691	-14.546	-2.076	-5.548	-3.258	2.613	2.773	0.000000	0.000000
1582081918709	1582081918709	-14.640	-4.618	-4.539	-3.549	2.825	2.253	0.000000	0.000000
1582081918731	1582081918731	-13.159	-0.457	-4.747	-3.542	2.562	2.315	0.000000	0.000000
1582081918749	1582081918749	-11.485	1.974	-5.176	-3.374	2.343	2.241	0.000000	0.000000
1582081918769	1582081918768	-11.006	0.204	-4.951	-3.180	2.080	1.780	0.000000	0.000000
1582081918789	1582081918788	-10.400	1.907	-5.251	-3.559	1.604	1.498	0.000000	0.000000
1582081918814	1582081918814	-9.408	4.413	-5.212	-4.032	0.765	1.206	0.000000	0.000000
1582081918829	1582081918829	-7.463	5.160	-3.562	-3.606	0.403	1.127	0.000000	0.000000
1582081918849	1582081918849	-8.306	1.306	-3.483	-2.624	0.890	1.376	0.000000	0.000000
1582081918869	1582081918868	-10.057	5.874	-1.629	-2.284	0.560	1.515	0.000000	0.000000
1582081918890	1582081918888	-8.867	5.268	-0.682	-1.936	-0.348	1.151	0.000000	0.000000
1582081918911	1582081918912	-6.454	4.554	-0.246	-1.504	-0.459	0.720	0.000000	0.000000
1582081918933	1582081918931	-6.914	4.734	0.326	-1.069	-0.075	1.085	0.000000	0.000000
1582081918951	1582081918951	-8.538	5.778	0.381	-0.887	-0.099	1.363	0.000000	0.000000
1582081918969	1582081918967	-9.137	5.520	-1.152	-0.673	-0.304	1.061	0.000000	0.000000
1582081918989	1582081918987	-9.727	6.921	-1.988	-0.334	-1.167	1.004	0.000000	0.000000
1582081919007	1582081919007	-10.301	8.605	-0.728	-0.605	-2.841	1.116	0.000000	0.000000
1582081919028	1582081919027	-8.706	7.410	1.946	0.440	-2.967	0.520	0.000000	0.000000
1582081919049	1582081919049	-9.772	4.209	0.796	-0.334	-1.795	0.321	0.000000	0.000000
1582081919067	1582081919067	-13.713	7.407	-0.105	-0.437	-2.435	0.502	0.000000	0.000000
1582081919087	1582081919087	-13.459	7.094	1.098	-0.339	-3.783	0.201	0.000000	0.000000
1582081919109	1582081919109	-12.084	3.996	1.414	-1.078	-4.182	-0.255	0.000000	0.000000
1582081919131	1582081919127	-14.220	-0.419	0.393	-0.719	-4.215	-0.582	0.000000	0.000000
1582081919151	1582081919147	-16.676	-1.904	-0.757	1.110	-5.792	-1.064	0.000000	0.000000
1582081919167	1582081919167	-15.600	-1.921	-1.820	2.699	-8.344	-0.949	0.000000	0.000000
1582081919189	1582081919186	-13.933	-2.656	-2.242	4.161	-9.662	-0.523	0.000000	0.000000
1582081919213	1582081919207	-13.583	-4.359	-3.193	5.969	-10.627	-0.145	0.000000	0.000000
1582081919229	1582081919227	-11.482	-3.890	-5.215	7.638	-11.360	0.161	0.000000	0.000000
1582081919248	1582081919246	-8.917	-3.600	-6.741	8.407	-10.773	-0.006	0.000000	0.000000
1582081919267	1582081919266	-7.559	-5.159	-9.402	8.286	-9.176	-0.379	0.000000	0.000000
1582081919288	1582081919286	-7.640	-6.635	-10.406	8.232	-8.403	-0.662	0.000000	0.000000
1582081919310	1582081919310	-5.853	-8.178	-10.482	8.366	-7.942	-0.834	0.000000	0.000000
1582081919332	1582081919326	-4.272	-8.470	-14.049	8.212	-6.742	-0.743	0.000000	0.000000
1582081919350	1582081919346	-2.868	-5.478	-15.149	7.509	-5.363	-0.348	0.000000	0.000000
1582081919366	1582081919365	-2.499	1.577	-13.402	4.251	-4.880	0.223	0.000000	0.000000
1582081919388	1582081919386	-3.659	3.359	-9.354	2.299	-4.957	-0.001	0.000000	0.000000
1582081919407	1582081919405	-5.628	1.756	-4.680	1.085	-5.170	0.049	0.000000	0.000000
1582081919429	1582081919429	-9.592	1.404	1.395	-0.373	-5.654	0.305	0.000000	0.000000
1582081919449	1582081919449	-13.289	0.094	5.862	-1.675	-6.389	0.068	0.000000	0.000000
1582081919470	1582081919470	-8.608	2.909	8.339	-1.233	-8.222	0.278	0.000000	0.000000
1582081919487	1582081919485	-10.210	6.449	9.609	-1.447	-7.006	0.815	0.000000	0.000000
1582081919507	1582081919505	-14.539	7.891	10.924	-4.004	-5.531	1.255	0.000000	0.000000
1582081919532	1582081919526	-13.835	2.648	10.471	-3.686	-5.129	1.826	0.000000	0.000000
1582081919551	1582081919546	-14.601	4.751	10.186	-3.363	-4.422	1.534	0.000000	0.000000
1582081919566	1582081919565	-11.638	8.471	13.298	-1.320	-4.658	1.506	0.000000	0.000000
1582081919586	1582081919585	-6.909	11.494	9.518	-1.492	-3.191	1.586	0.000000	0.000000
1582081919605	1582081919604	-11.363	9.051	9.453	-0.883	-1.789	1.815	0.000000	0.000000
1582081919627	1582081919627	-6.974	5.570	10.629	1.559	-2.466	1.701	0.000000	0.000000
1582081919655	1582081919652	-5.463	6.768	11.453	2.076	-2.492	1.745	0.000000	0.000000
1582081919664	1582081919663	-3.534	9.226	10.804	0.988	-2.172	1.621	0.000000	0.000000
1582081919685	1582081919684	-1.661	8.021	9.903	0.216	-1.823	2.195	0.000000	0.000000
1582081919706	1582081919704	-1.270	3.517	7.817	0.126	-1.808	2.684	0.000000	0.000000
1582081919726	1582081919725	-0.307	1.907	6.741	0.265	-1.404	2.276	0.000000	0.000000
1582081919758	1582081919758	-0.880	4.121	7.228	0.280	-0.493	1.704	0.000000	0.000000
1582081919768	1582081919763	-1.455	9.036	7.771	0.001	0.001	1.181	0.000000	0.000000
1582081919785	1582081919784	-1.709	8.239	6.933	-0.960	0.625	1.082	0.000000	0.000000
1582081919804	1582081919804	-2.492	5.455	6.447	-1.441	0.568	1.505	0.000000	0.000000
1582081919826	1582081919826	-3.369	4.643	6.056	-1.466	0.412	1.634	0.000000	0.000000
1582081919848	1582081919848	-3.443	6.413	5.297	-2.469	0.401	1.394	0.000000	0.000000
1582081919864	1582081919864	-3.098	7.072	3.649	-3.113	0.427	1.203	0.000000	0.000000
1582081919885	1582081919883	-2.899	4.406	3.167	-2.945	0.192	1.103	0.000000	0.000000
1582081919904	1582081919904	-2.799	3.651	4.906	-2.731	0.085	0.927	0.000000	0.000000
1582081919925	1582081919923	-1.275	4.080	5.496	-2.784	-0.279	0.613	0.000000	0.000000
1582081919948	1582081919948	-0.650	4.698	6.097	-2.652	-0.366	0.607	0.000000	0.000000
1582081919964	1582081919963	-0.176	2.923	5.381	-2.498	-0.044	0.639	0.000000	0.000000
1582081919983	1582081919983	-1.246	2.597	6.293	-2.343	0.065	0.473	0.000000	0.000000
1582081920022	1582081920003	0.806	0.743	5.045	-2.672	-0.386	0.509	0.000000	0.000000
1582081920025	1582081920025	1.163	-2.747	5.215	-2.182	0.495	0.600	0.000000	0.000000
1582081920046	1582081920046	-1.543	-1.341	7.903	-1.707	1.618	0.261	0.000000	0.000000
1582081920064	1582081920064	-3.158	-0.443	8.615	-1.503	1.180	0.400	0.000000	0.000000
1582081920082	1582081920081	-2.396	-1.073	7.434	-1.340	0.471	0.263	0.000000	0.000000
1582081920102	1582081920101	-0.327	0.784	6.911	-1.699	0.436	0.021	0.000000	0.000000
1582081920122	1582081920121	-1.670	1.124	7.922	-1.856	0.728	0.266	0.000000	0.000000
1582081920145	1582081920141	-2.950	-0.745	8.950	-2.007	0.691	0.363	0.000000	0.000000
1582081920162	1582081920161	-1.917	-1.111	8.593	-2.220	0.514	0.251	0.000000	0.000000
1582081920183	1582081920182	-1.766	-1.638	8.595	-1.542	0.316	0.534	0.000000	0.000000
1582081920203	1582081920202	-1.316	-2.093	8.933	-1.050	0.097	0.672	0.000000	0.000000
1582081920224	1582081920222	-0.370	-1.446	8.560	-1.364	0.301	0.708	0.000000	0.000000
1582081920242	1582081920242	-2.176	-1.252	8.792	-1.671	0.957	0.929	0.000000	0.000000
1582081920268	1582081920266	-3.965	-1.588	8.480	-1.752	1.066	1.003	0.000000	0.000000
1582081920286	1582081920283	-2.844	-2.122	7.664	-1.821	0.594	0.964	0.000000	0.000000
1582081920303	1582081920302	-3.266	-4.081	7.922	-1.932	0.339	1.142	0.000000	0.000000
1582081920323	1582081920321	-3.635	-4.474	7.254	-2.332	0.616	1.172	0.000000	0.000000
1582081920345	1582081920342	-4.250	-4.383	7.158	-2.074	0.572	1.191	0.000000	0.000000
1582081920363	1582081920362	-3.728	-4.472	6.090	-2.199	0.479	1.188	0.000000	0.000000
1582081920383	1582081920382	-3.790	-6.118	5.934	-1.537	0.609	1.336	0.000000	0.000000
1582081920404	1582081920404	-4.133	-6.721	6.169	-1.069	0.880	1.216	0.000000	0.000000
1582081920422	1582081920421	-4.272	-6.927	6.210	-1.022	1.025	1.208	0.000000	0.000000
1582081920442	1582081920441	-3.877	-6.681	5.551	-1.200	1.249	1.068	0.000000	0.000000
1582081920468	1582081920468	-4.974	-6.853	5.992	-1.066	1.590	0.977	0.000000	0.000000
1582081920484	1582081920483	-6.464	-8.329	6.111	-0.925	1.647	0.833	0.000000	0.000000
1582081920502	1582081920501	-5.688	-8.118	5.280	-0.824	1.557	0.410	0.000000	0.000000
1582081920521	1582081920520	-5.786	-7.931	5.206	-0.897	1.419	0.168	0.000000	0.000000
1582081920542	1582081920540	-6.699	-8.230	5.620	-1.686	1.403	-0.085	0.000000	0.000000
1582081920562	1582081920561	-7.384	-8.427	4.528	-2.536	1.421	-0.554	0.000000	0.000000
1582081920582	1582081920581	-8.670	-10.305	3.752	-3.168	1.368	-1.131	0.000000	0.000000
1582081920603	1582081920603	-10.601	-13.196	2.032	-4.019	1.317	-1.963	0.000000	0.000000
1582081920622	1582081920620	-11.497	-16.368	-1.118	-5.276	1.179	-2.553	0.000000	0.000000
1582081920658	1582081920658	-12.357	-17.777	-4.747	-8.204	0.878	-3.228	0.000000	0.000000
1582081920662	1582081920659	-13.229	-16.452	-9.306	-12.682	0.477	-3.839	0.000000	0.000000
1582081920680	1582081920680	-12.527	-21.363	-10.569	-12.975	0.813	-3.459	0.000000	0.000000
1582081920700	1582081920698	-10.941	-27.325	-9.792	-9.526	3.328	-2.898	0.000000	0.000000
1582081920720	1582081920719	-12.335	-15.661	-10.101	-7.080	5.359	-2.493	0.000000	0.000000
1582081920740	1582081920740	-12.625	-12.406	-12.116	-3.662	5.401	-1.521	0.000000	0.000000
1582081920761	1582081920761	-10.793	-12.075	-5.195	-0.365	5.305	-0.328	0.000000	0.000000
1582081920782	1582081920779	-9.568	-0.539	-4.489	2.772	6.054	2.351	0.000000	0.000000
1582081920803	1582081920803	-7.829	1.304	-2.371	4.930	5.619	3.350	0.000000	0.000000
1582081920820	1582081920819	-10.301	6.459	-0.706	4.121	4.506	4.582	0.000000	0.000000
1582081920840	1582081920839	-4.830	11.398	4.224	3.854	2.846	5.788	0.000000	0.000000
1582081920861	1582081920858	-8.579	4.626	6.490	4.108	2.957	8.688	0.000000	0.000000
1582081920881	1582081920881	-15.950	-3.734	5.330	2.628	2.019	10.040	0.000000	0.000000
1582081920903	1582081920902	-13.061	-4.117	-0.840	-0.972	2.195	8.237	0.000000	0.000000
1582081920919	1582081920919	-17.129	-15.721	-6.685	-3.426	2.882	6.487	0.000000	0.000000
1582081920940	1582081920939	-15.272	-14.444	-10.430	-4.947	3.088	6.240	0.000000	0.000000
1582081920961	1582081920961	-18.906	-12.631	-12.066	-5.408	3.425	6.139	0.000000	0.000000
1582081920982	1582081920978	-18.226	-15.843	-12.490	-4.945	3.215	6.047	0.000000	0.000000
1582081921004	1582081920998	-17.660	-12.070	-13.345	-4.766	3.155	5.488	0.000000	0.000000
1582081921019	1582081921018	-16.477	-14.265	-12.758	-4.519	3.352	4.723	0.000000	0.000000
1582081921039	1582081921038	-17.732	-9.213	-12.650	-5.911	3.057	4.059	0.000000	0.000000
1582081921060	1582081921058	-14.843	-10.585	-11.033	-5.844	2.508	3.626	0.000000	0.000000
1582081921082	1582081921082	-13.943	-6.388	-12.662	-5.334	2.376	3.183	0.000000	0.000000
1582081921100	1582081921100	-13.140	-8.863	-10.085	-4.776	2.119	2.490	0.000000	0.000000
1582081921119	1582081921118	-10.067	-4.127	-10.008	-4.924	1.726	2.176	0.000000	0.000000
1582081921138	1582081921138	-10.598	1.122	-9.055	-4.682	1.664	1.776	0.000000	0.000000
1582081921158	1582081921157	-10.536	0.312	-7.483	-4.220	0.815	1.238	0.000000	0.000000
1582081921179	1582081921179	-8.744	1.685	-5.694	-3.794	0.302	1.125	0.000000	0.000000
1582081921201	1582081921199	-8.071	2.657	-4.831	-3.778	0.343	1.302	0.000000	0.000000
1582081921219	1582081921218	-7.887	4.037	-3.737	-3.908	0.889	1.327	0.000000	0.000000
1582081921238	1582081921237	-10.388	5.647	-4.199	-3.931	0.683	1.288	0.000000	0.000000
1582081921258	1582081921258	-8.941	5.103	-2.819	-2.643	-0.697	1.114	0.000000	0.000000
1582081921282	1582081921281	-6.485	4.195	-3.861	-3.098	-1.210	0.780	0.000000	0.000000
1582081921299	1582081921297	-7.329	4.193	-3.016	-3.082	-1.261	0.741	0.000000	0.000000
1582081921318	1582081921318	-8.639	4.020	-0.280	-2.601	-1.469	0.509	0.000000	0.000000
1582081921338	1582081921337	-10.194	3.649	1.169	-2.533	-1.438	0.316	0.000000	0.000000
1582081921358	1582081921356	-12.996	3.187	2.262	-3.037	-1.906	0.467	0.000000	0.000000
1582081921378	1582081921377	-12.512	2.904	2.777	-1.903	-2.524	-0.115	0.000000	0.000000
