1582081821840	1582081821838	-3.781	-3.526	7.589	-1.799	1.227	1.037	0.000000	0.000000
1582081821857	1582081821856	-4.677	-4.604	6.111	-1.419	0.860	1.028	0.000000	0.000000
1582081821877	1582081821875	-4.773	-6.058	6.308	-1.164	0.372	1.081	0.000000	0.000000
1582081821900	1582081821896	-3.814	-5.559	6.650	-1.679	0.187	1.058	0.000000	0.000000
1582081821917	1582081821915	-3.366	-4.311	6.018	-2.024	0.258	1.018	0.000000	0.000000
1582081821937	1582081821935	-3.359	-5.109	6.217	-1.433	0.520	1.137	0.000000	0.000000
1582081821957	1582081821955	-3.977	-7.076	5.201	-1.294	0.848	1.334	0.000000	0.000000
1582081821976	1582081821975	-4.406	-7.708	4.269	-1.297	0.946	1.145	0.000000	0.000000
1582081821996	1582081821995	-4.892	-7.950	5.076	-1.180	0.961	1.053	0.000000	0.000000
1582081822019	1582081822019	-4.806	-8.022	4.789	-1.396	0.870	0.984	0.000000	0.000000
1582081822036	1582081822035	-4.708	-7.866	4.327	-1.399	1.014	0.850	0.000000	0.000000
1582081822056	1582081822055	-5.197	-8.130	4.624	-1.670	1.217	0.811	0.000000	0.000000
1582081822076	1582081822075	-6.301	-7.658	4.818	-1.898	1.261	0.631	0.000000	0.000000
1582081822096	1582081822095	-6.509	-6.276	4.121	-2.084	1.216	0.313	0.000000	0.000000
1582081822116	1582081822114	-7.106	-7.876	3.721	-1.997	1.043	0.099	0.000000	0.000000
1582081822136	1582081822135	-7.745	-11.093	2.954	-2.235	0.941	-0.388	0.000000	0.000000
1582081822155	1582081822154	-8.783	-13.671	-0.038	-3.148	1.021	-1.177	0.000000	0.000000
1582081822176	1582081822174	-11.739	-15.398	-2.237	-4.643	1.217	-2.253	0.000000	0.000000
1582081822196	1582081822195	-13.183	-14.428	-5.598	-7.551	1.187	-3.506	0.000000	0.000000
1582081822217	1582081822214	-11.336	-13.211	-11.191	-11.291	1.142	-4.131	0.000000	0.000000
1582081822235	1582081822234	-13.370	-16.907	-13.091	-11.954	1.937	-3.647	0.000000	0.000000
1582081822255	1582081822254	-12.069	-19.794	-12.523	-8.773	3.618	-2.822	0.000000	0.000000
1582081822277	1582081822275	-10.488	-12.942	-14.085	-5.067	5.643	-1.537	0.000000	0.000000
1582081822305	1582081822297	-12.865	-10.578	-15.810	-1.468	6.675	-0.008	0.000000	0.000000
1582081822316	1582081822315	-10.843	-11.448	-8.983	1.128	6.037	1.066	0.000000	0.000000
1582081822335	1582081822334	-9.482	-3.154	-4.661	1.161	5.184	2.014	0.000000	0.000000
1582081822355	1582081822353	-5.280	3.663	-2.053	2.298	4.395	2.671	0.000000	0.000000
1582081822375	1582081822373	-7.927	-4.841	-4.405	4.170	3.664	5.180	0.000000	0.000000
1582081822395	1582081822393	-11.250	-5.593	0.194	5.037	2.216	7.243	0.000000	0.000000
1582081822417	1582081822415	-4.262	1.129	1.174	2.965	2.216	7.301	0.000000	0.000000
1582081822438	1582081822434	-11.566	3.836	3.874	1.442	2.916	8.060	0.000000	0.000000
1582081822454	1582081822453	-18.039	-7.768	3.948	0.413	2.585	8.200	0.000000	0.000000
1582081822474	1582081822473	-13.916	-10.873	-1.006	-1.628	2.492	7.630	0.000000	0.000000
1582081822496	1582081822494	-19.309	-9.938	-4.788	-2.701	3.434	7.315	0.000000	0.000000
1582081822516	1582081822514	-16.470	-13.299	-8.676	-4.384	3.519	6.220	0.000000	0.000000
1582081822536	1582081822535	-18.058	-8.144	-11.076	-5.834	3.752	5.500	0.000000	0.000000
1582081822554	1582081822553	-14.486	-10.430	-13.443	-5.534	2.979	4.776	0.000000	0.000000
1582081822574	1582081822573	-15.698	-8.808	-12.835	-5.129	3.288	4.939	0.000000	0.000000
1582081822594	1582081822593	-18.873	-8.868	-12.392	-5.226	3.211	4.439	0.000000	0.000000
1582081822616	1582081822614	-15.682	-8.089	-13.045	-4.738	2.445	4.188	0.000000	0.000000
1582081822636	1582081822635	-15.203	-8.456	-11.687	-4.995	2.400	3.827	0.000000	0.000000
1582081822655	1582081822653	-13.979	-5.715	-11.651	-5.214	2.358	3.025	0.000000	0.000000
1582081822674	1582081822674	-12.486	-4.091	-9.780	-4.635	2.089	2.754	0.000000	0.000000
1582081822694	1582081822694	-11.233	-0.855	-8.034	-3.941	1.658	2.221	0.000000	0.000000
1582081822715	1582081822715	-8.447	-0.642	-6.664	-3.518	1.157	1.398	0.000000	0.000000
1582081822738	1582081822738	-7.951	1.819	-6.158	-3.265	0.921	1.129	0.000000	0.000000
1582081822760	1582081822758	-7.935	2.552	-5.183	-3.226	0.870	0.950	0.000000	0.000000
1582081822775	1582081822773	-9.945	2.394	-2.771	-3.519	0.703	1.146	0.000000	0.000000
1582081822793	1582081822793	-8.244	5.388	-2.563	-2.645	-0.227	1.241	0.000000	0.000000
1582081822814	1582081822813	-6.749	3.436	-2.570	-2.363	-0.665	1.137	0.000000	0.000000
1582081822845	1582081822838	-8.603	4.700	-2.606	-2.460	-0.518	0.939	0.000000	0.000000
1582081822853	1582081822853	-7.887	4.269	-3.859	-2.580	-1.063	0.480	0.000000	0.000000
1582081822874	1582081822873	-8.335	3.553	-2.232	-2.377	-1.416	0.133	0.000000	0.000000
1582081822893	1582081822893	-11.039	3.613	-0.232	-1.916	-1.600	-0.147	0.000000	0.000000
1582081822915	1582081822915	-12.687	3.198	0.039	-1.134	-2.736	-0.398	0.000000	0.000000
1582081822936	1582081822932	-10.426	5.388	0.686	-0.919	-4.144	-0.011	0.000000	0.000000
1582081822960	1582081822953	-10.896	7.005	1.356	-0.234	-3.946	-0.375	0.000000	0.000000
1582081822974	1582081822972	-10.483	4.502	0.003	-0.288	-3.638	-0.749	0.000000	0.000000
1582081822993	1582081822993	-12.718	4.317	1.081	-0.688	-3.784	-0.183	0.000000	0.000000
1582081823013	1582081823012	-13.991	5.129	1.407	-0.362	-4.586	-0.064	0.000000	0.000000
1582081823037	1582081823037	-13.308	4.712	0.336	0.050	-5.450	-0.579	0.000000	0.000000
1582081823054	1582081823053	-13.629	3.067	-0.675	0.217	-6.402	-0.963	0.000000	0.000000
1582081823076	1582081823072	-13.909	-0.016	-1.921	1.234	-7.609	-1.330	0.000000	0.000000
1582081823093	1582081823092	-13.722	-3.818	-3.200	3.128	-8.791	-1.292	0.000000	0.000000
1582081823115	1582081823112	-13.059	-7.668	-5.033	5.814	-9.902	-0.984	0.000000	0.000000
1582081823139	1582081823137	-11.827	-7.651	-7.531	8.467	-10.703	-0.526	0.000000	0.000000
1582081823159	1582081823152	-10.100	-5.298	-8.976	10.464	-10.987	-0.446	0.000000	0.000000
1582081823173	1582081823173	-7.662	-2.685	-9.361	9.741	-10.417	-0.969	0.000000	0.000000
1582081823193	1582081823191	-6.105	-2.716	-9.574	8.145	-8.890	-1.516	0.000000	0.000000
1582081823213	1582081823211	-7.345	-5.018	-9.833	7.225	-7.438	-1.601	0.000000	0.000000
1582081823237	1582081823236	-6.639	-6.194	-12.463	6.925	-6.368	-1.492	0.000000	0.000000
1582081823252	1582081823251	-6.140	-3.598	-17.400	6.792	-5.116	-1.068	0.000000	0.000000
1582081823273	1582081823271	-4.363	-0.400	-19.621	6.224	-4.037	-0.350	0.000000	0.000000
1582081823292	1582081823290	-3.628	3.036	-16.181	3.309	-3.796	0.158	0.000000	0.000000
1582081823313	1582081823310	-4.401	4.621	-9.263	0.143	-4.602	-0.156	0.000000	0.000000
1582081823332	1582081823332	-5.707	2.818	-1.861	-0.973	-5.390	-0.536	0.000000	0.000000
1582081823354	1582081823354	-9.497	3.028	3.448	-2.015	-5.648	-0.616	0.000000	0.000000
1582081823374	1582081823372	-12.419	4.986	6.138	-2.555	-5.870	-0.417	0.000000	0.000000
1582081823391	1582081823391	-8.541	6.576	7.930	-1.871	-6.138	-0.044	0.000000	0.000000
1582081823411	1582081823410	-10.115	8.780	9.281	-2.089	-5.572	0.687	0.000000	0.000000
1582081823434	1582081823431	-14.407	5.031	9.484	-2.676	-4.617	1.568	0.000000	0.000000
1582081823452	1582081823452	-13.739	3.208	8.758	-2.224	-4.278	1.462	0.000000	0.000000
1582081823471	1582081823471	-13.935	5.110	8.507	-1.220	-3.863	1.418	0.000000	0.000000
1582081823494	1582081823490	-11.425	7.470	13.252	-0.249	-3.445	1.072	0.000000	0.000000
1582081823510	1582081823510	-8.105	8.924	9.618	0.576	-2.621	1.493	0.000000	0.000000
1582081823530	1582081823530	-10.342	9.690	8.330	-0.464	-1.512	1.568	0.000000	0.000000
1582081823558	1582081823550	-7.779	8.004	10.435	-0.496	-2.854	1.823	0.000000	0.000000
1582081823574	1582081823570	-5.908	6.152	10.572	-0.367	-2.830	2.040	0.000000	0.000000
1582081823590	1582081823590	-4.581	7.479	9.877	-0.485	-1.987	2.002	0.000000	0.000000
1582081823612	1582081823609	-3.908	8.744	8.641	-1.050	-1.920	2.062	0.000000	0.000000
1582081823630	1582081823629	-3.762	7.513	7.273	-1.855	-1.800	2.187	0.000000	0.000000
1582081823650	1582081823650	-3.259	5.898	7.374	-2.149	-1.818	2.410	0.000000	0.000000
1582081823671	1582081823670	-2.801	6.327	7.752	-1.925	-1.678	2.314	0.000000	0.000000
1582081823691	1582081823689	-1.714	6.119	7.201	-2.544	-1.584	1.981	0.000000	0.000000
1582081823710	1582081823709	-1.546	6.296	5.510	-3.529	-1.331	1.807	0.000000	0.000000
1582081823729	1582081823729	-2.705	4.363	3.383	-4.592	-0.569	1.959	0.000000	0.000000
1582081823758	1582081823758	-3.129	1.268	2.197	-4.634	0.254	1.915	0.000000	0.000000
1582081823774	1582081823770	-3.357	-0.603	2.370	-3.640	0.425	1.737	0.000000	0.000000
1582081823790	1582081823788	-2.114	-0.733	2.269	-2.679	-0.256	1.466	0.000000	0.000000
1582081823811	1582081823808	-0.985	-0.644	3.021	-1.709	-0.661	1.041	0.000000	0.000000
1582081823830	1582081823828	-0.537	-1.054	4.669	-1.706	-0.511	0.608	0.000000	0.000000
1582081823850	1582081823850	-0.729	-1.928	4.482	-2.617	-0.059	0.489	0.000000	0.000000
1582081823870	1582081823868	-0.190	-1.719	5.479	-3.268	0.186	0.348	0.000000	0.000000
1582081823889	1582081823888	0.548	-1.650	6.042	-2.205	0.365	0.705	0.000000	0.000000
1582081823909	1582081823908	-0.576	-3.073	7.235	-1.550	0.894	0.883	0.000000	0.000000
1582081823928	1582081823928	-2.665	-4.285	8.574	-1.784	1.270	0.659	0.000000	0.000000
1582081823950	1582081823950	-2.792	-3.219	8.749	-1.855	0.836	0.575	0.000000	0.000000
1582081823970	1582081823969	-2.432	-1.600	8.651	-1.680	0.421	0.600	0.000000	0.000000
1582081823993	1582081823992	-2.219	-1.837	8.579	-1.880	0.345	0.511	0.000000	0.000000
1582081824009	1582081824008	-2.166	-3.298	8.219	-2.776	0.359	0.456	0.000000	0.000000
1582081824028	1582081824027	-4.617	-2.591	7.592	-2.611	-0.014	0.632	0.000000	0.000000
1582081824051	1582081824047	-0.746	-2.400	8.686	-1.807	-0.583	0.501	0.000000	0.000000
1582081824068	1582081824067	-0.087	-4.474	9.954	-1.587	0.081	0.841	0.000000	0.000000
1582081824093	1582081824093	-3.510	-4.577	8.998	-2.116	0.706	1.199	0.000000	0.000000
1582081824108	1582081824107	-4.258	-2.615	8.330	-2.081	0.464	1.042	0.000000	0.000000
1582081824127	1582081824127	-3.812	-4.539	8.004	-1.297	0.002	1.203	0.000000	0.000000
1582081824149	1582081824147	-3.232	-6.671	6.734	-0.882	-0.155	1.379	0.000000	0.000000
1582081824172	1582081824170	-2.032	-6.391	6.068	-0.593	-0.119	1.435	0.000000	0.000000
1582081824191	1582081824187	-2.102	-4.779	6.147	-0.369	0.132	1.543	0.000000	0.000000
1582081824210	1582081824207	-2.885	-4.937	6.875	-0.541	0.288	1.569	0.000000	0.000000
1582081824228	1582081824226	-2.861	-6.695	5.637	-1.472	0.530	1.319	0.000000	0.000000
1582081824247	1582081824246	-3.127	-8.226	4.902	-1.806	0.867	1.070	0.000000	0.000000
1582081824268	1582081824268	-3.831	-7.679	4.815	-1.974	0.908	1.020	0.000000	0.000000
1582081824293	1582081824292	-4.066	-7.519	4.468	-2.404	0.883	1.018	0.000000	0.000000
1582081824309	1582081824308	-4.294	-9.249	3.728	-2.359	0.955	0.885	0.000000	0.000000
1582081824327	1582081824327	-4.583	-10.324	3.323	-2.216	0.908	0.693	0.000000	0.000000
1582081824347	1582081824346	-4.516	-9.538	3.055	-2.338	0.849	0.572	0.000000	0.000000
1582081824371	1582081824369	-4.624	-8.793	2.659	-2.146	0.805	0.506	0.000000	0.000000
1582081824388	1582081824386	-4.519	-8.264	1.898	-2.246	0.865	0.310	0.000000	0.000000
1582081824408	1582081824406	-4.686	-8.827	1.380	-2.519	0.869	0.173	0.000000	0.000000
1582081824427	1582081824426	-5.235	-9.852	0.863	-2.825	0.631	-0.079	0.000000	0.000000
1582081824447	1582081824446	-6.179	-11.965	-1.034	-3.110	0.376	-0.348	0.000000	0.000000
1582081824467	1582081824465	-8.565	-15.506	-3.138	-3.841	0.561	-0.631	0.000000	0.000000
1582081824492	1582081824488	-11.962	-16.102	-4.635	-5.933	0.696	-1.381	0.000000	0.000000
1582081824513	1582081824506	-13.674	-12.672	-8.056	-9.541	0.066	-1.933	0.000000	0.000000
1582081824527	1582081824525	-12.091	-16.687	-11.373	-10.358	0.650	-1.134	0.000000	0.000000
1582081824546	1582081824545	-10.546	-22.395	-13.000	-8.880	3.365	-0.779	0.000000	0.000000
1582081824568	1582081824568	-16.072	-18.577	-17.115	-7.485	6.559	-0.458	0.000000	0.000000
1582081824591	1582081824591	-19.862	-11.967	-17.853	-3.380	7.115	0.592	0.000000	0.000000
1582081824608	1582081824605	-17.744	-17.206	-6.750	0.175	6.567	-0.166	0.000000	0.000000
1582081824626	1582081824625	-14.213	-10.128	-2.362	-0.678	6.635	0.040	0.000000	0.000000
1582081824645	1582081824644	-9.612	-1.216	-3.928	0.967	5.640	2.230	0.000000	0.000000
1582081824665	1582081824664	-9.954	1.141	-2.294	4.584	4.896	3.829	0.000000	0.000000
1582081824686	1582081824686	-9.350	-0.189	1.021	4.666	3.118	5.075	0.000000	0.000000
1582081824706	1582081824705	-3.424	0.489	2.722	4.044	1.491	7.011	0.000000	0.000000
1582081824726	1582081824724	-8.304	9.156	3.646	3.695	0.548	9.260	0.000000	0.000000
1582081824745	1582081824744	-10.440	-7.299	7.752	3.047	0.186	8.981	0.000000	0.000000
1582081824766	1582081824764	-9.786	-7.476	-1.830	-1.051	1.595	8.323	0.000000	0.000000
1582081824785	1582081824785	-16.122	-15.029	-5.811	-1.456	2.440	7.651	0.000000	0.000000
1582081824807	1582081824807	-14.043	-16.584	-5.952	-2.427	2.672	6.766	0.000000	0.000000
1582081824826	1582081824824	-17.145	-9.459	-8.590	-4.603	3.306	6.177	0.000000	0.000000
1582081824845	1582081824844	-17.090	-12.185	-9.256	-4.113	3.147	5.600	0.000000	0.000000
1582081824865	1582081824864	-14.599	-12.708	-10.015	-3.997	3.320	5.140	0.000000	0.000000
1582081824885	1582081824884	-17.675	-10.748	-10.837	-4.140	3.739	4.832	0.000000	0.000000
1582081824912	1582081824904	-15.370	-8.257	-10.046	-4.704	3.058	4.303	0.000000	0.000000
1582081824926	1582081824926	-16.041	-6.175	-10.880	-4.714	2.757	3.764	0.000000	0.000000
1582081824944	1582081824945	-12.275	-6.537	-10.288	-3.659	2.134	3.474	0.000000	0.000000
1582081824964	1582081824963	-13.540	-4.836	-9.395	-3.507	2.630	2.991	0.000000	0.000000
1582081824986	1582081824985	-12.163	-2.733	-9.107	-3.833	2.076	2.297	0.000000	0.000000
1582081825005	1582081825004	-9.873	-2.462	-8.240	-4.104	1.530	1.798	0.000000	0.000000
1582081825023	1582081825022	-10.174	0.475	-7.665	-3.920	1.333	1.436	0.000000	0.000000
1582081825043	1582081825042	-7.214	1.689	-6.681	-4.096	0.551	1.044	0.000000	0.000000
1582081825064	1582081825064	-6.962	5.987	-6.729	-3.868	0.460	0.998	0.000000	0.000000
1582081825085	1582081825085	-7.434	1.340	-6.079	-3.570	0.728	0.781	0.000000	0.000000
1582081825110	1582081825103	-11.044	5.050	-4.752	-3.922	0.639	0.595	0.000000	0.000000
1582081825128	1582081825124	-8.974	4.995	-3.401	-3.241	-0.579	0.345	0.000000	0.000000
1582081825152	1582081825150	-6.608	3.642	-3.761	-3.061	-1.173	0.386	0.000000	0.000000
1582081825163	1582081825162	-7.856	6.107	-2.707	-2.703	-1.019	0.515	0.000000	0.000000
1582081825183	1582081825183	-8.167	6.430	-3.083	-2.463	-1.317	0.194	0.000000	0.000000
1582081825208	1582081825207	-8.565	2.247	-0.335	-2.474	-1.524	-0.152	0.000000	0.000000
1582081825227	1582081825222	-11.672	0.683	1.634	-2.636	-1.664	-0.055	0.000000	0.000000
1582081825247	1582081825247	-11.197	2.080	2.082	-2.181	-2.634	0.249	0.000000	0.000000
1582081825263	1582081825262	-12.338	3.682	2.211	-1.322	-3.198	0.587	0.000000	0.000000
1582081825283	1582081825282	-12.889	5.695	0.621	0.384	-4.055	-0.440	0.000000	0.000000
1582081825304	1582081825302	-10.675	2.070	1.517	1.331	-4.832	-0.941	0.000000	0.000000
1582081825325	1582081825325	-12.453	1.263	2.691	1.048	-4.960	-0.308	0.000000	0.000000
1582081825344	1582081825342	-14.549	3.817	1.629	0.961	-5.231	-0.270	0.000000	0.000000
1582081825365	1582081825363	-15.013	2.906	-0.189	0.895	-6.010	-0.740	0.000000	0.000000
1582081825383	1582081825382	-16.111	-0.510	-1.159	1.465	-7.157	-1.212	0.000000	0.000000
1582081825408	1582081825408	-15.864	-2.508	-2.920	2.483	-8.479	-1.590	0.000000	0.000000
1582081825425	1582081825425	-14.355	-2.251	-5.076	3.335	-9.301	-1.898	0.000000	0.000000
1582081825444	1582081825442	-13.598	-3.195	-6.834	4.648	-9.865	-2.296	0.000000	0.000000
1582081825461	1582081825461	-11.559	-4.419	-9.067	6.315	-10.315	-2.533	0.000000	0.000000
1582081825483	1582081825481	-8.998	-2.745	-10.813	7.176	-10.242	-2.685	0.000000	0.000000
1582081825502	1582081825501	-6.933	-0.836	-11.412	7.147	-9.192	-3.099	0.000000	0.000000
1582081825525	1582081825525	-6.212	-0.824	-10.121	7.442	-7.861	-3.690	0.000000	0.000000
1582081825543	1582081825540	-6.208	-2.249	-9.292	7.651	-6.558	-3.578	0.000000	0.000000
1582081825563	1582081825561	-6.998	-2.900	-10.976	7.522	-5.313	-2.765	0.000000	0.000000
1582081825582	1582081825580	-6.866	0.178	-14.262	6.685	-4.520	-1.752	0.000000	0.000000
1582081825604	1582081825601	-6.011	2.794	-14.821	5.671	-4.020	-1.105	0.000000	0.000000
1582081825625	1582081825625	-4.512	5.350	-12.396	3.343	-4.103	-0.712	0.000000	0.000000
1582081825643	1582081825642	-4.088	7.424	-7.505	0.176	-4.416	-0.834	0.000000	0.000000
1582081825661	1582081825660	-4.706	6.135	-2.124	-2.127	-4.692	-1.115	0.000000	0.000000
1582081825681	1582081825681	-10.704	3.376	5.512	-2.519	-4.900	-1.009	0.000000	0.000000
1582081825704	1582081825700	-11.724	2.401	8.488	-2.570	-5.040	-1.012	0.000000	0.000000
1582081825725	1582081825725	-8.759	3.019	9.671	-1.850	-6.013	-0.138	0.000000	0.000000
1582081825741	1582081825741	-13.907	4.420	10.361	-1.652	-5.240	0.845	0.000000	0.000000
1582081825760	1582081825760	-12.678	4.485	11.254	-1.060	-5.118	0.588	0.000000	0.000000
1582081825780	1582081825780	-15.224	3.270	9.827	-1.301	-4.840	1.162	0.000000	0.000000
1582081825802	1582081825800	-14.910	9.590	12.043	-1.717	-4.592	0.659	0.000000	0.000000
1582081825826	1582081825826	-6.083	8.449	13.082	-1.454	-4.144	0.349	0.000000	0.000000
1582081825841	1582081825841	-4.473	4.653	12.091	-2.290	-2.714	0.442	0.000000	0.000000
1582081825861	1582081825861	-6.648	5.009	12.548	-1.030	-2.553	0.999	0.000000	0.000000
1582081825880	1582081825880	-5.645	6.595	11.590	0.126	-2.829	1.543	0.000000	0.000000
1582081825901	1582081825899	-5.676	5.810	10.263	-0.303	-2.290	2.052	0.000000	0.000000
1582081825925	1582081825919	-4.653	5.831	9.856	-1.024	-2.147	1.819	0.000000	0.000000
1582081825940	1582081825940	-2.823	4.322	10.030	-1.072	-2.576	1.769	0.000000	0.000000
1582081825960	1582081825959	-2.003	2.602	9.688	-0.769	-2.741	1.957	0.000000	0.000000
1582081825980	1582081825979	-0.684	1.986	8.040	-0.782	-2.010	2.129	0.000000	0.000000
1582081826000	1582081825999	-1.352	3.828	7.637	-1.093	-0.681	1.614	0.000000	0.000000
1582081826019	1582081826018	-1.970	6.543	6.368	-1.932	-0.387	1.388	0.000000	0.000000
1582081826039	1582081826039	-1.752	7.338	5.263	-2.757	-0.492	1.477	0.000000	0.000000
1582081826059	1582081826058	-1.761	4.633	4.276	-3.445	-0.651	2.040	0.000000	0.000000
1582081826079	1582081826078	-1.635	0.755	3.515	-3.773	-0.466	2.375	0.000000	0.000000
1582081826099	1582081826098	-1.579	-2.110	3.555	-3.297	-0.191	2.572	0.000000	0.000000
1582081826125	1582081826125	-1.841	-3.085	4.894	-2.261	0.085	2.178	0.000000	0.000000
1582081826139	1582081826138	-2.020	-2.800	5.287	-2.010	0.365	1.397	0.000000	0.000000
1582081826158	1582081826157	-0.645	-1.171	5.563	-1.961	0.250	0.567	0.000000	0.000000
1582081826178	1582081826176	0.744	0.403	6.528	-1.865	0.066	0.033	0.000000	0.000000
1582081826198	1582081826198	1.350	-1.284	5.771	-1.864	0.253	0.377	0.000000	0.000000
1582081826221	1582081826218	0.771	-2.800	5.635	-2.249	1.165	0.523	0.000000	0.000000
1582081826242	1582081826242	-0.741	-2.944	7.300	-1.572	1.475	0.655	0.000000	0.000000
1582081826262	1582081826258	-2.346	-3.638	9.070	-1.111	1.279	0.745	0.000000	0.000000
1582081826279	1582081826278	-3.251	-4.467	9.546	-1.176	1.022	0.378	0.000000	0.000000
1582081826298	1582081826297	-2.370	-4.151	8.574	-1.509	0.656	0.390	0.000000	0.000000
1582081826318	1582081826317	-2.147	-2.728	7.211	-1.947	0.124	0.385	0.000000	0.000000
1582081826339	1582081826339	-3.501	-1.887	6.998	-1.738	-0.128	0.154	0.000000	0.000000
1582081826359	1582081826359	-0.674	-3.435	8.023	-1.773	-0.915	0.080	0.000000	0.000000
1582081826381	1582081826377	0.598	-5.404	7.278	-2.169	-0.963	0.506	0.000000	0.000000
1582081826399	1582081826397	0.107	-6.872	7.345	-2.155	-0.172	0.744	0.000000	0.000000
1582081826418	1582081826417	-0.269	-6.043	7.319	-1.986	0.583	0.780	0.000000	0.000000
1582081826443	1582081826437	-1.613	-3.964	7.767	-1.399	1.277	0.555	0.000000	0.000000
1582081826461	1582081826458	-3.402	-2.848	8.425	-1.657	1.239	0.600	0.000000	0.000000
1582081826477	1582081826476	-3.723	-3.305	7.747	-2.192	0.557	0.649	0.000000	0.000000
1582081826498	1582081826497	-2.514	-4.826	6.095	-2.395	-0.045	0.539	0.000000	0.000000
1582081826517	1582081826516	-1.692	-6.230	5.491	-1.938	-0.308	0.787	0.000000	0.000000
1582081826538	1582081826538	-2.164	-6.266	6.571	-1.468	0.049	1.012	0.000000	0.000000
1582081826557	1582081826557	-2.677	-6.602	5.738	-2.210	0.462	1.092	0.000000	0.000000
1582081826581	1582081826581	-4.004	-7.466	4.530	-2.412	0.541	1.127	0.000000	0.000000
1582081826597	1582081826596	-4.653	-7.696	4.533	-2.139	0.251	1.089	0.000000	0.000000
1582081826617	1582081826616	-3.874	-8.446	3.989	-2.469	-0.065	0.987	0.000000	0.000000
1582081826636	1582081826636	-3.093	-9.390	2.365	-2.602	-0.107	0.931	0.000000	0.000000
1582081826660	1582081826660	-2.827	-10.065	1.620	-2.008	0.245	0.967	0.000000	0.000000
1582081826681	1582081826676	-3.537	-10.525	2.075	-1.379	0.628	0.961	0.000000	0.000000
1582081826696	1582081826696	-4.282	-10.298	2.235	-1.355	0.720	0.875	0.000000	0.000000
1582081826716	1582081826716	-4.653	-9.744	1.867	-1.706	0.885	0.665	0.000000	0.000000
1582081826738	1582081826738	-5.187	-10.226	1.289	-1.924	1.360	0.580	0.000000	0.000000
1582081826757	1582081826755	-7.609	-11.999	0.353	-1.694	1.945	0.389	0.000000	0.000000
1582081826777	1582081826776	-10.165	-13.604	-0.062	-1.303	1.917	-0.291	0.000000	0.000000
1582081826796	1582081826795	-10.412	-15.050	-1.904	-2.307	1.089	-0.843	0.000000	0.000000
1582081826816	1582081826816	-9.451	-15.005	-6.271	-4.523	0.378	-1.481	0.000000	0.000000
1582081826836	1582081826834	-11.181	-9.972	-10.291	-8.487	-0.010	-2.509	0.000000	0.000000
1582081826860	1582081826859	-12.810	-15.585	-12.981	-11.310	0.516	-2.258	0.000000	0.000000
1582081826877	1582081826875	-8.943	-29.119	-11.922	-10.221	3.343	-1.890	0.000000	0.000000
1582081826896	1582081826896	-9.892	-18.083	-14.461	-8.110	6.854	-1.115	0.000000	0.000000
1582081826915	1582081826915	-14.865	-8.484	-16.452	-2.493	7.327	0.260	0.000000	0.000000
1582081826936	1582081826935	-14.769	-12.832	-9.709	1.068	6.910	0.421	0.000000	0.000000
1582081826956	1582081826955	-9.765	-4.697	-6.848	3.163	6.438	1.410	0.000000	0.000000
1582081826976	1582081826976	-11.058	7.192	-4.323	5.081	5.521	3.585	0.000000	0.000000
1582081826996	1582081826996	-13.581	-3.610	1.919	6.184	3.366	5.156	0.000000	0.000000
1582081827016	1582081827015	-4.756	3.970	3.697	4.234	2.238	6.431	0.000000	0.000000
1582081827035	1582081827034	-3.973	7.427	6.102	1.676	2.030	7.403	0.000000	0.000000
1582081827058	1582081827058	-12.982	-4.898	6.459	1.332	1.876	8.459	0.000000	0.000000
1582081827075	1582081827074	-12.798	-12.401	1.565	-0.804	1.507	8.181	0.000000	0.000000
1582081827095	1582081827094	-11.487	-15.427	-5.962	-2.700	1.946	7.458	0.000000	0.000000
1582081827116	1582081827114	-13.713	-15.168	-7.830	-4.379	2.777	6.643	0.000000	0.000000
1582081827135	1582081827133	-15.354	-13.592	-9.359	-4.980	3.053	6.041	0.000000	0.000000
1582081827162	1582081827160	-15.325	-16.334	-10.880	-4.831	3.213	5.834	0.000000	0.000000
1582081827181	1582081827177	-18.104	-10.449	-8.470	-4.629	3.448	5.636	0.000000	0.000000
1582081827201	1582081827193	-18.779	-11.033	-9.081	-4.803	3.518	4.943	0.000000	0.000000
1582081827214	1582081827213	-16.398	-10.801	-10.180	-4.104	3.527	4.464	0.000000	0.000000
1582081827235	1582081827233	-16.736	-4.640	-7.922	-4.101	3.170	4.026	0.000000	0.000000
1582081827257	1582081827255	-14.676	-6.357	-7.797	-4.134	2.384	3.394	0.000000	0.000000
1582081827275	1582081827275	-14.086	-5.674	-7.018	-3.859	2.294	3.302	0.000000	0.000000
1582081827296	1582081827294	-12.750	-1.844	-7.857	-3.934	2.166	2.795	0.000000	0.000000
1582081827314	1582081827314	-11.193	-2.014	-7.165	-3.906	1.720	2.127	0.000000	0.000000
1582081827334	1582081827333	-9.295	1.919	-7.790	-3.963	1.068	1.758	0.000000	0.000000
1582081827354	1582081827354	-7.506	3.388	-8.554	-3.560	0.419	1.377	0.000000	0.000000
1582081827380	1582081827379	-7.772	3.220	-7.596	-3.829	-0.045	1.188	0.000000	0.000000
1582081827397	1582081827394	-7.240	2.372	-7.665	-3.577	-0.414	1.213	0.000000	0.000000
1582081827413	1582081827413	-6.167	3.249	-7.617	-3.149	-0.213	1.271	0.000000	0.000000
1582081827434	1582081827432	-7.707	4.655	-6.029	-3.006	0.114	1.162	0.000000	0.000000
1582081827455	1582081827452	-9.772	5.048	-5.794	-2.871	-0.310	0.764	0.000000	0.000000
1582081827485	1582081827485	-9.063	5.860	-5.610	-2.628	-1.458	0.489	0.000000	0.000000
1582081827495	1582081827492	-7.427	5.925	-5.550	-2.101	-2.105	0.246	0.000000	0.000000
1582081827515	1582081827512	-7.415	5.206	-4.604	-1.667	-2.267	0.089	0.000000	0.000000
1582081827533	1582081827532	-10.139	2.858	-1.614	-0.720	-2.585	0.164	0.000000	0.000000
1582081827553	1582081827552	-10.644	1.522	2.674	0.478	-2.450	0.311	0.000000	0.000000
1582081827573	1582081827572	-11.066	1.970	1.093	0.207	-2.720	0.367	0.000000	0.000000
1582081827600	1582081827592	-11.001	3.404	1.871	-0.012	-3.965	0.717	0.000000	0.000000
1582081827616	1582081827612	-10.718	4.569	2.614	-0.072	-3.875	0.771	0.000000	0.000000
1582081827633	1582081827632	-12.259	3.685	1.232	-0.026	-3.317	0.464	0.000000	0.000000
1582081827652	1582081827651	-14.359	3.673	0.923	-0.321	-3.808	0.607	0.000000	0.000000
1582081827673	1582081827672	-15.104	2.183	0.242	-0.029	-5.064	0.336	0.000000	0.000000
1582081827694	1582081827692	-15.845	0.154	-0.893	0.763	-6.255	-0.127	0.000000	0.000000
1582081827712	1582081827712	-16.039	-1.525	-2.999	1.617	-7.382	-0.560	0.000000	0.000000
1582081827732	1582081827732	-14.771	-4.323	-4.932	3.323	-8.723	-0.763	0.000000	0.000000
1582081827753	1582081827751	-12.148	-3.837	-7.145	4.848	-9.975	-0.780	0.000000	0.000000
1582081827772	1582081827771	-10.977	-3.820	-8.918	6.480	-10.347	-0.550	0.000000	0.000000
1582081827794	1582081827794	-8.550	-6.709	-9.467	9.240	-10.363	-0.571	0.000000	0.000000
1582081827815	1582081827810	-5.709	-4.934	-11.500	9.626	-9.127	-0.428	0.000000	0.000000
1582081827834	1582081827831	-5.489	-3.399	-12.344	9.570	-7.658	-0.440	0.000000	0.000000
1582081827852	1582081827850	-4.924	-3.399	-10.597	8.967	-7.046	-0.861	0.000000	0.000000
1582081827876	1582081827872	-3.891	-6.142	-11.354	7.979	-5.977	-0.656	0.000000	0.000000
1582081827895	1582081827895	-4.464	-3.796	-14.924	6.395	-5.008	-0.163	0.000000	0.000000
1582081827913	1582081827911	-2.914	-1.039	-16.694	5.034	-4.409	-0.021	0.000000	0.000000
1582081827933	1582081827930	-2.516	-0.450	-15.664	2.946	-4.008	0.037	0.000000	0.000000
1582081827951	1582081827950	-3.230	3.742	-11.002	-0.089	-4.265	-0.314	0.000000	0.000000
1582081827972	1582081827970	-4.097	5.843	-5.306	-2.590	-4.994	-1.159	0.000000	0.000000
1582081827998	1582081827993	-7.743	2.463	1.138	-3.123	-5.395	-1.450	0.000000	0.000000
1582081828014	1582081828010	-12.944	-0.316	7.105	-2.693	-5.405	-0.643	0.000000	0.000000
1582081828031	1582081828030	-10.476	1.385	8.660	-1.217	-6.510	0.711	0.000000	0.000000
1582081828051	1582081828050	-11.094	7.714	10.184	-0.889	-6.231	1.853	0.000000	0.000000
1582081828071	1582081828070	-14.422	8.725	10.581	-0.565	-5.483	1.787	0.000000	0.000000
1582081828091	1582081828090	-13.205	4.770	9.592	-0.209	-5.484	1.959	0.000000	0.000000
1582081828114	1582081828110	-13.636	6.121	8.706	-0.734	-5.115	2.237	0.000000	0.000000
1582081828132	1582081828130	-11.157	10.718	13.073	-0.819	-4.696	1.882	0.000000	0.000000
1582081828150	1582081828150	-7.801	10.946	10.282	-0.482	-3.694	1.871	0.000000	0.000000
1582081828171	1582081828169	-8.500	8.552	9.539	0.183	-2.869	1.658	0.000000	0.000000
1582081828190	1582081828189	-6.627	7.985	11.832	1.042	-3.225	1.920	0.000000	0.000000
1582081828211	1582081828211	-4.162	7.654	11.209	0.690	-2.601	2.273	0.000000	0.000000
1582081828231	1582081828229	-4.179	6.885	10.014	0.336	-2.011	2.452	0.000000	0.000000
1582081828250	1582081828249	-3.465	6.885	10.308	-0.209	-1.988	2.211	0.000000	0.000000
1582081828270	1582081828268	-1.151	5.635	8.562	-1.594	-1.807	2.286	0.000000	0.000000
1582081828290	1582081828288	-3.110	4.887	6.904	-2.384	-1.440	2.590	0.000000	0.000000
1582081828312	1582081828310	-2.806	6.193	5.088	-2.979	-1.157	2.128	0.000000	0.000000
1582081828330	1582081828329	-1.749	6.957	5.227	-2.740	-1.147	1.722	0.000000	0.000000
1582081828349	1582081828349	0.428	5.743	4.370	-2.684	-0.995	1.667	0.000000	0.000000
1582081828369	1582081828368	0.986	4.001	2.674	-3.607	-0.356	1.772	0.000000	0.000000
1582081828393	1582081828392	-1.292	1.986	3.891	-3.565	0.247	2.096	0.000000	0.000000
1582081828416	1582081828408	-1.929	0.274	4.523	-2.695	0.382	2.061	0.000000	0.000000
1582081828428	1582081828427	-2.066	0.027	5.436	-2.282	0.417	1.659	0.000000	0.000000
1582081828448	1582081828447	-1.939	0.784	5.424	-2.628	0.476	1.385	0.000000	0.000000
1582081828469	1582081828468	-1.244	0.580	5.522	-2.678	0.651	0.939	0.000000	0.000000
1582081828488	1582081828488	-1.268	1.306	6.360	-2.640	0.921	0.570	0.000000	0.000000
1582081828512	1582081828508	-0.698	2.185	6.166	-2.539	0.827	0.415	0.000000	0.000000
1582081828529	1582081828528	-0.571	0.904	7.120	-2.836	0.949	0.151	0.000000	0.000000
1582081828548	1582081828548	-1.555	-1.099	8.246	-3.317	0.788	0.393	0.000000	0.000000
1582081828568	1582081828567	-1.194	-1.051	8.667	-2.900	0.400	0.608	0.000000	0.000000
1582081828588	1582081828587	-1.565	-0.153	8.701	-1.642	0.398	0.713	0.000000	0.000000
1582081828613	1582081828613	-1.711	0.183	9.379	-1.402	0.465	0.772	0.000000	0.000000
1582081828628	1582081828627	-2.027	-0.148	8.004	-2.236	0.737	0.804	0.000000	0.000000
1582081828649	1582081828647	-1.699	-1.995	6.097	-2.846	0.552	0.689	0.000000	0.000000
1582081828667	1582081828667	-0.961	-4.474	6.353	-2.931	0.026	0.771	0.000000	0.000000
1582081828688	1582081828688	-2.329	-5.988	8.258	-2.804	0.121	0.856	0.000000	0.000000
1582081828708	1582081828708	-2.300	-6.075	7.632	-2.680	-0.202	0.894	0.000000	0.000000
1582081828733	1582081828727	-0.566	-4.886	7.934	-2.117	-0.295	0.928	0.000000	0.000000
1582081828751	1582081828747	-1.436	-5.231	7.707	-1.804	0.390	1.060	0.000000	0.000000
1582081828767	1582081828767	-2.765	-5.536	7.189	-1.447	0.512	1.151	0.000000	0.000000
1582081828788	1582081828787	-2.746	-5.064	7.597	-1.007	0.214	1.015	0.000000	0.000000
1582081828807	1582081828806	-2.547	-5.689	7.362	-1.029	-0.136	0.957	0.000000	0.000000
1582081828827	1582081828826	-1.474	-5.809	6.332	-1.564	-0.181	0.942	0.000000	0.000000
1582081828850	1582081828850	-1.944	-5.725	6.092	-1.703	0.004	1.109	0.000000	0.000000
1582081828867	1582081828866	-2.183	-6.120	5.544	-1.725	0.205	1.143	0.000000	0.000000
1582081828887	1582081828886	-2.849	-6.786	5.441	-1.622	0.315	1.183	0.000000	0.000000
1582081828910	1582081828908	-3.587	-7.143	4.959	-1.790	0.244	1.105	0.000000	0.000000
1582081828936	1582081828936	-3.510	-7.646	4.458	-1.988	0.174	0.944	0.000000	0.000000
1582081828949	1582081828946	-3.307	-8.592	4.102	-2.373	0.323	0.971	0.000000	0.000000
1582081828966	1582081828965	-4.059	-9.117	3.368	-2.887	0.645	0.998	0.000000	0.000000
1582081828986	1582081828986	-4.636	-9.390	2.846	-2.771	0.622	0.893	0.000000	0.000000
1582081829009	1582081829009	-3.937	-9.313	2.880	-2.662	0.470	0.788	0.000000	0.000000
1582081829030	1582081829030	-3.987	-8.908	2.444	-3.070	0.672	0.632	0.000000	0.000000
1582081829048	1582081829045	-4.411	-9.395	1.337	-3.251	1.083	0.536	0.000000	0.000000
1582081829072	1582081829066	-5.278	-11.323	-0.584	-2.938	1.427	0.541	0.000000	0.000000
1582081829086	1582081829084	-6.629	-14.504	-2.256	-2.607	1.786	0.092	0.000000	0.000000
1582081829106	1582081829105	-8.943	-16.155	-3.904	-3.237	2.076	-1.006	0.000000	0.000000
1582081829131	1582081829131	-10.879	-15.932	-7.524	-5.333	1.904	-2.289	0.000000	0.000000
1582081829147	1582081829147	-12.613	-14.229	-14.478	-8.955	1.236	-3.339	0.000000	0.000000
1582081829174	1582081829173	-11.708	-17.554	-17.348	-10.329	-0.521	-3.826	0.000000	0.000000
1582081829186	1582081829185	-6.572	-26.458	-14.042	-10.004	0.177	-3.146	0.000000	0.000000
1582081829205	1582081829204	-8.057	-20.352	-13.798	-7.803	4.001	-1.418	0.000000	0.000000
1582081829230	1582081829230	-11.432	-7.059	-17.173	-3.011	6.210	0.523	0.000000	0.000000
1582081829248	1582081829248	-15.430	-7.265	-10.394	-0.143	6.395	0.626	0.000000	0.000000
1582081829265	1582081829265	-10.498	-7.347	-2.790	1.678	6.299	1.429	0.000000	0.000000
1582081829285	1582081829284	-10.330	3.694	-1.811	3.836	5.806	3.571	0.000000	0.000000
1582081829304	1582081829304	-9.156	-0.244	0.801	5.351	5.049	5.059	0.000000	0.000000
1582081829325	1582081829324	-12.081	-2.014	0.877	4.499	3.871	7.164	0.000000	0.000000
1582081829349	1582081829349	-6.655	5.393	6.004	5.301	2.015	8.562	0.000000	0.000000
1582081829368	1582081829364	-12.620	0.820	7.393	2.943	1.909	9.137	0.000000	0.000000
1582081829384	1582081829384	-11.791	-2.314	3.675	-0.898	1.941	8.014	0.000000	0.000000
1582081829405	1582081829403	-16.084	-13.031	-3.677	-1.835	2.491	7.219	0.000000	0.000000
1582081829425	1582081829424	-12.702	-18.629	-5.837	-3.190	2.147	6.769	0.000000	0.000000
1582081829444	1582081829445	-12.271	-14.066	-9.397	-4.253	3.085	6.712	0.000000	0.000000
1582081829466	1582081829464	-17.945	-16.035	-9.567	-4.758	4.041	6.144	0.000000	0.000000
1582081829485	1582081829483	-15.823	-13.719	-9.718	-4.791	3.560	5.825	0.000000	0.000000
1582081829504	1582081829503	-17.138	-14.547	-11.139	-4.251	3.556	5.150	0.000000	0.000000
1582081829525	1582081829525	-14.795	-8.868	-10.590	-3.686	3.177	4.831	0.000000	0.000000
1582081829548	1582081829548	-17.141	-9.213	-8.326	-4.200	3.573	4.047	0.000000	0.000000
1582081829565	1582081829564	-16.451	-4.529	-8.437	-4.688	2.852	3.662	0.000000	0.000000
1582081829584	1582081829583	-15.207	-3.995	-8.681	-5.153	2.067	2.966	0.000000	0.000000
1582081829604	1582081829603	-11.851	-2.632	-9.486	-4.671	1.474	2.666	0.000000	0.000000
1582081829624	1582081829623	-11.063	-0.253	-9.297	-4.424	1.333	2.255	0.000000	0.000000
1582081829645	1582081829644	-10.110	1.143	-9.174	-4.435	1.158	1.635	0.000000	0.000000
1582081829669	1582081829664	-8.354	2.739	-9.498	-4.622	0.746	1.145	0.000000	0.000000
1582081829684	1582081829682	-7.923	2.156	-8.988	-4.648	0.615	0.886	0.000000	0.000000
1582081829703	1582081829702	-7.884	2.039	-7.505	-4.504	0.384	0.704	0.000000	0.000000
1582081829724	1582081829722	-7.434	4.248	-8.118	-4.217	0.029	0.657	0.000000	0.000000
1582081829748	1582081829747	-8.263	5.163	-6.997	-3.384	-0.228	0.501	0.000000	0.000000
1582081829763	1582081829762	-8.589	3.979	-5.550	-3.193	-0.518	0.215	0.000000	0.000000
1582081829783	1582081829782	-8.675	4.763	-4.678	-3.413	-0.855	0.160	0.000000	0.000000
1582081829802	1582081829802	-6.991	5.330	-2.934	-3.481	-0.977	-0.029	0.000000	0.000000
1582081829822	1582081829822	-6.768	4.643	-2.551	-3.813	-0.948	-0.221	0.000000	0.000000
1582081829850	1582081829850	-7.527	3.836	-0.330	-3.683	-0.864	-0.458	0.000000	0.000000
1582081829865	1582081829865	-10.472	0.710	2.087	-3.001	-0.728	-0.499	0.000000	0.000000
1582081829886	1582081829883	-13.071	-1.748	1.912	-1.626	-1.684	-0.439	0.000000	0.000000
1582081829903	1582081829901	-10.972	1.014	1.629	-0.604	-3.691	-0.059	0.000000	0.000000
1582081829922	1582081829921	-11.104	3.378	2.818	1.137	-4.314	0.134	0.000000	0.000000
1582081829947	1582081829941	-12.465	2.202	3.510	2.327	-4.472	-0.110	0.000000	0.000000
1582081829962	1582081829962	-12.469	3.218	1.766	1.574	-4.423	-0.563	0.000000	0.000000
1582081829983	1582081829981	-14.410	3.251	-0.280	1.208	-4.536	-0.488	0.000000	0.000000
1582081830003	1582081830001	-16.091	1.098	-1.593	1.662	-5.580	-0.500	0.000000	0.000000
1582081830023	1582081830021	-15.758	-0.510	-3.111	2.623	-6.986	-0.545	0.000000	0.000000
1582081830045	1582081830042	-14.987	-0.589	-4.702	3.439	-8.231	-0.637	0.000000	0.000000
1582081830066	1582081830066	-13.662	-0.146	-5.950	4.066	-9.363	-1.009	0.000000	0.000000
1582081830085	1582081830084	-11.885	-1.672	-7.373	5.026	-10.021	-1.498	0.000000	0.000000
1582081830101	1582081830100	-11.181	-6.831	-8.334	7.632	-10.283	-1.571	0.000000	0.000000
1582081830121	1582081830121	-8.423	-6.309	-10.887	9.912	-10.352	-1.355	0.000000	0.000000
1582081830141	1582081830141	-5.479	-0.915	-12.310	9.920	-9.053	-1.208	0.000000	0.000000
1582081830161	1582081830160	-4.495	-1.312	-11.136	9.046	-7.396	-1.266	0.000000	0.000000
1582081830196	1582081830188	-4.694	-3.907	-10.755	7.959	-6.270	-1.240	0.000000	0.000000
1582081830200	1582081830199	-4.823	-4.261	-13.122	6.999	-5.394	-0.887	0.000000	0.000000
1582081830221	1582081830221	-4.164	-0.773	-15.453	5.662	-4.807	-0.344	0.000000	0.000000
1582081830241	1582081830240	-2.885	1.931	-15.223	4.039	-4.423	-0.073	0.000000	0.000000
1582081830270	1582081830264	-2.226	3.749	-13.922	1.924	-4.150	0.001	0.000000	0.000000
1582081830285	1582081830282	-3.057	5.175	-10.537	-0.202	-3.881	-0.206	0.000000	0.000000
1582081830300	1582081830299	-4.813	5.920	-5.914	-2.365	-3.701	-0.631	0.000000	0.000000
1582081830322	1582081830320	-7.568	2.856	-0.067	-2.918	-3.490	-1.124	0.000000	0.000000
1582081830341	1582081830340	-11.993	0.837	3.416	-2.298	-3.813	-1.014	0.000000	0.000000
1582081830361	1582081830361	-14.453	2.408	4.113	-2.466	-4.502	-0.650	0.000000	0.000000
1582081830383	1582081830379	-9.231	3.579	7.338	-1.435	-5.218	-0.923	0.000000	0.000000
1582081830403	1582081830403	-12.076	2.631	8.171	-0.334	-4.857	0.145	0.000000	0.000000
1582081830420	1582081830419	-15.090	4.482	6.871	-0.348	-4.177	0.619	0.000000	0.000000
1582081830439	1582081830439	-14.795	7.568	11.307	-0.052	-4.371	0.571	0.000000	0.000000
1582081830461	1582081830459	-11.018	9.623	9.319	0.291	-4.003	0.889	0.000000	0.000000
1582081830482	1582081830482	-14.616	10.732	7.240	-0.481	-2.810	1.675	0.000000	0.000000
1582081830506	1582081830499	-11.684	10.375	9.602	-0.454	-3.071	1.617	0.000000	0.000000
1582081830522	1582081830521	-7.999	7.084	10.699	-0.266	-3.719	1.983	0.000000	0.000000
1582081830539	1582081830539	-8.054	6.964	9.884	-0.676	-3.288	2.305	0.000000	0.000000
1582081830558	1582081830557	-5.532	7.728	9.099	-0.774	-2.778	2.385	0.000000	0.000000
1582081830579	1582081830577	-5.570	7.175	8.605	-0.910	-2.508	2.543	0.000000	0.000000
1582081830598	1582081830597	-5.992	6.291	7.992	-0.691	-2.503	2.511	0.000000	0.000000
1582081830618	1582081830617	-4.224	5.714	7.704	-0.859	-2.438	2.327	0.000000	0.000000
1582081830638	1582081830637	-2.873	5.692	6.485	-1.805	-2.212	2.139	0.000000	0.000000
1582081830660	1582081830659	-1.440	5.527	6.157	-2.318	-1.943	1.864	0.000000	0.000000
1582081830682	1582081830679	-0.679	5.218	6.310	-2.195	-1.624	1.798	0.000000	0.000000
1582081830699	1582081830697	-0.621	3.709	6.377	-2.305	-0.797	1.764	0.000000	0.000000
1582081830719	1582081830718	-1.074	3.656	5.958	-2.489	-0.109	1.704	0.000000	0.000000
1582081830739	1582081830738	-1.306	3.630	5.929	-2.474	0.229	1.613	0.000000	0.000000
1582081830759	1582081830758	-1.335	2.691	5.977	-2.664	0.385	1.409	0.000000	0.000000
1582081830779	1582081830779	-1.230	1.855	4.813	-2.819	0.486	1.336	0.000000	0.000000
1582081830804	1582081830798	-1.246	1.304	5.618	-2.384	0.421	1.096	0.000000	0.000000
1582081830818	1582081830817	-1.211	0.999	5.898	-2.732	0.117	0.671	0.000000	0.000000
1582081830838	1582081830837	-1.012	1.522	5.108	-3.544	0.105	0.315	0.000000	0.000000
1582081830859	1582081830859	-1.148	1.428	5.208	-3.608	0.413	0.099	0.000000	0.000000
1582081830881	1582081830881	-1.148	-0.550	6.126	-2.828	0.430	0.087	0.000000	0.000000
1582081830900	1582081830897	-0.672	-1.906	7.041	-2.546	0.181	0.041	0.000000	0.000000
1582081830918	1582081830917	0.181	-1.914	6.401	-2.810	0.188	0.107	0.000000	0.000000
1582081830938	1582081830937	-0.947	-1.693	7.213	-1.496	0.785	0.389	0.000000	0.000000
1582081830958	1582081830957	-3.204	-2.642	9.661	-0.155	0.972	0.494	0.000000	0.000000
1582081830978	1582081830978	-2.969	-1.937	9.374	-0.828	0.521	0.324	0.000000	0.000000
1582081831001	1582081830997	-2.075	-1.077	8.145	-1.201	0.432	0.140	0.000000	0.000000
1582081831024	1582081831018	-0.571	0.072	7.915	-1.793	0.472	0.016	0.000000	0.000000
1582081831038	1582081831037	-0.477	-0.891	7.656	-2.462	0.518	0.220	0.000000	0.000000
1582081831057	1582081831056	-2.432	-2.781	7.654	-2.233	0.628	0.611	0.000000	0.000000
1582081831083	1582081831080	-3.393	-3.018	8.301	-1.797	0.249	0.635	0.000000	0.000000
1582081831097	1582081831097	-2.653	-3.059	8.969	-1.713	-0.312	0.585	0.000000	0.000000
1582081831117	1582081831116	-1.769	-4.041	8.598	-2.005	-0.459	0.653	0.000000	0.000000
1582081831137	1582081831136	-1.419	-5.107	7.997	-2.158	-0.370	0.800	0.000000	0.000000
1582081831158	1582081831156	-1.026	-6.343	7.640	-2.169	-0.141	0.922	0.000000	0.000000
1582081831181	1582081831180	-1.278	-6.300	6.418	-2.249	0.179	0.834	0.000000	0.000000
1582081831201	1582081831201	-2.049	-4.517	6.260	-1.734	0.373	0.821	0.000000	0.000000
1582081831218	1582081831216	-1.924	-4.280	6.753	-1.466	0.452	0.868	0.000000	0.000000
1582081831236	1582081831235	-2.447	-6.072	6.509	-1.335	0.618	1.101	0.000000	0.000000
1582081831256	1582081831255	-3.719	-6.422	6.715	-1.589	0.614	1.105	0.000000	0.000000
1582081831276	1582081831275	-3.996	-6.316	6.114	-1.851	0.259	1.033	0.000000	0.000000
1582081831296	1582081831295	-3.141	-7.404	4.576	-2.000	-0.028	0.957	0.000000	0.000000
1582081831316	1582081831315	-2.708	-8.333	3.397	-1.979	0.012	0.968	0.000000	0.000000
1582081831336	1582081831336	-2.621	-8.678	3.239	-1.808	0.364	0.860	0.000000	0.000000
1582081831355	1582081831355	-3.407	-8.496	3.814	-1.896	0.790	0.771	0.000000	0.000000
1582081831377	1582081831375	-4.789	-8.793	3.884	-1.770	0.846	0.732	0.000000	0.000000
1582081831399	1582081831399	-4.804	-9.663	3.749	-1.710	0.564	0.520	0.000000	0.000000
1582081831418	1582081831418	-3.891	-9.917	3.309	-1.952	0.449	0.249	0.000000	0.000000
1582081831436	1582081831435	-3.640	-9.823	3.201	-1.908	0.588	0.032	0.000000	0.000000
1582081831456	1582081831454	-4.595	-10.607	2.861	-1.573	0.589	-0.306	0.000000	0.000000
1582081831476	1582081831474	-7.221	-13.654	2.245	-1.378	0.746	-0.892	0.000000	0.000000
1582081831496	1582081831497	-10.129	-17.657	1.589	-2.752	0.967	-1.631	0.000000	0.000000
1582081831516	1582081831515	-11.696	-18.378	-2.556	-5.599	0.943	-2.495	0.000000	0.000000
1582081831537	1582081831537	-12.254	-16.622	-6.738	-9.590	1.211	-3.244	0.000000	0.000000
1582081831555	1582081831554	-13.344	-16.394	-12.849	-14.572	0.684	-3.355	0.000000	0.000000
1582081831576	1582081831574	-10.615	-25.049	-14.406	-14.390	1.287	-2.726	0.000000	0.000000
1582081831596	1582081831595	-10.400	-27.049	-12.068	-10.330	4.010	-2.523	0.000000	0.000000
1582081831619	1582081831619	-10.457	-15.292	-6.578	-6.133	6.362	-2.330	0.000000	0.000000
1582081831637	1582081831634	-9.410	-12.039	-7.574	-2.901	6.755	-0.473	0.000000	0.000000
1582081831656	1582081831653	-8.433	0.269	-7.050	1.025	5.743	2.666	0.000000	0.000000
1582081831675	1582081831674	-6.346	9.920	-2.910	4.335	4.509	3.785	0.000000	0.000000
1582081831695	1582081831694	-3.740	-1.370	-0.843	7.222	4.790	5.133	0.000000	0.000000
1582081831715	1582081831714	-10.498	-1.696	-1.188	5.506	4.701	6.945	0.000000	0.000000
1582081831736	1582081831736	-6.533	4.859	5.179	2.989	2.256	8.007	0.000000	0.000000
1582081831756	1582081831754	-8.960	5.153	10.174	3.339	1.234	9.855	0.000000	0.000000
1582081831775	1582081831773	-16.707	-12.705	6.751	2.223	1.861	9.921	0.000000	0.000000
