1582082312287	1582082312286	-3.515	-0.567	8.030	-2.001	-0.185	0.690	0.000000	0.000000
1582082312307	1582082312305	-0.801	-2.651	8.136	-2.338	-0.760	0.602	0.000000	0.000000
1582082312330	1582082312325	-0.906	-5.840	7.350	-2.376	-0.337	1.008	0.000000	0.000000
1582082312347	1582082312345	-1.951	-5.485	7.735	-2.100	0.025	1.280	0.000000	0.000000
1582082312366	1582082312365	-2.645	-5.083	7.858	-1.819	0.003	1.280	0.000000	0.000000
1582082312385	1582082312384	-1.819	-6.063	6.787	-1.674	0.070	1.213	0.000000	0.000000
1582082312406	1582082312406	-1.982	-6.532	5.893	-1.619	0.453	1.146	0.000000	0.000000
1582082312425	1582082312424	-3.110	-5.928	6.226	-1.490	0.494	1.116	0.000000	0.000000
1582082312445	1582082312444	-2.727	-4.541	6.109	-1.606	0.075	0.955	0.000000	0.000000
1582082312466	1582082312466	-1.867	-5.102	4.736	-1.741	-0.234	0.841	0.000000	0.000000
1582082312487	1582082312485	-1.234	-5.571	3.807	-1.677	-0.044	0.824	0.000000	0.000000
1582082312506	1582082312505	-2.557	-6.697	4.264	-1.343	0.394	1.003	0.000000	0.000000
1582082312526	1582082312525	-3.273	-8.209	4.463	-1.449	0.504	0.980	0.000000	0.000000
1582082312549	1582082312545	-3.134	-9.562	4.216	-1.990	0.789	1.028	0.000000	0.000000
1582082312566	1582082312563	-4.011	-8.082	3.905	-2.707	0.962	0.886	0.000000	0.000000
1582082312585	1582082312583	-5.278	-5.464	4.348	-2.693	0.608	0.880	0.000000	0.000000
1582082312604	1582082312603	-4.818	-6.443	3.848	-2.488	0.283	0.802	0.000000	0.000000
1582082312627	1582082312626	-4.406	-8.523	2.688	-2.557	0.357	0.794	0.000000	0.000000
1582082312644	1582082312643	-5.261	-9.838	2.223	-2.607	0.414	0.748	0.000000	0.000000
1582082312665	1582082312665	-5.146	-9.994	1.498	-3.224	0.256	0.560	0.000000	0.000000
1582082312684	1582082312683	-4.940	-10.346	0.583	-3.954	0.399	0.287	0.000000	0.000000
1582082312703	1582082312703	-5.539	-12.037	-1.571	-4.468	0.835	-0.103	0.000000	0.000000
1582082312724	1582082312723	-6.955	-13.517	-3.188	-4.661	1.163	-0.753	0.000000	0.000000
1582082312750	1582082312745	-8.962	-13.953	-5.607	-5.644	1.378	-1.578	0.000000	0.000000
1582082312764	1582082312762	-10.970	-14.150	-9.967	-7.626	1.876	-2.360	0.000000	0.000000
1582082312783	1582082312782	-14.149	-10.664	-15.733	-10.864	1.823	-3.002	0.000000	0.000000
1582082312804	1582082312803	-11.794	-12.619	-23.464	-11.959	1.016	-2.565	0.000000	0.000000
1582082312823	1582082312822	-7.319	-18.222	-23.181	-9.734	2.201	-1.754	0.000000	0.000000
1582082312844	1582082312842	-6.869	-11.014	-21.928	-6.173	4.579	-0.147	0.000000	0.000000
1582082312864	1582082312863	-14.597	-1.521	-20.881	-1.552	6.418	2.209	0.000000	0.000000
1582082312888	1582082312887	-17.771	-10.089	-10.470	1.801	6.747	2.733	0.000000	0.000000
1582082312903	1582082312902	-12.948	-20.364	-1.274	3.115	6.364	2.796	0.000000	0.000000
1582082312923	1582082312922	-11.085	-7.097	-1.310	2.364	6.095	3.772	0.000000	0.000000
1582082312945	1582082312945	-7.772	3.778	2.281	4.668	4.083	5.377	0.000000	0.000000
1582082312963	1582082312962	-4.758	3.807	5.227	5.030	1.971	7.178	0.000000	0.000000
1582082312983	1582082312982	-2.751	16.187	6.722	3.418	-0.043	9.586	0.000000	0.000000
1582082313003	1582082313002	-17.052	-6.348	6.406	3.629	0.097	11.084	0.000000	0.000000
1582082313023	1582082313022	-13.995	-13.316	-3.051	0.491	1.258	10.108	0.000000	0.000000
1582082313043	1582082313041	-15.526	-12.360	-7.145	-1.739	1.693	8.769	0.000000	0.000000
1582082313063	1582082313063	-12.793	-18.591	-10.336	-3.333	2.361	7.050	0.000000	0.000000
1582082313087	1582082313085	-16.233	-13.223	-10.782	-4.645	3.485	6.509	0.000000	0.000000
1582082313103	1582082313102	-17.222	-12.533	-12.530	-4.550	3.581	6.136	0.000000	0.000000
1582082313123	1582082313122	-19.601	-11.158	-11.433	-4.611	3.434	5.533	0.000000	0.000000
1582082313146	1582082313145	-19.021	-10.006	-10.463	-4.928	2.946	4.817	0.000000	0.000000
1582082313164	1582082313164	-18.108	-6.180	-10.959	-4.836	2.649	4.438	0.000000	0.000000
1582082313183	1582082313183	-15.217	-7.641	-12.231	-4.727	2.331	3.668	0.000000	0.000000
1582082313204	1582082313202	-14.266	-8.221	-12.619	-4.432	2.116	3.243	0.000000	0.000000
1582082313222	1582082313222	-13.121	-5.047	-11.390	-4.295	1.649	3.105	0.000000	0.000000
1582082313242	1582082313242	-12.759	-3.741	-9.222	-4.191	1.485	2.379	0.000000	0.000000
1582082313268	1582082313268	-8.795	-1.463	-8.504	-4.035	0.963	1.738	0.000000	0.000000
1582082313292	1582082313284	-5.652	-0.601	-10.140	-4.029	0.951	1.501	0.000000	0.000000
1582082313302	1582082313300	-8.593	-0.941	-7.306	-3.485	1.289	1.970	0.000000	0.000000
1582082313322	1582082313321	-9.264	2.844	-5.248	-3.267	0.351	1.858	0.000000	0.000000
1582082313343	1582082313341	-5.319	3.328	-6.127	-2.652	-0.439	1.479	0.000000	0.000000
1582082313363	1582082313363	-6.224	4.068	-4.453	-3.049	0.173	1.273	0.000000	0.000000
1582082313384	1582082313382	-8.009	4.358	-2.927	-3.490	0.207	1.052	0.000000	0.000000
1582082313404	1582082313404	-7.103	6.078	-2.733	-3.175	-0.484	0.993	0.000000	0.000000
1582082313422	1582082313421	-6.016	6.526	-3.545	-2.758	-1.174	0.804	0.000000	0.000000
1582082313443	1582082313440	-6.996	5.522	-3.571	-2.768	-1.282	0.395	0.000000	0.000000
1582082313463	1582082313462	-7.293	4.494	-3.039	-2.982	-1.582	-0.127	0.000000	0.000000
1582082313492	1582082313481	-7.005	3.596	-0.709	-2.481	-1.623	-0.302	0.000000	0.000000
1582082313506	1582082313505	-9.904	1.637	0.851	-1.351	-1.941	-0.250	0.000000	0.000000
1582082313522	1582082313521	-7.968	3.357	0.896	-1.009	-2.891	-0.311	0.000000	0.000000
1582082313542	1582082313540	-8.847	5.996	2.092	-0.605	-3.232	-0.670	0.000000	0.000000
1582082313562	1582082313560	-10.266	3.321	2.070	-0.854	-3.070	-1.274	0.000000	0.000000
1582082313582	1582082313582	-12.048	1.265	2.243	-1.056	-3.236	-1.422	0.000000	0.000000
1582082313603	1582082313603	-13.214	3.443	2.856	-0.725	-4.136	-1.345	0.000000	0.000000
1582082313625	1582082313625	-12.560	4.281	2.322	0.440	-4.815	-1.493	0.000000	0.000000
1582082313642	1582082313639	-14.058	2.597	1.272	1.423	-4.982	-1.454	0.000000	0.000000
1582082313661	1582082313660	-16.475	0.925	-0.436	2.555	-5.396	-1.229	0.000000	0.000000
1582082313686	1582082313685	-17.699	0.587	-2.788	3.608	-6.924	-0.951	0.000000	0.000000
1582082313705	1582082313700	-16.834	-0.433	-5.095	5.080	-8.923	-0.986	0.000000	0.000000
1582082313721	1582082313719	-14.903	-2.723	-6.587	7.018	-10.698	-1.219	0.000000	0.000000
1582082313740	1582082313740	-11.094	-4.731	-7.790	8.867	-11.299	-1.364	0.000000	0.000000
1582082313761	1582082313759	-7.446	-4.187	-9.273	10.084	-9.801	-1.332	0.000000	0.000000
1582082313780	1582082313779	-6.802	-3.696	-9.287	10.245	-7.660	-0.723	0.000000	0.000000
1582082313805	1582082313799	-6.588	-7.754	-10.993	9.718	-6.672	-0.105	0.000000	0.000000
1582082313826	1582082313826	-5.740	-7.536	-16.335	8.381	-6.194	0.049	0.000000	0.000000
1582082313840	1582082313839	-4.404	-2.352	-18.119	7.165	-5.972	-0.379	0.000000	0.000000
1582082313860	1582082313859	-2.305	-1.238	-18.306	5.812	-5.258	-0.396	0.000000	0.000000
1582082313893	1582082313882	-0.933	0.264	-18.301	3.184	-4.363	-0.327	0.000000	0.000000
1582082313911	1582082313904	-1.575	4.897	-14.054	-0.266	-3.721	-0.759	0.000000	0.000000
1582082313918	1582082313917	-2.988	7.364	-8.058	-3.374	-4.054	-1.905	0.000000	0.000000
1582082313940	1582082313938	-3.628	2.727	-3.164	-3.997	-4.482	-2.693	0.000000	0.000000
1582082313959	1582082313959	-7.860	-3.468	2.992	-2.592	-4.229	-2.223	0.000000	0.000000
1582082313979	1582082313978	-12.532	-2.795	8.327	-0.342	-4.658	-0.758	0.000000	0.000000
1582082314003	1582082314003	-10.170	4.526	8.912	0.786	-5.913	0.226	0.000000	0.000000
1582082314023	1582082314019	-12.824	4.420	9.982	1.109	-5.879	0.649	0.000000	0.000000
1582082314041	1582082314038	-15.361	2.525	10.845	0.853	-5.778	0.880	0.000000	0.000000
1582082314059	1582082314058	-17.160	4.401	9.130	0.144	-5.555	1.144	0.000000	0.000000
1582082314079	1582082314078	-16.616	9.628	12.172	-1.033	-5.487	0.952	0.000000	0.000000
1582082314105	1582082314102	-8.584	16.882	10.141	-1.407	-5.072	0.773	0.000000	0.000000
1582082314118	1582082314118	-9.925	10.581	9.666	-1.310	-3.619	1.405	0.000000	0.000000
1582082314139	1582082314138	-7.702	6.969	12.225	0.485	-4.209	1.763	0.000000	0.000000
1582082314158	1582082314158	-5.910	5.259	11.865	1.968	-4.238	2.265	0.000000	0.000000
1582082314178	1582082314178	-4.547	4.459	11.983	1.033	-3.784	2.531	0.000000	0.000000
1582082314198	1582082314198	-2.892	7.800	10.315	-0.580	-3.155	2.377	0.000000	0.000000
1582082314221	1582082314217	-3.652	5.970	9.223	-1.805	-2.595	2.567	0.000000	0.000000
1582082314240	1582082314239	-2.492	5.000	7.690	-2.684	-2.204	2.216	0.000000	0.000000
1582082314258	1582082314257	-1.060	4.712	6.713	-2.849	-1.613	1.742	0.000000	0.000000
1582082314277	1582082314277	-0.446	4.396	5.369	-2.699	-1.174	1.687	0.000000	0.000000
1582082314300	1582082314300	-0.499	4.578	5.405	-2.197	-0.816	1.714	0.000000	0.000000
1582082314319	1582082314319	-0.549	3.479	5.510	-1.686	-0.406	1.544	0.000000	0.000000
1582082314339	1582082314337	-0.324	3.021	4.691	-1.922	0.115	1.463	0.000000	0.000000
1582082314360	1582082314356	-1.390	2.159	4.034	-2.322	0.508	1.748	0.000000	0.000000
1582082314377	1582082314376	-2.274	2.092	5.191	-2.240	0.738	1.707	0.000000	0.000000
1582082314398	1582082314396	-2.859	2.463	6.447	-2.285	0.657	1.470	0.000000	0.000000
1582082314417	1582082314417	-2.442	0.825	6.375	-2.357	0.285	1.133	0.000000	0.000000
1582082314439	1582082314438	-1.771	-0.249	6.140	-2.654	0.165	0.746	0.000000	0.000000
1582082314458	1582082314456	-1.445	-0.395	6.262	-2.831	0.226	0.703	0.000000	0.000000
1582082314477	1582082314476	-1.924	-1.178	6.451	-2.769	0.469	0.778	0.000000	0.000000
1582082314498	1582082314496	-2.332	-1.612	6.598	-2.732	0.559	0.644	0.000000	0.000000
1582082314517	1582082314517	-1.742	-0.567	6.107	-3.023	0.113	0.295	0.000000	0.000000
1582082314537	1582082314537	-1.503	-2.062	6.643	-2.701	-0.292	0.262	0.000000	0.000000
1582082314559	1582082314559	-0.981	-1.813	7.058	-2.041	-0.487	0.368	0.000000	0.000000
1582082314577	1582082314576	-0.291	-0.867	8.114	-1.274	-0.255	0.533	0.000000	0.000000
1582082314597	1582082314596	-1.244	-1.329	9.012	-1.155	0.451	0.565	0.000000	0.000000
1582082314618	1582082314615	-1.738	-1.504	8.813	-1.306	0.749	0.460	0.000000	0.000000
1582082314643	1582082314636	-2.904	-0.836	7.659	-1.656	0.484	0.601	0.000000	0.000000
1582082314661	1582082314658	-1.790	-2.364	8.155	-1.760	-0.193	0.673	0.000000	0.000000
1582082314678	1582082314675	-0.561	-4.390	8.864	-1.710	-0.499	0.904	0.000000	0.000000
1582082314695	1582082314695	-0.731	-5.318	8.972	-2.143	0.082	1.003	0.000000	0.000000
1582082314720	1582082314715	-1.881	-4.786	8.737	-2.633	0.458	1.180	0.000000	0.000000
1582082314741	1582082314740	-1.793	-3.686	7.707	-2.446	0.500	1.107	0.000000	0.000000
1582082314759	1582082314755	-2.643	-4.891	6.885	-1.689	0.420	1.058	0.000000	0.000000
1582082314777	1582082314775	-2.758	-5.488	7.005	-1.215	0.060	1.064	0.000000	0.000000
1582082314796	1582082314796	-2.027	-6.312	6.509	-1.365	-0.001	1.011	0.000000	0.000000
1582082314816	1582082314815	-1.905	-7.172	5.996	-1.446	0.058	1.052	0.000000	0.000000
1582082314847	1582082314837	-1.891	-6.333	5.862	-1.467	0.131	1.095	0.000000	0.000000
1582082314860	1582082314855	-2.209	-6.005	4.988	-1.367	0.225	1.024	0.000000	0.000000
1582082314876	1582082314874	-2.178	-6.681	4.593	-1.124	0.293	0.924	0.000000	0.000000
1582082314895	1582082314894	-2.868	-7.723	5.076	-1.425	0.382	0.939	0.000000	0.000000
1582082314916	1582082314914	-3.508	-8.834	4.686	-2.073	0.310	0.896	0.000000	0.000000
1582082314936	1582082314936	-3.206	-9.122	3.893	-2.565	0.217	0.822	0.000000	0.000000
1582082314957	1582082314955	-3.014	-8.832	3.402	-2.466	0.290	0.773	0.000000	0.000000
1582082314981	1582082314976	-3.168	-9.040	3.268	-2.336	0.459	0.639	0.000000	0.000000
1582082314994	1582082314994	-3.750	-9.320	3.047	-2.519	0.617	0.494	0.000000	0.000000
1582082315015	1582082315014	-4.500	-9.538	2.621	-3.044	0.806	0.365	0.000000	0.000000
1582082315036	1582082315036	-4.924	-9.723	1.483	-3.319	0.790	0.253	0.000000	0.000000
1582082315059	1582082315059	-5.192	-11.507	-0.115	-3.073	0.791	0.050	0.000000	0.000000
1582082315075	1582082315074	-6.933	-15.472	-1.494	-3.175	1.229	-0.700	0.000000	0.000000
1582082315095	1582082315094	-9.954	-17.939	-3.461	-4.560	1.571	-1.984	0.000000	0.000000
1582082315114	1582082315113	-11.672	-17.626	-7.895	-7.782	1.385	-3.054	0.000000	0.000000
1582082315139	1582082315133	-12.302	-14.432	-13.867	-12.454	1.289	-3.902	0.000000	0.000000
1582082315156	1582082315155	-8.718	-20.174	-19.374	-13.342	1.698	-4.015	0.000000	0.000000
1582082315181	1582082315175	-5.992	-24.714	-18.023	-10.871	3.587	-3.372	0.000000	0.000000
1582082315194	1582082315193	-6.675	-9.716	-18.816	-7.124	5.728	-1.586	0.000000	0.000000
1582082315213	1582082315213	-11.667	-7.323	-17.163	-1.470	6.815	0.342	0.000000	0.000000
1582082315234	1582082315233	-9.362	-10.121	-4.450	0.260	6.139	1.521	0.000000	0.000000
1582082315258	1582082315258	-7.714	-1.626	-4.070	2.095	5.657	4.111	0.000000	0.000000
1582082315273	1582082315273	-11.025	-1.971	-2.833	4.655	4.170	6.013	0.000000	0.000000
1582082315294	1582082315293	-6.037	-4.268	0.817	6.032	3.081	7.134	0.000000	0.000000
1582082315313	1582082315312	-6.761	7.194	3.639	3.451	2.442	7.726	0.000000	0.000000
1582082315334	1582082315332	-7.034	7.786	8.442	2.360	0.774	8.733	0.000000	0.000000
1582082315355	1582082315353	-16.494	-3.320	2.918	0.161	0.772	9.784	0.000000	0.000000
1582082315379	1582082315377	-16.022	-12.226	-1.102	-1.180	0.694	9.361	0.000000	0.000000
1582082315395	1582082315395	-16.726	-16.610	-7.315	-2.652	1.399	8.523	0.000000	0.000000
1582082315414	1582082315412	-15.821	-18.414	-9.615	-3.586	1.830	7.681	0.000000	0.000000
1582082315434	1582082315432	-15.588	-13.865	-13.656	-4.547	2.599	7.036	0.000000	0.000000
1582082315456	1582082315455	-17.011	-13.750	-13.625	-4.701	3.046	6.411	0.000000	0.000000
1582082315475	1582082315475	-16.868	-15.187	-12.459	-4.965	3.473	5.877	0.000000	0.000000
1582082315493	1582082315493	-18.238	-11.761	-12.660	-5.141	3.692	5.759	0.000000	0.000000
1582082315513	1582082315513	-18.801	-10.712	-11.541	-4.856	3.062	5.195	0.000000	0.000000
1582082315533	1582082315531	-17.119	-8.568	-10.080	-5.034	2.362	4.526	0.000000	0.000000
1582082315552	1582082315551	-15.682	-7.021	-9.126	-4.652	2.415	3.693	0.000000	0.000000
1582082315577	1582082315571	-14.659	-3.679	-8.729	-4.742	2.411	2.878	0.000000	0.000000
1582082315596	1582082315592	-10.517	-3.219	-8.405	-4.444	1.853	2.309	0.000000	0.000000
1582082315613	1582082315611	-13.042	0.925	-7.114	-4.344	1.749	2.013	0.000000	0.000000
1582082315632	1582082315631	-9.834	-0.407	-6.063	-3.824	0.417	1.650	0.000000	0.000000
1582082315652	1582082315651	-6.217	2.501	-6.362	-3.866	0.038	1.468	0.000000	0.000000
1582082315673	1582082315673	-7.391	2.806	-5.823	-3.319	0.326	1.577	0.000000	0.000000
1582082315692	1582082315691	-8.126	5.520	-3.784	-3.244	0.160	1.375	0.000000	0.000000
1582082315715	1582082315715	-8.237	4.954	-3.868	-3.334	-0.246	1.134	0.000000	0.000000
1582082315732	1582082315731	-7.441	4.128	-3.938	-3.820	-0.590	1.029	0.000000	0.000000
1582082315751	1582082315750	-6.943	4.403	-4.338	-3.606	-0.930	0.867	0.000000	0.000000
1582082315775	1582082315772	-5.997	4.415	-4.930	-2.622	-1.329	0.516	0.000000	0.000000
1582082315791	1582082315791	-6.675	2.616	-2.877	-1.940	-1.517	0.185	0.000000	0.000000
1582082315813	1582082315813	-8.054	1.443	-0.493	-1.314	-1.476	-0.067	0.000000	0.000000
1582082315832	1582082315830	-10.735	2.485	0.822	-1.051	-2.407	-0.182	0.000000	0.000000
1582082315851	1582082315850	-9.806	4.130	1.565	-0.757	-3.702	-0.116	0.000000	0.000000
1582082315872	1582082315870	-9.355	5.673	1.639	-0.301	-3.546	-0.531	0.000000	0.000000
1582082315891	1582082315891	-11.482	4.322	0.635	-0.652	-3.488	-1.368	0.000000	0.000000
1582082315913	1582082315910	-12.611	1.785	1.272	-0.721	-4.227	-1.914	0.000000	0.000000
1582082315937	1582082315931	-12.177	2.624	2.612	-0.396	-5.175	-1.905	0.000000	0.000000
1582082315951	1582082315950	-12.596	3.294	1.502	0.331	-5.353	-1.647	0.000000	0.000000
1582082315970	1582082315970	-14.223	1.970	0.132	1.693	-5.599	-1.418	0.000000	0.000000
1582082315992	1582082315992	-14.949	1.641	-0.694	2.902	-6.470	-1.277	0.000000	0.000000
1582082316013	1582082316009	-14.216	0.959	-2.294	4.094	-7.577	-1.312	0.000000	0.000000
1582082316030	1582082316029	-13.713	1.078	-3.308	4.540	-8.504	-1.306	0.000000	0.000000
1582082316051	1582082316049	-12.450	0.999	-5.332	5.021	-9.216	-1.591	0.000000	0.000000
1582082316069	1582082316069	-9.945	-3.557	-7.447	6.731	-9.584	-1.989	0.000000	0.000000
1582082316091	1582082316091	-6.409	-5.653	-9.299	8.891	-9.218	-2.011	0.000000	0.000000
1582082316117	1582082316109	-3.465	-2.110	-9.706	9.776	-7.409	-1.599	0.000000	0.000000
1582082316136	1582082316130	-4.356	-2.330	-9.138	9.496	-5.521	-1.134	0.000000	0.000000
1582082316150	1582082316149	-5.915	-5.363	-11.297	8.492	-5.405	-1.250	0.000000	0.000000
1582082316170	1582082316169	-3.867	-3.562	-14.981	7.262	-5.563	-1.203	0.000000	0.000000
1582082316192	1582082316192	-3.345	-0.797	-15.673	6.276	-4.814	-0.867	0.000000	0.000000
1582082316214	1582082316214	-3.175	1.205	-14.217	4.179	-4.512	-0.729	0.000000	0.000000
1582082316230	1582082316229	-2.780	4.617	-11.570	1.155	-4.491	-0.911	0.000000	0.000000
1582082316249	1582082316248	-4.476	6.265	-6.769	-1.266	-4.819	-1.635	0.000000	0.000000
1582082316269	1582082316268	-6.330	2.252	-0.886	-1.597	-5.516	-2.043	0.000000	0.000000
1582082316289	1582082316288	-12.225	-0.881	6.523	-0.989	-6.201	-1.680	0.000000	0.000000
1582082316312	1582082316310	-11.336	-0.572	10.236	-0.747	-6.981	-0.506	0.000000	0.000000
1582082316330	1582082316330	-9.604	5.194	10.775	0.260	-6.459	0.560	0.000000	0.000000
1582082316348	1582082316348	-13.559	7.359	9.060	-0.592	-5.318	0.677	0.000000	0.000000
1582082316369	1582082316368	-15.986	5.318	8.981	-1.020	-5.506	0.941	0.000000	0.000000
1582082316389	1582082316388	-14.163	4.013	11.484	-0.921	-5.614	1.141	0.000000	0.000000
1582082316414	1582082316414	-10.174	8.572	15.142	-0.871	-4.815	0.757	0.000000	0.000000
1582082316429	1582082316428	-7.365	12.138	12.100	-0.331	-3.450	1.176	0.000000	0.000000
1582082316448	1582082316448	-9.839	8.900	10.766	-0.391	-2.918	1.870	0.000000	0.000000
1582082316468	1582082316467	-6.861	5.206	11.472	0.386	-3.262	1.850	0.000000	0.000000
1582082316489	1582082316487	-4.856	5.877	12.110	0.280	-3.111	1.884	0.000000	0.000000
1582082316508	1582082316507	-3.019	6.523	10.617	-0.561	-2.829	1.996	0.000000	0.000000
1582082316532	1582082316527	-3.798	5.455	8.852	-1.213	-1.978	2.221	0.000000	0.000000
1582082316552	1582082316549	-5.805	5.007	7.944	-1.084	-1.578	2.110	0.000000	0.000000
1582082316569	1582082316567	-3.941	5.254	6.866	-0.935	-1.676	1.805	0.000000	0.000000
1582082316588	1582082316587	-3.012	4.700	7.673	-1.329	-1.467	1.712	0.000000	0.000000
1582082316611	1582082316611	-1.575	5.371	7.034	-1.955	-1.210	1.591	0.000000	0.000000
1582082316636	1582082316636	-1.611	5.012	6.763	-2.230	-0.755	1.581	0.000000	0.000000
1582082316648	1582082316647	-2.363	3.917	5.965	-2.821	-0.322	1.602	0.000000	0.000000
1582082316671	1582082316671	-2.581	2.921	5.340	-2.815	-0.277	1.646	0.000000	0.000000
1582082316688	1582082316687	-2.205	2.554	5.563	-2.741	-0.453	1.551	0.000000	0.000000
1582082316708	1582082316706	-1.843	2.803	5.493	-2.994	-0.724	1.451	0.000000	0.000000
1582082316736	1582082316726	-1.158	2.885	5.671	-3.126	-0.803	1.361	0.000000	0.000000
1582082316752	1582082316747	-0.839	1.239	4.971	-2.919	-0.488	1.369	0.000000	0.000000
1582082316768	1582082316766	-0.935	0.274	4.403	-2.996	0.025	1.180	0.000000	0.000000
1582082316786	1582082316786	-1.524	-0.730	4.528	-2.581	0.108	1.031	0.000000	0.000000
1582082316807	1582082316805	-1.131	-1.310	5.838	-2.244	-0.100	0.774	0.000000	0.000000
1582082316828	1582082316828	-0.482	-2.040	6.485	-2.604	-0.308	0.699	0.000000	0.000000
1582082316848	1582082316846	0.653	-2.639	6.150	-2.725	-0.293	0.583	0.000000	0.000000
1582082316871	1582082316872	0.579	-3.526	6.531	-2.344	0.119	0.637	0.000000	0.000000
1582082316887	1582082316886	-0.868	-4.630	7.599	-1.666	0.673	0.685	0.000000	0.000000
1582082316906	1582082316905	-2.140	-5.274	7.915	-1.425	0.832	0.663	0.000000	0.000000
1582082316928	1582082316928	-1.397	-3.600	8.691	-1.571	0.438	0.587	0.000000	0.000000
1582082316953	1582082316948	-1.007	-2.275	9.170	-1.735	0.073	0.670	0.000000	0.000000
1582082316967	1582082316967	-1.524	-1.331	8.435	-1.613	-0.187	0.614	0.000000	0.000000
1582082316987	1582082316985	-0.305	-2.038	8.332	-1.498	-0.463	0.611	0.000000	0.000000
1582082317006	1582082317005	0.826	-4.436	8.176	-2.118	-0.520	0.848	0.000000	0.000000
1582082317030	1582082317025	-0.650	-7.461	7.953	-1.748	0.034	1.201	0.000000	0.000000
1582082317045	1582082317045	-1.407	-6.417	8.318	-2.180	0.320	1.146	0.000000	0.000000
1582082317067	1582082317065	-1.771	-4.949	8.133	-2.759	0.277	1.240	0.000000	0.000000
1582082317086	1582082317086	-1.893	-3.404	7.062	-2.701	0.297	1.079	0.000000	0.000000
1582082317105	1582082317105	-1.951	-3.463	5.726	-2.230	0.160	1.200	0.000000	0.000000
1582082317126	1582082317124	-1.932	-5.543	4.667	-1.783	-0.192	1.348	0.000000	0.000000
1582082317148	1582082317148	-1.826	-6.918	5.314	-1.391	-0.400	1.288	0.000000	0.000000
1582082317167	1582082317167	-1.776	-7.272	4.911	-1.489	-0.468	1.341	0.000000	0.000000
1582082317186	1582082317184	-1.773	-7.370	3.874	-1.264	-0.340	1.291	0.000000	0.000000
1582082317204	1582082317204	-1.721	-7.725	3.862	-0.822	0.085	1.385	0.000000	0.000000
1582082317225	1582082317224	-2.564	-9.205	4.341	-1.007	0.795	1.445	0.000000	0.000000
1582082317248	1582082317248	-4.207	-9.989	3.879	-1.972	1.131	1.347	0.000000	0.000000
1582082317267	1582082317266	-4.636	-8.846	3.141	-2.607	0.874	1.166	0.000000	0.000000
1582082317286	1582082317286	-4.083	-8.630	2.190	-2.395	0.499	1.024	0.000000	0.000000
1582082317304	1582082317304	-3.675	-9.337	2.180	-1.882	0.572	0.863	0.000000	0.000000
1582082317324	1582082317323	-4.258	-10.386	2.326	-2.056	0.818	0.651	0.000000	0.000000
1582082317349	1582082317348	-4.502	-10.921	1.414	-2.536	0.951	0.435	0.000000	0.000000
1582082317369	1582082317363	-5.142	-12.305	0.123	-2.649	1.131	0.218	0.000000	0.000000
1582082317383	1582082317382	-6.378	-14.799	-1.367	-3.069	1.295	-0.447	0.000000	0.000000
1582082317403	1582082317403	-8.141	-15.863	-3.792	-4.329	1.637	-1.411	0.000000	0.000000
1582082317424	1582082317423	-11.221	-16.430	-8.322	-6.834	2.283	-2.348	0.000000	0.000000
1582082317444	1582082317443	-15.964	-14.751	-14.171	-11.014	2.100	-3.249	0.000000	0.000000
1582082317467	1582082317464	-14.230	-20.565	-19.192	-12.771	1.158	-3.210	0.000000	0.000000
1582082317485	1582082317485	-8.807	-28.202	-16.732	-10.686	2.325	-2.697	0.000000	0.000000
1582082317503	1582082317503	-6.495	-17.503	-15.031	-6.154	5.396	-1.572	0.000000	0.000000
1582082317524	1582082317522	-11.078	-8.904	-16.718	-1.991	7.375	0.197	0.000000	0.000000
1582082317543	1582082317543	-12.718	-7.260	-7.912	-0.875	6.973	1.139	0.000000	0.000000
1582082317574	1582082317563	-6.615	2.197	-0.838	0.625	5.711	2.134	0.000000	0.000000
1582082317584	1582082317583	-5.726	4.753	-1.015	3.336	5.237	3.166	0.000000	0.000000
1582082317602	1582082317601	-6.100	-2.187	-2.527	3.854	3.760	5.129	0.000000	0.000000
1582082317622	1582082317622	-7.472	1.498	3.543	3.642	0.918	8.276	0.000000	0.000000
1582082317642	1582082317641	-8.699	2.712	7.970	3.699	-0.136	9.983	0.000000	0.000000
1582082317662	1582082317661	-13.775	-3.547	3.627	1.852	0.404	10.232	0.000000	0.000000
1582082317683	1582082317683	-15.128	-12.327	-0.826	0.009	1.034	9.550	0.000000	0.000000
1582082317706	1582082317706	-13.267	-14.241	-5.229	-2.313	1.607	8.686	0.000000	0.000000
1582082317723	1582082317722	-16.043	-15.345	-7.905	-3.216	2.700	7.886	0.000000	0.000000
1582082317742	1582082317742	-14.652	-11.258	-10.904	-4.228	2.901	6.840	0.000000	0.000000
1582082317770	1582082317763	-18.037	-12.609	-11.675	-5.344	3.550	6.009	0.000000	0.000000
1582082317782	1582082317782	-19.869	-14.643	-10.077	-4.738	3.052	6.174	0.000000	0.000000
1582082317802	1582082317802	-18.875	-8.753	-8.686	-4.190	2.638	5.997	0.000000	0.000000
1582082317823	1582082317821	-17.133	-5.833	-9.840	-4.213	2.566	4.845	0.000000	0.000000
1582082317843	1582082317841	-16.190	-8.432	-10.257	-4.394	2.250	4.097	0.000000	0.000000
1582082317862	1582082317862	-16.321	-4.048	-9.886	-4.897	1.971	3.519	0.000000	0.000000
1582082317888	1582082317882	-12.227	-6.168	-11.321	-5.132	1.232	2.608	0.000000	0.000000
1582082317905	1582082317902	-11.159	-5.662	-10.077	-4.442	1.376	2.539	0.000000	0.000000
1582082317922	1582082317921	-10.862	-1.739	-8.827	-3.618	1.171	2.462	0.000000	0.000000
1582082317941	1582082317940	-8.543	0.393	-9.687	-3.793	0.671	1.640	0.000000	0.000000
1582082317961	1582082317961	-6.632	2.259	-9.093	-4.080	0.249	0.947	0.000000	0.000000
1582082317982	1582082317982	-8.972	5.201	-7.833	-4.045	0.264	0.850	0.000000	0.000000
1582082318005	1582082318005	-10.476	2.144	-4.446	-3.635	-0.131	1.155	0.000000	0.000000
1582082318026	1582082318026	-9.202	4.178	-5.421	-4.082	-0.419	1.291	0.000000	0.000000
1582082318041	1582082318040	-8.943	7.530	-5.641	-3.378	-0.198	0.996	0.000000	0.000000
1582082318062	1582082318060	-9.099	3.876	-4.673	-3.037	-0.961	0.556	0.000000	0.000000
1582082318081	1582082318080	-8.421	4.468	-5.011	-2.858	-1.615	0.232	0.000000	0.000000
1582082318104	1582082318104	-8.078	5.623	-5.023	-2.740	-1.983	0.029	0.000000	0.000000
1582082318126	1582082318122	-9.056	2.171	-0.472	-1.853	-2.155	-0.254	0.000000	0.000000
1582082318140	1582082318140	-11.432	-0.277	1.804	-0.563	-2.155	-0.315	0.000000	0.000000
1582082318160	1582082318160	-11.801	1.651	-0.311	0.172	-3.748	0.016	0.000000	0.000000
1582082318183	1582082318183	-8.922	3.246	1.888	0.085	-4.614	0.349	0.000000	0.000000
1582082318200	1582082318200	-9.406	2.528	2.425	0.367	-4.379	-0.416	0.000000	0.000000
1582082318227	1582082318220	-11.140	0.012	2.302	0.148	-4.357	-0.678	0.000000	0.000000
1582082318243	1582082318242	-12.086	1.059	2.077	-0.255	-4.660	-0.447	0.000000	0.000000
1582082318261	1582082318261	-11.758	1.455	1.519	0.517	-5.203	-0.495	0.000000	0.000000
1582082318280	1582082318280	-11.693	-0.879	1.086	1.800	-5.705	-0.639	0.000000	0.000000
1582082318301	1582082318301	-12.934	-1.461	-0.304	2.222	-6.045	-0.573	0.000000	0.000000
1582082318320	1582082318318	-13.739	-0.517	-2.620	3.027	-6.848	-0.743	0.000000	0.000000
1582082318339	1582082318339	-12.829	-0.560	-5.720	4.100	-8.018	-1.274	0.000000	0.000000
1582082318361	1582082318359	-10.919	-1.662	-8.449	4.995	-8.955	-1.715	0.000000	0.000000
1582082318381	1582082318379	-7.801	-4.204	-10.303	6.737	-9.116	-1.946	0.000000	0.000000
1582082318404	1582082318405	-4.325	-4.726	-12.406	8.551	-8.285	-1.896	0.000000	0.000000
1582082318427	1582082318420	-3.841	-2.836	-12.863	9.339	-6.579	-1.480	0.000000	0.000000
1582082318440	1582082318440	-5.640	-0.888	-13.194	8.938	-5.387	-1.279	0.000000	0.000000
1582082318460	1582082318459	-6.282	0.623	-14.013	7.578	-5.640	-1.492	0.000000	0.000000
1582082318480	1582082318478	-3.738	1.378	-15.875	6.322	-5.897	-1.873	0.000000	0.000000
1582082318501	1582082318500	-2.188	1.081	-18.914	5.767	-4.244	-1.219	0.000000	0.000000
1582082318527	1582082318526	-2.777	5.577	-18.095	3.714	-3.147	-0.481	0.000000	0.000000
1582082318539	1582082318538	-4.030	11.619	-11.211	0.076	-3.794	-1.219	0.000000	0.000000
1582082318560	1582082318558	-4.076	7.594	-5.205	-1.384	-4.981	-2.565	0.000000	0.000000
1582082318579	1582082318578	-4.413	1.716	-0.481	-0.863	-4.684	-2.126	0.000000	0.000000
1582082318598	1582082318598	-11.928	0.556	4.454	-0.007	-4.296	-0.932	0.000000	0.000000
1582082318626	1582082318618	-10.448	4.593	6.638	0.456	-6.173	-0.412	0.000000	0.000000
1582082318640	1582082318639	-9.719	2.183	8.574	1.271	-6.331	0.245	0.000000	0.000000
1582082318659	1582082318658	-14.141	1.296	8.521	0.571	-5.614	0.746	0.000000	0.000000
1582082318679	1582082318678	-14.963	2.741	8.222	0.014	-6.139	1.014	0.000000	0.000000
1582082318700	1582082318697	-15.861	6.059	12.134	-0.246	-6.178	1.178	0.000000	0.000000
1582082318719	1582082318719	-11.602	13.751	10.404	-1.230	-5.930	1.438	0.000000	0.000000
1582082318738	1582082318738	-12.860	10.454	8.224	-2.809	-3.680	1.696	0.000000	0.000000
1582082318758	1582082318757	-8.349	6.698	11.171	-2.462	-3.478	1.346	0.000000	0.000000
1582082318777	1582082318777	-4.507	4.621	12.342	-0.921	-4.127	1.789	0.000000	0.000000
1582082318798	1582082318797	-5.350	4.799	10.430	-0.968	-3.506	2.110	0.000000	0.000000
1582082318818	1582082318817	-4.962	3.603	10.232	-1.575	-2.822	1.906	0.000000	0.000000
1582082318843	1582082318843	-3.460	6.363	8.155	-2.081	-2.792	1.617	0.000000	0.000000
1582082318862	1582082318858	-3.767	3.951	8.428	-1.373	-2.417	1.953	0.000000	0.000000
1582082318877	1582082318877	-3.498	1.584	8.322	-1.666	-1.740	1.807	0.000000	0.000000
1582082318898	1582082318897	-2.475	3.012	7.795	-1.954	-1.299	1.405	0.000000	0.000000
1582082318921	1582082318920	-2.509	5.946	7.620	-1.855	-1.094	1.281	0.000000	0.000000
1582082318937	1582082318936	-1.618	5.635	7.072	-2.054	-1.285	1.342	0.000000	0.000000
1582082318959	1582082318960	-0.822	4.102	6.416	-2.394	-1.295	1.476	0.000000	0.000000
1582082318982	1582082318982	-0.123	2.291	6.753	-2.227	-0.714	1.679	0.000000	0.000000
1582082318997	1582082318996	-1.644	1.490	6.624	-1.954	-0.182	1.944	0.000000	0.000000
1582082319017	1582082319016	-2.466	0.714	6.485	-1.974	-0.102	1.963	0.000000	0.000000
1582082319046	1582082319037	-2.880	0.252	6.051	-2.022	-0.306	1.960	0.000000	0.000000
1582082319062	1582082319057	-2.193	-0.412	6.507	-2.164	-0.429	1.772	0.000000	0.000000
1582082319078	1582082319076	-1.414	-1.413	6.293	-2.523	-0.352	1.357	0.000000	0.000000
1582082319097	1582082319095	-1.680	-1.566	6.363	-2.693	-0.230	0.968	0.000000	0.000000
1582082319116	1582082319116	-1.134	-2.175	6.583	-2.433	-0.275	0.764	0.000000	0.000000
1582082319138	1582082319137	-0.779	-2.220	6.610	-2.019	-0.286	0.528	0.000000	0.000000
1582082319158	1582082319158	-0.676	-3.135	5.905	-2.119	-0.127	0.365	0.000000	0.000000
1582082319180	1582082319180	-0.576	-2.826	5.805	-2.341	0.164	0.255	0.000000	0.000000
1582082319197	1582082319195	-1.060	-1.923	7.771	-1.739	0.095	0.308	0.000000	0.000000
1582082319216	1582082319215	-0.372	-2.299	8.686	-1.373	-0.054	0.452	0.000000	0.000000
1582082319237	1582082319236	-0.089	-3.068	8.389	-1.412	0.383	0.406	0.000000	0.000000
1582082319259	1582082319259	-2.102	-3.049	7.570	-1.290	0.639	0.397	0.000000	0.000000
1582082319276	1582082319275	-1.448	-2.522	7.328	-1.564	-0.022	0.355	0.000000	0.000000
1582082319296	1582082319295	0.184	-3.044	7.781	-1.755	-0.621	0.537	0.000000	0.000000
1582082319316	1582082319315	0.497	-4.079	8.567	-1.480	-0.063	0.784	0.000000	0.000000
1582082319340	1582082319335	-0.257	-4.319	8.291	-1.942	0.672	0.905	0.000000	0.000000
1582082319355	1582082319355	-1.903	-3.732	7.719	-2.451	0.944	0.997	0.000000	0.000000
1582082319377	1582082319376	-2.523	-4.287	6.799	-2.256	0.413	1.021	0.000000	0.000000
1582082319395	1582082319395	-1.450	-5.047	6.813	-1.948	-0.364	1.059	0.000000	0.000000
1582082319417	1582082319414	-0.854	-6.709	6.365	-1.982	-0.422	1.168	0.000000	0.000000
1582082319435	1582082319434	-1.366	-7.339	5.977	-1.730	-0.012	1.165	0.000000	0.000000
1582082319459	1582082319459	-1.905	-6.522	5.544	-1.507	0.264	1.074	0.000000	0.000000
1582082319476	1582082319475	-2.542	-6.367	5.146	-1.615	0.269	1.040	0.000000	0.000000
1582082319494	1582082319494	-2.478	-7.644	4.537	-1.990	0.066	1.016	0.000000	0.000000
1582082319516	1582082319514	-1.857	-8.571	2.983	-2.398	0.038	1.013	0.000000	0.000000
1582082319534	1582082319534	-2.094	-8.844	2.370	-2.555	0.244	0.938	0.000000	0.000000
1582082319554	1582082319554	-2.919	-9.677	2.623	-2.547	0.375	0.836	0.000000	0.000000
1582082319577	1582082319574	-3.129	-10.346	2.568	-2.601	0.365	0.556	0.000000	0.000000
1582082319596	1582082319596	-3.187	-10.643	1.773	-3.060	0.283	0.356	0.000000	0.000000
1582082319615	1582082319614	-3.120	-11.773	1.071	-3.059	0.640	0.294	0.000000	0.000000
1582082319634	1582082319633	-3.656	-12.420	0.271	-3.150	1.227	0.047	0.000000	0.000000
1582082319657	1582082319656	-4.789	-13.285	-1.113	-3.292	1.745	-0.268	0.000000	0.000000
1582082319675	1582082319675	-6.770	-14.545	-2.460	-3.488	2.366	-0.896	0.000000	0.000000
1582082319697	1582082319694	-9.173	-14.921	-4.446	-4.571	2.705	-1.842	0.000000	0.000000
1582082319714	1582082319714	-11.607	-14.025	-9.313	-6.573	2.663	-2.330	0.000000	0.000000
1582082319734	1582082319733	-13.789	-13.661	-13.024	-7.991	2.248	-2.582	0.000000	0.000000
1582082319754	1582082319754	-11.705	-19.231	-15.185	-7.811	1.982	-2.280	0.000000	0.000000
1582082319775	1582082319775	-7.022	-24.259	-15.003	-6.176	3.425	-2.098	0.000000	0.000000
1582082319796	1582082319794	-7.846	-12.276	-15.987	-4.826	5.345	-1.547	0.000000	0.000000
1582082319813	1582082319813	-11.559	-5.502	-14.794	-2.305	6.247	-0.474	0.000000	0.000000
1582082319835	1582082319832	-9.082	-5.928	-6.685	-1.124	5.530	0.273	0.000000	0.000000
1582082319856	1582082319854	-9.480	-1.353	-4.484	0.922	5.168	2.301	0.000000	0.000000
1582082319874	1582082319874	-11.698	-6.384	-1.320	3.227	4.005	4.464	0.000000	0.000000
1582082319894	1582082319893	-10.203	-2.802	1.217	2.626	2.346	5.838	0.000000	0.000000
1582082319914	1582082319912	-7.815	-1.696	6.178	2.040	1.154	6.785	0.000000	0.000000
1582082319934	1582082319932	-9.195	-3.760	4.185	0.428	1.056	7.981	0.000000	0.000000
1582082319954	1582082319952	-11.583	-13.362	2.465	-0.563	0.685	8.830	0.000000	0.000000
1582082319973	1582082319973	-9.535	-13.584	-4.577	-2.518	1.029	8.388	0.000000	0.000000
1582082320002	1582082319992	-13.337	-19.635	-7.584	-3.546	2.397	7.246	0.000000	0.000000
1582082320017	1582082320013	-9.578	-14.310	-8.221	-4.531	2.456	6.504	0.000000	0.000000
1582082320034	1582082320032	-14.982	-14.957	-8.494	-4.559	3.241	6.394	0.000000	0.000000
1582082320053	1582082320051	-17.066	-13.105	-8.393	-3.907	3.011	6.253	0.000000	0.000000
1582082320076	1582082320076	-16.017	-12.847	-8.525	-4.397	2.823	5.289	0.000000	0.000000
1582082320092	1582082320092	-15.447	-11.886	-11.589	-5.369	2.758	4.287	0.000000	0.000000
1582082320115	1582082320111	-15.694	-11.364	-10.839	-4.794	2.266	3.845	0.000000	0.000000
1582082320132	1582082320132	-13.679	-8.920	-10.578	-4.812	1.900	3.353	0.000000	0.000000
1582082320152	1582082320151	-11.456	-5.672	-10.585	-5.143	1.419	2.624	0.000000	0.000000
1582082320172	1582082320172	-9.942	-3.816	-9.452	-4.886	1.191	2.150	0.000000	0.000000
1582082320195	1582082320193	-9.269	-2.134	-9.526	-3.936	0.534	2.380	0.000000	0.000000
1582082320217	1582082320214	-6.418	-3.296	-8.247	-2.369	0.355	2.614	0.000000	0.000000
1582082320233	1582082320231	-6.610	-0.093	-7.862	-3.031	0.745	2.588	0.000000	0.000000
1582082320252	1582082320251	-6.536	3.316	-9.086	-3.227	0.830	1.966	0.000000	0.000000
1582082320272	1582082320271	-8.500	3.115	-7.557	-3.616	0.699	1.225	0.000000	0.000000
1582082320292	1582082320292	-6.433	3.242	-7.018	-3.637	-0.047	0.849	0.000000	0.000000
1582082320317	1582082320311	-6.981	3.028	-7.174	-3.405	-0.195	0.724	0.000000	0.000000
1582082320333	1582082320333	-6.993	5.295	-5.964	-2.808	-0.417	0.471	0.000000	0.000000
1582082320351	1582082320350	-7.125	6.404	-5.373	-2.807	-1.042	0.420	0.000000	0.000000
1582082320371	1582082320370	-7.252	6.641	-4.937	-2.156	-1.548	0.424	0.000000	0.000000
1582082320393	1582082320392	-7.511	6.272	-4.553	-2.160	-1.819	0.329	0.000000	0.000000
1582082320422	1582082320416	-7.063	4.442	-3.990	-2.127	-1.882	0.238	0.000000	0.000000
1582082320434	1582082320431	-8.260	2.636	-2.148	-1.729	-1.651	0.094	0.000000	0.000000
1582082320450	1582082320450	-10.263	1.217	-0.656	-1.298	-1.675	0.067	0.000000	0.000000
1582082320470	1582082320470	-10.893	2.034	-0.304	-1.018	-3.188	0.291	0.000000	0.000000
1582082320490	1582082320489	-7.242	5.635	1.301	-0.358	-3.920	0.110	0.000000	0.000000
1582082320514	1582082320509	-8.244	5.920	1.244	0.029	-2.846	-0.179	0.000000	0.000000
1582082320537	1582082320530	-10.277	5.045	-0.141	-1.124	-2.500	-0.408	0.000000	0.000000
1582082320550	1582082320550	-11.094	3.119	-0.400	-1.127	-3.297	-0.508	0.000000	0.000000
1582082320571	1582082320569	-11.691	3.431	-0.191	-0.631	-3.956	-0.583	0.000000	0.000000
1582082320590	1582082320589	-12.589	4.027	-0.088	-0.173	-4.526	-0.716	0.000000	0.000000
1582082320615	1582082320615	-13.998	2.846	-0.670	0.228	-5.299	-0.935	0.000000	0.000000
1582082320630	1582082320629	-15.550	0.132	-1.056	1.442	-6.380	-1.180	0.000000	0.000000
1582082320650	1582082320649	-15.476	-2.419	-2.884	3.406	-7.710	-1.441	0.000000	0.000000
1582082320670	1582082320669	-13.969	-3.329	-5.181	5.404	-9.072	-1.431	0.000000	0.000000
1582082320689	1582082320689	-11.535	-2.017	-6.894	6.825	-9.957	-1.365	0.000000	0.000000
1582082320710	1582082320709	-9.525	-3.003	-7.418	8.106	-9.693	-1.367	0.000000	0.000000
1582082320736	1582082320732	-6.363	-4.604	-8.487	9.659	-8.697	-1.468	0.000000	0.000000
1582082320748	1582082320748	-4.092	-4.244	-11.232	10.147	-6.814	-0.905	0.000000	0.000000
1582082320769	1582082320768	-4.801	-3.042	-13.508	9.232	-5.653	-0.349	0.000000	0.000000
1582082320790	1582082320788	-4.732	-0.198	-13.711	7.691	-6.103	-0.798	0.000000	0.000000
1582082320810	1582082320809	-2.885	1.368	-13.165	6.233	-6.321	-1.428	0.000000	0.000000
1582082320837	1582082320837	-2.427	-0.366	-14.679	5.456	-5.148	-1.352	0.000000	0.000000
1582082320850	1582082320849	-3.244	1.337	-14.574	3.752	-4.383	-1.011	0.000000	0.000000
1582082320870	1582082320867	-2.696	5.417	-11.788	1.327	-4.384	-1.161	0.000000	0.000000
1582082320889	1582082320888	-3.683	5.239	-6.549	-1.123	-4.858	-1.868	0.000000	0.000000
1582082320909	1582082320907	-4.684	1.196	-1.506	-1.974	-5.174	-1.929	0.000000	0.000000
1582082320936	1582082320931	-10.759	-1.724	5.215	-1.550	-5.101	-1.035	0.000000	0.000000
1582082320951	1582082320948	-11.607	-0.062	8.540	-0.795	-5.561	-0.354	0.000000	0.000000
1582082320969	1582082320968	-9.061	5.112	8.392	-0.074	-5.909	0.099	0.000000	0.000000
1582082320988	1582082320987	-15.413	4.837	9.839	-0.663	-4.838	0.417	0.000000	0.000000
1582082321011	1582082321009	-16.221	2.863	10.335	-0.529	-5.342	0.576	0.000000	0.000000
1582082321029	1582082321029	-15.802	4.061	10.270	-0.294	-5.756	0.883	0.000000	0.000000
1582082321049	1582082321048	-14.314	7.000	13.267	-0.471	-5.394	1.020	0.000000	0.000000
1582082321071	1582082321071	-9.180	11.870	14.867	-0.296	-5.072	1.103	0.000000	0.000000
1582082321088	1582082321087	-10.242	11.319	9.448	-1.067	-3.634	1.659	0.000000	0.000000
1582082321108	1582082321107	-8.325	8.349	10.610	-1.713	-3.639	1.651	0.000000	0.000000
1582082321128	1582082321127	-6.296	5.335	10.816	-1.482	-3.760	2.160	0.000000	0.000000
1582082321159	1582082321147	-4.650	3.603	10.706	-1.244	-3.275	2.310	0.000000	0.000000
1582082321169	1582082321169	-2.478	3.357	8.581	-1.210	-3.154	2.241	0.000000	0.000000
1582082321189	1582082321186	-3.132	1.153	8.284	-0.177	-2.445	2.328	0.000000	0.000000
1582082321207	1582082321206	-3.359	1.800	7.745	-0.196	-1.842	2.144	0.000000	0.000000
1582082321231	1582082321231	-2.717	3.965	6.200	-1.090	-1.328	1.932	0.000000	0.000000
1582082321248	1582082321248	-2.526	5.139	6.284	-1.745	-0.819	1.676	0.000000	0.000000
1582082321271	1582082321271	-1.199	4.578	7.314	-2.313	-0.507	1.553	0.000000	0.000000
1582082321288	1582082321286	-0.389	3.299	6.784	-3.059	0.025	1.713	0.000000	0.000000
1582082321307	1582082321306	-2.461	1.605	5.426	-2.853	0.059	2.023	0.000000	0.000000
1582082321326	1582082321326	-3.172	0.820	5.623	-2.350	-0.045	2.002	0.000000	0.000000
1582082321350	1582082321347	-2.835	0.944	5.826	-2.434	-0.103	1.854	0.000000	0.000000
1582082321369	1582082321369	-2.291	0.480	6.123	-2.405	-0.089	1.757	0.000000	0.000000
1582082321387	1582082321386	-2.044	0.075	6.279	-2.400	-0.145	1.592	0.000000	0.000000
1582082321406	1582082321406	-1.733	-0.177	6.468	-2.362	-0.302	1.310	0.000000	0.000000
1582082321427	1582082321425	-0.758	-0.819	6.646	-2.664	-0.308	0.950	0.000000	0.000000
1582082321446	1582082321445	0.174	-1.322	6.892	-2.908	0.024	0.713	0.000000	0.000000
1582082321467	1582082321465	-0.271	-2.096	6.842	-2.551	0.239	0.756	0.000000	0.000000
1582082321492	1582082321486	-0.813	-2.702	7.034	-1.814	0.201	0.611	0.000000	0.000000
1582082321506	1582082321505	-0.580	-2.764	7.563	-1.158	0.257	0.264	0.000000	0.000000
1582082321526	1582082321525	-0.899	-4.216	7.807	-1.142	0.428	0.240	0.000000	0.000000
1582082321548	1582082321547	-1.062	-4.326	7.762	-1.613	0.548	0.062	0.000000	0.000000
1582082321570	1582082321570	-0.875	-2.500	8.164	-1.546	0.445	0.005	0.000000	0.000000
1582082321586	1582082321585	-2.082	-1.252	8.286	-1.025	0.365	0.116	0.000000	0.000000
1582082321605	1582082321605	-0.152	-2.460	8.152	-1.041	0.058	-0.046	0.000000	0.000000
1582082321626	1582082321625	0.394	-4.824	7.319	-1.248	0.059	0.312	0.000000	0.000000
1582082321646	1582082321644	-0.614	-5.155	8.054	-1.171	0.380	0.386	0.000000	0.000000
1582082321667	1582082321665	-1.929	-4.829	9.108	-1.298	0.284	0.540	0.000000	0.000000
1582082321686	1582082321686	-1.579	-4.434	8.979	-1.794	-0.071	0.533	0.000000	0.000000
1582082321706	1582082321704	-0.664	-3.981	8.653	-1.854	-0.333	0.435	0.000000	0.000000
1582082321725	1582082321725	-0.259	-4.230	7.870	-2.006	-0.345	0.571	0.000000	0.000000
1582082321745	1582082321744	-0.597	-4.611	7.295	-1.966	-0.191	0.851	0.000000	0.000000
1582082321774	1582082321769	-0.770	-5.617	6.830	-1.929	-0.129	0.969	0.000000	0.000000
1582082321785	1582082321784	-0.866	-6.798	6.576	-1.817	-0.217	1.110	0.000000	0.000000
1582082321804	1582082321804	-1.108	-7.287	6.140	-1.763	-0.136	0.982	0.000000	0.000000
1582082321824	1582082321824	-1.266	-6.602	5.795	-1.702	-0.220	0.736	0.000000	0.000000
1582082321844	1582082321844	-1.611	-6.429	5.850	-1.569	-0.089	0.830	0.000000	0.000000
1582082321865	1582082321865	-2.118	-6.503	5.644	-1.712	0.241	0.866	0.000000	0.000000
1582082321887	1582082321884	-2.262	-7.809	4.954	-2.169	0.441	0.876	0.000000	0.000000
1582082321908	1582082321905	-2.736	-9.311	3.900	-2.584	0.601	0.813	0.000000	0.000000
1582082321925	1582082321923	-3.457	-8.920	3.855	-2.702	0.633	0.646	0.000000	0.000000
1582082321945	1582082321943	-3.896	-8.731	3.519	-2.549	0.370	0.523	0.000000	0.000000
1582082321967	1582082321967	-3.041	-9.761	2.846	-2.560	0.125	0.359	0.000000	0.000000
1582082321984	1582082321984	-2.827	-10.628	1.692	-2.654	0.356	0.319	0.000000	0.000000
1582082322004	1582082322003	-4.099	-11.874	0.515	-2.636	1.071	0.217	0.000000	0.000000
1582082322026	1582082322022	-6.095	-14.068	-0.958	-2.803	1.668	-0.349	0.000000	0.000000
1582082322044	1582082322043	-8.174	-16.306	-2.393	-3.847	1.969	-1.408	0.000000	0.000000
1582082322063	1582082322063	-10.186	-17.149	-6.158	-5.730	1.922	-2.637	0.000000	0.000000
1582082322087	1582082322087	-12.493	-16.349	-9.625	-8.047	1.952	-3.673	0.000000	0.000000
1582082322106	1582082322105	-12.170	-12.878	-11.028	-11.343	2.293	-4.068	0.000000	0.000000
1582082322123	1582082322122	-5.508	-16.172	-15.736	-11.872	3.883	-3.389	0.000000	0.000000
1582082322144	1582082322143	-0.195	-21.564	-17.216	-9.359	4.413	-2.991	0.000000	0.000000
1582082322162	1582082322162	-1.994	-11.491	-9.994	-5.767	4.301	-2.041	0.000000	0.000000
1582082322184	1582082322184	-5.486	-3.013	-13.216	-2.794	4.845	0.229	0.000000	0.000000
1582082322205	1582082322202	-4.236	-2.900	-10.842	1.133	4.742	1.864	0.000000	0.000000
1582082322226	1582082322222	-2.696	2.899	-4.712	2.303	3.878	4.015	0.000000	0.000000
