1582082461634	1582082461605	-6.981	-11.433	-1.288	-1.915	1.535	0.182	0.000000	0.000000
1582082461645	1582082461633	-7.875	-11.452	-2.354	-2.146	1.635	-0.079	0.000000	0.000000
1582082461665	1582082461644	-7.846	-11.407	-3.840	-2.532	1.825	-0.398	0.000000	0.000000
1582082461688	1582082461664	-7.173	-11.153	-5.174	-2.696	1.776	-0.713	0.000000	0.000000
1582082461705	1582082461688	-7.003	-10.873	-5.265	-2.756	1.730	-0.872	0.000000	0.000000
1582082461725	1582082461703	-6.691	-11.002	-5.013	-2.634	1.828	-0.900	0.000000	0.000000
1582082461744	1582082461723	-6.691	-11.072	-4.951	-2.542	1.938	-0.709	0.000000	0.000000
1582082461768	1582082461743	-7.801	-10.889	-5.150	-2.426	2.190	-0.244	0.000000	0.000000
1582082461784	1582082461763	-9.116	-9.514	-5.073	-1.991	2.575	0.291	0.000000	0.000000
1582082461810	1582082461783	-8.833	-7.600	-4.755	-1.428	2.884	0.509	0.000000	0.000000
1582082461824	1582082461808	-7.707	-9.720	-4.740	-1.325	2.738	0.459	0.000000	0.000000
1582082461844	1582082461823	-8.879	-12.291	-5.550	-1.768	2.899	0.537	0.000000	0.000000
1582082461864	1582082461843	-8.143	-11.134	-5.241	-2.062	2.792	0.781	0.000000	0.000000
1582082461884	1582082461863	-7.096	-9.735	-4.709	-1.481	2.207	0.985	0.000000	0.000000
1582082461904	1582082461883	-7.111	-9.277	-4.426	-1.168	2.133	1.226	0.000000	0.000000
1582082461924	1582082461903	-7.324	-9.874	-3.933	-0.595	2.344	1.254	0.000000	0.000000
1582082461946	1582082461923	-5.472	-9.550	-2.965	-0.838	2.269	1.291	0.000000	0.000000
1582082461967	1582082461945	-5.628	-7.433	-4.314	-1.263	2.253	1.375	0.000000	0.000000
1582082461984	1582082461962	-7.614	-6.163	-3.959	-1.430	2.346	1.860	0.000000	0.000000
1582082462010	1582082461982	-5.549	-8.096	-2.191	-0.710	1.823	2.072	0.000000	0.000000
1582082462023	1582082462008	-5.084	-9.275	-3.341	0.234	1.091	2.162	0.000000	0.000000
1582082462044	1582082462022	-7.365	-7.119	-3.926	-0.243	1.379	2.750	0.000000	0.000000
1582082462063	1582082462042	-7.247	-6.539	-3.988	0.152	1.411	3.117	0.000000	0.000000
1582082462084	1582082462062	-7.223	-7.493	-3.636	0.378	1.071	3.256	0.000000	0.000000
1582082462109	1582082462082	-8.172	-7.279	-4.529	0.369	0.938	3.273	0.000000	0.000000
1582082462123	1582082462103	-7.626	-6.918	-5.066	0.053	0.838	3.194	0.000000	0.000000
1582082462143	1582082462121	-7.626	-7.210	-5.337	-0.122	0.499	2.976	0.000000	0.000000
1582082462163	1582082462142	-8.301	-8.743	-5.246	-0.601	0.386	2.610	0.000000	0.000000
1582082462183	1582082462161	-7.916	-7.775	-6.170	-0.943	0.454	2.376	0.000000	0.000000
1582082462202	1582082462181	-7.966	-6.345	-6.340	-1.546	0.323	2.221	0.000000	0.000000
1582082462222	1582082462201	-7.853	-6.304	-6.748	-1.669	0.244	2.114	0.000000	0.000000
1582082462242	1582082462221	-7.511	-5.713	-7.598	-1.954	0.111	1.875	0.000000	0.000000
1582082462262	1582082462241	-7.618	-4.553	-7.761	-2.125	-0.070	1.740	0.000000	0.000000
1582082462284	1582082462261	-7.918	-3.523	-8.372	-2.189	-0.155	1.646	0.000000	0.000000
1582082462310	1582082462282	-7.880	-2.975	-8.796	-2.425	-0.340	1.473	0.000000	0.000000
1582082462322	1582082462310	-7.597	-2.548	-9.308	-2.817	-0.634	1.178	0.000000	0.000000
1582082462342	1582082462320	-7.204	-1.772	-9.428	-3.136	-0.938	0.877	0.000000	0.000000
1582082462366	1582082462341	-7.211	-1.214	-9.316	-3.181	-1.172	0.717	0.000000	0.000000
1582082462382	1582082462362	-7.185	-0.768	-9.344	-3.263	-1.268	0.601	0.000000	0.000000
1582082462403	1582082462381	-6.735	-0.138	-9.285	-3.417	-1.389	0.460	0.000000	0.000000
1582082462422	1582082462402	-7.027	-0.079	-8.861	-3.396	-1.460	0.347	0.000000	0.000000
1582082462443	1582082462422	-7.211	0.305	-8.640	-3.200	-1.433	0.352	0.000000	0.000000
1582082462465	1582082462442	-6.742	1.095	-8.460	-2.969	-1.421	0.410	0.000000	0.000000
1582082462489	1582082462465	-6.464	1.555	-7.986	-2.728	-1.472	0.352	0.000000	0.000000
1582082462505	1582082462483	-7.032	1.117	-7.148	-2.471	-1.505	0.393	0.000000	0.000000
1582082462522	1582082462505	-7.338	1.229	-6.616	-1.978	-1.391	0.557	0.000000	0.000000
1582082462541	1582082462521	-7.156	2.006	-6.228	-1.471	-1.319	0.685	0.000000	0.000000
1582082462562	1582082462541	-6.919	2.664	-5.825	-1.081	-1.360	0.786	0.000000	0.000000
1582082462582	1582082462561	-6.921	2.444	-5.454	-0.831	-1.378	0.827	0.000000	0.000000
1582082462602	1582082462582	-6.953	2.343	-4.889	-0.489	-1.278	0.864	0.000000	0.000000
1582082462626	1582082462602	-6.782	3.110	-4.465	-0.196	-1.152	0.901	0.000000	0.000000
1582082462641	1582082462626	-6.351	3.817	-4.141	-0.082	-1.226	0.833	0.000000	0.000000
1582082462662	1582082462640	-6.066	4.008	-4.026	-0.120	-1.255	0.692	0.000000	0.000000
1582082462688	1582082462661	-5.954	4.403	-3.792	-0.238	-1.320	0.568	0.000000	0.000000
1582082462707	1582082462681	-6.121	5.340	-3.705	-0.452	-1.274	0.361	0.000000	0.000000
1582082462721	1582082462702	-6.275	6.068	-3.734	-0.826	-1.171	0.143	0.000000	0.000000
1582082462741	1582082462720	-6.358	6.200	-3.828	-1.419	-1.123	-0.020	0.000000	0.000000
1582082462761	1582082462740	-6.363	6.260	-3.945	-2.040	-1.281	-0.199	0.000000	0.000000
1582082462782	1582082462760	-6.703	6.152	-3.636	-2.563	-1.394	-0.313	0.000000	0.000000
1582082462804	1582082462782	-7.058	5.910	-3.193	-2.868	-1.301	-0.285	0.000000	0.000000
1582082462823	1582082462805	-7.185	5.156	-2.850	-3.095	-1.167	-0.237	0.000000	0.000000
1582082462840	1582082462821	-7.511	4.573	-2.656	-2.999	-1.254	-0.192	0.000000	0.000000
1582082462860	1582082462840	-8.033	4.669	-1.724	-2.755	-1.265	-0.111	0.000000	0.000000
1582082462881	1582082462860	-8.220	5.395	-0.256	-2.418	-0.989	-0.079	0.000000	0.000000
1582082462905	1582082462880	-7.647	5.824	0.892	-1.939	-0.828	-0.068	0.000000	0.000000
1582082462924	1582082462904	-7.056	5.354	1.239	-1.204	-0.818	-0.046	0.000000	0.000000
1582082462940	1582082462922	-6.552	5.711	1.059	-0.382	-0.639	0.152	0.000000	0.000000
1582082462959	1582082462940	-6.081	6.485	0.297	0.106	-0.282	0.325	0.000000	0.000000
1582082462981	1582082462959	-6.037	6.959	-0.287	0.338	-0.149	0.536	0.000000	0.000000
1582082463003	1582082462981	-6.550	6.075	-0.167	0.410	-0.105	0.763	0.000000	0.000000
1582082463026	1582082463003	-7.218	4.367	0.065	0.538	-0.096	0.908	0.000000	0.000000
1582082463040	1582082463025	-7.285	4.006	0.539	0.742	-0.245	1.046	0.000000	0.000000
1582082463060	1582082463040	-6.902	4.583	1.203	0.905	-0.354	0.863	0.000000	0.000000
1582082463079	1582082463059	-6.105	4.787	2.005	0.733	-0.487	0.570	0.000000	0.000000
1582082463103	1582082463079	-5.050	4.887	2.528	-0.029	-0.500	0.264	0.000000	0.000000
1582082463121	1582082463102	-4.430	4.729	2.568	-1.052	-0.465	0.045	0.000000	0.000000
1582082463139	1582082463118	-4.720	4.025	2.250	-1.851	-0.354	-0.070	0.000000	0.000000
1582082463160	1582082463139	-5.333	3.793	1.862	-2.202	-0.056	-0.073	0.000000	0.000000
1582082463179	1582082463158	-5.769	3.876	1.823	-2.214	0.223	-0.073	0.000000	0.000000
1582082463202	1582082463179	-5.774	3.548	2.094	-2.164	0.196	-0.181	0.000000	0.000000
1582082463222	1582082463202	-5.264	3.050	2.259	-2.332	-0.098	-0.299	0.000000	0.000000
1582082463242	1582082463219	-4.907	2.739	2.219	-2.446	-0.415	-0.369	0.000000	0.000000
1582082463258	1582082463238	-5.185	2.820	2.271	-2.243	-0.580	-0.429	0.000000	0.000000
1582082463278	1582082463258	-5.649	2.808	2.159	-1.907	-0.549	-0.422	0.000000	0.000000
1582082463326	1582082463278	-5.484	3.050	2.106	-1.825	-0.313	-0.366	0.000000	0.000000
1582082463329	1582082463302	-5.589	3.316	2.188	-1.804	0.025	-0.490	0.000000	0.000000
1582082463339	1582082463328	-6.246	3.021	2.789	-1.627	0.343	-0.557	0.000000	0.000000
1582082463359	1582082463338	-6.701	2.846	3.028	-1.490	0.599	-0.476	0.000000	0.000000
1582082463378	1582082463358	-6.703	2.612	2.858	-1.242	0.591	-0.392	0.000000	0.000000
1582082463398	1582082463377	-6.531	2.228	2.679	-0.881	0.610	-0.440	0.000000	0.000000
1582082463427	1582082463398	-6.780	2.077	2.995	-0.642	0.607	-0.580	0.000000	0.000000
1582082463440	1582082463421	-7.206	1.673	2.762	-0.614	0.613	-0.674	0.000000	0.000000
1582082463459	1582082463438	-7.995	1.495	2.662	-0.557	0.627	-0.651	0.000000	0.000000
1582082463479	1582082463457	-8.910	1.505	2.971	-0.958	0.799	-0.842	0.000000	0.000000
1582082463499	1582082463477	-8.411	1.689	3.160	-1.450	0.646	-0.995	0.000000	0.000000
1582082463517	1582082463497	-7.209	1.258	2.269	-1.986	0.348	-1.121	0.000000	0.000000
1582082463538	1582082463517	-8.443	0.595	3.002	-2.073	-0.008	-1.074	0.000000	0.000000
1582082463559	1582082463538	-8.979	-1.001	2.396	-2.258	0.084	-1.242	0.000000	0.000000
1582082463578	1582082463556	-9.686	-1.149	3.311	-2.488	0.065	-1.313	0.000000	0.000000
1582082463601	1582082463576	-9.554	-0.512	4.135	-2.417	-0.142	-1.448	0.000000	0.000000
1582082463618	1582082463596	-7.870	-1.128	3.989	-3.142	-1.037	-1.458	0.000000	0.000000
1582082463639	1582082463618	-7.532	-5.023	4.655	-3.503	-1.413	-1.457	0.000000	0.000000
1582082463657	1582082463639	-8.634	-6.288	6.971	-2.388	-1.494	-1.332	0.000000	0.000000
1582082463678	1582082463655	-10.776	-6.372	7.422	-1.719	-1.671	-1.587	0.000000	0.000000
1582082463697	1582082463676	-12.230	-5.483	6.703	-1.353	-1.527	-1.163	0.000000	0.000000
1582082463718	1582082463696	-11.585	-3.068	6.804	-1.913	-1.170	-1.177	0.000000	0.000000
1582082463738	1582082463718	-10.067	-5.960	5.716	-2.761	-1.057	-1.170	0.000000	0.000000
1582082463759	1582082463736	-9.281	-7.064	4.842	-2.761	-1.201	-0.574	0.000000	0.000000
1582082463777	1582082463759	-9.504	-6.887	5.450	-3.027	-1.075	-0.570	0.000000	0.000000
1582082463797	1582082463776	-10.759	-5.418	4.882	-4.138	-0.616	-0.460	0.000000	0.000000
1582082463826	1582082463796	-10.383	-4.956	4.317	-4.600	-1.171	-0.844	0.000000	0.000000
1582082463840	1582082463820	-9.559	-8.547	3.543	-4.539	-1.316	-1.172	0.000000	0.000000
1582082463857	1582082463838	-10.093	-10.530	3.184	-5.704	-1.214	-1.089	0.000000	0.000000
1582082463877	1582082463856	-10.093	-9.407	2.456	-6.282	-1.006	-1.242	0.000000	0.000000
1582082463896	1582082463875	-9.945	-8.506	1.423	-5.807	-0.977	-1.566	0.000000	0.000000
1582082463916	1582082463895	-9.322	-9.943	0.549	-5.946	-1.109	-1.650	0.000000	0.000000
1582082463939	1582082463917	-7.870	-11.428	0.618	-5.802	-1.252	-1.795	0.000000	0.000000
1582082463959	1582082463937	-7.060	-12.523	0.657	-5.070	-1.263	-1.982	0.000000	0.000000
1582082463975	1582082463959	-6.679	-13.041	-0.292	-4.510	-1.086	-1.890	0.000000	0.000000
1582082463996	1582082463975	-6.131	-12.605	-0.869	-4.180	-0.991	-1.883	0.000000	0.000000
1582082464016	1582082463995	-4.844	-13.232	-0.740	-4.061	-1.102	-1.990	0.000000	0.000000
1582082464042	1582082464015	-4.373	-14.545	-0.483	-3.995	-1.299	-2.144	0.000000	0.000000
1582082464058	1582082464037	-3.726	-14.152	-0.376	-4.134	-1.314	-2.224	0.000000	0.000000
1582082464076	1582082464058	-3.268	-13.963	-0.656	-4.119	-1.135	-2.213	0.000000	0.000000
1582082464095	1582082464075	-2.693	-14.691	-1.267	-4.059	-0.973	-2.240	0.000000	0.000000
1582082464117	1582082464094	-2.025	-14.825	-1.343	-4.165	-0.862	-2.345	0.000000	0.000000
1582082464135	1582082464117	-1.536	-13.448	-1.549	-4.085	-0.632	-2.428	0.000000	0.000000
1582082464160	1582082464134	-1.232	-12.602	-2.033	-3.606	-0.320	-2.540	0.000000	0.000000
1582082464175	1582082464159	-0.978	-12.638	-2.565	-2.876	-0.038	-2.610	0.000000	0.000000
1582082464195	1582082464174	-0.782	-12.557	-3.193	-2.202	0.229	-2.684	0.000000	0.000000
1582082464216	1582082464194	0.069	-11.891	-3.483	-1.982	0.379	-2.722	0.000000	0.000000
1582082464237	1582082464214	0.921	-11.100	-3.610	-1.936	0.395	-2.739	0.000000	0.000000
1582082464260	1582082464237	1.219	-10.353	-4.137	-1.650	0.369	-2.855	0.000000	0.000000
1582082464278	1582082464254	1.540	-9.256	-5.037	-1.132	0.359	-3.023	0.000000	0.000000
1582082464295	1582082464275	1.901	-8.614	-5.952	-0.729	0.322	-3.071	0.000000	0.000000
1582082464314	1582082464293	2.526	-8.068	-6.626	-0.492	0.308	-2.985	0.000000	0.000000
1582082464339	1582082464314	2.941	-7.119	-7.208	-0.269	0.395	-2.875	0.000000	0.000000
1582082464358	1582082464339	3.427	-6.539	-7.524	0.100	0.434	-2.803	0.000000	0.000000
1582082464381	1582082464358	4.361	-5.706	-7.622	0.706	0.510	-2.646	0.000000	0.000000
1582082464393	1582082464375	4.788	-4.929	-7.816	1.295	0.877	-2.449	0.000000	0.000000
1582082464414	1582082464393	4.378	-3.605	-7.088	2.036	1.385	-2.247	0.000000	0.000000
1582082464436	1582082464414	5.221	-1.317	-5.514	2.626	1.866	-1.924	0.000000	0.000000
1582082464455	1582082464436	6.618	-0.107	-4.668	2.835	2.243	-1.440	0.000000	0.000000
1582082464474	1582082464453	7.303	-0.261	-4.357	2.748	2.678	-0.868	0.000000	0.000000
1582082464493	1582082464473	7.260	-1.597	-5.588	3.130	3.425	-0.325	0.000000	0.000000
1582082464514	1582082464492	6.091	-1.604	-7.445	3.942	4.288	0.610	0.000000	0.000000
1582082464534	1582082464512	5.358	0.017	-4.712	4.932	4.982	1.378	0.000000	0.000000
1582082464554	1582082464534	2.756	-3.181	3.721	5.759	5.433	1.840	0.000000	0.000000
1582082464580	1582082464554	5.523	0.377	10.811	8.078	3.937	2.429	0.000000	0.000000
1582082464593	1582082464574	11.433	-2.836	10.229	8.782	1.782	1.521	0.000000	0.000000
1582082464613	1582082464592	8.467	-5.974	6.739	4.546	2.074	0.943	0.000000	0.000000
1582082464633	1582082464612	8.788	-8.549	6.171	1.864	1.836	1.520	0.000000	0.000000
1582082464657	1582082464632	13.237	-7.785	2.166	1.778	0.826	1.140	0.000000	0.000000
1582082464674	1582082464657	9.682	-9.076	3.699	2.002	0.053	1.032	0.000000	0.000000
1582082464693	1582082464672	7.296	-6.602	9.439	3.018	0.134	1.703	0.000000	0.000000
1582082464713	1582082464693	5.217	-5.428	6.562	2.452	0.442	0.756	0.000000	0.000000
1582082464735	1582082464713	5.732	-4.367	2.305	1.036	0.022	0.233	0.000000	0.000000
1582082464756	1582082464734	2.050	-5.878	1.311	0.510	-0.454	-0.029	0.000000	0.000000
1582082464780	1582082464756	-5.831	-8.901	6.023	0.306	0.184	0.986	0.000000	0.000000
1582082464792	1582082464774	-6.191	-12.099	6.854	-0.161	1.230	1.735	0.000000	0.000000
1582082464812	1582082464792	1.554	-9.740	6.543	-0.754	0.577	0.915	0.000000	0.000000
1582082464831	1582082464811	3.753	-7.941	6.423	-0.145	-0.296	-0.102	0.000000	0.000000
1582082464865	1582082464831	1.135	-7.830	5.445	0.253	-0.144	0.267	0.000000	0.000000
1582082464873	1582082464858	1.420	-6.853	5.987	0.273	-0.010	0.609	0.000000	0.000000
1582082464892	1582082464871	-0.298	-10.149	3.795	0.229	-0.236	0.397	0.000000	0.000000
1582082464911	1582082464892	-1.127	-8.120	4.799	-0.424	-0.220	0.556	0.000000	0.000000
1582082464931	1582082464910	-0.116	-7.378	5.699	0.286	0.044	0.169	0.000000	0.000000
1582082464951	1582082464930	-0.674	-8.796	5.661	0.213	-0.034	0.135	0.000000	0.000000
1582082464976	1582082464950	0.028	-8.959	6.837	0.396	0.027	0.236	0.000000	0.000000
1582082464994	1582082464971	0.210	-9.146	5.618	0.656	0.041	0.041	0.000000	0.000000
1582082465011	1582082464991	0.323	-8.760	6.159	0.676	-0.146	0.243	0.000000	0.000000
1582082465031	1582082465011	0.450	-6.894	6.921	1.539	-0.162	0.316	0.000000	0.000000
1582082465050	1582082465030	-0.030	-7.454	7.383	1.287	0.021	0.215	0.000000	0.000000
1582082465072	1582082465050	0.402	-7.912	7.434	0.591	0.022	0.278	0.000000	0.000000
1582082465092	1582082465069	1.293	-7.948	7.199	0.431	-0.239	0.108	0.000000	0.000000
1582082465110	1582082465089	1.058	-7.140	5.987	0.048	-0.189	-0.057	0.000000	0.000000
1582082465130	1582082465110	1.168	-7.538	5.836	0.183	-0.220	0.173	0.000000	0.000000
1582082465151	1582082465130	0.605	-8.295	6.245	0.163	-0.046	0.305	0.000000	0.000000
1582082465181	1582082465149	0.430	-8.657	6.698	0.183	0.109	0.322	0.000000	0.000000
1582082465192	1582082465174	0.541	-6.903	6.224	0.544	0.039	0.183	0.000000	0.000000
1582082465211	1582082465192	0.414	-5.885	6.133	0.614	-0.124	0.178	0.000000	0.000000
1582082465230	1582082465209	0.806	-4.860	6.952	0.438	-0.192	0.131	0.000000	0.000000
1582082465252	1582082465229	1.401	-4.726	5.984	0.217	-0.309	-0.173	0.000000	0.000000
1582082465271	1582082465252	1.123	-6.661	6.284	-0.389	-0.361	-0.102	0.000000	0.000000
1582082465293	1582082465270	1.123	-6.506	6.607	-0.070	-0.058	0.098	0.000000	0.000000
1582082465317	1582082465294	1.726	-6.086	7.678	0.385	0.015	0.117	0.000000	0.000000
1582082465330	1582082465317	1.197	-6.843	7.477	0.522	0.140	0.063	0.000000	0.000000
1582082465350	1582082465330	1.142	-7.337	7.819	0.583	0.138	0.318	0.000000	0.000000
1582082465375	1582082465350	1.214	-7.567	7.506	0.927	0.238	0.257	0.000000	0.000000
1582082465394	1582082465370	0.998	-8.020	8.030	0.941	0.188	0.327	0.000000	0.000000
1582082465411	1582082465391	0.759	-6.875	7.901	0.991	0.360	0.265	0.000000	0.000000
1582082465431	1582082465408	0.526	-6.458	7.735	1.020	0.324	0.228	0.000000	0.000000
1582082465449	1582082465430	0.222	-6.094	7.918	1.140	0.321	0.360	0.000000	0.000000
1582082465469	1582082465448	-0.559	-4.870	7.958	1.310	0.361	0.330	0.000000	0.000000
1582082465490	1582082465469	-1.349	-3.145	8.377	1.439	0.230	0.455	0.000000	0.000000
1582082465514	1582082465489	-2.394	-1.087	7.815	1.132	0.080	0.298	0.000000	0.000000
1582082465530	1582082465509	-3.402	-0.814	6.234	0.545	-0.253	0.164	0.000000	0.000000
1582082465548	1582082465528	-4.490	-2.912	1.986	-0.373	-0.593	0.087	0.000000	0.000000
1582082465571	1582082465548	-4.907	-4.407	-2.821	-1.719	-0.924	0.260	0.000000	0.000000
1582082465594	1582082465569	-7.858	-4.781	-3.638	-3.513	-0.260	0.232	0.000000	0.000000
1582082465609	1582082465590	-14.908	-0.670	-7.033	-6.851	1.763	-0.034	0.000000	0.000000
1582082465628	1582082465608	-18.554	1.634	-19.724	-11.203	3.175	-0.416	0.000000	0.000000
1582082465648	1582082465627	-14.618	-7.967	-25.176	-11.719	4.281	-1.115	0.000000	0.000000
1582082465669	1582082465647	-17.160	-15.307	-18.246	-4.853	5.534	-0.681	0.000000	0.000000
1582082465694	1582082465669	-18.456	-17.029	-6.721	-1.020	6.743	0.281	0.000000	0.000000
1582082465709	1582082465688	-11.118	-14.303	0.647	-1.255	4.973	2.291	0.000000	0.000000
1582082465728	1582082465709	-9.552	-13.800	3.682	2.129	3.488	3.748	0.000000	0.000000
1582082465748	1582082465727	-6.363	-9.416	6.761	1.881	2.384	5.260	0.000000	0.000000
1582082465769	1582082465747	-2.262	-6.695	6.260	1.871	-0.085	6.745	0.000000	0.000000
1582082465792	1582082465769	-18.904	-11.472	3.800	-0.278	1.338	7.885	0.000000	0.000000
1582082465808	1582082465792	-17.979	-13.472	1.241	-2.254	4.289	8.715	0.000000	0.000000
1582082465827	1582082465807	-18.192	-11.273	-2.158	-2.590	2.871	8.589	0.000000	0.000000
1582082465848	1582082465827	-24.298	-8.161	-3.176	-2.970	3.454	8.183	0.000000	0.000000
1582082465868	1582082465847	-20.073	-11.345	-4.783	-3.832	4.331	7.539	0.000000	0.000000
1582082465888	1582082465866	-21.124	-7.737	-5.246	-4.148	4.085	6.765	0.000000	0.000000
1582082465912	1582082465886	-24.720	1.177	-5.485	-3.671	4.606	6.878	0.000000	0.000000
1582082465926	1582082465908	-26.816	-6.233	-3.447	-3.936	5.116	6.342	0.000000	0.000000
1582082465946	1582082465926	-26.852	-8.949	-4.230	-4.556	5.103	5.266	0.000000	0.000000
1582082465967	1582082465946	-22.667	-3.507	-6.345	-4.857	5.018	5.132	0.000000	0.000000
1582082465991	1582082465966	-20.803	-6.300	-5.940	-4.335	4.017	4.507	0.000000	0.000000
1582082466007	1582082465992	-14.870	-1.068	-4.752	-3.113	3.463	3.587	0.000000	0.000000
1582082466027	1582082466006	-14.721	0.628	-5.023	-2.900	2.489	3.538	0.000000	0.000000
1582082466047	1582082466027	-12.639	0.484	-2.862	-1.986	2.749	3.273	0.000000	0.000000
1582082466067	1582082466045	-10.186	2.604	-2.489	-1.908	2.138	2.254	0.000000	0.000000
1582082466087	1582082466065	-8.610	3.733	-3.229	-1.763	1.622	1.800	0.000000	0.000000
1582082466110	1582082466086	-8.014	5.156	-3.006	-1.159	0.989	1.791	0.000000	0.000000
1582082466129	1582082466105	-8.210	6.102	-1.523	-1.213	0.744	1.478	0.000000	0.000000
1582082466147	1582082466129	-8.787	4.542	-1.384	-1.128	0.763	1.313	0.000000	0.000000
1582082466167	1582082466147	-9.197	4.643	-2.237	-0.753	0.778	1.179	0.000000	0.000000
1582082466191	1582082466165	-7.853	4.279	-2.489	-0.788	0.481	0.886	0.000000	0.000000
1582082466206	1582082466186	-7.597	6.375	-2.201	-0.917	0.187	0.472	0.000000	0.000000
1582082466227	1582082466205	-6.318	4.399	-2.002	-1.300	0.049	-0.049	0.000000	0.000000
1582082466246	1582082466227	-5.860	6.217	-2.910	-1.162	-0.182	-0.556	0.000000	0.000000
1582082466266	1582082466245	-5.350	7.546	-1.260	-2.203	-0.209	-0.251	0.000000	0.000000
1582082466287	1582082466265	-5.625	5.287	-1.708	-1.647	-0.246	-0.081	0.000000	0.000000
1582082466316	1582082466287	-8.778	6.837	-2.421	-1.460	-0.382	0.093	0.000000	0.000000
1582082466337	1582082466314	-10.661	9.036	-1.087	-0.929	-1.479	0.856	0.000000	0.000000
1582082466344	1582082466332	-3.699	7.513	-0.289	-0.427	-3.529	0.705	0.000000	0.000000
1582082466364	1582082466343	-3.508	6.732	-1.355	0.026	-4.710	0.132	0.000000	0.000000
1582082466384	1582082466363	-12.618	8.457	2.420	0.066	-3.217	1.002	0.000000	0.000000
1582082466404	1582082466383	-10.321	7.939	1.546	0.543	-2.181	0.993	0.000000	0.000000
1582082466424	1582082466403	-7.748	7.748	1.210	-0.431	-3.349	0.042	0.000000	0.000000
1582082466444	1582082466423	-9.851	5.290	1.857	-1.608	-3.289	-0.155	0.000000	0.000000
1582082466464	1582082466443	-12.297	0.745	1.589	-2.004	-2.891	-0.177	0.000000	0.000000
1582082466484	1582082466463	-14.017	-3.133	0.810	-1.526	-3.369	-0.488	0.000000	0.000000
1582082466505	1582082466483	-14.628	-5.236	-0.352	0.293	-4.630	-0.770	0.000000	0.000000
1582082466525	1582082466504	-14.153	-5.531	-1.487	2.754	-6.497	-0.881	0.000000	0.000000
1582082466545	1582082466524	-12.874	-4.422	-3.238	4.916	-8.322	-0.587	0.000000	0.000000
1582082466565	1582082466545	-12.735	-3.916	-5.174	6.950	-9.437	-0.370	0.000000	0.000000
1582082466583	1582082466564	-11.779	-5.940	-6.554	8.419	-10.103	-0.190	0.000000	0.000000
1582082466603	1582082466583	-8.385	-4.575	-9.023	9.868	-10.578	-0.257	0.000000	0.000000
1582082466623	1582082466602	-7.956	-4.944	-9.258	9.753	-9.884	-0.171	0.000000	0.000000
1582082466646	1582082466622	-7.781	-9.809	-11.381	9.253	-8.084	0.042	0.000000	0.000000
1582082466665	1582082466646	-4.962	-10.861	-19.176	9.075	-6.914	0.216	0.000000	0.000000
1582082466683	1582082466663	-1.632	-3.696	-21.281	9.784	-5.990	0.205	0.000000	0.000000
1582082466703	1582082466683	-0.221	2.039	-17.975	8.784	-4.780	0.795	0.000000	0.000000
1582082466726	1582082466703	-0.983	0.683	-11.711	4.750	-4.436	0.917	0.000000	0.000000
1582082466744	1582082466726	-3.589	0.578	-6.879	1.648	-4.497	0.165	0.000000	0.000000
1582082466763	1582082466744	-7.592	-0.613	-2.290	-0.458	-4.493	-0.332	0.000000	0.000000
1582082466784	1582082466763	-11.760	-1.262	1.347	-1.511	-4.545	-0.549	0.000000	0.000000
1582082466804	1582082466782	-9.947	3.258	3.069	-1.247	-5.514	-0.394	0.000000	0.000000
1582082466823	1582082466802	-12.975	4.777	6.866	-1.431	-7.132	-0.491	0.000000	0.000000
1582082466844	1582082466822	-15.576	4.080	8.528	-1.148	-6.727	0.221	0.000000	0.000000
1582082466866	1582082466842	-14.831	6.440	9.288	-1.523	-6.446	0.854	0.000000	0.000000
1582082466883	1582082466862	-14.642	7.568	8.909	-1.291	-6.180	1.171	0.000000	0.000000
1582082466905	1582082466882	-15.066	5.338	7.019	-1.597	-5.390	1.627	0.000000	0.000000
1582082466926	1582082466903	-12.431	6.715	8.964	-2.160	-4.497	1.882	0.000000	0.000000
1582082466945	1582082466926	-10.376	7.685	9.151	-1.748	-4.504	1.645	0.000000	0.000000
1582082466964	1582082466941	-10.385	5.333	8.519	-1.771	-4.035	1.722	0.000000	0.000000
1582082466983	1582082466962	-6.890	7.067	7.867	-2.006	-3.285	1.727	0.000000	0.000000
1582082467002	1582082466982	-6.569	5.120	9.649	-1.917	-2.872	1.538	0.000000	0.000000
1582082467022	1582082467002	-5.920	6.466	9.214	-1.681	-2.555	1.936	0.000000	0.000000
1582082467042	1582082467022	-4.018	6.219	9.494	-1.683	-2.054	1.847	0.000000	0.000000
1582082467062	1582082467042	-1.958	4.609	8.186	-1.052	-2.032	1.835	0.000000	0.000000
1582082467082	1582082467061	-3.656	3.009	9.079	-0.538	-1.786	1.762	0.000000	0.000000
1582082467102	1582082467081	-4.739	3.773	9.067	-0.564	-1.245	2.014	0.000000	0.000000
1582082467127	1582082467101	-4.246	3.658	8.552	-1.255	-1.142	2.023	0.000000	0.000000
1582082467144	1582082467124	-1.714	3.244	8.248	-1.718	-1.178	1.830	0.000000	0.000000
1582082467162	1582082467141	-0.892	2.969	7.623	-1.769	-1.397	1.598	0.000000	0.000000
1582082467181	1582082467161	-1.702	1.754	7.889	-1.664	-1.253	1.700	0.000000	0.000000
1582082467201	1582082467181	-1.678	1.582	6.387	-1.918	-0.988	1.700	0.000000	0.000000
1582082467225	1582082467200	-1.143	1.093	4.993	-2.228	-1.125	1.737	0.000000	0.000000
1582082467247	1582082467226	-1.048	0.266	4.892	-2.223	-1.045	1.725	0.000000	0.000000
1582082467263	1582082467241	-0.640	-0.826	6.480	-2.598	-0.575	1.552	0.000000	0.000000
1582082467281	1582082467261	-1.014	-0.172	7.664	-2.808	0.046	1.212	0.000000	0.000000
1582082467301	1582082467280	-0.784	1.435	7.937	-2.586	0.339	0.712	0.000000	0.000000
1582082467327	1582082467300	-0.458	1.428	7.369	-2.036	0.152	0.285	0.000000	0.000000
1582082467346	1582082467325	-0.894	0.458	7.738	-1.626	-0.057	0.344	0.000000	0.000000
1582082467362	1582082467346	-0.746	0.230	7.237	-1.910	0.057	0.344	0.000000	0.000000
1582082467382	1582082467361	0.141	-0.574	6.933	-2.496	-0.202	0.403	0.000000	0.000000
1582082467401	1582082467379	-1.024	-1.248	7.125	-2.339	-0.065	0.341	0.000000	0.000000
1582082467422	1582082467401	-1.122	-1.583	8.052	-1.439	0.134	0.540	0.000000	0.000000
1582082467447	1582082467422	-2.245	-2.419	8.157	-1.414	0.231	0.426	0.000000	0.000000
1582082467463	1582082467439	-1.577	-1.825	6.763	-1.742	0.131	0.520	0.000000	0.000000
1582082467480	1582082467461	-1.615	-2.134	7.273	-2.208	0.139	0.340	0.000000	0.000000
1582082467500	1582082467479	-2.475	-3.018	8.931	-1.723	0.010	0.510	0.000000	0.000000
1582082467519	1582082467499	-2.233	-3.636	8.325	-1.114	0.020	0.701	0.000000	0.000000
1582082467546	1582082467519	-1.096	-4.431	6.669	-1.883	-0.039	0.677	0.000000	0.000000
1582082467560	1582082467546	-0.224	-3.346	6.672	-2.426	-0.258	0.691	0.000000	0.000000
1582082467582	1582082467560	0.790	-2.776	7.529	-1.962	-0.407	0.669	0.000000	0.000000
1582082467599	1582082467578	0.385	-3.315	6.607	-1.432	-0.405	0.775	0.000000	0.000000
1582082467619	1582082467598	-2.492	-4.429	6.715	-1.745	0.238	0.962	0.000000	0.000000
1582082467646	1582082467619	-3.079	-4.692	6.897	-1.787	0.745	1.173	0.000000	0.000000
1582082467662	1582082467646	-1.354	-5.969	5.980	-1.302	0.214	1.283	0.000000	0.000000
1582082467679	1582082467662	-1.189	-6.702	5.235	-1.182	-0.106	1.143	0.000000	0.000000
1582082467698	1582082467679	-2.176	-7.112	5.656	-1.457	0.287	1.227	0.000000	0.000000
1582082467719	1582082467698	-2.734	-8.075	4.365	-1.525	0.607	1.381	0.000000	0.000000
1582082467739	1582082467718	-2.988	-8.496	3.598	-1.921	0.581	1.274	0.000000	0.000000
1582082467759	1582082467738	-2.940	-8.398	4.216	-2.224	0.459	1.051	0.000000	0.000000
1582082467782	1582082467758	-2.787	-10.056	4.291	-2.571	0.331	1.003	0.000000	0.000000
1582082467798	1582082467778	-4.212	-11.294	3.898	-2.342	0.569	0.901	0.000000	0.000000
1582082467819	1582082467798	-5.568	-10.513	3.970	-2.424	0.952	0.601	0.000000	0.000000
1582082467839	1582082467817	-4.576	-9.459	3.409	-3.202	0.903	0.200	0.000000	0.000000
1582082467860	1582082467837	-3.266	-9.744	1.984	-4.219	0.491	-0.063	0.000000	0.000000
1582082467878	1582082467859	-4.006	-11.723	-0.230	-4.443	0.222	-0.262	0.000000	0.000000
1582082467900	1582082467878	-5.997	-15.300	-4.383	-4.377	0.444	-0.593	0.000000	0.000000
1582082467918	1582082467897	-8.361	-19.508	-9.088	-5.104	0.881	-1.401	0.000000	0.000000
1582082467939	1582082467917	-11.152	-19.576	-12.368	-7.043	1.200	-2.465	0.000000	0.000000
1582082467958	1582082467939	-9.334	-20.249	-14.224	-11.364	0.912	-3.157	0.000000	0.000000
1582082467982	1582082467957	-3.807	-18.675	-17.961	-12.906	0.791	-2.855	0.000000	0.000000
1582082467998	1582082467977	-9.329	-6.707	-21.403	-11.157	2.184	-2.478	0.000000	0.000000
1582082468018	1582082467997	-17.471	-1.348	-23.425	-9.605	5.170	-1.844	0.000000	0.000000
1582082468038	1582082468017	-14.611	-9.409	-12.909	-5.506	6.367	-0.124	0.000000	0.000000
1582082468060	1582082468038	-12.292	-10.329	-3.904	-0.990	5.813	0.980	0.000000	0.000000
1582082468082	1582082468059	-13.880	-3.756	-2.203	1.835	5.242	2.992	0.000000	0.000000
1582082468098	1582082468079	-10.766	-4.022	2.130	2.358	5.181	4.608	0.000000	0.000000
1582082468117	1582082468097	-7.278	-4.340	4.645	4.751	3.476	5.915	0.000000	0.000000
1582082468137	1582082468117	-1.349	4.332	3.824	5.854	2.203	7.321	0.000000	0.000000
1582082468158	1582082468136	-14.925	1.215	7.855	4.329	1.051	8.758	0.000000	0.000000
1582082468180	1582082468158	-13.111	-10.497	3.424	3.331	0.568	10.109	0.000000	0.000000
1582082468205	1582082468180	-16.925	-14.246	-3.425	0.443	0.728	9.423	0.000000	0.000000
1582082468216	1582082468198	-14.776	-18.771	-8.128	-2.497	1.635	8.754	0.000000	0.000000
1582082468237	1582082468216	-13.540	-14.126	-10.034	-3.045	1.639	8.290	0.000000	0.000000
1582082468264	1582082468235	-18.441	-13.251	-12.495	-3.563	2.219	8.109	0.000000	0.000000
1582082468279	1582082468264	-20.348	-12.559	-12.756	-4.699	3.540	7.348	0.000000	0.000000
1582082468297	1582082468276	-20.382	-14.217	-14.186	-5.074	2.926	6.650	0.000000	0.000000
1582082468335	1582082468296	-19.584	-14.507	-13.793	-5.572	2.732	6.001	0.000000	0.000000
1582082468339	1582082468319	-18.104	-12.178	-12.372	-4.822	2.656	5.819	0.000000	0.000000
1582082468358	1582082468339	-15.780	-9.608	-12.248	-4.260	2.813	5.334	0.000000	0.000000
1582082468378	1582082468357	-13.291	-7.152	-11.419	-4.723	2.661	4.274	0.000000	0.000000
1582082468402	1582082468376	-14.295	-5.598	-8.817	-3.619	2.606	3.439	0.000000	0.000000
1582082468416	1582082468397	-12.843	-3.114	-7.509	-4.312	2.498	2.648	0.000000	0.000000
1582082468436	1582082468415	-10.335	3.213	-5.052	-5.397	1.869	1.998	0.000000	0.000000
1582082468457	1582082468435	-8.993	3.817	-7.315	-5.256	0.868	1.592	0.000000	0.000000
1582082468486	1582082468456	-7.966	-1.092	-5.179	-3.886	0.318	1.064	0.000000	0.000000
1582082468495	1582082468482	-8.438	2.068	-3.720	-3.044	-0.224	1.520	0.000000	0.000000
1582082468516	1582082468495	-8.593	7.913	-3.739	-3.503	0.076	1.941	0.000000	0.000000
1582082468535	1582082468514	-7.178	4.449	-5.195	-2.816	-0.094	1.769	0.000000	0.000000
1582082468557	1582082468534	-8.284	5.572	-5.344	-1.858	-0.320	1.050	0.000000	0.000000
1582082468577	1582082468554	-8.696	8.447	-4.182	-2.895	-0.603	0.653	0.000000	0.000000
1582082468596	1582082468575	-7.925	3.330	-3.808	-3.573	-1.220	0.231	0.000000	0.000000
1582082468615	1582082468596	-7.978	-2.891	0.568	-3.507	-1.883	-0.587	0.000000	0.000000
1582082468635	1582082468614	-8.134	0.547	0.091	-1.597	-2.147	-0.275	0.000000	0.000000
1582082468656	1582082468634	-8.325	4.600	0.848	-0.558	-3.057	0.616	0.000000	0.000000
1582082468680	1582082468654	-9.140	6.801	1.471	0.049	-3.161	0.925	0.000000	0.000000
1582082468696	1582082468680	-9.468	4.751	1.958	0.195	-3.013	0.611	0.000000	0.000000
1582082468715	1582082468694	-11.324	3.134	2.228	0.165	-3.035	-0.101	0.000000	0.000000
1582082468735	1582082468714	-12.191	2.312	2.535	-0.826	-3.321	-0.775	0.000000	0.000000
1582082468755	1582082468734	-12.172	1.780	2.401	-1.350	-3.996	-0.909	0.000000	0.000000
1582082468774	1582082468754	-13.962	-0.994	1.622	-0.982	-4.683	-1.067	0.000000	0.000000
1582082468798	1582082468773	-15.718	-3.732	-0.474	-0.052	-5.176	-1.203	0.000000	0.000000
1582082468824	1582082468798	-14.843	-4.000	-3.138	1.494	-6.094	-1.359	0.000000	0.000000
1582082468833	1582082468815	-13.475	-3.669	-5.576	3.443	-7.642	-1.427	0.000000	0.000000
1582082468855	1582082468833	-12.860	-5.195	-7.816	5.239	-8.836	-1.352	0.000000	0.000000
1582082468874	1582082468854	-10.359	-6.000	-10.054	7.374	-9.564	-1.094	0.000000	0.000000
1582082468895	1582082468873	-7.369	-2.263	-11.900	9.889	-9.852	-0.616	0.000000	0.000000
1582082468914	1582082468894	-7.492	-1.832	-11.757	10.374	-8.849	-0.235	0.000000	0.000000
1582082468934	1582082468914	-7.846	-4.144	-13.316	9.880	-7.298	-0.136	0.000000	0.000000
1582082468954	1582082468933	-6.818	-3.899	-14.509	9.337	-6.880	-0.405	0.000000	0.000000
1582082468974	1582082468954	-5.877	0.242	-14.241	8.529	-6.896	-0.326	0.000000	0.000000
1582082468999	1582082468973	-4.495	-0.440	-15.230	6.911	-6.630	0.092	0.000000	0.000000
1582082469016	1582082468993	-3.577	-0.131	-15.661	5.727	-5.785	0.007	0.000000	0.000000
1582082469032	1582082469013	-3.335	5.275	-13.781	3.081	-4.786	0.082	0.000000	0.000000
1582082469054	1582082469032	-4.248	7.118	-10.101	-0.716	-4.272	-0.100	0.000000	0.000000
1582082469080	1582082469052	-6.174	3.776	-4.580	-3.802	-4.116	-0.590	0.000000	0.000000
1582082469093	1582082469074	-10.759	0.295	1.938	-4.577	-4.200	-1.137	0.000000	0.000000
1582082469115	1582082469092	-12.917	-0.241	6.334	-3.379	-4.596	-1.101	0.000000	0.000000
1582082469133	1582082469115	-7.947	3.776	7.759	-1.402	-5.249	-0.734	0.000000	0.000000
1582082469154	1582082469132	-13.207	4.411	7.994	0.992	-5.977	-0.623	0.000000	0.000000
1582082469178	1582082469152	-15.991	4.116	7.930	1.049	-5.121	0.327	0.000000	0.000000
1582082469193	1582082469175	-13.504	3.924	9.606	0.765	-5.394	0.635	0.000000	0.000000
1582082469217	1582082469193	-12.953	6.289	12.292	0.905	-6.133	0.931	0.000000	0.000000
1582082469233	1582082469213	-10.007	13.327	12.225	0.026	-5.812	1.312	0.000000	0.000000
1582082469253	1582082469233	-9.286	11.324	11.597	-0.874	-5.223	1.359	0.000000	0.000000
1582082469273	1582082469252	-6.569	5.731	12.361	-1.673	-3.844	1.660	0.000000	0.000000
1582082469296	1582082469272	-3.956	6.591	11.810	-2.097	-3.423	1.924	0.000000	0.000000
1582082469313	1582082469296	-3.486	6.732	9.911	-0.983	-3.344	2.080	0.000000	0.000000
1582082469337	1582082469313	-3.378	5.256	8.785	-0.668	-2.656	2.231	0.000000	0.000000
1582082469353	1582082469334	-1.280	3.939	7.005	-1.086	-2.636	2.364	0.000000	0.000000
1582082469373	1582082469352	-1.108	3.927	6.016	-1.111	-2.662	2.213	0.000000	0.000000
1582082469395	1582082469371	-2.341	6.138	5.287	-1.341	-1.662	1.998	0.000000	0.000000
1582082469413	1582082469391	-2.727	5.647	4.087	-1.816	-0.847	1.912	0.000000	0.000000
1582082469433	1582082469413	-2.181	4.930	4.260	-2.722	-0.399	1.868	0.000000	0.000000
1582082469452	1582082469431	-2.983	2.822	4.703	-2.961	-0.230	1.790	0.000000	0.000000
1582082469472	1582082469451	-2.832	2.580	4.767	-2.418	-0.144	2.001	0.000000	0.000000
1582082469492	1582082469470	-1.766	1.620	4.739	-2.592	-0.032	1.896	0.000000	0.000000
1582082469513	1582082469492	-1.754	-0.431	4.549	-3.275	-0.110	1.638	0.000000	0.000000
1582082469533	1582082469510	-1.019	-0.438	3.979	-3.341	-0.222	1.320	0.000000	0.000000
1582082469553	1582082469532	-0.295	-0.280	3.567	-3.605	-0.242	0.666	0.000000	0.000000
1582082469571	1582082469550	0.050	0.599	4.181	-3.284	-0.331	0.307	0.000000	0.000000
1582082469591	1582082469570	-0.798	-0.642	6.018	-2.526	-0.102	0.483	0.000000	0.000000
1582082469614	1582082469590	-1.551	-2.275	6.947	-1.727	0.349	0.772	0.000000	0.000000
1582082469631	1582082469614	-1.536	-2.745	6.626	-2.226	0.630	0.635	0.000000	0.000000
1582082469651	1582082469630	-0.825	-2.539	6.653	-2.603	0.465	0.498	0.000000	0.000000
1582082469670	1582082469650	-0.561	-3.140	7.896	-2.315	0.219	0.614	0.000000	0.000000
1582082469693	1582082469669	-1.675	-3.811	9.245	-1.886	0.525	0.822	0.000000	0.000000
1582082469712	1582082469693	-3.189	-4.798	10.229	-2.205	1.027	0.879	0.000000	0.000000
1582082469737	1582082469709	-3.673	-4.355	10.042	-1.938	1.162	0.677	0.000000	0.000000
1582082469750	1582082469731	-6.811	-1.063	8.816	-1.540	0.475	0.846	0.000000	0.000000
1582082469769	1582082469749	-0.846	-2.867	8.890	-1.340	-0.203	0.873	0.000000	0.000000
1582082469790	1582082469769	2.311	-4.510	8.260	-1.520	-1.644	0.703	0.000000	0.000000
1582082469821	1582082469789	-2.964	-3.744	9.537	-1.636	-0.620	0.867	0.000000	0.000000
1582082469831	1582082469814	-4.459	-3.020	9.065	-1.531	1.071	1.420	0.000000	0.000000
1582082469850	1582082469829	-3.096	-4.630	7.381	-1.906	0.876	1.350	0.000000	0.000000
1582082469870	1582082469849	-1.225	-5.940	6.030	-2.277	0.231	1.076	0.000000	0.000000
1582082469890	1582082469868	-2.528	-6.455	6.083	-1.880	0.212	1.083	0.000000	0.000000
1582082469910	1582082469889	-2.914	-5.859	6.073	-1.326	0.551	1.270	0.000000	0.000000
1582082469933	1582082469910	-1.932	-6.395	5.757	-0.787	0.297	1.217	0.000000	0.000000
1582082469951	1582082469929	-2.691	-6.937	4.154	-0.845	0.203	1.200	0.000000	0.000000
1582082469969	1582082469951	-3.565	-6.336	4.296	-1.317	0.632	1.125	0.000000	0.000000
1582082469988	1582082469969	-3.910	-7.881	4.839	-1.362	0.701	1.032	0.000000	0.000000
1582082470013	1582082469988	-4.634	-8.250	3.725	-2.064	0.826	0.905	0.000000	0.000000
1582082470029	1582082470013	-4.674	-8.123	3.586	-2.844	0.906	0.705	0.000000	0.000000
1582082470049	1582082470028	-4.198	-8.832	3.761	-2.300	0.710	0.585	0.000000	0.000000
1582082470068	1582082470049	-4.861	-8.975	3.452	-2.056	0.634	0.588	0.000000	0.000000
1582082470088	1582082470068	-5.412	-7.646	2.810	-1.940	0.871	0.496	0.000000	0.000000
1582082470108	1582082470087	-6.517	-7.272	3.064	-2.296	1.090	0.344	0.000000	0.000000
1582082470133	1582082470108	-7.053	-9.519	1.217	-2.477	0.987	0.340	0.000000	0.000000
1582082470151	1582082470130	-6.979	-12.969	-2.522	-2.748	0.811	0.082	0.000000	0.000000
1582082470169	1582082470151	-10.289	-16.495	-5.198	-3.288	0.927	-0.504	0.000000	0.000000
1582082470188	1582082470168	-14.791	-18.838	-9.172	-5.061	1.395	-1.495	0.000000	0.000000
1582082470209	1582082470187	-14.189	-19.595	-15.005	-9.113	1.068	-2.901	0.000000	0.000000
1582082470228	1582082470209	-11.209	-23.772	-16.938	-13.812	0.598	-3.403	0.000000	0.000000
1582082470248	1582082470229	-9.132	-17.846	-16.059	-13.721	2.077	-2.604	0.000000	0.000000
1582082470272	1582082470248	-14.347	-8.508	-19.688	-10.190	4.852	-1.760	0.000000	0.000000
1582082470288	1582082470272	-15.143	-9.730	-16.023	-6.241	6.714	-0.418	0.000000	0.000000
1582082470307	1582082470287	-11.779	-12.581	-6.362	-1.716	6.360	1.052	0.000000	0.000000
1582082470332	1582082470306	-10.687	-6.503	-2.762	1.801	6.074	1.869	0.000000	0.000000
1582082470347	1582082470332	-9.180	2.372	-1.585	3.003	5.670	3.095	0.000000	0.000000
1582082470367	1582082470346	-3.520	1.656	0.971	3.258	4.151	4.437	0.000000	0.000000
1582082470387	1582082470366	-8.179	2.202	0.896	4.726	2.573	5.735	0.000000	0.000000
1582082470408	1582082470387	-10.951	5.158	6.749	4.270	1.675	8.135	0.000000	0.000000
1582082470428	1582082470406	-8.672	-0.931	4.590	3.458	-0.797	9.767	0.000000	0.000000
1582082470447	1582082470428	-17.006	-21.391	-3.377	1.750	-0.462	9.845	0.000000	0.000000
1582082470470	1582082470447	-14.755	-11.601	-9.610	-0.418	2.083	9.367	0.000000	0.000000
1582082470487	1582082470466	-16.980	-15.908	-9.725	-3.318	2.088	8.431	0.000000	0.000000
1582082470507	1582082470486	-14.525	-13.139	-11.100	-3.950	2.428	7.074	0.000000	0.000000
1582082470527	1582082470505	-19.246	-10.767	-11.927	-4.735	2.711	6.650	0.000000	0.000000
1582082470549	1582082470526	-17.912	-9.922	-12.528	-5.190	3.375	6.222	0.000000	0.000000
1582082470572	1582082470549	-16.623	-13.333	-13.381	-5.609	2.715	5.116	0.000000	0.000000
1582082470587	1582082470568	-17.596	-10.123	-11.733	-4.496	2.842	4.922	0.000000	0.000000
1582082470606	1582082470586	-14.759	-8.748	-11.563	-4.052	2.825	4.911	0.000000	0.000000
1582082470626	1582082470605	-13.852	-7.830	-9.974	-4.798	2.829	3.786	0.000000	0.000000
1582082470646	1582082470625	-13.940	-4.110	-9.651	-5.086	2.923	3.123	0.000000	0.000000
1582082470671	1582082470645	-10.292	-3.303	-9.287	-4.851	2.657	2.478	0.000000	0.000000
1582082470686	1582082470671	-10.898	2.772	-6.702	-4.188	1.744	1.936	0.000000	0.000000
1582082470706	1582082470685	-11.509	0.087	-5.521	-4.022	1.459	1.533	0.000000	0.000000
1582082470727	1582082470705	-8.076	5.553	-4.300	-3.212	0.701	1.227	0.000000	0.000000
1582082470753	1582082470727	-8.711	8.296	-3.871	-2.882	0.003	1.345	0.000000	0.000000
1582082470766	1582082470750	-8.622	2.142	-3.859	-3.516	0.474	1.166	0.000000	0.000000
1582082470786	1582082470766	-5.621	2.947	-2.788	-2.735	-0.273	0.864	0.000000	0.000000
1582082470806	1582082470785	-7.446	5.963	-3.231	-2.068	-1.164	1.138	0.000000	0.000000
1582082470829	1582082470805	-9.441	3.836	-2.278	-1.736	-0.859	1.188	0.000000	0.000000
1582082470845	1582082470824	-10.098	2.118	-1.425	-2.049	-1.028	0.652	0.000000	0.000000
1582082470866	1582082470844	-9.300	-0.079	-0.553	-2.195	-1.677	0.105	0.000000	0.000000
1582082470885	1582082470865	-9.116	-0.474	1.443	-1.789	-2.768	-0.075	0.000000	0.000000
1582082470905	1582082470884	-10.898	3.682	2.204	-1.945	-3.212	0.008	0.000000	0.000000
1582082470924	1582082470904	-10.273	2.547	1.962	-0.743	-3.209	-0.124	0.000000	0.000000
1582082470948	1582082470924	-14.362	2.305	2.715	-0.015	-2.927	-0.015	0.000000	0.000000
1582082470970	1582082470948	-16.175	3.632	2.017	-0.018	-3.114	-0.328	0.000000	0.000000
1582082470985	1582082470966	-14.982	3.278	1.828	0.466	-4.580	-0.690	0.000000	0.000000
1582082471004	1582082470984	-15.962	1.371	0.801	0.953	-5.919	-0.847	0.000000	0.000000
1582082471025	1582082471004	-17.160	-0.649	-0.764	1.197	-6.553	-0.792	0.000000	0.000000
1582082471044	1582082471024	-16.364	-3.430	-2.577	1.680	-7.533	-0.663	0.000000	0.000000
1582082471067	1582082471044	-15.255	-6.036	-4.901	2.974	-8.713	-0.723	0.000000	0.000000
1582082471085	1582082471065	-14.086	-8.868	-7.126	4.842	-9.421	-0.707	0.000000	0.000000
1582082471105	1582082471085	-10.936	-8.544	-10.315	7.751	-10.018	-0.503	0.000000	0.000000
1582082471124	1582082471103	-8.462	-5.900	-13.268	9.860	-9.714	0.090	0.000000	0.000000
1582082471152	1582082471124	-8.148	-6.134	-13.261	10.292	-8.169	0.688	0.000000	0.000000
1582082471164	1582082471148	-6.919	-6.189	-13.709	10.058	-7.282	0.816	0.000000	0.000000
1582082471183	1582082471163	-6.323	-5.001	-13.668	9.326	-7.147	0.565	0.000000	0.000000
1582082471203	1582082471183	-4.334	-3.181	-14.579	8.154	-7.275	0.293	0.000000	0.000000
1582082471223	1582082471203	-1.967	-5.660	-18.110	6.512	-7.164	0.052	0.000000	0.000000
1582082471244	1582082471223	-2.080	-0.275	-18.213	5.482	-5.670	0.160	0.000000	0.000000
1582082471264	1582082471243	-4.097	7.343	-11.888	2.190	-4.298	0.519	0.000000	0.000000
1582082471291	1582082471264	-6.164	4.643	-4.153	-1.951	-4.625	-0.311	0.000000	0.000000
1582082471303	1582082471284	-10.335	-0.656	3.184	-3.132	-5.656	-1.610	0.000000	0.000000
1582082471323	1582082471303	-14.930	-0.148	8.121	-2.340	-6.271	-1.982	0.000000	0.000000
1582082471347	1582082471322	-9.192	1.325	10.517	-2.149	-6.901	-1.056	0.000000	0.000000
1582082471363	1582082471345	-13.142	5.352	11.353	-1.078	-7.525	-0.395	0.000000	0.000000
1582082471383	1582082471364	-15.885	5.893	10.198	-0.115	-6.303	0.634	0.000000	0.000000
1582082471404	1582082471383	-16.587	4.219	9.065	-0.460	-5.875	1.234	0.000000	0.000000
1582082471423	1582082471402	-12.862	10.847	14.443	-0.767	-5.294	1.270	0.000000	0.000000
1582082471442	1582082471422	-7.156	14.273	11.544	-0.547	-5.128	0.931	0.000000	0.000000
1582082471466	1582082471442	-10.124	7.026	9.764	-0.245	-4.018	1.498	0.000000	0.000000
1582082471484	1582082471462	-6.049	7.755	11.781	-0.509	-2.681	2.237	0.000000	0.000000
1582082471503	1582082471483	-3.774	7.553	11.671	-0.077	-3.252	1.869	0.000000	0.000000
1582082471523	1582082471501	-5.125	4.279	10.162	0.321	-3.340	2.579	0.000000	0.000000
1582082471542	1582082471521	-3.999	5.398	9.544	-1.073	-2.527	2.844	0.000000	0.000000
1582082471563	1582082471541	-2.890	5.869	8.833	-2.264	-2.510	2.441	0.000000	0.000000
