1582081562985	1582081562985	-12.577	-10.489	-3.452	2.551	4.345	3.976	0.000000	0.000000
1582081563003	1582081563001	-6.485	-5.571	0.853	3.996	3.163	4.582	0.000000	0.000000
1582081563024	1582081563024	-3.503	6.298	3.800	2.439	1.858	6.415	0.000000	0.000000
1582081563051	1582081563043	-4.416	11.853	6.581	2.183	-0.221	8.420	0.000000	0.000000
1582081563062	1582081563060	-15.327	-9.308	5.259	2.097	0.175	9.845	0.000000	0.000000
1582081563082	1582081563081	-17.268	-13.520	-1.588	1.227	1.052	10.174	0.000000	0.000000
1582081563105	1582081563101	-15.761	-17.487	-6.051	-1.158	1.972	8.670	0.000000	0.000000
1582081563124	1582081563122	-16.091	-13.371	-8.758	-3.865	2.951	7.044	0.000000	0.000000
1582081563142	1582081563140	-17.514	-11.095	-9.270	-4.328	3.108	6.537	0.000000	0.000000
1582081563161	1582081563160	-18.868	-13.764	-10.018	-4.125	3.199	6.230	0.000000	0.000000
1582081563181	1582081563180	-18.398	-12.559	-10.152	-3.809	3.149	5.958	0.000000	0.000000
1582081563201	1582081563200	-18.245	-10.025	-13.065	-4.654	3.441	5.221	0.000000	0.000000
1582081563222	1582081563220	-17.014	-11.903	-11.745	-4.651	3.124	4.481	0.000000	0.000000
1582081563247	1582081563240	-16.489	-10.128	-11.462	-4.555	2.952	3.985	0.000000	0.000000
1582081563261	1582081563260	-13.190	-7.088	-11.028	-3.949	2.465	3.476	0.000000	0.000000
1582081563281	1582081563280	-12.778	-5.564	-8.952	-4.638	1.795	2.995	0.000000	0.000000
1582081563301	1582081563299	-11.324	-4.189	-8.528	-4.883	1.531	2.288	0.000000	0.000000
1582081563322	1582081563322	-9.762	1.143	-6.082	-5.112	1.431	1.527	0.000000	0.000000
1582081563340	1582081563339	-9.480	2.808	-7.833	-5.145	1.426	0.933	0.000000	0.000000
1582081563360	1582081563359	-8.409	-2.232	-6.328	-4.162	0.995	0.879	0.000000	0.000000
1582081563380	1582081563379	-8.452	2.648	-5.351	-3.486	0.413	1.282	0.000000	0.000000
1582081563400	1582081563399	-7.389	5.980	-3.969	-2.617	-0.198	1.367	0.000000	0.000000
1582081563420	1582081563419	-6.636	4.394	-4.290	-1.976	-0.356	1.334	0.000000	0.000000
1582081563440	1582081563440	-7.451	5.527	-1.985	-1.932	-0.377	1.352	0.000000	0.000000
1582081563460	1582081563459	-8.292	7.925	-2.532	-2.620	-0.534	1.044	0.000000	0.000000
1582081563480	1582081563479	-8.098	7.391	-3.004	-2.218	-1.468	0.657	0.000000	0.000000
1582081563500	1582081563500	-6.895	5.946	-2.453	-2.547	-1.858	0.215	0.000000	0.000000
1582081563522	1582081563519	-8.284	3.031	-0.979	-2.620	-1.830	0.194	0.000000	0.000000
1582081563540	1582081563538	-11.511	1.565	2.346	-1.855	-1.827	0.079	0.000000	0.000000
1582081563560	1582081563558	-10.014	3.381	1.660	-1.626	-2.621	-0.120	0.000000	0.000000
1582081563579	1582081563578	-13.679	3.007	1.198	-1.002	-3.235	0.038	0.000000	0.000000
1582081563600	1582081563598	-12.326	3.472	1.649	0.054	-4.203	-0.692	0.000000	0.000000
1582081563624	1582081563623	-10.967	3.424	1.950	-0.058	-3.684	-1.461	0.000000	0.000000
1582081563642	1582081563641	-14.036	4.094	1.459	-1.166	-2.946	-1.431	0.000000	0.000000
1582081563659	1582081563658	-15.143	3.275	-0.534	-1.012	-4.008	-1.520	0.000000	0.000000
1582081563679	1582081563678	-14.913	0.920	-2.915	0.046	-5.250	-1.972	0.000000	0.000000
1582081563699	1582081563698	-16.891	-2.249	-4.541	1.688	-6.595	-2.210	0.000000	0.000000
1582081563727	1582081563719	-17.021	-4.905	-6.082	3.781	-8.274	-2.327	0.000000	0.000000
1582081563740	1582081563739	-15.066	-4.189	-7.792	5.581	-9.603	-2.280	0.000000	0.000000
1582081563759	1582081563757	-13.226	-3.368	-8.880	7.342	-10.261	-2.070	0.000000	0.000000
1582081563779	1582081563777	-10.476	-1.976	-10.442	8.518	-10.141	-1.926	0.000000	0.000000
1582081563799	1582081563798	-8.692	-3.183	-11.263	9.741	-9.244	-1.913	0.000000	0.000000
1582081563822	1582081563822	-6.835	-5.325	-13.259	10.722	-7.768	-1.623	0.000000	0.000000
1582081563841	1582081563841	-6.346	-4.896	-17.089	10.664	-6.308	-0.898	0.000000	0.000000
1582081563860	1582081563858	-5.261	-0.929	-17.525	9.176	-5.955	-0.897	0.000000	0.000000
1582081563879	1582081563878	-3.010	-0.107	-16.210	7.982	-5.596	-1.331	0.000000	0.000000
1582081563898	1582081563898	-1.749	-1.375	-18.193	7.106	-4.321	-0.948	0.000000	0.000000
1582081563924	1582081563924	-1.115	1.524	-18.953	5.051	-3.135	-0.277	0.000000	0.000000
1582081563944	1582081563938	-1.749	4.863	-13.426	2.027	-2.867	-0.281	0.000000	0.000000
1582081563965	1582081563964	-2.631	6.308	-7.260	-0.789	-3.383	-1.091	0.000000	0.000000
1582081563992	1582081563992	-3.961	2.001	-2.560	-1.456	-3.770	-1.745	0.000000	0.000000
1582081563999	1582081563997	-8.435	-2.383	1.732	-1.401	-4.332	-1.509	0.000000	0.000000
1582081564018	1582081564018	-10.666	-1.593	5.592	-0.880	-5.054	-0.382	0.000000	0.000000
1582081564044	1582081564044	-10.445	3.575	7.577	-0.139	-5.793	0.167	0.000000	0.000000
1582081564061	1582081564061	-12.615	3.395	8.126	0.294	-6.226	0.562	0.000000	0.000000
1582081564078	1582081564077	-14.050	3.378	9.281	0.140	-6.025	0.786	0.000000	0.000000
1582081564099	1582081564097	-15.569	6.808	9.103	-0.894	-5.781	0.824	0.000000	0.000000
1582081564118	1582081564117	-14.683	11.604	12.962	-1.211	-6.009	0.736	0.000000	0.000000
1582081564137	1582081564137	-12.168	11.865	9.058	-1.899	-4.801	1.369	0.000000	0.000000
1582081564164	1582081564157	-14.048	8.363	11.592	-1.463	-3.739	1.602	0.000000	0.000000
1582081564178	1582081564177	-7.506	7.125	12.843	0.274	-4.275	1.746	0.000000	0.000000
1582081564197	1582081564197	-6.679	5.838	12.452	0.626	-3.835	2.372	0.000000	0.000000
1582081564221	1582081564218	-6.617	5.172	10.291	-0.296	-3.179	2.317	0.000000	0.000000
1582081564241	1582081564241	-4.507	6.641	8.495	-0.675	-3.040	2.256	0.000000	0.000000
1582081564261	1582081564257	-4.674	5.048	8.423	-1.169	-2.629	2.504	0.000000	0.000000
1582081564278	1582081564276	-4.629	3.452	7.982	-1.568	-2.090	2.425	0.000000	0.000000
1582081564298	1582081564297	-2.614	4.511	7.326	-1.676	-1.446	1.703	0.000000	0.000000
1582081564317	1582081564316	-1.433	4.686	6.830	-1.262	-1.246	1.645	0.000000	0.000000
1582081564346	1582081564346	-1.699	5.120	6.979	-1.231	-0.600	1.507	0.000000	0.000000
1582081564359	1582081564358	-2.102	4.298	7.196	-1.066	-0.405	1.734	0.000000	0.000000
1582081564379	1582081564377	-2.025	2.851	6.971	-1.158	-0.392	2.009	0.000000	0.000000
1582081564398	1582081564397	-2.336	3.634	6.983	-1.618	-0.040	1.721	0.000000	0.000000
1582081564417	1582081564416	-2.152	4.890	7.541	-2.277	-0.026	1.638	0.000000	0.000000
1582081564443	1582081564437	-1.829	3.395	7.295	-2.934	0.132	1.560	0.000000	0.000000
1582081564462	1582081564458	-2.298	1.364	6.622	-3.169	0.316	1.465	0.000000	0.000000
1582081564477	1582081564476	-2.473	0.884	6.348	-2.934	0.282	1.234	0.000000	0.000000
1582081564497	1582081564495	-2.375	1.445	5.326	-2.764	0.002	1.106	0.000000	0.000000
1582081564516	1582081564516	-2.375	2.626	5.532	-2.753	-0.137	0.796	0.000000	0.000000
1582081564537	1582081564537	-1.793	2.463	5.972	-2.859	-0.489	0.469	0.000000	0.000000
1582081564560	1582081564555	-0.923	1.081	5.970	-2.693	-0.878	0.328	0.000000	0.000000
1582081564578	1582081564578	0.097	0.087	6.008	-2.666	-0.948	0.455	0.000000	0.000000
1582081564595	1582081564595	0.600	-2.306	6.339	-2.279	-0.202	0.903	0.000000	0.000000
1582081564616	1582081564615	-0.952	-3.459	7.484	-1.451	0.684	1.194	0.000000	0.000000
1582081564638	1582081564636	-1.776	-2.522	8.349	-1.400	0.999	1.030	0.000000	0.000000
1582081564666	1582081564665	-2.075	-2.151	8.598	-2.103	1.082	0.744	0.000000	0.000000
1582081564676	1582081564674	-1.953	-1.899	7.443	-2.700	0.725	0.653	0.000000	0.000000
1582081564696	1582081564695	-1.402	-2.383	6.983	-2.100	0.360	0.756	0.000000	0.000000
1582081564716	1582081564714	-1.273	-3.236	7.783	-1.241	0.274	0.945	0.000000	0.000000
1582081564738	1582081564736	-1.685	-4.127	7.922	-0.952	0.366	1.060	0.000000	0.000000
1582081564759	1582081564757	-2.789	-3.626	8.064	-1.159	0.291	0.919	0.000000	0.000000
1582081564776	1582081564776	-3.136	-3.018	8.754	-1.271	-0.206	0.821	0.000000	0.000000
1582081564795	1582081564794	-1.630	-3.097	8.550	-1.733	-0.517	0.822	0.000000	0.000000
1582081564815	1582081564814	-1.249	-4.292	7.788	-2.336	-0.092	0.969	0.000000	0.000000
1582081564835	1582081564834	-2.320	-4.812	6.830	-2.334	0.256	1.155	0.000000	0.000000
1582081564859	1582081564858	-2.447	-4.328	6.856	-1.412	-0.136	1.157	0.000000	0.000000
1582081564877	1582081564874	-1.611	-5.226	7.424	-0.985	-0.378	1.135	0.000000	0.000000
1582081564897	1582081564897	-1.273	-6.316	6.583	-1.454	-0.044	1.126	0.000000	0.000000
1582081564914	1582081564914	-2.233	-6.515	5.709	-1.574	0.521	1.108	0.000000	0.000000
1582081564934	1582081564934	-3.489	-6.130	6.011	-1.376	0.674	1.095	0.000000	0.000000
1582081564955	1582081564954	-4.420	-6.000	6.116	-1.517	0.302	1.069	0.000000	0.000000
1582081564998	1582081564974	-3.956	-6.201	5.615	-1.875	-0.129	0.933	0.000000	0.000000
1582081565010	1582081565009	-3.314	-7.392	4.535	-2.480	-0.146	0.773	0.000000	0.000000
1582081565014	1582081565014	-3.160	-8.743	3.519	-2.785	0.168	0.731	0.000000	0.000000
1582081565034	1582081565033	-3.858	-9.943	3.440	-2.400	0.441	0.767	0.000000	0.000000
1582081565059	1582081565058	-3.965	-9.747	3.074	-2.577	0.557	0.632	0.000000	0.000000
1582081565074	1582081565074	-4.291	-9.929	2.073	-3.002	0.683	0.372	0.000000	0.000000
1582081565096	1582081565095	-4.890	-11.632	1.090	-2.897	1.000	-0.131	0.000000	0.000000
1582081565113	1582081565113	-5.621	-13.333	0.091	-3.059	1.461	-0.850	0.000000	0.000000
1582081565134	1582081565134	-7.681	-13.968	-1.930	-3.842	2.171	-1.741	0.000000	0.000000
1582081565158	1582081565157	-11.966	-14.583	-4.187	-5.179	2.948	-2.982	0.000000	0.000000
1582081565175	1582081565175	-14.944	-13.630	-8.944	-8.269	2.648	-3.889	0.000000	0.000000
1582081565197	1582081565193	-12.965	-10.293	-13.220	-11.623	1.834	-4.229	0.000000	0.000000
1582081565213	1582081565213	-7.868	-14.928	-17.815	-12.212	2.470	-4.149	0.000000	0.000000
1582081565234	1582081565233	-2.595	-16.962	-19.401	-9.095	3.715	-3.069	0.000000	0.000000
1582081565264	1582081565258	-2.332	-9.078	-22.115	-2.930	4.467	-0.392	0.000000	0.000000
1582081565273	1582081565272	-7.336	-4.577	-15.098	1.360	5.195	2.401	0.000000	0.000000
1582081565297	1582081565297	-7.760	-5.425	-5.634	2.781	4.808	3.628	0.000000	0.000000
1582081565314	1582081565313	-8.265	-5.646	-3.042	2.525	4.329	4.281	0.000000	0.000000
1582081565332	1582081565332	-12.175	-7.756	-0.268	3.729	3.572	5.512	0.000000	0.000000
1582081565355	1582081565355	-5.776	2.978	4.526	2.882	2.591	6.880	0.000000	0.000000
1582081565382	1582081565372	-14.321	8.253	7.074	1.094	1.561	8.360	0.000000	0.000000
1582081565396	1582081565395	-18.873	-9.876	5.081	0.852	1.408	8.904	0.000000	0.000000
1582081565412	1582081565412	-15.071	-9.725	-1.566	-0.964	1.402	8.713	0.000000	0.000000
1582081565433	1582081565431	-16.166	-19.053	-4.165	-1.568	2.182	7.892	0.000000	0.000000
1582081565454	1582081565451	-15.121	-15.592	-7.339	-3.796	3.068	7.110	0.000000	0.000000
1582081565473	1582081565473	-18.111	-11.115	-10.547	-4.427	3.435	6.259	0.000000	0.000000
1582081565492	1582081565492	-16.281	-13.690	-9.661	-4.293	3.073	5.440	0.000000	0.000000
1582081565513	1582081565513	-17.248	-16.493	-10.846	-4.890	3.488	5.422	0.000000	0.000000
1582081565532	1582081565532	-15.366	-10.954	-9.986	-4.509	3.278	5.529	0.000000	0.000000
1582081565553	1582081565552	-17.459	-10.324	-11.124	-4.693	3.378	4.681	0.000000	0.000000
1582081565576	1582081565576	-15.234	-8.908	-9.701	-4.193	2.670	3.855	0.000000	0.000000
1582081565593	1582081565593	-12.491	-5.444	-8.863	-4.911	2.133	3.125	0.000000	0.000000
1582081565617	1582081565611	-12.798	-7.375	-11.115	-4.935	1.940	2.996	0.000000	0.000000
1582081565632	1582081565630	-11.284	-3.363	-8.338	-3.199	1.104	3.335	0.000000	0.000000
1582081565651	1582081565650	-10.160	-0.874	-7.972	-2.773	0.914	2.818	0.000000	0.000000
1582081565672	1582081565671	-9.798	1.673	-7.957	-3.380	0.694	1.802	0.000000	0.000000
1582081565691	1582081565691	-8.323	-0.091	-8.743	-3.968	0.140	0.808	0.000000	0.000000
1582081565718	1582081565711	-7.731	1.756	-7.747	-3.577	-0.091	0.910	0.000000	0.000000
1582081565731	1582081565730	-7.913	4.918	-7.572	-3.027	-0.697	0.985	0.000000	0.000000
1582081565750	1582081565750	-6.136	2.973	-5.236	-2.589	-0.767	0.764	0.000000	0.000000
1582081565770	1582081565770	-8.591	6.974	-4.757	-3.111	-0.452	0.870	0.000000	0.000000
1582081565794	1582081565794	-8.593	6.564	-4.014	-2.039	-1.082	0.535	0.000000	0.000000
1582081565813	1582081565809	-7.331	1.646	-3.933	-1.696	-1.823	0.200	0.000000	0.000000
1582081565830	1582081565829	-7.618	2.691	-2.738	-1.173	-2.266	0.479	0.000000	0.000000
1582081565852	1582081565849	-9.355	4.763	-1.514	-0.918	-2.757	0.247	0.000000	0.000000
1582081565872	1582081565871	-8.225	1.943	0.415	-1.015	-3.308	-0.475	0.000000	0.000000
1582081565891	1582081565890	-6.943	0.209	0.453	-1.430	-2.884	0.064	0.000000	0.000000
1582081565910	1582081565910	-11.705	2.221	0.975	-0.767	-2.841	0.411	0.000000	0.000000
1582081565931	1582081565929	-8.682	2.669	2.432	0.248	-3.406	0.197	0.000000	0.000000
1582081565951	1582081565949	-8.004	3.800	4.636	0.275	-2.941	-0.230	0.000000	0.000000
1582081565970	1582081565969	-9.937	3.381	4.480	-0.538	-2.226	-0.178	0.000000	0.000000
1582081566002	1582081565999	-12.342	2.427	1.764	-0.819	-1.938	-0.144	0.000000	0.000000
1582081566016	1582081566016	-15.198	1.296	-0.711	-0.052	-3.046	-0.213	0.000000	0.000000
1582081566031	1582081566027	-15.651	0.990	-1.456	0.766	-5.176	-0.348	0.000000	0.000000
1582081566049	1582081566047	-16.254	-0.256	-1.930	1.906	-6.811	-0.809	0.000000	0.000000
1582081566068	1582081566067	-17.483	-2.903	-2.735	3.680	-8.051	-1.160	0.000000	0.000000
1582081566088	1582081566087	-16.755	-3.660	-5.615	5.467	-9.022	-0.955	0.000000	0.000000
1582081566108	1582081566107	-14.597	-3.322	-9.606	6.945	-9.788	-0.652	0.000000	0.000000
1582081566128	1582081566127	-10.910	-6.046	-11.409	8.829	-9.923	-0.472	0.000000	0.000000
1582081566148	1582081566147	-7.451	-4.652	-11.853	9.724	-8.784	-0.430	0.000000	0.000000
1582081566169	1582081566168	-6.150	-4.398	-12.133	10.111	-6.921	-0.380	0.000000	0.000000
1582081566200	1582081566192	-5.460	-5.066	-15.031	9.363	-5.556	-0.176	0.000000	0.000000
1582081566208	1582081566206	-5.027	-1.525	-16.117	7.786	-5.414	-0.356	0.000000	0.000000
1582081566228	1582081566228	-2.288	0.645	-17.108	6.727	-5.412	-0.932	0.000000	0.000000
1582081566253	1582081566251	-0.722	0.365	-17.120	5.688	-4.101	-0.984	0.000000	0.000000
1582081566268	1582081566266	-1.958	4.636	-14.061	3.044	-3.082	-0.494	0.000000	0.000000
1582081566287	1582081566286	-2.887	7.994	-9.833	0.543	-3.072	-0.741	0.000000	0.000000
1582081566309	1582081566308	-3.144	5.560	-5.322	-0.983	-3.728	-1.547	0.000000	0.000000
1582081566328	1582081566326	-4.976	1.498	-1.561	-1.785	-4.162	-1.561	0.000000	0.000000
1582081566349	1582081566347	-6.325	-1.226	1.826	-1.762	-4.311	-0.963	0.000000	0.000000
1582081566368	1582081566368	-9.918	-1.382	5.831	-1.003	-4.352	-0.091	0.000000	0.000000
1582081566389	1582081566388	-11.863	3.081	6.526	-0.667	-5.017	0.229	0.000000	0.000000
1582081566422	1582081566422	-11.705	2.731	6.777	-0.534	-5.287	0.206	0.000000	0.000000
1582081566428	1582081566428	-11.758	1.871	7.496	-1.015	-5.089	0.103	0.000000	0.000000
1582081566449	1582081566447	-13.969	3.706	8.124	-0.542	-5.300	0.466	0.000000	0.000000
1582081566468	1582081566467	-14.745	6.478	13.116	-0.084	-5.420	0.452	0.000000	0.000000
1582081566490	1582081566489	-9.480	10.977	9.386	-0.638	-4.859	0.827	0.000000	0.000000
1582081566510	1582081566509	-12.199	8.219	8.157	-1.324	-2.685	1.516	0.000000	0.000000
1582081566530	1582081566529	-12.510	7.024	10.083	-1.138	-2.676	1.507	0.000000	0.000000
1582081566548	1582081566547	-7.590	7.486	11.017	0.640	-3.469	1.419	0.000000	0.000000
1582081566566	1582081566566	-5.568	7.867	11.987	0.696	-2.955	1.669	0.000000	0.000000
1582081566588	1582081566586	-5.807	5.927	9.302	-0.080	-2.425	2.212	0.000000	0.000000
1582081566615	1582081566614	-6.049	5.505	7.764	-0.562	-1.996	2.167	0.000000	0.000000
1582081566627	1582081566626	-4.988	6.401	8.516	-1.021	-1.839	1.982	0.000000	0.000000
1582081566653	1582081566653	-4.732	5.287	9.106	-1.494	-1.640	2.098	0.000000	0.000000
1582081566667	1582081566666	-3.481	3.941	8.615	-1.815	-1.296	2.029	0.000000	0.000000
1582081566686	1582081566686	-2.571	4.087	6.638	-1.236	-1.311	2.008	0.000000	0.000000
1582081566709	1582081566706	-2.451	3.817	6.360	-0.488	-1.046	1.815	0.000000	0.000000
1582081566729	1582081566729	-2.351	3.615	7.038	-0.905	-0.464	1.746	0.000000	0.000000
1582081566747	1582081566746	-3.168	3.948	7.271	-1.849	-0.230	1.634	0.000000	0.000000
1582081566767	1582081566765	-2.197	3.594	6.564	-2.133	-0.209	1.494	0.000000	0.000000
1582081566786	1582081566786	-1.670	1.859	5.433	-2.143	0.028	1.427	0.000000	0.000000
1582081566807	1582081566807	-2.662	1.744	5.448	-2.187	0.423	1.241	0.000000	0.000000
1582081566826	1582081566826	-3.057	2.906	6.145	-2.002	0.416	1.165	0.000000	0.000000
1582081566852	1582081566846	-2.983	3.301	6.411	-1.957	0.365	0.977	0.000000	0.000000
1582081566865	1582081566865	-2.629	2.942	5.699	-2.137	0.303	0.868	0.000000	0.000000
1582081566886	1582081566885	-2.739	2.341	5.606	-2.036	0.319	0.885	0.000000	0.000000
1582081566907	1582081566905	-2.545	2.073	6.219	-1.945	0.164	0.689	0.000000	0.000000
1582081566930	1582081566926	-1.778	1.883	6.198	-2.234	-0.189	0.494	0.000000	0.000000
1582081566950	1582081566945	-0.600	1.510	6.274	-2.529	-0.392	0.273	0.000000	0.000000
1582081566965	1582081566965	0.327	-0.177	6.207	-2.581	-0.055	0.345	0.000000	0.000000
1582081566988	1582081566984	-0.415	-2.438	6.600	-2.007	0.756	0.713	0.000000	0.000000
1582081567008	1582081567008	-2.861	-3.162	8.121	-1.187	1.256	0.739	0.000000	0.000000
1582081567025	1582081567025	-4.176	-1.928	9.582	-1.110	1.132	0.340	0.000000	0.000000
1582081567052	1582081567045	-3.865	-1.880	9.175	-1.848	0.695	0.118	0.000000	0.000000
1582081567065	1582081567064	-2.564	-2.079	7.527	-2.596	0.247	0.070	0.000000	0.000000
1582081567085	1582081567084	-1.280	-1.341	7.486	-1.873	0.201	0.074	0.000000	0.000000
1582081567107	1582081567107	-1.148	-0.891	8.483	-0.747	0.560	0.427	0.000000	0.000000
1582081567133	1582081567131	-3.148	-1.878	9.331	-0.807	0.679	0.821	0.000000	0.000000
1582081567150	1582081567149	-3.961	-2.742	9.875	-1.569	0.458	0.671	0.000000	0.000000
1582081567167	1582081567165	-3.383	-2.500	8.794	-2.251	0.085	0.449	0.000000	0.000000
1582081567185	1582081567183	-2.624	-2.381	7.831	-2.276	-0.155	0.462	0.000000	0.000000
1582081567205	1582081567204	-2.159	-3.032	7.288	-1.889	-0.229	0.666	0.000000	0.000000
1582081567226	1582081567226	-1.970	-3.396	7.110	-1.784	0.007	0.766	0.000000	0.000000
1582081567248	1582081567248	-2.660	-3.669	7.477	-1.948	0.299	0.881	0.000000	0.000000
1582081567265	1582081567265	-3.319	-4.369	7.460	-2.101	0.360	0.949	0.000000	0.000000
1582081567284	1582081567284	-3.649	-4.867	6.713	-1.998	0.179	0.936	0.000000	0.000000
1582081567304	1582081567303	-3.144	-4.776	6.119	-1.733	0.152	0.838	0.000000	0.000000
1582081567325	1582081567325	-3.702	-5.200	6.471	-1.450	0.343	0.996	0.000000	0.000000
1582081567346	1582081567346	-4.856	-5.567	6.075	-1.626	0.442	1.054	0.000000	0.000000
1582081567364	1582081567364	-4.991	-6.604	5.445	-1.877	0.339	0.910	0.000000	0.000000
1582081567384	1582081567383	-4.305	-7.296	4.626	-1.917	0.273	0.753	0.000000	0.000000
1582081567403	1582081567402	-4.440	-7.684	4.425	-1.553	0.518	0.761	0.000000	0.000000
1582081567424	1582081567424	-5.479	-8.221	4.439	-1.029	0.658	0.747	0.000000	0.000000
1582081567446	1582081567444	-5.537	-7.974	4.216	-1.001	0.602	0.554	0.000000	0.000000
1582081567464	1582081567464	-5.400	-7.366	4.300	-1.291	0.521	0.340	0.000000	0.000000
1582081567483	1582081567482	-5.542	-7.905	4.327	-1.704	0.677	0.147	0.000000	0.000000
1582081567503	1582081567502	-5.870	-9.177	4.181	-2.022	0.804	0.048	0.000000	0.000000
1582081567523	1582081567522	-6.035	-11.313	3.510	-2.303	0.770	-0.182	0.000000	0.000000
1582081567553	1582081567547	-6.033	-13.716	1.529	-2.771	0.776	-0.609	0.000000	0.000000
1582081567563	1582081567562	-7.465	-14.938	-1.387	-3.953	1.040	-1.381	0.000000	0.000000
1582081567585	1582081567582	-9.580	-15.374	-3.461	-6.034	1.949	-2.401	0.000000	0.000000
1582081567603	1582081567602	-11.358	-14.991	-6.714	-9.476	2.179	-3.163	0.000000	0.000000
1582081567623	1582081567622	-9.312	-16.833	-11.373	-11.964	1.750	-3.181	0.000000	0.000000
1582081567647	1582081567647	-6.890	-22.548	-15.647	-10.011	2.992	-2.900	0.000000	0.000000
1582081567664	1582081567664	-9.195	-21.945	-14.914	-5.505	4.668	-2.415	0.000000	0.000000
1582081567683	1582081567682	-12.836	-14.238	-13.985	-2.408	5.382	-1.547	0.000000	0.000000
1582081567703	1582081567702	-13.133	-5.993	-10.676	-2.198	5.635	-0.506	0.000000	0.000000
1582081567723	1582081567721	-10.951	-5.071	-7.030	0.294	5.595	0.920	0.000000	0.000000
1582081567747	1582081567747	-11.564	4.023	-4.460	2.723	4.630	2.472	0.000000	0.000000
1582081567762	1582081567761	-10.682	2.626	-2.445	4.407	4.157	3.893	0.000000	0.000000
1582081567787	1582081567787	-12.685	-1.923	0.338	4.337	3.560	5.309	0.000000	0.000000
1582081567802	1582081567801	-8.201	-2.848	3.004	3.490	2.100	6.833	0.000000	0.000000
1582081567821	1582081567821	-10.076	3.024	4.631	2.204	1.638	7.965	0.000000	0.000000
1582081567846	1582081567846	-11.157	-9.203	3.658	-0.112	1.978	7.798	0.000000	0.000000
1582081567864	1582081567862	-16.714	-8.973	0.398	-1.763	2.012	8.096	0.000000	0.000000
1582081567881	1582081567880	-15.519	-18.339	-1.514	-1.928	2.005	7.448	0.000000	0.000000
1582081567901	1582081567901	-14.312	-6.292	-4.216	-4.344	2.664	6.792	0.000000	0.000000
1582081567921	1582081567920	-19.907	-13.062	-8.906	-4.677	3.505	5.738	0.000000	0.000000
1582081567947	1582081567946	-17.435	-10.638	-8.362	-3.882	2.597	6.126	0.000000	0.000000
1582081567962	1582081567961	-17.047	-10.053	-9.062	-4.183	2.838	5.553	0.000000	0.000000
1582081567983	1582081567980	-17.888	-9.711	-10.200	-4.308	3.498	5.168	0.000000	0.000000
1582081568005	1582081568001	-18.015	-7.342	-9.390	-4.177	3.187	4.911	0.000000	0.000000
1582081568020	1582081568020	-16.182	-8.525	-9.237	-3.593	2.458	4.525	0.000000	0.000000
1582081568041	1582081568039	-12.802	-6.946	-10.207	-3.820	2.594	3.805	0.000000	0.000000
1582081568067	1582081568060	-13.492	-4.561	-10.176	-4.030	2.858	2.947	0.000000	0.000000
1582081568080	1582081568079	-11.573	-6.029	-9.023	-4.269	2.355	2.287	0.000000	0.000000
1582081568100	1582081568099	-10.517	-3.336	-8.796	-4.114	2.140	1.870	0.000000	0.000000
1582081568121	1582081568119	-8.850	-2.769	-6.729	-3.845	1.572	1.498	0.000000	0.000000
1582081568142	1582081568141	-7.288	2.851	-6.815	-3.069	1.037	1.309	0.000000	0.000000
1582081568160	1582081568160	-7.923	0.872	-4.338	-2.766	0.832	1.018	0.000000	0.000000
1582081568180	1582081568180	-7.448	3.345	-3.545	-3.185	0.284	0.952	0.000000	0.000000
1582081568200	1582081568199	-7.441	9.106	-2.702	-2.743	0.019	0.598	0.000000	0.000000
1582081568220	1582081568220	-6.794	5.158	-4.498	-2.741	-0.279	0.256	0.000000	0.000000
1582081568240	1582081568240	-8.229	4.008	-2.374	-2.598	-0.329	0.281	0.000000	0.000000
1582081568267	1582081568260	-9.223	6.389	-2.124	-2.521	-0.912	0.440	0.000000	0.000000
1582081568282	1582081568280	-8.371	6.449	-3.020	-2.257	-1.665	0.312	0.000000	0.000000
1582081568299	1582081568299	-9.202	4.957	-2.002	-1.767	-1.917	0.238	0.000000	0.000000
1582081568320	1582081568319	-10.083	3.395	-0.407	-1.715	-1.937	0.095	0.000000	0.000000
1582081568340	1582081568339	-11.262	2.863	0.199	-1.486	-2.092	-0.219	0.000000	0.000000
1582081568360	1582081568360	-11.133	3.311	-0.016	-0.979	-3.327	-0.046	0.000000	0.000000
1582081568382	1582081568382	-10.376	4.231	1.510	-0.004	-3.593	0.002	0.000000	0.000000
1582081568402	1582081568400	-9.497	4.449	1.787	0.120	-3.028	-0.201	0.000000	0.000000
1582081568420	1582081568418	-11.293	3.884	2.810	-0.685	-2.404	-0.396	0.000000	0.000000
1582081568440	1582081568438	-13.087	3.143	2.674	-0.278	-2.631	-0.538	0.000000	0.000000
1582081568464	1582081568464	-13.962	2.077	0.846	0.571	-3.356	-0.266	0.000000	0.000000
1582081568483	1582081568479	-16.132	0.247	-0.603	1.519	-4.767	-0.359	0.000000	0.000000
1582081568499	1582081568498	-17.428	-2.057	-2.889	2.659	-6.902	-0.618	0.000000	0.000000
1582081568519	1582081568518	-16.889	-3.523	-4.628	4.132	-8.938	-0.623	0.000000	0.000000
1582081568539	1582081568538	-14.915	-2.488	-6.796	5.451	-10.302	-0.575	0.000000	0.000000
1582081568558	1582081568558	-14.460	-0.879	-9.440	6.137	-11.120	-0.876	0.000000	0.000000
1582081568582	1582081568581	-11.612	-4.831	-10.777	7.518	-11.418	-1.233	0.000000	0.000000
1582081568599	1582081568599	-7.769	-6.336	-12.538	8.874	-10.285	-1.150	0.000000	0.000000
1582081568618	1582081568618	-5.875	-5.049	-14.686	9.074	-8.016	-0.754	0.000000	0.000000
1582081568639	1582081568637	-5.185	-4.951	-16.004	8.062	-6.300	-0.687	0.000000	0.000000
1582081568660	1582081568660	-4.471	-3.238	-16.826	6.824	-5.780	-1.342	0.000000	0.000000
1582081568683	1582081568681	-3.005	-0.373	-16.323	5.665	-5.430	-1.968	0.000000	0.000000
1582081568698	1582081568697	-1.266	0.813	-16.852	4.518	-4.339	-1.852	0.000000	0.000000
1582081568719	1582081568719	-1.656	2.715	-15.142	2.533	-3.142	-1.422	0.000000	0.000000
1582081568737	1582081568737	-3.472	7.518	-10.408	-0.425	-2.849	-1.364	0.000000	0.000000
1582081568758	1582081568757	-3.323	8.078	-6.079	-1.847	-3.184	-2.166	0.000000	0.000000
1582081568781	1582081568781	-4.967	3.165	-1.593	-1.470	-3.126	-2.131	0.000000	0.000000
1582081568800	1582081568798	-11.240	0.784	3.699	-0.493	-2.986	-1.342	0.000000	0.000000
1582081568818	1582081568816	-11.720	1.124	4.209	0.667	-4.760	-0.786	0.000000	0.000000
1582081568837	1582081568837	-8.076	4.662	8.100	2.492	-5.870	-0.074	0.000000	0.000000
1582081568858	1582081568858	-12.644	4.205	9.007	1.070	-4.813	0.573	0.000000	0.000000
1582081568881	1582081568880	-12.771	3.208	8.262	-0.084	-5.178	0.812	0.000000	0.000000
1582081568897	1582081568896	-14.836	3.970	9.973	-0.654	-5.267	0.959	0.000000	0.000000
1582081568920	1582081568916	-13.761	9.130	13.384	-1.426	-5.548	0.696	0.000000	0.000000
1582081568938	1582081568936	-9.755	10.919	10.011	-1.414	-4.831	1.239	0.000000	0.000000
1582081568959	1582081568956	-11.272	5.455	10.131	-2.210	-3.534	1.522	0.000000	0.000000
1582081568978	1582081568975	-8.584	5.462	11.731	-1.398	-3.987	1.152	0.000000	0.000000
1582081569017	1582081569010	-6.272	5.014	12.903	-0.498	-4.024	1.346	0.000000	0.000000
1582081569017	1582081569017	-6.231	6.119	11.868	-1.322	-3.131	1.425	0.000000	0.000000
1582081569036	1582081569034	-6.699	5.515	10.739	-1.798	-2.577	1.594	0.000000	0.000000
1582081569055	1582081569055	-5.635	4.238	8.643	-1.670	-2.289	1.656	0.000000	0.000000
1582081569080	1582081569080	-4.897	3.014	8.224	-0.802	-2.195	1.756	0.000000	0.000000
1582081569096	1582081569095	-3.525	1.685	8.576	-0.133	-2.117	1.732	0.000000	0.000000
1582081569120	1582081569114	-1.596	2.583	9.283	-0.161	-1.999	1.568	0.000000	0.000000
1582081569135	1582081569135	-0.523	3.608	9.611	0.015	-1.629	1.222	0.000000	0.000000
1582081569157	1582081569154	-0.353	5.160	9.350	-0.031	-1.080	1.042	0.000000	0.000000
1582081569176	1582081569176	-0.700	5.321	9.374	-0.119	-0.830	1.214	0.000000	0.000000
1582081569199	1582081569195	-0.652	5.007	8.984	-0.569	-0.623	1.336	0.000000	0.000000
1582081569218	1582081569218	-0.913	4.324	7.712	-1.375	-0.417	1.480	0.000000	0.000000
1582081569236	1582081569234	-1.292	2.957	6.921	-2.169	-0.196	1.572	0.000000	0.000000
1582081569256	1582081569254	-1.074	1.953	6.792	-2.825	-0.095	1.549	0.000000	0.000000
1582081569278	1582081569274	-1.601	1.744	6.665	-3.083	0.165	1.492	0.000000	0.000000
1582081569295	1582081569295	-2.403	1.514	6.717	-2.949	0.477	1.356	0.000000	0.000000
1582081569315	1582081569314	-2.612	0.781	5.982	-2.511	0.273	1.181	0.000000	0.000000
1582081569337	1582081569336	-1.747	0.417	5.139	-2.008	-0.074	0.791	0.000000	0.000000
1582081569355	1582081569354	-1.033	0.674	4.715	-1.817	-0.194	0.611	0.000000	0.000000
1582081569375	1582081569374	-0.264	1.423	5.445	-1.565	-0.146	0.478	0.000000	0.000000
1582081569399	1582081569394	0.320	1.783	6.305	-1.446	-0.111	0.390	0.000000	0.000000
1582081569419	1582081569415	-0.125	1.641	6.401	-1.823	0.203	0.476	0.000000	0.000000
1582081569434	1582081569434	-0.861	0.381	6.916	-2.197	0.467	0.659	0.000000	0.000000
1582081569455	1582081569454	-0.906	-1.286	7.204	-2.156	0.479	0.651	0.000000	0.000000
1582081569474	1582081569474	-0.808	-2.316	7.311	-1.891	0.402	0.630	0.000000	0.000000
1582081569496	1582081569495	-0.636	-2.280	7.774	-1.930	0.434	0.638	0.000000	0.000000
1582081569514	1582081569514	-1.146	-3.387	8.049	-1.941	0.665	0.650	0.000000	0.000000
1582081569540	1582081569535	-1.541	-4.199	7.659	-1.953	0.695	0.660	0.000000	0.000000
1582081569555	1582081569553	-1.699	-3.665	7.417	-1.830	0.483	0.594	0.000000	0.000000
1582081569573	1582081569573	-1.991	-2.369	7.391	-1.484	0.214	0.568	0.000000	0.000000
1582081569595	1582081569593	-1.706	-2.201	7.551	-1.463	-0.005	0.600	0.000000	0.000000
1582081569621	1582081569615	-1.187	-3.765	7.125	-1.732	-0.058	0.744	0.000000	0.000000
1582081569638	1582081569638	-1.096	-5.076	7.522	-1.407	0.182	0.875	0.000000	0.000000
1582081569655	1582081569652	-1.848	-5.502	7.405	-1.178	0.485	0.979	0.000000	0.000000
1582081569674	1582081569673	-2.559	-4.829	7.290	-1.357	0.525	0.929	0.000000	0.000000
1582081569694	1582081569693	-2.669	-4.120	7.541	-1.215	0.350	0.762	0.000000	0.000000
1582081569715	1582081569714	-2.135	-4.549	7.331	-1.270	-0.043	0.828	0.000000	0.000000
1582081569741	1582081569734	-1.163	-4.438	6.550	-1.487	-0.111	0.963	0.000000	0.000000
1582081569753	1582081569752	-1.275	-3.945	6.416	-1.748	0.332	0.932	0.000000	0.000000
1582081569773	1582081569772	-3.158	-5.512	5.790	-1.954	0.739	1.168	0.000000	0.000000
1582081569794	1582081569794	-4.902	-6.618	6.080	-1.608	0.694	1.262	0.000000	0.000000
1582081569820	1582081569820	-4.236	-7.047	6.159	-1.697	0.226	1.149	0.000000	0.000000
1582081569833	1582081569833	-3.079	-7.284	4.420	-2.133	0.158	1.029	0.000000	0.000000
1582081569855	1582081569852	-3.448	-7.363	3.900	-2.115	0.615	1.003	0.000000	0.000000
1582081569873	1582081569873	-4.442	-8.053	4.149	-2.103	0.973	1.062	0.000000	0.000000
1582081569893	1582081569892	-5.417	-8.405	3.996	-1.981	0.917	0.972	0.000000	0.000000
1582081569917	1582081569917	-5.348	-9.059	3.711	-1.720	0.616	0.864	0.000000	0.000000
1582081569935	1582081569933	-5.273	-9.208	3.639	-1.838	0.549	0.747	0.000000	0.000000
1582081569955	1582081569954	-5.604	-8.796	3.261	-2.247	0.693	0.748	0.000000	0.000000
1582081569972	1582081569972	-5.937	-8.741	2.753	-2.156	1.006	0.742	0.000000	0.000000
1582081569992	1582081569991	-7.027	-9.694	2.537	-1.914	1.247	0.621	0.000000	0.000000
1582081570025	1582081570020	-8.541	-12.169	0.995	-2.225	1.580	0.184	0.000000	0.000000
1582081570035	1582081570033	-10.428	-13.359	-2.124	-3.028	1.876	-0.876	0.000000	0.000000
1582081570055	1582081570053	-11.712	-12.621	-6.927	-5.601	1.634	-2.095	0.000000	0.000000
1582081570072	1582081570071	-12.227	-12.724	-13.697	-9.949	1.111	-3.227	0.000000	0.000000
1582081570093	1582081570091	-13.847	-21.264	-15.070	-11.149	1.229	-3.230	0.000000	0.000000
1582081570116	1582081570116	-11.770	-23.861	-11.690	-8.901	3.117	-2.631	0.000000	0.000000
1582081570138	1582081570132	-11.609	-13.513	-15.827	-6.265	5.872	-1.460	0.000000	0.000000
1582081570153	1582081570152	-15.706	-6.772	-16.658	-3.677	6.015	-0.315	0.000000	0.000000
1582081570171	1582081570171	-11.209	-10.513	-7.632	0.510	5.302	0.202	0.000000	0.000000
1582081570191	1582081570190	-9.204	-12.133	-3.667	1.660	5.070	1.705	0.000000	0.000000
1582081570212	1582081570211	-8.184	-3.154	-3.126	4.088	4.275	3.777	0.000000	0.000000
1582081570238	1582081570238	-8.148	-2.268	0.640	5.105	3.800	4.494	0.000000	0.000000
1582081570252	1582081570251	-6.440	0.645	1.919	3.087	3.116	5.168	0.000000	0.000000
1582081570274	1582081570274	-5.683	3.706	4.157	1.921	1.862	6.162	0.000000	0.000000
1582081570291	1582081570291	-8.608	2.612	5.122	1.106	1.561	7.508	0.000000	0.000000
1582081570311	1582081570311	-15.914	-10.269	3.127	0.862	2.060	8.276	0.000000	0.000000
1582081570335	1582081570335	-13.358	-13.460	-3.303	-1.247	2.151	7.607	0.000000	0.000000
1582081570351	1582081570351	-15.219	-10.885	-5.943	-2.930	2.702	6.564	0.000000	0.000000
1582081570371	1582081570370	-14.441	-15.106	-8.065	-3.516	2.733	6.160	0.000000	0.000000
1582081570390	1582081570389	-15.179	-9.443	-9.919	-4.248	3.079	6.160	0.000000	0.000000
1582081570410	1582081570410	-17.045	-9.653	-10.221	-4.985	3.212	5.437	0.000000	0.000000
1582081570438	1582081570437	-17.026	-9.033	-11.045	-4.695	2.905	5.166	0.000000	0.000000
1582081570452	1582081570449	-16.690	-6.228	-11.021	-5.095	2.745	4.450	0.000000	0.000000
1582081570473	1582081570469	-15.852	-8.870	-10.957	-5.235	2.459	3.980	0.000000	0.000000
1582081570490	1582081570489	-15.483	-5.569	-10.676	-5.094	2.179	3.749	0.000000	0.000000
1582081570510	1582081570509	-13.253	-6.546	-10.935	-4.897	1.675	3.276	0.000000	0.000000
1582081570534	1582081570532	-12.261	-4.997	-11.208	-4.144	1.640	3.132	0.000000	0.000000
1582081570551	1582081570551	-11.643	-3.408	-9.045	-3.880	1.287	2.523	0.000000	0.000000
1582081570570	1582081570569	-8.100	-3.274	-8.156	-3.587	0.986	2.197	0.000000	0.000000
1582081570590	1582081570588	-8.062	1.261	-6.944	-4.339	1.307	1.855	0.000000	0.000000
1582081570610	1582081570609	-8.886	1.821	-6.630	-3.619	1.180	1.389	0.000000	0.000000
1582081570630	1582081570630	-9.291	1.294	-3.804	-2.926	0.443	1.188	0.000000	0.000000
1582081570649	1582081570649	-6.208	5.201	-3.811	-2.860	-0.306	0.833	0.000000	0.000000
1582081570671	1582081570669	-6.093	7.537	-3.722	-2.008	-0.163	0.544	0.000000	0.000000
1582081570689	1582081570689	-7.611	4.238	-2.965	-2.241	-0.282	0.439	0.000000	0.000000
1582081570709	1582081570708	-8.023	5.141	-2.462	-2.715	-0.844	0.371	0.000000	0.000000
1582081570731	1582081570731	-6.751	6.162	-2.462	-2.422	-1.440	0.192	0.000000	0.000000
1582081570755	1582081570749	-6.121	5.908	-2.297	-2.398	-1.699	0.171	0.000000	0.000000
1582081570771	1582081570771	-7.118	6.332	-1.614	-2.350	-1.217	0.058	0.000000	0.000000
1582081570789	1582081570788	-9.602	3.745	0.288	-1.725	-0.943	0.081	0.000000	0.000000
1582081570808	1582081570808	-11.712	0.432	2.034	-1.663	-1.213	0.090	0.000000	0.000000
1582081570829	1582081570827	-11.844	4.075	1.893	-1.236	-2.481	0.165	0.000000	0.000000
1582081570848	1582081570848	-12.429	6.339	3.249	0.005	-3.226	0.435	0.000000	0.000000
1582081570870	1582081570868	-14.398	5.673	3.620	-0.574	-3.127	0.136	0.000000	0.000000
1582081570888	1582081570887	-16.237	3.079	2.921	-1.507	-3.006	-0.559	0.000000	0.000000
1582081570908	1582081570908	-19.335	1.383	-0.455	-1.552	-3.541	-0.824	0.000000	0.000000
1582081570930	1582081570930	-20.609	1.076	-3.423	-0.030	-5.624	-1.285	0.000000	0.000000
1582081570953	1582081570948	-18.300	1.392	-5.972	1.257	-8.419	-2.194	0.000000	0.000000
1582081570971	1582081570967	-16.942	-0.201	-8.585	2.309	-10.332	-3.027	0.000000	0.000000
1582081570988	1582081570988	-16.312	-1.624	-10.897	3.730	-12.083	-3.836	0.000000	0.000000
1582081571013	1582081571011	-14.316	0.360	-13.146	4.953	-14.003	-4.603	0.000000	0.000000
1582081571028	1582081571026	-10.910	-0.579	-12.691	6.155	-13.833	-5.004	0.000000	0.000000
1582081571052	1582081571052	-7.710	-2.074	-10.264	7.803	-11.446	-5.183	0.000000	0.000000
1582081571069	1582081571069	-5.681	-5.037	-12.250	9.482	-8.013	-4.367	0.000000	0.000000
1582081571090	1582081571089	-5.961	-6.628	-16.624	9.581	-5.440	-3.181	0.000000	0.000000
1582081571107	1582081571106	-6.088	1.110	-19.348	7.901	-4.758	-2.771	0.000000	0.000000
1582081571128	1582081571126	-2.847	5.611	-17.489	6.083	-4.853	-3.175	0.000000	0.000000
1582081571149	1582081571146	-1.280	2.583	-15.108	5.564	-3.806	-2.744	0.000000	0.000000
1582081571173	1582081571169	-2.423	6.121	-12.655	3.117	-2.848	-1.804	0.000000	0.000000
1582081571188	1582081571188	-3.587	9.180	-6.154	0.287	-3.341	-1.972	0.000000	0.000000
1582081571207	1582081571206	-3.683	6.286	-0.888	-1.295	-4.041	-2.630	0.000000	0.000000
1582081571227	1582081571226	-8.193	0.712	6.387	-0.832	-4.462	-2.125	0.000000	0.000000
1582081571247	1582081571247	-12.237	2.719	9.166	-1.383	-4.744	-1.389	0.000000	0.000000
1582081571268	1582081571266	-7.839	0.142	10.083	-0.485	-5.174	-0.772	0.000000	0.000000
1582081571288	1582081571288	-10.618	4.573	11.552	-0.293	-5.254	-0.246	0.000000	0.000000
1582081571307	1582081571305	-14.453	4.138	10.763	-1.241	-4.548	0.623	0.000000	0.000000
1582081571326	1582081571325	-16.870	6.576	12.450	-1.712	-4.760	1.021	0.000000	0.000000
1582081571348	1582081571346	-13.423	10.186	7.716	-2.497	-3.461	0.855	0.000000	0.000000
1582081571370	1582081571370	-15.823	7.383	8.667	-1.610	-2.328	0.896	0.000000	0.000000
1582081571385	1582081571384	-7.717	4.365	10.715	0.807	-2.868	0.692	0.000000	0.000000
1582081571405	1582081571404	-5.817	4.252	12.203	1.786	-2.881	1.247	0.000000	0.000000
1582081571427	1582081571425	-6.931	6.854	11.056	1.439	-2.330	1.505	0.000000	0.000000
1582081571449	1582081571447	-8.490	7.448	9.733	0.918	-2.097	1.813	0.000000	0.000000
1582081571467	1582081571466	-8.502	6.198	8.056	0.736	-2.353	1.805	0.000000	0.000000
1582081571486	1582081571486	-5.096	7.721	8.143	0.984	-2.550	1.188	0.000000	0.000000
1582081571506	1582081571504	-1.349	7.082	8.720	0.976	-2.520	1.364	0.000000	0.000000
1582081571526	1582081571524	-0.255	6.078	9.585	0.385	-1.597	1.783	0.000000	0.000000
1582081571546	1582081571544	-1.486	6.897	9.194	-0.529	-0.648	1.751	0.000000	0.000000
1582081571570	1582081571569	-1.412	6.260	9.075	-0.869	-0.515	1.756	0.000000	0.000000
1582081571585	1582081571584	-0.894	5.651	7.985	-1.278	-0.403	1.658	0.000000	0.000000
1582081571608	1582081571604	-1.496	6.727	6.590	-1.865	-0.078	1.571	0.000000	0.000000
1582081571626	1582081571624	-3.067	6.104	6.878	-2.024	0.141	1.662	0.000000	0.000000
1582081571644	1582081571644	-4.083	4.892	6.866	-1.688	-0.017	1.698	0.000000	0.000000
1582081571665	1582081571665	-3.263	3.975	6.875	-1.384	0.034	1.468	0.000000	0.000000
1582081571691	1582081571691	-1.989	4.236	6.708	-1.377	0.202	1.198	0.000000	0.000000
1582081571708	1582081571704	-1.163	4.997	6.404	-1.694	0.308	1.061	0.000000	0.000000
1582081571724	1582081571724	-1.570	4.571	6.277	-1.683	0.255	1.229	0.000000	0.000000
1582081571744	1582081571744	-1.757	3.917	5.802	-2.099	0.341	1.180	0.000000	0.000000
1582081571770	1582081571768	-1.723	3.725	5.441	-2.974	0.534	0.931	0.000000	0.000000
1582081571784	1582081571784	-2.288	2.980	5.369	-3.339	0.589	0.757	0.000000	0.000000
1582081571811	1582081571811	-3.065	1.869	5.522	-3.219	0.313	0.701	0.000000	0.000000
1582081571824	1582081571824	-2.188	1.270	5.532	-3.003	-0.211	0.179	0.000000	0.000000
1582081571846	1582081571843	-0.846	1.241	5.793	-2.705	-0.663	-0.069	0.000000	0.000000
1582081571865	1582081571863	0.778	1.007	5.886	-2.908	-0.535	-0.082	0.000000	0.000000
1582081571891	1582081571888	0.644	-0.062	6.339	-2.623	0.412	0.167	0.000000	0.000000
1582081571907	1582081571906	-1.845	-1.370	6.298	-1.791	0.808	0.446	0.000000	0.000000
1582081571923	1582081571923	-2.839	-0.689	6.916	-1.156	0.625	0.122	0.000000	0.000000
1582081571944	1582081571942	-1.896	-0.356	7.853	-1.030	0.153	-0.053	0.000000	0.000000
1582081571968	1582081571963	-1.191	-0.807	8.370	-1.308	0.195	0.063	0.000000	0.000000
1582081571985	1582081571983	-1.201	-1.336	8.648	-1.853	0.467	0.278	0.000000	0.000000
1582081572013	1582081572012	-1.383	-0.309	9.357	-1.875	0.680	0.332	0.000000	0.000000
1582081572036	1582081572035	-2.348	-0.426	10.030	-1.169	0.388	0.681	0.000000	0.000000
1582081572044	1582081572042	-2.411	-1.751	9.762	-1.337	0.099	0.668	0.000000	0.000000
1582081572067	1582081572067	-1.970	-2.076	9.108	-2.046	-0.091	0.573	0.000000	0.000000
1582081572084	1582081572083	-1.728	-2.479	7.637	-2.402	-0.258	0.806	0.000000	0.000000
1582081572104	1582081572103	-1.057	-2.453	7.005	-2.085	-0.095	0.912	0.000000	0.000000
1582081572123	1582081572121	-1.369	-3.298	7.822	-1.585	0.136	1.144	0.000000	0.000000
1582081572143	1582081572142	-2.660	-4.381	8.188	-1.734	0.248	1.118	0.000000	0.000000
1582081572162	1582081572162	-2.061	-5.035	7.386	-2.251	0.050	0.909	0.000000	0.000000
1582081572191	1582081572191	-1.304	-4.673	6.914	-2.462	0.055	0.796	0.000000	0.000000
1582081572203	1582081572202	-2.003	-4.685	6.420	-2.046	0.332	1.023	0.000000	0.000000
1582081572223	1582081572223	-3.036	-5.011	6.164	-1.552	0.461	1.097	0.000000	0.000000
1582081572243	1582081572241	-3.424	-5.940	6.195	-1.741	0.322	0.921	0.000000	0.000000
1582081572261	1582081572261	-3.608	-6.738	5.397	-2.508	0.080	0.807	0.000000	0.000000
1582081572282	1582081572282	-2.780	-7.208	4.260	-3.172	0.086	0.670	0.000000	0.000000
1582081572309	1582081572309	-2.691	-8.451	3.783	-3.041	0.418	0.669	0.000000	0.000000
1582081572327	1582081572323	-3.994	-10.324	3.409	-2.488	0.900	0.535	0.000000	0.000000
1582081572342	1582081572341	-4.576	-11.292	2.813	-2.478	1.048	0.015	0.000000	0.000000
1582081572361	1582081572361	-4.648	-12.161	1.986	-3.000	0.996	-0.488	0.000000	0.000000
1582081572382	1582081572381	-5.029	-13.021	0.168	-3.667	1.247	-1.121	0.000000	0.000000
1582081572402	1582081572401	-6.593	-13.577	-2.345	-4.501	2.034	-2.003	0.000000	0.000000
1582081572423	1582081572423	-8.950	-12.341	-5.035	-5.621	2.798	-2.822	0.000000	0.000000
1582081572441	1582081572440	-9.458	-12.492	-6.899	-6.866	3.276	-3.240	0.000000	0.000000
1582081572461	1582081572461	-9.247	-16.634	-11.462	-8.705	3.804	-3.161	0.000000	0.000000
1582081572481	1582081572481	-8.843	-23.245	-15.975	-8.132	3.838	-2.924	0.000000	0.000000
1582081572505	1582081572505	-4.641	-21.930	-12.959	-5.736	3.868	-2.404	0.000000	0.000000
1582081572522	1582081572522	-6.174	-9.134	-18.711	-4.755	5.606	-1.589	0.000000	0.000000
1582081572541	1582081572541	-9.753	-9.251	-16.804	-2.661	5.751	-0.886	0.000000	0.000000
1582081572560	1582081572560	-8.134	-4.668	-8.925	0.498	5.206	0.519	0.000000	0.000000
1582081572583	1582081572582	-9.537	1.622	-5.056	1.822	5.135	2.374	0.000000	0.000000
1582081572602	1582081572602	-13.777	1.617	-0.994	3.163	4.086	4.206	0.000000	0.000000
1582081572623	1582081572620	-12.453	2.353	4.006	3.511	3.067	5.846	0.000000	0.000000
1582081572640	1582081572639	-17.114	7.625	7.206	1.764	1.528	7.569	0.000000	0.000000
1582081572660	1582081572659	-19.807	-8.106	7.944	0.826	0.769	8.933	0.000000	0.000000
1582081572680	1582081572679	-19.716	-13.927	2.540	-0.938	1.362	9.098	0.000000	0.000000
1582081572704	1582081572704	-20.684	-16.188	-4.417	-3.587	2.162	7.675	0.000000	0.000000
1582081572723	1582081572719	-15.411	-18.452	-7.062	-3.391	1.776	6.921	0.000000	0.000000
1582081572743	1582081572741	-16.769	-16.354	-8.722	-4.430	2.768	6.536	0.000000	0.000000
1582081572760	1582081572759	-14.659	-18.701	-10.672	-4.685	3.579	5.897	0.000000	0.000000
1582081572780	1582081572779	-17.234	-14.602	-9.883	-4.965	3.786	5.767	0.000000	0.000000
1582081572804	1582081572804	-16.630	-17.096	-11.244	-4.031	3.763	5.497	0.000000	0.000000
1582081572824	1582081572822	-15.687	-9.754	-11.438	-4.257	4.181	4.981	0.000000	0.000000
1582081572840	1582081572840	-17.354	-11.977	-11.508	-4.436	3.977	4.079	0.000000	0.000000
1582081572859	1582081572859	-13.396	-9.790	-10.700	-4.684	3.008	3.645	0.000000	0.000000
1582081572879	1582081572878	-12.065	-7.473	-10.343	-4.771	2.764	3.032	0.000000	0.000000
1582081572903	1582081572903	-11.389	-5.363	-9.670	-4.668	2.490	2.777	0.000000	0.000000
1582081572922	1582081572919	-10.213	-1.250	-7.835	-4.138	2.404	2.571	0.000000	0.000000
