1582082362073	1582082362072	0.294	-10.748	-5.049	-1.778	0.461	-3.331	0.000000	0.000000
1582082362085	1582082362084	1.456	-9.481	-5.035	-1.000	0.542	-3.521	0.000000	0.000000
1582082362106	1582082362105	2.136	-7.790	-5.555	-0.446	0.580	-3.509	0.000000	0.000000
1582082362125	1582082362124	3.432	-7.181	-6.029	0.147	0.508	-3.338	0.000000	0.000000
1582082362145	1582082362144	4.213	-5.409	-6.889	1.008	0.536	-3.246	0.000000	0.000000
1582082362165	1582082362164	4.656	-5.064	-7.581	1.910	0.865	-2.881	0.000000	0.000000
1582082362185	1582082362184	4.726	-3.277	-8.530	2.760	1.012	-2.487	0.000000	0.000000
1582082362205	1582082362204	3.772	-3.042	-8.760	2.920	1.236	-1.937	0.000000	0.000000
1582082362225	1582082362224	2.974	-3.854	-8.468	2.884	1.619	-1.123	0.000000	0.000000
1582082362245	1582082362243	2.821	-2.191	-7.102	3.039	2.139	-0.439	0.000000	0.000000
1582082362265	1582082362263	4.539	-1.149	-6.487	3.320	2.677	0.225	0.000000	0.000000
1582082362284	1582082362283	5.576	-2.687	-6.039	3.997	3.361	0.682	0.000000	0.000000
1582082362305	1582082362304	6.290	-3.725	-4.434	4.767	3.863	0.856	0.000000	0.000000
1582082362325	1582082362324	6.244	-4.573	-3.092	5.027	4.130	0.912	0.000000	0.000000
1582082362344	1582082362343	5.368	-3.804	-2.124	5.293	3.997	0.835	0.000000	0.000000
1582082362364	1582082362363	5.427	-2.122	4.006	4.625	4.013	0.439	0.000000	0.000000
1582082362384	1582082362383	10.374	-4.019	8.627	4.527	2.438	1.480	0.000000	0.000000
1582082362404	1582082362404	5.693	-9.134	6.039	2.679	2.459	1.089	0.000000	0.000000
1582082362424	1582082362423	10.676	-7.222	3.620	1.168	1.791	0.310	0.000000	0.000000
1582082362444	1582082362444	7.574	-11.450	2.401	0.838	1.367	1.127	0.000000	0.000000
1582082362463	1582082362463	9.881	-9.193	0.683	2.128	1.091	0.220	0.000000	0.000000
1582082362484	1582082362482	11.706	-6.484	-4.508	2.717	0.057	0.795	0.000000	0.000000
1582082362504	1582082362502	9.500	-3.090	-0.551	2.979	1.274	0.745	0.000000	0.000000
1582082362527	1582082362524	1.762	-5.303	7.379	2.287	2.446	0.905	0.000000	0.000000
1582082362546	1582082362542	-5.319	-10.545	6.018	0.948	2.576	0.699	0.000000	0.000000
1582082362564	1582082362562	-4.732	-8.046	1.783	1.812	2.222	-0.002	0.000000	0.000000
1582082362583	1582082362582	-1.548	-4.012	2.717	2.678	0.618	0.747	0.000000	0.000000
1582082362603	1582082362602	0.553	-4.767	7.074	0.736	0.174	0.138	0.000000	0.000000
1582082362624	1582082362624	-0.128	-9.857	7.022	-1.766	0.500	-0.055	0.000000	0.000000
1582082362645	1582082362642	-1.007	-12.425	4.221	-0.900	0.741	0.044	0.000000	0.000000
1582082362663	1582082362662	-0.212	-8.278	4.315	1.971	0.540	0.159	0.000000	0.000000
1582082362683	1582082362681	0.390	-5.107	7.549	2.318	0.524	0.105	0.000000	0.000000
1582082362703	1582082362703	-1.330	-7.514	8.155	0.240	0.617	0.098	0.000000	0.000000
1582082362727	1582082362723	-0.667	-10.655	6.004	-0.639	0.076	0.454	0.000000	0.000000
1582082362743	1582082362741	0.854	-10.559	2.839	0.829	-0.093	0.708	0.000000	0.000000
1582082362763	1582082362761	1.652	-6.376	4.578	2.299	0.559	0.572	0.000000	0.000000
1582082362784	1582082362782	0.315	-8.103	7.563	1.597	0.910	0.691	0.000000	0.000000
1582082362806	1582082362802	-1.898	-9.237	7.024	0.877	0.884	0.899	0.000000	0.000000
1582082362822	1582082362821	-1.778	-6.956	7.920	1.260	0.271	0.849	0.000000	0.000000
1582082362842	1582082362841	-1.215	-8.271	7.862	1.070	-0.173	0.279	0.000000	0.000000
1582082362862	1582082362860	-0.861	-7.632	7.252	1.274	-0.148	0.009	0.000000	0.000000
1582082362882	1582082362881	-0.549	-5.476	7.896	1.485	-0.238	0.005	0.000000	0.000000
1582082362902	1582082362901	-0.964	-6.985	7.786	1.490	0.226	0.050	0.000000	0.000000
1582082362927	1582082362925	-1.649	-5.049	8.325	1.715	0.257	0.326	0.000000	0.000000
1582082362945	1582082362942	-1.033	-4.383	8.461	1.435	0.035	0.231	0.000000	0.000000
1582082362963	1582082362962	-0.906	-5.948	7.728	1.190	-0.012	0.392	0.000000	0.000000
1582082362983	1582082362982	-1.158	-3.820	8.155	1.372	-0.010	0.365	0.000000	0.000000
1582082363002	1582082363002	-1.805	-3.823	7.793	1.290	-0.074	0.601	0.000000	0.000000
1582082363024	1582082363024	-2.255	-4.493	8.404	1.072	-0.072	0.527	0.000000	0.000000
1582082363049	1582082363042	-2.001	-4.091	8.452	0.670	-0.315	0.339	0.000000	0.000000
1582082363063	1582082363063	-1.821	-4.244	8.758	0.566	-0.371	0.161	0.000000	0.000000
1582082363082	1582082363081	-1.800	-4.664	9.053	0.257	-0.421	-0.012	0.000000	0.000000
1582082363102	1582082363102	-0.602	-3.921	8.557	-0.017	-0.627	0.042	0.000000	0.000000
1582082363128	1582082363125	-0.243	-3.554	9.396	-0.035	-0.668	0.066	0.000000	0.000000
1582082363143	1582082363141	-0.418	-2.148	9.393	-0.324	-0.841	0.060	0.000000	0.000000
1582082363161	1582082363161	-0.664	-2.421	9.376	-0.462	-1.126	0.082	0.000000	0.000000
1582082363182	1582082363181	-0.576	-2.103	8.181	-0.849	-1.144	0.021	0.000000	0.000000
1582082363202	1582082363201	-2.121	-2.977	7.240	-1.014	-1.146	-0.159	0.000000	0.000000
1582082363222	1582082363221	-2.969	-3.775	5.730	-1.899	-1.572	-0.268	0.000000	0.000000
1582082363244	1582082363241	-3.115	-4.697	5.721	-2.619	-2.027	0.057	0.000000	0.000000
1582082363262	1582082363261	-3.424	-4.699	5.436	-3.345	-2.669	0.321	0.000000	0.000000
1582082363282	1582082363280	-3.508	-6.997	2.259	-4.679	-3.111	0.253	0.000000	0.000000
1582082363302	1582082363300	-3.872	-9.905	-2.551	-5.890	-2.882	0.142	0.000000	0.000000
1582082363323	1582082363322	-5.439	-10.597	-5.643	-7.437	-2.241	0.122	0.000000	0.000000
1582082363346	1582082363346	-6.660	-9.031	-8.288	-10.788	-1.371	0.131	0.000000	0.000000
1582082363361	1582082363360	-7.686	-6.276	-11.618	-12.571	0.051	0.424	0.000000	0.000000
1582082363382	1582082363379	-9.803	-1.418	-17.297	-11.672	2.159	1.168	0.000000	0.000000
1582082363401	1582082363401	-11.823	-5.169	-17.523	-7.071	4.416	2.373	0.000000	0.000000
1582082363420	1582082363420	-11.935	-12.159	-11.131	-0.542	4.737	2.807	0.000000	0.000000
1582082363446	1582082363446	-8.433	-13.469	-2.747	2.488	3.681	2.936	0.000000	0.000000
1582082363461	1582082363460	-6.931	-6.985	0.250	0.557	2.245	4.666	0.000000	0.000000
1582082363480	1582082363480	-5.716	-5.818	1.989	1.892	1.307	5.899	0.000000	0.000000
1582082363499	1582082363499	-8.220	-17.190	1.601	4.129	0.883	6.813	0.000000	0.000000
1582082363521	1582082363519	-6.699	-17.731	0.499	3.563	0.924	7.444	0.000000	0.000000
1582082363551	1582082363547	-8.203	-14.547	-1.909	1.440	1.231	7.868	0.000000	0.000000
1582082363561	1582082363561	-8.761	-16.198	-1.875	-0.149	1.835	7.694	0.000000	0.000000
1582082363581	1582082363581	-13.847	-14.981	-2.651	-1.706	3.051	7.404	0.000000	0.000000
1582082363601	1582082363599	-16.367	-10.815	-2.347	-2.057	2.911	7.190	0.000000	0.000000
1582082363619	1582082363619	-16.647	-9.356	-3.598	-3.143	2.904	6.623	0.000000	0.000000
1582082363640	1582082363639	-17.902	-12.562	-4.843	-3.450	3.323	6.201	0.000000	0.000000
1582082363665	1582082363660	-20.145	-9.737	-3.128	-3.851	3.914	5.914	0.000000	0.000000
1582082363684	1582082363682	-20.667	-9.213	-4.649	-3.942	3.754	5.308	0.000000	0.000000
1582082363699	1582082363699	-17.830	-11.357	-6.223	-3.113	3.138	4.497	0.000000	0.000000
1582082363719	1582082363719	-15.181	-1.942	-5.531	-3.962	3.296	4.202	0.000000	0.000000
1582082363739	1582082363738	-18.429	-8.286	-5.088	-4.063	3.751	3.978	0.000000	0.000000
1582082363759	1582082363759	-19.766	-9.296	-6.173	-3.396	2.623	3.827	0.000000	0.000000
1582082363779	1582082363778	-13.162	-2.127	-5.078	-2.915	1.113	3.270	0.000000	0.000000
1582082363799	1582082363798	-9.370	-1.626	-7.612	-3.214	1.076	2.623	0.000000	0.000000
1582082363819	1582082363818	-11.825	0.825	-6.994	-3.679	1.949	1.965	0.000000	0.000000
1582082363839	1582082363839	-12.208	2.904	-4.932	-3.918	1.508	1.484	0.000000	0.000000
1582082363864	1582082363864	-9.846	2.183	-5.056	-3.930	0.656	1.243	0.000000	0.000000
1582082363884	1582082363879	-8.548	2.877	-4.410	-3.583	0.442	1.428	0.000000	0.000000
1582082363899	1582082363898	-9.068	5.261	-3.202	-3.240	0.499	1.560	0.000000	0.000000
1582082363920	1582082363918	-10.507	5.160	-1.224	-2.788	0.294	1.407	0.000000	0.000000
1582082363938	1582082363938	-9.396	3.900	-1.013	-2.849	-0.370	1.385	0.000000	0.000000
1582082363959	1582082363959	-6.708	2.691	-0.316	-1.838	-0.168	1.700	0.000000	0.000000
1582082363980	1582082363978	-6.969	4.763	0.868	-1.703	0.160	1.781	0.000000	0.000000
1582082364004	1582082364004	-7.017	5.731	-0.445	-0.911	0.186	1.269	0.000000	0.000000
1582082364019	1582082364017	-8.879	4.396	-0.148	-1.170	-0.262	1.149	0.000000	0.000000
1582082364037	1582082364037	-9.171	6.044	-1.003	-2.164	-1.238	0.951	0.000000	0.000000
1582082364058	1582082364058	-7.341	6.902	-1.171	-1.489	-1.877	0.384	0.000000	0.000000
1582082364084	1582082364079	-4.971	5.390	-0.464	-0.680	-1.214	0.038	0.000000	0.000000
1582082364097	1582082364097	-10.364	3.282	-1.643	-0.219	-1.145	0.587	0.000000	0.000000
1582082364118	1582082364116	-14.173	3.718	1.378	-0.276	-2.224	0.770	0.000000	0.000000
1582082364140	1582082364137	-11.370	5.433	1.478	0.242	-3.628	0.444	0.000000	0.000000
1582082364162	1582082364162	-8.510	5.345	-0.361	0.627	-4.063	0.140	0.000000	0.000000
1582082364181	1582082364180	-8.819	6.804	0.592	0.732	-3.758	0.057	0.000000	0.000000
1582082364198	1582082364198	-10.421	5.560	2.834	0.958	-3.809	-0.478	0.000000	0.000000
1582082364217	1582082364216	-10.036	2.271	1.977	0.571	-4.225	-1.029	0.000000	0.000000
1582082364237	1582082364237	-10.440	0.075	2.149	1.081	-4.678	-0.805	0.000000	0.000000
1582082364256	1582082364256	-13.035	-1.164	3.129	2.019	-5.258	-0.571	0.000000	0.000000
1582082364280	1582082364280	-15.507	-3.073	1.217	3.239	-6.139	-0.391	0.000000	0.000000
1582082364297	1582082364296	-16.082	-4.323	-1.303	5.202	-7.803	-0.281	0.000000	0.000000
1582082364317	1582082364316	-14.292	-2.800	-3.380	6.835	-9.203	0.052	0.000000	0.000000
1582082364336	1582082364335	-13.056	-1.284	-5.047	8.185	-9.678	0.525	0.000000	0.000000
1582082364358	1582082364356	-12.587	-0.622	-6.918	8.533	-9.494	0.774	0.000000	0.000000
1582082364382	1582082364382	-11.331	-2.163	-7.900	7.859	-9.079	0.520	0.000000	0.000000
1582082364403	1582082364397	-8.057	-6.058	-9.373	7.144	-8.169	0.332	0.000000	0.000000
1582082364417	1582082364415	-6.009	-9.488	-11.153	7.253	-7.333	0.237	0.000000	0.000000
1582082364436	1582082364435	-5.137	-6.391	-12.705	7.126	-6.809	0.077	0.000000	0.000000
1582082364456	1582082364455	-3.632	-1.930	-14.107	6.660	-6.591	-0.508	0.000000	0.000000
1582082364480	1582082364480	-1.302	-2.783	-13.539	5.404	-6.276	-1.162	0.000000	0.000000
1582082364497	1582082364495	-0.322	0.048	-12.281	2.117	-5.315	-0.945	0.000000	0.000000
1582082364516	1582082364515	-2.444	3.148	-9.165	-0.396	-4.185	-1.035	0.000000	0.000000
1582082364535	1582082364535	-7.065	1.356	-2.455	-1.417	-3.717	-1.287	0.000000	0.000000
1582082364555	1582082364555	-13.368	-2.124	3.337	-1.388	-4.566	-1.376	0.000000	0.000000
1582082364577	1582082364576	-11.406	-0.536	6.492	-1.234	-6.192	-0.763	0.000000	0.000000
1582082364596	1582082364596	-8.555	6.317	6.720	-1.070	-6.612	0.329	0.000000	0.000000
1582082364616	1582082364614	-12.647	4.851	8.686	-1.211	-5.411	0.711	0.000000	0.000000
1582082364635	1582082364635	-15.600	2.782	9.209	-2.005	-4.943	0.685	0.000000	0.000000
1582082364656	1582082364654	-14.438	0.446	7.321	-1.750	-5.232	0.814	0.000000	0.000000
1582082364680	1582082364680	-14.980	3.369	10.229	-1.615	-4.750	0.732	0.000000	0.000000
1582082364696	1582082364695	-10.476	8.198	12.972	-0.434	-4.666	0.476	0.000000	0.000000
1582082364714	1582082364714	-10.426	12.618	9.594	-0.151	-3.415	0.943	0.000000	0.000000
1582082364735	1582082364734	-12.680	8.148	11.386	0.485	-3.241	1.060	0.000000	0.000000
1582082364755	1582082364754	-5.949	6.028	13.094	0.987	-3.507	0.742	0.000000	0.000000
1582082364775	1582082364774	-4.111	9.597	13.724	0.912	-2.537	1.155	0.000000	0.000000
1582082364797	1582082364797	-5.072	8.787	10.905	0.504	-2.054	1.971	0.000000	0.000000
1582082364818	1582082364814	-4.969	5.510	9.791	-0.943	-2.339	2.069	0.000000	0.000000
1582082364835	1582082364833	-3.206	5.565	8.639	-1.661	-2.826	1.858	0.000000	0.000000
1582082364854	1582082364853	-2.018	5.079	8.159	-1.790	-2.524	1.931	0.000000	0.000000
1582082364875	1582082364873	-1.929	3.390	7.208	-1.706	-1.897	1.989	0.000000	0.000000
1582082364895	1582082364893	-1.776	4.387	7.213	-1.336	-1.489	1.920	0.000000	0.000000
1582082364914	1582082364914	-1.481	5.318	8.140	-0.980	-1.142	1.766	0.000000	0.000000
1582082364933	1582082364933	-1.270	4.276	7.173	-1.290	-0.771	1.609	0.000000	0.000000
1582082364954	1582082364953	-0.791	4.439	5.666	-1.865	-0.513	1.616	0.000000	0.000000
1582082364976	1582082364976	-1.486	5.381	6.296	-2.116	-0.042	1.692	0.000000	0.000000
1582082364999	1582082364993	-3.045	2.961	6.420	-2.781	0.356	1.721	0.000000	0.000000
1582082365017	1582082365014	-3.263	2.053	5.977	-3.424	0.443	1.364	0.000000	0.000000
1582082365034	1582082365033	-2.200	1.550	4.643	-3.075	-0.030	1.302	0.000000	0.000000
1582082365053	1582082365053	-1.864	1.105	5.146	-2.454	-0.033	1.077	0.000000	0.000000
1582082365073	1582082365073	-1.462	1.505	6.039	-2.047	-0.218	0.824	0.000000	0.000000
1582082365094	1582082365092	-0.106	2.573	5.589	-2.198	-0.552	0.657	0.000000	0.000000
1582082365115	1582082365112	0.155	2.949	5.953	-2.413	-0.463	0.577	0.000000	0.000000
1582082365134	1582082365133	0.311	1.328	6.732	-2.497	-0.096	0.753	0.000000	0.000000
1582082365154	1582082365152	-0.703	-0.970	5.711	-2.716	0.307	1.065	0.000000	0.000000
1582082365173	1582082365172	-1.484	-1.892	5.721	-2.083	0.382	0.954	0.000000	0.000000
1582082365197	1582082365193	-1.503	-2.730	7.517	-1.496	0.428	1.014	0.000000	0.000000
1582082365218	1582082365213	-2.118	-3.291	7.750	-2.063	0.689	0.909	0.000000	0.000000
1582082365233	1582082365232	-2.140	-3.008	7.141	-2.811	0.724	0.747	0.000000	0.000000
1582082365253	1582082365251	-3.146	-2.242	7.510	-2.614	0.520	0.788	0.000000	0.000000
1582082365272	1582082365271	-2.619	-1.458	7.795	-1.841	0.126	0.589	0.000000	0.000000
1582082365293	1582082365293	-1.117	-3.128	8.691	-1.173	-0.161	0.584	0.000000	0.000000
1582082365317	1582082365312	-1.397	-5.203	8.701	-1.817	0.003	0.764	0.000000	0.000000
1582082365337	1582082365337	-0.935	-4.517	7.570	-2.413	0.071	0.890	0.000000	0.000000
1582082365353	1582082365352	-0.420	-5.183	7.707	-1.296	0.367	1.191	0.000000	0.000000
1582082365373	1582082365371	-1.781	-5.571	7.889	-0.675	0.796	1.363	0.000000	0.000000
1582082365391	1582082365391	-3.026	-5.365	7.800	-0.328	0.874	1.393	0.000000	0.000000
1582082365416	1582082365415	-2.650	-5.452	7.891	-0.372	0.651	1.380	0.000000	0.000000
1582082365436	1582082365431	-2.054	-4.781	6.979	-1.032	0.652	1.425	0.000000	0.000000
1582082365451	1582082365451	-3.251	-4.731	6.998	-1.231	0.917	1.526	0.000000	0.000000
1582082365472	1582082365470	-4.567	-5.471	6.737	-1.294	0.802	1.396	0.000000	0.000000
1582082365493	1582082365492	-3.973	-5.665	5.932	-1.465	0.244	1.161	0.000000	0.000000
1582082365513	1582082365510	-3.000	-5.866	5.702	-1.584	-0.092	1.109	0.000000	0.000000
1582082365538	1582082365531	-3.139	-6.961	4.916	-1.808	0.110	1.158	0.000000	0.000000
1582082365550	1582082365550	-3.223	-7.313	3.922	-1.823	0.331	1.150	0.000000	0.000000
1582082365571	1582082365571	-3.113	-7.866	3.967	-1.542	0.425	1.204	0.000000	0.000000
1582082365595	1582082365590	-3.328	-8.369	4.013	-1.653	0.760	1.117	0.000000	0.000000
1582082365617	1582082365614	-4.337	-9.284	3.754	-1.784	1.169	1.056	0.000000	0.000000
1582082365632	1582082365629	-5.482	-10.413	3.687	-1.886	1.367	0.928	0.000000	0.000000
1582082365651	1582082365651	-6.119	-9.771	4.001	-2.302	1.269	0.687	0.000000	0.000000
1582082365671	1582082365670	-5.930	-10.279	3.800	-2.598	1.219	0.454	0.000000	0.000000
1582082365690	1582082365690	-6.229	-11.012	2.073	-3.046	1.367	-0.102	0.000000	0.000000
1582082365715	1582082365715	-7.757	-12.447	-0.347	-3.592	1.577	-0.788	0.000000	0.000000
1582082365737	1582082365731	-9.865	-15.137	-3.231	-4.552	1.864	-1.925	0.000000	0.000000
1582082365757	1582082365750	-12.237	-17.369	-6.475	-7.510	1.686	-3.216	0.000000	0.000000
1582082365771	1582082365769	-13.305	-17.944	-11.211	-11.035	1.213	-3.728	0.000000	0.000000
1582082365790	1582082365789	-12.050	-19.901	-12.722	-10.912	1.010	-4.012	0.000000	0.000000
1582082365814	1582082365814	-9.403	-23.039	-12.952	-11.006	2.484	-3.767	0.000000	0.000000
1582082365830	1582082365829	-9.118	-13.426	-13.328	-9.814	5.479	-2.786	0.000000	0.000000
1582082365850	1582082365850	-12.220	-8.242	-15.997	-4.854	6.718	-1.427	0.000000	0.000000
1582082365870	1582082365869	-10.155	-5.150	-9.847	-2.586	5.458	-0.117	0.000000	0.000000
1582082365889	1582082365889	-8.622	-0.021	-6.295	-0.927	5.051	2.805	0.000000	0.000000
1582082365910	1582082365910	-8.811	-2.309	-3.109	2.699	4.508	3.811	0.000000	0.000000
1582082365933	1582082365929	-8.340	-8.714	-0.127	3.877	3.437	4.803	0.000000	0.000000
1582082365952	1582082365950	-6.850	-3.293	-0.596	3.506	2.130	6.201	0.000000	0.000000
1582082365969	1582082365969	-4.533	-2.946	0.954	4.380	1.093	7.872	0.000000	0.000000
1582082365991	1582082365988	-8.150	-2.718	2.358	4.395	1.042	9.153	0.000000	0.000000
1582082366012	1582082366010	-7.973	0.142	4.169	2.140	0.609	9.037	0.000000	0.000000
1582082366030	1582082366028	-12.012	-6.520	-2.009	-0.873	1.233	8.534	0.000000	0.000000
1582082366048	1582082366047	-15.684	-9.773	-6.230	-1.499	1.766	7.996	0.000000	0.000000
1582082366070	1582082366068	-14.129	-15.855	-10.854	-2.194	2.162	7.300	0.000000	0.000000
1582082366089	1582082366089	-15.749	-9.361	-15.060	-4.882	3.156	6.262	0.000000	0.000000
1582082366111	1582082366108	-17.902	-15.944	-16.208	-5.674	3.590	5.416	0.000000	0.000000
1582082366132	1582082366130	-19.352	-14.236	-12.760	-5.372	3.359	5.431	0.000000	0.000000
1582082366152	1582082366150	-18.508	-10.461	-12.516	-5.398	3.106	5.246	0.000000	0.000000
1582082366169	1582082366167	-19.452	-9.292	-11.141	-4.777	2.834	4.825	0.000000	0.000000
1582082366189	1582082366187	-15.682	-6.966	-11.328	-5.126	2.238	4.154	0.000000	0.000000
1582082366209	1582082366207	-15.157	-4.975	-11.544	-5.563	2.088	3.455	0.000000	0.000000
1582082366228	1582082366227	-13.703	-6.048	-10.298	-5.133	1.509	3.132	0.000000	0.000000
1582082366249	1582082366248	-12.642	-4.280	-9.057	-4.563	1.268	2.699	0.000000	0.000000
1582082366267	1582082366267	-11.008	-0.776	-8.355	-4.217	1.220	1.949	0.000000	0.000000
1582082366288	1582082366287	-7.410	0.041	-8.341	-4.024	0.724	1.625	0.000000	0.000000
1582082366308	1582082366307	-6.890	0.168	-6.738	-3.796	1.041	1.687	0.000000	0.000000
1582082366328	1582082366328	-7.824	1.546	-6.235	-3.409	0.791	1.821	0.000000	0.000000
1582082366351	1582082366347	-6.543	0.736	-4.479	-2.666	-0.090	1.793	0.000000	0.000000
1582082366368	1582082366366	-5.817	1.728	-4.453	-2.000	-0.110	1.639	0.000000	0.000000
1582082366387	1582082366387	-7.568	2.037	-3.071	-1.262	0.140	1.338	0.000000	0.000000
1582082366407	1582082366406	-8.057	1.931	-2.582	-1.292	-0.348	0.658	0.000000	0.000000
1582082366428	1582082366427	-7.492	3.884	-2.223	-0.956	-0.781	0.327	0.000000	0.000000
1582082366447	1582082366447	-9.336	4.473	-0.186	-0.992	-1.154	0.291	0.000000	0.000000
1582082366467	1582082366466	-9.576	7.918	-0.043	-1.312	-2.135	0.358	0.000000	0.000000
1582082366488	1582082366486	-10.598	5.371	1.105	-0.517	-3.390	-0.208	0.000000	0.000000
1582082366508	1582082366506	-9.889	5.311	0.123	-0.754	-4.152	-0.053	0.000000	0.000000
1582082366527	1582082366527	-10.999	6.904	-0.694	-0.153	-4.105	-0.224	0.000000	0.000000
1582082366547	1582082366547	-9.470	5.098	-0.673	0.077	-4.354	-0.377	0.000000	0.000000
1582082366569	1582082366566	-10.804	2.451	0.559	-0.126	-4.338	0.308	0.000000	0.000000
1582082366587	1582082366586	-12.551	4.787	-0.184	-0.528	-4.452	0.524	0.000000	0.000000
1582082366606	1582082366606	-11.492	4.780	-2.122	-0.133	-5.233	0.239	0.000000	0.000000
1582082366628	1582082366628	-11.015	2.786	-2.999	0.738	-6.056	-0.151	0.000000	0.000000
1582082366647	1582082366646	-12.798	2.755	-2.776	0.542	-7.126	-0.669	0.000000	0.000000
1582082366670	1582082366665	-14.364	-0.891	-3.176	1.230	-8.254	-1.356	0.000000	0.000000
1582082366688	1582082366687	-13.746	-6.209	-3.681	3.828	-9.172	-1.374	0.000000	0.000000
1582082366706	1582082366705	-11.851	-4.755	-5.974	5.880	-9.449	-0.717	0.000000	0.000000
1582082366727	1582082366724	-11.681	-1.499	-8.159	7.417	-9.272	-0.118	0.000000	0.000000
1582082366747	1582082366747	-10.488	-2.364	-8.868	8.623	-9.128	-0.166	0.000000	0.000000
1582082366766	1582082366766	-7.676	-2.187	-9.280	8.692	-8.548	-0.359	0.000000	0.000000
1582082366785	1582082366785	-7.587	-1.513	-9.071	7.967	-7.437	-0.454	0.000000	0.000000
1582082366806	1582082366805	-6.711	-3.633	-9.282	7.599	-6.852	-0.937	0.000000	0.000000
1582082366825	1582082366825	-5.348	-4.903	-11.127	7.147	-5.924	-0.827	0.000000	0.000000
1582082366850	1582082366850	-5.108	-2.347	-13.079	6.186	-5.001	-0.290	0.000000	0.000000
1582082366867	1582082366865	-3.963	-0.215	-13.649	4.473	-4.606	0.015	0.000000	0.000000
1582082366887	1582082366886	-3.771	1.764	-13.331	2.056	-4.147	-0.007	0.000000	0.000000
1582082366907	1582082366904	-5.259	4.085	-10.549	-0.561	-3.835	-0.140	0.000000	0.000000
1582082366925	1582082366924	-6.267	6.847	-6.137	-3.479	-4.228	-0.771	0.000000	0.000000
1582082366953	1582082366948	-7.805	4.470	-0.038	-4.448	-4.734	-1.722	0.000000	0.000000
1582082366966	1582082366966	-11.664	1.922	3.946	-3.291	-5.172	-1.750	0.000000	0.000000
1582082366985	1582082366984	-12.479	0.808	7.793	-1.514	-5.043	-0.743	0.000000	0.000000
1582082367005	1582082367004	-10.431	3.814	8.531	-0.089	-5.378	-0.275	0.000000	0.000000
1582082367026	1582082367024	-12.199	6.490	8.421	0.837	-5.015	0.363	0.000000	0.000000
1582082367045	1582082367044	-14.690	5.009	7.987	0.756	-4.701	0.785	0.000000	0.000000
1582082367071	1582082367065	-12.395	4.176	8.845	0.541	-4.844	0.830	0.000000	0.000000
1582082367085	1582082367085	-11.530	6.219	11.671	-0.434	-4.179	0.988	0.000000	0.000000
1582082367105	1582082367103	-8.311	11.370	11.947	-0.457	-3.766	0.916	0.000000	0.000000
1582082367125	1582082367123	-8.107	9.503	9.539	-0.219	-2.840	1.266	0.000000	0.000000
1582082367147	1582082367145	-6.679	8.138	9.805	0.226	-3.107	1.791	0.000000	0.000000
1582082367170	1582082367169	-6.723	7.724	10.601	0.826	-3.000	2.212	0.000000	0.000000
1582082367184	1582082367184	-5.074	5.582	11.482	0.725	-2.632	2.041	0.000000	0.000000
1582082367204	1582082367202	-2.121	5.009	10.809	-0.066	-2.332	1.968	0.000000	0.000000
1582082367224	1582082367223	-2.612	5.580	8.519	-1.331	-1.506	2.186	0.000000	0.000000
1582082367245	1582082367243	-3.553	6.044	7.101	-2.200	-0.914	1.986	0.000000	0.000000
1582082367265	1582082367265	-3.529	5.429	4.799	-2.558	-0.916	1.625	0.000000	0.000000
1582082367285	1582082367285	-2.717	4.609	3.759	-2.292	-1.245	1.289	0.000000	0.000000
1582082367303	1582082367303	-1.510	4.415	4.346	-2.107	-1.256	1.199	0.000000	0.000000
1582082367323	1582082367322	-1.337	4.633	4.492	-2.644	-0.921	1.232	0.000000	0.000000
1582082367345	1582082367342	-1.155	3.414	4.099	-3.136	-0.617	1.301	0.000000	0.000000
1582082367364	1582082367364	-1.187	3.553	3.788	-3.298	-0.294	1.436	0.000000	0.000000
1582082367383	1582082367383	-2.200	3.407	4.415	-3.060	-0.017	1.454	0.000000	0.000000
1582082367404	1582082367404	-2.633	1.603	5.826	-2.755	0.089	1.379	0.000000	0.000000
1582082367423	1582082367422	-2.696	0.693	6.243	-2.855	0.026	1.198	0.000000	0.000000
1582082367443	1582082367442	-2.478	0.269	6.291	-2.428	-0.168	0.836	0.000000	0.000000
1582082367463	1582082367462	-0.899	1.368	6.761	-2.167	-0.214	0.507	0.000000	0.000000
1582082367488	1582082367487	0.306	2.717	7.235	-2.834	-0.053	0.651	0.000000	0.000000
1582082367507	1582082367502	-1.781	-0.134	7.700	-2.920	0.361	1.118	0.000000	0.000000
1582082367522	1582082367521	-1.996	-1.681	6.617	-3.000	0.455	0.944	0.000000	0.000000
1582082367543	1582082367542	-2.195	-2.143	8.344	-2.598	-0.031	0.700	0.000000	0.000000
1582082367563	1582082367562	-1.349	-2.472	10.208	-1.449	-0.104	0.764	0.000000	0.000000
1582082367582	1582082367582	-1.867	-2.488	9.515	-1.959	0.365	0.861	0.000000	0.000000
1582082367605	1582082367604	-2.315	-1.619	7.855	-2.251	0.450	0.730	0.000000	0.000000
1582082367622	1582082367621	-0.851	-1.964	7.932	-1.443	0.233	0.796	0.000000	0.000000
1582082367642	1582082367641	-2.456	-2.359	7.838	-1.398	0.401	1.011	0.000000	0.000000
1582082367664	1582082367662	-3.527	-3.931	7.953	-1.860	0.179	0.921	0.000000	0.000000
1582082367683	1582082367682	-1.615	-5.231	7.448	-1.778	-0.463	0.754	0.000000	0.000000
1582082367705	1582082367705	-0.616	-4.426	7.383	-1.562	-0.123	0.864	0.000000	0.000000
1582082367722	1582082367720	-1.033	-4.355	7.199	-1.789	0.268	1.164	0.000000	0.000000
1582082367741	1582082367740	-2.176	-4.309	6.792	-1.589	0.570	1.211	0.000000	0.000000
1582082367761	1582082367760	-2.715	-5.375	7.666	-0.620	0.290	1.210	0.000000	0.000000
1582082367781	1582082367781	-1.390	-6.494	7.779	-0.833	0.025	1.151	0.000000	0.000000
1582082367801	1582082367800	-1.409	-5.813	6.875	-1.269	0.165	1.065	0.000000	0.000000
1582082367821	1582082367821	-1.829	-5.112	6.602	-1.062	0.307	0.979	0.000000	0.000000
1582082367841	1582082367840	-2.075	-4.350	6.943	-1.177	0.419	1.030	0.000000	0.000000
1582082367861	1582082367860	-3.151	-5.358	7.010	-1.364	0.585	1.238	0.000000	0.000000
1582082367882	1582082367882	-4.452	-6.542	6.360	-1.757	0.580	1.171	0.000000	0.000000
1582082367905	1582082367903	-4.610	-7.021	5.659	-2.254	0.181	0.964	0.000000	0.000000
1582082367921	1582082367919	-3.474	-7.435	4.906	-2.661	-0.127	0.889	0.000000	0.000000
1582082367941	1582082367940	-2.523	-8.034	3.620	-2.870	0.021	0.895	0.000000	0.000000
1582082367961	1582082367959	-2.993	-9.541	2.829	-2.669	0.512	0.979	0.000000	0.000000
1582082367982	1582082367982	-4.270	-10.269	3.285	-2.365	0.907	0.856	0.000000	0.000000
1582082368000	1582082368000	-5.003	-9.277	3.565	-2.631	0.843	0.653	0.000000	0.000000
1582082368020	1582082368020	-4.825	-9.488	2.583	-2.791	0.764	0.515	0.000000	0.000000
1582082368040	1582082368039	-5.149	-10.626	1.682	-2.701	0.883	0.311	0.000000	0.000000
1582082368060	1582082368059	-6.291	-12.411	0.319	-2.727	1.186	-0.084	0.000000	0.000000
1582082368080	1582082368079	-8.694	-15.043	-1.207	-2.951	1.442	-0.856	0.000000	0.000000
1582082368105	1582082368105	-10.402	-16.219	-2.812	-4.522	1.236	-1.942	0.000000	0.000000
1582082368120	1582082368119	-9.104	-15.395	-6.764	-7.176	0.885	-2.844	0.000000	0.000000
1582082368141	1582082368139	-8.684	-14.885	-12.509	-10.487	1.042	-3.524	0.000000	0.000000
1582082368160	1582082368159	-9.729	-19.166	-16.258	-11.762	1.446	-3.667	0.000000	0.000000
1582082368180	1582082368178	-7.973	-24.824	-16.045	-10.081	2.683	-3.176	0.000000	0.000000
1582082368204	1582082368199	-7.911	-15.316	-16.090	-6.484	4.579	-1.952	0.000000	0.000000
1582082368221	1582082368220	-10.596	-10.360	-16.200	-1.939	5.833	0.205	0.000000	0.000000
1582082368240	1582082368238	-14.441	-8.082	-9.129	0.143	6.907	2.016	0.000000	0.000000
1582082368259	1582082368258	-11.312	-8.295	-2.460	0.897	6.824	2.216	0.000000	0.000000
1582082368281	1582082368281	-9.808	-1.715	-2.345	2.682	5.735	3.251	0.000000	0.000000
1582082368304	1582082368304	-5.669	-2.642	-1.030	4.809	3.638	5.454	0.000000	0.000000
1582082368319	1582082368318	-7.724	-2.661	3.124	4.347	3.079	7.190	0.000000	0.000000
1582082368339	1582082368338	-6.018	12.253	5.939	2.012	1.698	7.927	0.000000	0.000000
1582082368359	1582082368358	-10.285	3.642	7.556	1.258	1.042	8.649	0.000000	0.000000
1582082368378	1582082368378	-16.408	-6.113	2.293	-0.116	1.285	9.290	0.000000	0.000000
1582082368400	1582082368398	-14.606	-15.163	-3.734	-1.429	1.634	8.420	0.000000	0.000000
1582082368419	1582082368419	-13.737	-12.765	-10.442	-4.964	2.565	6.894	0.000000	0.000000
1582082368438	1582082368437	-14.867	-16.667	-15.393	-4.758	2.766	6.797	0.000000	0.000000
1582082368458	1582082368457	-15.114	-17.043	-14.471	-4.314	3.482	6.518	0.000000	0.000000
1582082368478	1582082368478	-16.422	-16.648	-14.775	-4.666	4.232	5.448	0.000000	0.000000
1582082368503	1582082368503	-15.684	-12.279	-11.005	-5.572	3.888	4.862	0.000000	0.000000
1582082368519	1582082368519	-16.496	-9.083	-13.668	-5.884	3.662	4.255	0.000000	0.000000
1582082368538	1582082368537	-14.953	-9.855	-11.975	-4.089	3.181	4.284	0.000000	0.000000
1582082368558	1582082368557	-17.821	-5.231	-8.362	-4.368	3.181	3.914	0.000000	0.000000
1582082368578	1582082368577	-13.487	-3.221	-9.538	-4.725	2.197	2.838	0.000000	0.000000
1582082368598	1582082368599	-11.296	-1.648	-9.160	-5.166	2.069	2.211	0.000000	0.000000
1582082368619	1582082368619	-12.278	-1.504	-9.543	-4.404	1.727	2.024	0.000000	0.000000
1582082368639	1582082368639	-8.335	-0.560	-8.935	-3.883	0.792	1.563	0.000000	0.000000
1582082368658	1582082368657	-7.904	1.272	-7.941	-4.244	0.897	1.290	0.000000	0.000000
1582082368676	1582082368676	-6.090	4.444	-7.090	-4.043	0.641	1.124	0.000000	0.000000
1582082368702	1582082368696	-7.453	2.061	-7.438	-3.939	0.568	0.876	0.000000	0.000000
1582082368717	1582082368716	-6.514	3.953	-5.907	-3.348	-0.141	0.796	0.000000	0.000000
1582082368738	1582082368738	-5.695	-0.134	-3.298	-2.898	-0.045	0.812	0.000000	0.000000
1582082368758	1582082368756	-9.020	4.506	-1.255	-3.194	0.983	0.635	0.000000	0.000000
1582082368777	1582082368776	-10.299	4.075	-2.651	-3.324	0.076	0.267	0.000000	0.000000
1582082368800	1582082368800	-8.450	2.717	-2.994	-2.514	-1.339	0.018	0.000000	0.000000
1582082368817	1582082368817	-6.775	5.165	-1.046	-1.973	-1.609	-0.157	0.000000	0.000000
1582082368840	1582082368838	-8.610	7.015	-0.448	-1.743	-1.468	-0.329	0.000000	0.000000
1582082368857	1582082368855	-12.419	4.700	-1.262	-1.572	-2.603	-0.794	0.000000	0.000000
1582082368878	1582082368875	-9.065	5.450	-0.601	-2.154	-4.484	-1.082	0.000000	0.000000
1582082368896	1582082368896	-10.838	6.871	-0.421	-1.234	-3.932	-1.253	0.000000	0.000000
1582082368924	1582082368924	-11.425	3.529	-1.049	-0.367	-3.682	-1.326	0.000000	0.000000
1582082368937	1582082368936	-11.260	2.619	-0.991	-0.377	-4.072	-0.688	0.000000	0.000000
1582082368959	1582082368960	-12.889	4.602	-0.948	-0.560	-4.523	-0.388	0.000000	0.000000
1582082368976	1582082368975	-12.932	4.494	-1.561	-0.035	-5.202	-0.906	0.000000	0.000000
1582082368996	1582082368995	-11.902	3.670	-2.740	0.392	-5.754	-1.298	0.000000	0.000000
1582082369021	1582082369015	-12.541	2.870	-2.378	1.054	-6.198	-1.428	0.000000	0.000000
1582082369038	1582082369038	-14.127	1.071	-2.338	2.159	-6.684	-1.377	0.000000	0.000000
1582082369055	1582082369055	-14.094	-1.645	-4.891	3.919	-7.635	-1.101	0.000000	0.000000
1582082369076	1582082369074	-12.208	-1.662	-9.217	5.420	-9.149	-0.814	0.000000	0.000000
1582082369096	1582082369095	-10.249	-2.764	-11.960	7.913	-10.530	-0.540	0.000000	0.000000
1582082369117	1582082369117	-6.229	-4.431	-12.370	10.744	-11.090	-0.172	0.000000	0.000000
1582082369136	1582082369136	-2.073	-2.076	-14.004	11.028	-9.426	0.250	0.000000	0.000000
1582082369156	1582082369154	-2.389	0.448	-11.603	10.194	-7.416	0.233	0.000000	0.000000
1582082369176	1582082369174	-3.192	0.444	-8.647	8.741	-6.588	-0.342	0.000000	0.000000
1582082369196	1582082369194	-4.672	-4.117	-9.229	6.656	-6.244	-0.601	0.000000	0.000000
1582082369215	1582082369215	-4.380	-4.199	-12.485	4.048	-6.659	-1.055	0.000000	0.000000
1582082369242	1582082369237	-1.941	0.427	-15.319	2.001	-6.253	-1.483	0.000000	0.000000
1582082369255	1582082369255	-1.577	0.908	-15.556	1.359	-4.872	-1.460	0.000000	0.000000
1582082369275	1582082369274	-2.641	5.077	-11.970	-1.448	-4.089	-1.369	0.000000	0.000000
1582082369295	1582082369294	-4.274	7.302	-5.962	-3.654	-4.142	-2.032	0.000000	0.000000
1582082369317	1582082369315	-8.311	0.432	1.845	-1.203	-3.834	-1.866	0.000000	0.000000
1582082369336	1582082369336	-15.852	-2.745	6.183	0.876	-4.736	-0.870	0.000000	0.000000
1582082369360	1582082369354	-7.906	2.017	8.270	1.637	-6.082	-0.852	0.000000	0.000000
1582082369375	1582082369373	-9.063	6.792	8.615	2.434	-5.748	-0.168	0.000000	0.000000
1582082369395	1582082369393	-18.185	4.863	7.582	-0.176	-5.060	1.103	0.000000	0.000000
1582082369415	1582082369413	-16.434	4.185	7.774	-0.984	-5.506	0.785	0.000000	0.000000
1582082369444	1582082369438	-15.102	8.567	14.536	-1.135	-5.700	0.654	0.000000	0.000000
1582082369460	1582082369458	-10.953	12.797	9.594	-2.688	-4.258	1.036	0.000000	0.000000
1582082369473	1582082369472	-18.999	11.161	9.441	-1.176	-3.381	1.974	0.000000	0.000000
1582082369494	1582082369492	-10.845	9.975	11.346	0.425	-4.228	1.201	0.000000	0.000000
1582082369514	1582082369513	-8.019	7.467	12.297	0.824	-4.545	1.815	0.000000	0.000000
1582082369535	1582082369535	-7.180	7.403	11.817	-0.218	-3.545	2.093	0.000000	0.000000
1582082369555	1582082369554	-4.969	7.791	10.474	-0.937	-3.022	2.286	0.000000	0.000000
1582082369574	1582082369574	-3.481	6.341	7.838	-1.459	-2.888	2.614	0.000000	0.000000
1582082369593	1582082369592	-2.930	5.707	6.392	-2.001	-2.697	2.613	0.000000	0.000000
1582082369615	1582082369612	-2.696	4.459	5.153	-2.292	-2.420	2.537	0.000000	0.000000
1582082369643	1582082369636	-1.512	3.953	4.981	-1.979	-1.928	2.127	0.000000	0.000000
1582082369656	1582082369653	-0.283	4.298	5.136	-1.386	-1.382	1.653	0.000000	0.000000
1582082369673	1582082369672	0.179	5.223	5.100	-1.259	-0.940	1.679	0.000000	0.000000
1582082369693	1582082369692	-0.707	5.328	5.390	-1.664	-0.517	1.944	0.000000	0.000000
1582082369713	1582082369712	-2.020	3.857	5.189	-2.679	-0.185	2.116	0.000000	0.000000
1582082369733	1582082369733	-1.893	2.547	4.612	-3.503	0.006	1.971	0.000000	0.000000
1582082369758	1582082369757	-1.565	2.233	4.617	-3.368	0.137	1.733	0.000000	0.000000
1582082369774	1582082369773	-2.200	1.474	4.319	-2.946	0.259	1.834	0.000000	0.000000
1582082369794	1582082369791	-2.562	1.816	4.674	-3.075	0.470	1.671	0.000000	0.000000
1582082369812	1582082369812	-2.780	0.860	5.848	-2.446	0.205	1.408	0.000000	0.000000
1582082369834	1582082369834	-1.275	-0.184	6.622	-1.266	-0.045	0.674	0.000000	0.000000
1582082369857	1582082369857	0.423	0.436	6.272	-1.323	-0.147	0.382	0.000000	0.000000
1582082369873	1582082369871	-0.248	-0.062	5.285	-2.318	-0.028	0.900	0.000000	0.000000
1582082369894	1582082369894	-1.280	-2.134	5.603	-3.232	0.147	1.031	0.000000	0.000000
1582082369914	1582082369911	-0.499	-3.320	6.952	-2.799	-0.235	0.733	0.000000	0.000000
1582082369931	1582082369931	1.142	-3.550	8.457	-1.886	-0.171	0.903	0.000000	0.000000
1582082369957	1582082369951	0.749	-4.266	8.962	-1.219	1.019	1.257	0.000000	0.000000
1582082369973	1582082369972	-0.990	-5.495	9.036	-1.546	1.616	0.935	0.000000	0.000000
1582082369992	1582082369991	-2.928	-5.032	8.986	-2.639	1.073	0.766	0.000000	0.000000
1582082370012	1582082370010	-5.034	-3.102	8.279	-2.268	0.058	0.834	0.000000	0.000000
1582082370031	1582082370030	-2.732	-1.751	8.169	-1.145	-0.718	0.476	0.000000	0.000000
1582082370059	1582082370059	1.743	-3.368	7.841	-1.274	-1.241	0.436	0.000000	0.000000
1582082370073	1582082370070	1.135	-6.956	6.586	-1.683	-0.323	1.308	0.000000	0.000000
1582082370093	1582082370093	-0.432	-6.249	7.304	-1.454	0.952	0.999	0.000000	0.000000
1582082370110	1582082370110	-1.345	-4.448	8.001	-2.045	1.265	0.965	0.000000	0.000000
1582082370131	1582082370130	-3.352	-4.089	8.502	-2.242	0.973	1.204	0.000000	0.000000
1582082370151	1582082370150	-3.280	-4.093	7.254	-2.278	0.286	0.991	0.000000	0.000000
1582082370177	1582082370170	-1.457	-4.937	5.184	-1.669	-0.092	0.770	0.000000	0.000000
1582082370194	1582082370190	-1.278	-6.101	5.417	-0.958	-0.080	1.070	0.000000	0.000000
1582082370210	1582082370210	-1.960	-5.758	6.765	-0.877	0.301	1.155	0.000000	0.000000
1582082370231	1582082370229	-2.485	-6.491	6.442	-1.154	0.582	1.290	0.000000	0.000000
1582082370251	1582082370249	-3.122	-7.373	6.095	-1.409	0.652	1.238	0.000000	0.000000
1582082370270	1582082370269	-3.752	-7.438	5.534	-1.548	0.706	1.191	0.000000	0.000000
1582082370291	1582082370289	-4.363	-8.204	4.643	-1.853	0.657	1.121	0.000000	0.000000
1582082370310	1582082370309	-3.829	-9.172	3.589	-2.270	0.418	0.937	0.000000	0.000000
1582082370330	1582082370329	-3.587	-8.750	2.808	-2.567	0.402	0.758	0.000000	0.000000
1582082370351	1582082370349	-4.147	-8.846	2.461	-2.525	0.556	0.766	0.000000	0.000000
1582082370370	1582082370370	-5.084	-9.586	2.429	-2.341	0.696	0.499	0.000000	0.000000
1582082370394	1582082370389	-4.689	-8.966	2.046	-2.531	0.643	0.126	0.000000	0.000000
1582082370411	1582082370409	-4.294	-8.573	1.263	-2.491	0.574	0.106	0.000000	0.000000
1582082370430	1582082370429	-5.331	-9.704	0.705	-2.299	0.767	0.040	0.000000	0.000000
1582082370451	1582082370451	-6.766	-11.711	-0.227	-2.404	0.992	-0.121	0.000000	0.000000
1582082370469	1582082370469	-8.284	-14.895	-2.213	-2.876	1.178	-0.446	0.000000	0.000000
1582082370492	1582082370488	-11.272	-17.781	-4.697	-4.976	1.492	-1.222	0.000000	0.000000
1582082370509	1582082370508	-13.813	-16.948	-8.120	-8.632	1.106	-2.196	0.000000	0.000000
1582082370528	1582082370528	-12.627	-21.269	-12.566	-11.389	1.220	-2.269	0.000000	0.000000
1582082370549	1582082370549	-10.994	-26.980	-17.408	-11.570	3.218	-2.530	0.000000	0.000000
1582082370572	1582082370572	-12.065	-22.699	-16.222	-9.668	5.089	-3.018	0.000000	0.000000
1582082370595	1582082370591	-13.979	-13.522	-14.272	-5.870	6.021	-2.388	0.000000	0.000000
1582082370610	1582082370609	-13.025	-11.814	-10.521	-3.602	6.695	-1.195	0.000000	0.000000
1582082370628	1582082370628	-10.280	-2.194	-6.834	-0.036	6.200	1.368	0.000000	0.000000
1582082370649	1582082370648	-7.714	0.753	-3.571	3.251	5.021	3.456	0.000000	0.000000
1582082370669	1582082370669	-6.675	-2.242	-3.272	3.846	3.986	4.799	0.000000	0.000000
1582082370690	1582082370690	-5.352	-0.756	3.294	4.104	2.225	6.535	0.000000	0.000000
1582082370715	1582082370709	-3.843	11.633	6.964	2.790	1.028	8.383	0.000000	0.000000
1582082370728	1582082370727	-11.097	3.069	9.163	2.078	0.379	9.873	0.000000	0.000000
1582082370748	1582082370747	-15.780	-8.753	5.321	1.703	0.457	10.815	0.000000	0.000000
1582082370771	1582082370769	-16.609	-13.925	-2.304	-0.572	1.099	9.896	0.000000	0.000000
1582082370794	1582082370787	-14.740	-15.048	-10.137	-3.244	1.488	7.925	0.000000	0.000000
1582082370808	1582082370807	-14.417	-17.549	-11.536	-3.531	1.827	7.075	0.000000	0.000000
1582082370828	1582082370827	-13.820	-13.081	-12.636	-4.343	2.523	6.921	0.000000	0.000000
1582082370848	1582082370847	-17.795	-10.224	-12.449	-5.337	2.833	6.240	0.000000	0.000000
1582082370868	1582082370867	-17.040	-11.862	-12.619	-4.966	2.429	5.811	0.000000	0.000000
1582082370889	1582082370887	-17.663	-11.457	-11.783	-4.393	2.459	5.507	0.000000	0.000000
1582082370909	1582082370908	-16.209	-10.243	-10.937	-4.400	2.501	4.791	0.000000	0.000000
1582082370927	1582082370927	-15.950	-8.063	-12.049	-5.077	2.536	3.741	0.000000	0.000000
1582082370947	1582082370946	-13.868	-9.026	-10.449	-4.962	1.829	2.996	0.000000	0.000000
1582082370970	1582082370967	-10.083	-3.538	-9.459	-4.688	1.238	2.686	0.000000	0.000000
1582082370991	1582082370991	-10.162	1.174	-9.112	-4.419	1.239	2.337	0.000000	0.000000
1582082371007	1582082371006	-9.909	1.268	-6.800	-3.751	0.717	2.292	0.000000	0.000000
1582082371027	1582082371027	-8.500	2.394	-7.028	-3.834	0.364	2.111	0.000000	0.000000
1582082371047	1582082371046	-8.910	2.664	-5.322	-3.771	0.606	1.665	0.000000	0.000000
1582082371070	1582082371065	-8.672	4.396	-5.358	-3.991	0.111	1.460	0.000000	0.000000
1582082371092	1582082371090	-7.702	5.563	-4.640	-3.411	-0.840	1.145	0.000000	0.000000
1582082371108	1582082371108	-6.308	4.363	-5.804	-3.308	-1.434	0.830	0.000000	0.000000
1582082371126	1582082371126	-7.745	5.285	-5.224	-2.969	-1.478	0.752	0.000000	0.000000
1582082371146	1582082371145	-7.621	3.666	-4.237	-2.815	-2.027	0.557	0.000000	0.000000
1582082371166	1582082371166	-9.422	2.128	-1.133	-2.372	-2.144	0.377	0.000000	0.000000
1582082371191	1582082371191	-11.602	1.919	2.461	-2.084	-2.508	-0.023	0.000000	0.000000
1582082371208	1582082371208	-11.437	0.863	2.899	-2.225	-3.610	-0.415	0.000000	0.000000
1582082371227	1582082371226	-8.308	2.535	3.548	-1.806	-3.759	-0.414	0.000000	0.000000
1582082371246	1582082371245	-8.857	3.239	2.760	-0.886	-2.907	-0.898	0.000000	0.000000
1582082371266	1582082371265	-10.622	0.865	3.646	-0.434	-2.629	-1.343	0.000000	0.000000
1582082371286	1582082371285	-12.826	-0.289	4.487	0.446	-3.590	-1.122	0.000000	0.000000
1582082371310	1582082371305	-12.081	2.202	2.846	1.155	-4.536	-0.962	0.000000	0.000000
1582082371328	1582082371327	-13.497	2.760	2.439	1.505	-5.088	-0.877	0.000000	0.000000
1582082371345	1582082371344	-15.320	0.604	2.262	2.340	-5.678	-0.926	0.000000	0.000000
1582082371365	1582082371364	-15.691	-0.395	-0.280	3.010	-6.492	-0.995	0.000000	0.000000
1582082371390	1582082371385	-16.027	-1.729	-2.515	3.902	-7.570	-1.037	0.000000	0.000000
1582082371405	1582082371404	-14.438	-2.752	-5.274	4.909	-8.731	-1.237	0.000000	0.000000
1582082371427	1582082371424	-13.157	-4.577	-7.818	6.585	-9.535	-1.310	0.000000	0.000000
1582082371445	1582082371445	-10.939	-6.879	-9.582	9.131	-9.788	-1.201	0.000000	0.000000
1582082371465	1582082371463	-7.103	-3.780	-11.843	9.724	-8.566	-0.918	0.000000	0.000000
1582082371486	1582082371484	-7.398	-2.467	-14.037	9.613	-6.539	-0.464	0.000000	0.000000
1582082371507	1582082371504	-7.853	-3.368	-15.927	9.240	-6.350	-0.312	0.000000	0.000000
1582082371527	1582082371526	-4.737	-1.444	-17.240	7.945	-6.774	-0.314	0.000000	0.000000
1582082371545	1582082371544	-2.423	2.046	-18.352	6.319	-6.382	-0.641	0.000000	0.000000
1582082371564	1582082371564	-0.142	-0.795	-20.277	5.490	-4.712	-0.665	0.000000	0.000000
1582082371586	1582082371586	0.002	1.364	-18.330	2.533	-3.393	-0.180	0.000000	0.000000
1582082371604	1582082371604	-2.013	7.462	-11.213	-1.422	-3.569	-0.756	0.000000	0.000000
1582082371625	1582082371625	-3.850	5.235	-4.470	-2.483	-4.439	-2.192	0.000000	0.000000
1582082371649	1582082371643	-5.307	0.137	-0.445	-2.159	-4.432	-2.249	0.000000	0.000000
1582082371664	1582082371663	-13.796	-4.036	6.480	-1.502	-4.440	-1.536	0.000000	0.000000
1582082371685	1582082371683	-8.584	1.605	8.174	-0.362	-6.445	-0.798	0.000000	0.000000
1582082371707	1582082371703	-10.987	4.080	8.624	0.877	-5.920	-0.049	0.000000	0.000000
1582082371728	1582082371727	-14.676	4.391	8.028	0.267	-5.048	0.208	0.000000	0.000000
1582082371745	1582082371743	-13.787	3.752	7.965	0.086	-5.194	0.392	0.000000	0.000000
1582082371764	1582082371763	-15.356	6.488	11.968	-0.098	-4.670	0.658	0.000000	0.000000
1582082371783	1582082371783	-12.271	11.518	10.198	0.023	-3.793	0.772	0.000000	0.000000
1582082371804	1582082371804	-14.060	10.569	8.572	-0.062	-3.328	1.821	0.000000	0.000000
1582082371826	1582082371826	-11.152	8.275	10.284	-0.388	-3.521	1.651	0.000000	0.000000
1582082371843	1582082371843	-7.274	8.521	10.996	-0.513	-3.798	1.634	0.000000	0.000000
1582082371864	1582082371862	-5.719	7.886	11.607	-0.317	-3.956	2.155	0.000000	0.000000
1582082371885	1582082371882	-4.667	6.384	9.580	-0.708	-3.573	2.670	0.000000	0.000000
1582082371903	1582082371903	-5.736	5.364	7.815	-1.168	-3.113	3.033	0.000000	0.000000
1582082371926	1582082371926	-5.867	5.033	6.507	-1.916	-2.410	2.639	0.000000	0.000000
1582082371945	1582082371942	-5.072	5.788	6.238	-2.674	-2.215	2.237	0.000000	0.000000
1582082371963	1582082371962	-3.546	5.577	6.945	-2.425	-2.091	1.974	0.000000	0.000000
1582082371982	1582082371982	-1.474	4.835	6.722	-2.025	-1.935	1.575	0.000000	0.000000
1582082372002	1582082372002	-0.839	4.391	5.577	-1.902	-1.504	1.604	0.000000	0.000000
