1582082050826	1582082050825	-7.345	-7.900	-2.261	0.617	1.967	0.047	0.000000	0.000000
1582082050843	1582082050842	-7.144	-7.981	-2.213	0.952	1.926	-0.103	0.000000	0.000000
1582082050864	1582082050862	-6.809	-7.938	-1.981	1.458	1.886	-0.208	0.000000	0.000000
1582082050888	1582082050887	-6.564	-8.695	-1.866	1.577	1.761	-0.130	0.000000	0.000000
1582082050903	1582082050902	-6.370	-8.832	-2.000	1.092	1.432	0.086	0.000000	0.000000
1582082050923	1582082050922	-5.611	-7.373	-2.091	1.031	1.205	0.288	0.000000	0.000000
1582082050945	1582082050944	-5.161	-6.985	-2.290	1.282	1.309	0.548	0.000000	0.000000
1582082050967	1582082050962	-5.446	-7.373	-2.273	1.138	1.345	0.558	0.000000	0.000000
1582082050983	1582082050982	-5.858	-7.670	-1.870	1.119	1.176	0.676	0.000000	0.000000
1582082051003	1582082051002	-5.702	-7.979	-1.688	1.197	0.921	0.802	0.000000	0.000000
1582082051023	1582082051022	-5.494	-8.242	-1.442	1.327	0.766	0.958	0.000000	0.000000
1582082051046	1582082051042	-5.360	-8.127	-1.406	1.364	0.745	1.008	0.000000	0.000000
1582082051063	1582082051061	-5.700	-7.600	-1.461	1.210	0.825	1.094	0.000000	0.000000
1582082051083	1582082051082	-6.339	-7.227	-1.585	1.158	0.750	1.156	0.000000	0.000000
1582082051102	1582082051101	-6.725	-7.373	-1.267	0.813	0.672	1.145	0.000000	0.000000
1582082051122	1582082051121	-6.799	-7.136	-1.188	0.368	0.642	1.114	0.000000	0.000000
1582082051143	1582082051141	-7.015	-6.649	-1.363	-0.251	0.728	1.100	0.000000	0.000000
1582082051162	1582082051161	-7.578	-6.582	-1.636	-1.013	0.612	1.179	0.000000	0.000000
1582082051182	1582082051181	-8.320	-6.506	-2.273	-1.132	0.105	1.387	0.000000	0.000000
1582082051202	1582082051201	-8.313	-6.321	-2.448	-0.793	-0.513	1.386	0.000000	0.000000
1582082051222	1582082051221	-7.992	-5.658	-2.606	-1.277	-0.964	1.334	0.000000	0.000000
1582082051242	1582082051241	-7.137	-5.524	-3.241	-1.834	-1.252	1.275	0.000000	0.000000
1582082051262	1582082051260	-7.350	-5.078	-5.203	-2.537	-1.167	1.470	0.000000	0.000000
1582082051287	1582082051280	-8.466	-3.116	-5.421	-2.358	-1.158	1.468	0.000000	0.000000
1582082051302	1582082051300	-9.384	-3.945	-5.900	-2.476	-1.707	1.533	0.000000	0.000000
1582082051321	1582082051320	-8.879	-3.564	-7.253	-2.543	-2.513	1.459	0.000000	0.000000
1582082051341	1582082051340	-7.592	-2.879	-7.871	-2.232	-2.964	1.509	0.000000	0.000000
1582082051361	1582082051360	-7.254	-2.685	-8.652	-2.270	-3.078	1.557	0.000000	0.000000
1582082051381	1582082051380	-7.983	-3.027	-9.088	-2.127	-3.221	1.623	0.000000	0.000000
1582082051401	1582082051400	-7.978	-2.479	-9.352	-1.956	-3.450	1.521	0.000000	0.000000
1582082051421	1582082051420	-8.042	-2.630	-9.340	-1.959	-3.283	1.483	0.000000	0.000000
1582082051441	1582082051440	-9.096	-3.768	-9.239	-2.486	-2.969	1.432	0.000000	0.000000
1582082051461	1582082051460	-9.822	-2.999	-8.144	-2.843	-3.184	1.277	0.000000	0.000000
1582082051483	1582082051482	-10.740	-1.573	-6.987	-2.438	-3.497	1.348	0.000000	0.000000
1582082051502	1582082051501	-11.957	-1.461	-6.860	-2.088	-4.008	1.277	0.000000	0.000000
1582082051520	1582082051519	-11.811	-3.741	-5.176	-1.428	-4.109	1.364	0.000000	0.000000
1582082051541	1582082051539	-10.781	-4.007	-2.661	-1.549	-3.685	1.580	0.000000	0.000000
1582082051560	1582082051559	-9.178	-2.879	-0.584	-1.875	-2.910	2.040	0.000000	0.000000
1582082051580	1582082051579	-11.044	-1.942	0.638	-2.266	-1.577	2.485	0.000000	0.000000
1582082051600	1582082051599	-12.172	-2.158	1.203	-2.574	-1.012	2.548	0.000000	0.000000
1582082051621	1582082051619	-10.378	-1.719	2.180	-2.715	-1.099	2.425	0.000000	0.000000
1582082051641	1582082051640	-8.172	-1.056	2.937	-2.918	-1.137	2.499	0.000000	0.000000
1582082051663	1582082051663	-8.823	-0.730	3.191	-3.076	-0.815	2.746	0.000000	0.000000
1582082051682	1582082051682	-8.323	-0.622	3.170	-3.113	-0.843	2.750	0.000000	0.000000
1582082051706	1582082051703	-7.707	-0.697	3.036	-3.425	-0.970	2.752	0.000000	0.000000
1582082051720	1582082051720	-7.228	-0.397	2.746	-3.505	-0.976	2.767	0.000000	0.000000
1582082051741	1582082051740	-7.137	0.700	2.302	-3.127	-0.768	2.850	0.000000	0.000000
1582082051761	1582082051759	-7.127	-0.249	1.993	-2.585	-0.366	2.837	0.000000	0.000000
1582082051782	1582082051781	-6.926	-0.035	1.586	-2.128	-0.273	2.541	0.000000	0.000000
1582082051804	1582082051799	-6.009	1.390	1.136	-1.924	-0.432	2.142	0.000000	0.000000
1582082051820	1582082051820	-5.884	0.702	1.495	-1.820	-0.499	1.960	0.000000	0.000000
1582082051840	1582082051839	-5.640	0.542	1.725	-1.761	-0.570	1.606	0.000000	0.000000
1582082051860	1582082051860	-4.876	0.995	1.651	-1.455	-0.803	1.223	0.000000	0.000000
1582082051882	1582082051880	-4.765	1.184	2.331	-1.161	-0.835	1.027	0.000000	0.000000
1582082051900	1582082051900	-4.897	1.617	2.794	-1.253	-0.748	0.868	0.000000	0.000000
1582082051920	1582082051919	-4.619	1.409	2.837	-1.446	-0.708	0.799	0.000000	0.000000
1582082051940	1582082051939	-4.538	1.720	2.973	-1.683	-0.681	0.832	0.000000	0.000000
1582082051959	1582082051959	-4.878	1.560	3.215	-2.130	-0.558	0.865	0.000000	0.000000
1582082051980	1582082051978	-4.715	1.447	3.941	-2.380	-0.538	0.798	0.000000	0.000000
1582082051999	1582082051999	-4.921	1.852	4.303	-2.282	-0.481	0.718	0.000000	0.000000
1582082052025	1582082052019	-5.520	1.294	4.231	-2.347	-0.370	0.676	0.000000	0.000000
1582082052039	1582082052038	-6.107	0.822	4.396	-2.466	-0.373	0.660	0.000000	0.000000
1582082052060	1582082052058	-6.212	0.731	4.432	-2.404	-0.484	0.622	0.000000	0.000000
1582082052083	1582082052080	-6.002	1.203	4.938	-2.473	-0.486	0.643	0.000000	0.000000
1582082052102	1582082052098	-5.851	0.386	5.448	-2.438	-0.479	0.682	0.000000	0.000000
1582082052119	1582082052118	-5.889	0.051	5.218	-2.274	-0.463	0.561	0.000000	0.000000
1582082052140	1582082052138	-5.669	-0.438	5.323	-1.852	-0.389	0.393	0.000000	0.000000
1582082052159	1582082052158	-5.841	-1.327	4.914	-1.475	-0.324	0.191	0.000000	0.000000
1582082052179	1582082052177	-6.188	-1.581	4.818	-0.900	-0.288	-0.038	0.000000	0.000000
1582082052204	1582082052199	-7.005	-1.727	5.352	-0.700	-0.233	-0.217	0.000000	0.000000
1582082052219	1582082052218	-7.178	-1.274	5.589	-0.724	-0.195	-0.471	0.000000	0.000000
1582082052238	1582082052237	-6.969	-1.760	6.236	-0.861	-0.247	-0.635	0.000000	0.000000
1582082052259	1582082052257	-7.702	-2.893	6.751	-1.438	-0.383	-0.681	0.000000	0.000000
1582082052281	1582082052277	-8.574	-2.462	7.350	-1.873	-0.360	-0.621	0.000000	0.000000
1582082052303	1582082052303	-8.950	-3.372	8.526	-2.191	-0.315	-0.485	0.000000	0.000000
1582082052318	1582082052318	-9.161	-4.762	8.804	-2.612	-0.338	-0.523	0.000000	0.000000
1582082052337	1582082052336	-9.583	-4.580	8.945	-2.810	-0.301	-0.643	0.000000	0.000000
1582082052358	1582082052357	-9.434	-4.175	8.466	-3.050	-0.234	-0.711	0.000000	0.000000
1582082052377	1582082052377	-8.567	-4.884	8.399	-3.220	-0.318	-0.828	0.000000	0.000000
1582082052398	1582082052398	-8.881	-6.376	8.354	-3.596	-0.481	-0.941	0.000000	0.000000
1582082052422	1582082052417	-8.967	-5.825	8.116	-3.650	-0.444	-1.028	0.000000	0.000000
1582082052441	1582082052436	-8.850	-5.516	7.846	-3.596	-0.287	-1.040	0.000000	0.000000
1582082052458	1582082052456	-9.020	-6.295	7.074	-3.669	-0.212	-1.047	0.000000	0.000000
1582082052478	1582082052476	-9.223	-6.894	6.166	-3.539	-0.284	-1.116	0.000000	0.000000
1582082052497	1582082052497	-8.910	-6.944	5.251	-3.358	-0.440	-1.243	0.000000	0.000000
1582082052517	1582082052517	-8.402	-7.454	4.461	-3.260	-0.644	-1.289	0.000000	0.000000
1582082052537	1582082052536	-8.167	-7.565	3.804	-3.469	-0.800	-1.319	0.000000	0.000000
1582082052557	1582082052557	-7.848	-8.312	3.220	-3.719	-0.911	-1.312	0.000000	0.000000
1582082052576	1582082052576	-7.087	-9.112	2.750	-3.930	-0.864	-1.299	0.000000	0.000000
1582082052597	1582082052596	-6.370	-10.235	2.077	-4.142	-0.806	-1.355	0.000000	0.000000
1582082052622	1582082052616	-5.815	-11.519	1.680	-4.191	-0.924	-1.474	0.000000	0.000000
1582082052640	1582082052636	-5.661	-12.854	1.407	-4.433	-1.022	-1.677	0.000000	0.000000
1582082052657	1582082052656	-5.383	-14.691	0.860	-4.782	-1.092	-1.828	0.000000	0.000000
1582082052676	1582082052676	-4.466	-16.066	0.978	-4.952	-1.179	-1.980	0.000000	0.000000
1582082052697	1582082052696	-3.520	-16.473	1.296	-5.032	-1.227	-2.122	0.000000	0.000000
1582082052717	1582082052716	-2.142	-16.354	1.658	-5.196	-1.237	-2.187	0.000000	0.000000
1582082052737	1582082052735	-1.167	-15.807	1.799	-5.042	-1.229	-2.226	0.000000	0.000000
1582082052756	1582082052755	-0.149	-14.634	1.177	-4.568	-1.228	-2.319	0.000000	0.000000
1582082052775	1582082052775	0.593	-14.622	0.015	-4.092	-1.179	-2.398	0.000000	0.000000
1582082052799	1582082052796	1.132	-13.937	-1.097	-3.561	-0.957	-2.539	0.000000	0.000000
1582082052824	1582082052824	1.772	-12.964	-2.194	-2.768	-0.661	-2.755	0.000000	0.000000
1582082052839	1582082052835	1.762	-12.154	-3.456	-2.006	-0.408	-2.870	0.000000	0.000000
1582082052857	1582082052855	1.791	-11.100	-4.738	-1.314	-0.224	-2.881	0.000000	0.000000
1582082052875	1582082052875	2.452	-10.125	-4.906	-0.312	0.135	-2.970	0.000000	0.000000
1582082052896	1582082052895	2.888	-9.380	-5.066	0.728	0.621	-3.125	0.000000	0.000000
1582082052919	1582082052919	3.315	-8.401	-5.169	1.780	0.975	-3.251	0.000000	0.000000
1582082052937	1582082052937	4.031	-7.232	-4.987	2.989	1.230	-3.229	0.000000	0.000000
1582082052956	1582082052954	4.663	-6.558	-5.734	3.859	1.503	-3.129	0.000000	0.000000
1582082052974	1582082052974	4.951	-5.564	-6.645	4.259	1.842	-2.841	0.000000	0.000000
1582082052995	1582082052995	5.617	-5.298	-7.050	4.449	2.188	-2.307	0.000000	0.000000
1582082053024	1582082053015	6.426	-3.636	-6.463	4.500	2.614	-1.876	0.000000	0.000000
1582082053037	1582082053037	7.607	-2.187	-5.675	4.353	3.207	-1.317	0.000000	0.000000
1582082053056	1582082053054	7.768	-2.809	-5.191	4.008	3.837	-0.678	0.000000	0.000000
1582082053075	1582082053073	7.473	-2.958	-4.144	3.752	4.320	-0.003	0.000000	0.000000
1582082053096	1582082053095	6.673	-2.877	-3.071	4.383	4.423	0.582	0.000000	0.000000
1582082053115	1582082053115	5.377	-2.244	-1.782	5.097	4.728	0.855	0.000000	0.000000
1582082053139	1582082053139	2.790	-3.368	0.863	6.004	4.730	1.069	0.000000	0.000000
1582082053160	1582082053160	2.093	-5.138	9.288	7.666	3.101	0.474	0.000000	0.000000
1582082053174	1582082053173	6.596	2.619	13.669	6.421	1.345	-0.189	0.000000	0.000000
1582082053195	1582082053193	8.122	-1.228	13.667	3.751	1.409	0.287	0.000000	0.000000
1582082053214	1582082053214	6.302	-5.569	9.609	2.736	1.399	0.701	0.000000	0.000000
1582082053237	1582082053237	7.167	-2.649	8.916	3.289	1.187	0.156	0.000000	0.000000
1582082053257	1582082053255	7.943	-2.670	7.668	2.076	1.145	0.309	0.000000	0.000000
1582082053273	1582082053273	6.077	-4.122	6.550	1.390	1.170	0.259	0.000000	0.000000
1582082053294	1582082053293	6.218	-0.215	9.005	1.561	0.909	-0.214	0.000000	0.000000
1582082053316	1582082053314	5.933	-0.258	10.265	0.520	0.727	-0.128	0.000000	0.000000
1582082053336	1582082053336	3.413	-2.721	8.651	0.440	0.818	-0.080	0.000000	0.000000
1582082053354	1582082053354	0.675	-1.025	8.167	1.289	0.696	-0.075	0.000000	0.000000
1582082053373	1582082053373	-1.778	-2.577	7.843	0.953	0.925	0.103	0.000000	0.000000
1582082053394	1582082053392	-2.717	-3.741	9.225	1.260	0.848	0.207	0.000000	0.000000
1582082053413	1582082053412	-2.463	-3.202	10.550	1.282	0.616	0.287	0.000000	0.000000
1582082053443	1582082053436	-0.353	-3.020	11.278	0.653	0.455	0.339	0.000000	0.000000
1582082053454	1582082053453	0.169	-3.574	10.196	-0.164	-0.059	0.389	0.000000	0.000000
1582082053473	1582082053473	-0.204	-3.255	9.328	-0.343	-0.309	0.361	0.000000	0.000000
1582082053494	1582082053492	1.032	-2.158	7.747	-0.282	-0.639	0.306	0.000000	0.000000
1582082053513	1582082053512	0.641	-2.436	7.414	-0.396	-0.463	0.387	0.000000	0.000000
1582082053537	1582082053537	0.550	-2.805	6.681	-0.495	-0.245	0.426	0.000000	0.000000
1582082053555	1582082053555	-0.135	-3.123	6.363	0.308	0.108	0.455	0.000000	0.000000
1582082053574	1582082053572	-0.310	-3.159	7.129	0.551	0.472	0.455	0.000000	0.000000
1582082053593	1582082053592	-1.896	-3.001	8.231	0.333	0.786	0.493	0.000000	0.000000
1582082053613	1582082053611	-1.575	-2.682	9.561	0.861	0.764	0.289	0.000000	0.000000
1582082053638	1582082053635	-1.426	-2.417	10.021	0.522	0.642	0.208	0.000000	0.000000
1582082053653	1582082053652	-2.320	-0.857	9.616	0.075	0.596	0.178	0.000000	0.000000
1582082053673	1582082053671	-2.586	0.535	10.095	0.012	0.451	0.123	0.000000	0.000000
1582082053693	1582082053691	-2.907	0.295	8.234	-0.451	0.272	0.390	0.000000	0.000000
1582082053711	1582082053711	-4.389	-2.239	5.960	-0.574	0.224	0.670	0.000000	0.000000
1582082053736	1582082053736	-5.872	-2.563	4.310	-0.713	0.091	0.885	0.000000	0.000000
1582082053755	1582082053751	-8.205	-3.451	5.100	-1.503	-0.252	1.083	0.000000	0.000000
1582082053774	1582082053772	-9.417	-5.064	3.826	-3.785	-0.604	1.014	0.000000	0.000000
1582082053791	1582082053791	-10.661	-6.367	1.428	-6.201	-0.627	0.636	0.000000	0.000000
1582082053813	1582082053810	-9.528	-4.671	-1.149	-9.707	-0.463	-0.055	0.000000	0.000000
1582082053836	1582082053830	-6.811	-2.323	-4.434	-12.652	0.307	-0.120	0.000000	0.000000
1582082053851	1582082053850	-6.612	-4.311	-10.212	-12.941	2.752	0.485	0.000000	0.000000
1582082053870	1582082053870	-8.457	-7.215	-15.242	-8.549	5.599	0.775	0.000000	0.000000
1582082053892	1582082053890	-11.353	-11.697	-15.647	-1.631	5.098	1.350	0.000000	0.000000
1582082053911	1582082053910	-10.874	-16.691	-8.863	0.917	3.077	2.433	0.000000	0.000000
1582082053936	1582082053933	-6.689	-13.007	-4.276	0.046	2.240	2.967	0.000000	0.000000
1582082053958	1582082053950	-5.477	-12.650	-4.046	-0.595	2.241	3.674	0.000000	0.000000
1582082053974	1582082053974	-8.514	-14.576	-2.563	0.752	1.711	4.846	0.000000	0.000000
1582082053991	1582082053990	-8.459	-16.224	-0.728	1.470	1.329	6.110	0.000000	0.000000
1582082054010	1582082054010	-8.105	-9.086	1.581	0.523	1.470	6.568	0.000000	0.000000
1582082054031	1582082054030	-10.452	-9.090	1.462	-1.688	2.346	6.614	0.000000	0.000000
1582082054051	1582082054049	-17.265	-12.348	1.339	-2.083	2.953	6.739	0.000000	0.000000
1582082054073	1582082054070	-17.143	-10.992	0.815	-1.632	3.099	7.108	0.000000	0.000000
1582082054089	1582082054088	-19.069	-4.819	-0.139	-2.656	3.877	6.859	0.000000	0.000000
1582082054110	1582082054108	-22.976	-6.082	-1.506	-3.593	4.305	5.974	0.000000	0.000000
1582082054130	1582082054129	-20.044	-6.240	-1.674	-3.286	4.009	5.793	0.000000	0.000000
1582082054157	1582082054157	-21.361	-0.965	-2.913	-3.761	4.093	5.801	0.000000	0.000000
1582082054173	1582082054172	-22.300	-5.823	-2.972	-3.540	3.785	5.147	0.000000	0.000000
1582082054190	1582082054189	-18.990	-8.935	-4.010	-3.136	3.301	4.746	0.000000	0.000000
1582082054210	1582082054209	-16.499	-4.371	-5.583	-3.248	3.090	4.312	0.000000	0.000000
1582082054230	1582082054228	-15.461	-3.928	-6.106	-2.932	2.640	3.782	0.000000	0.000000
1582082054251	1582082054250	-13.703	-2.129	-6.561	-2.685	2.515	3.717	0.000000	0.000000
1582082054270	1582082054269	-13.583	0.410	-5.881	-3.043	2.261	3.002	0.000000	0.000000
1582082054294	1582082054294	-12.244	-1.082	-5.078	-3.141	1.688	2.171	0.000000	0.000000
1582082054310	1582082054308	-11.710	2.128	-1.847	-3.049	1.150	1.985	0.000000	0.000000
1582082054329	1582082054329	-13.099	4.365	-0.651	-3.022	0.809	1.523	0.000000	0.000000
1582082054350	1582082054348	-11.727	3.819	1.225	-2.132	0.235	1.181	0.000000	0.000000
1582082054371	1582082054371	-11.662	2.873	0.750	-1.322	-0.034	1.335	0.000000	0.000000
1582082054391	1582082054391	-12.223	3.955	1.272	-0.616	-0.167	1.420	0.000000	0.000000
1582082054409	1582082054408	-11.926	5.285	-0.062	-1.299	-0.234	1.167	0.000000	0.000000
1582082054429	1582082054428	-11.142	5.184	-0.560	-1.494	-0.333	0.819	0.000000	0.000000
1582082054449	1582082054449	-13.396	6.384	-1.971	-2.456	-0.903	1.016	0.000000	0.000000
1582082054468	1582082054468	-13.154	8.064	-0.443	-2.428	-2.158	-0.080	0.000000	0.000000
1582082054489	1582082054487	-10.115	3.553	1.608	-1.292	-2.202	-0.238	0.000000	0.000000
1582082054509	1582082054507	-11.607	0.168	2.314	-1.217	-1.127	1.079	0.000000	0.000000
1582082054529	1582082054527	-18.968	0.722	1.574	-0.844	-1.562	1.664	0.000000	0.000000
1582082054549	1582082054549	-17.627	0.561	0.635	1.785	-3.928	1.209	0.000000	0.000000
1582082054572	1582082054570	-15.780	-0.721	-0.153	2.811	-5.997	0.888	0.000000	0.000000
1582082054588	1582082054588	-18.003	0.302	-0.184	1.722	-7.447	0.525	0.000000	0.000000
1582082054608	1582082054607	-17.440	-1.722	-1.137	2.350	-9.021	-0.211	0.000000	0.000000
1582082054627	1582082054627	-14.702	-3.533	-1.789	3.658	-10.605	-0.662	0.000000	0.000000
1582082054648	1582082054647	-13.162	-2.577	-3.267	4.175	-11.496	-0.818	0.000000	0.000000
1582082054668	1582082054668	-11.918	-5.241	-4.719	5.522	-11.837	-1.348	0.000000	0.000000
1582082054689	1582082054689	-8.807	-8.504	-6.963	7.556	-11.047	-1.454	0.000000	0.000000
1582082054708	1582082054708	-7.218	-8.300	-9.692	9.273	-9.051	-0.773	0.000000	0.000000
1582082054727	1582082054726	-6.941	-8.305	-11.970	9.947	-7.364	-0.337	0.000000	0.000000
1582082054747	1582082054746	-6.605	-7.711	-14.294	9.268	-6.771	-0.507	0.000000	0.000000
1582082054772	1582082054769	-4.890	-4.395	-13.364	7.580	-6.877	-0.919	0.000000	0.000000
1582082054791	1582082054786	-2.962	-2.254	-12.389	4.980	-6.502	-1.023	0.000000	0.000000
1582082054807	1582082054806	-2.804	-2.395	-12.775	2.692	-5.456	-0.967	0.000000	0.000000
1582082054827	1582082054826	-3.153	1.136	-11.836	0.315	-4.518	-0.923	0.000000	0.000000
1582082054847	1582082054846	-3.755	5.881	-10.425	-1.819	-3.686	-0.993	0.000000	0.000000
1582082054867	1582082054866	-5.010	7.046	-6.781	-3.169	-3.413	-1.379	0.000000	0.000000
1582082054889	1582082054886	-9.803	1.131	2.168	-2.590	-4.244	-2.094	0.000000	0.000000
1582082054907	1582082054907	-17.251	-3.097	6.423	-0.890	-5.032	-1.614	0.000000	0.000000
1582082054926	1582082054926	-14.304	0.142	8.409	0.479	-6.973	-0.364	0.000000	0.000000
1582082054946	1582082054945	-11.226	6.777	12.953	1.884	-7.240	0.641	0.000000	0.000000
1582082054968	1582082054967	-14.798	5.323	12.776	1.403	-5.848	1.377	0.000000	0.000000
1582082054991	1582082054991	-13.854	4.260	9.434	-0.126	-5.752	1.704	0.000000	0.000000
1582082055006	1582082055006	-12.908	5.822	8.560	-1.224	-5.572	1.625	0.000000	0.000000
1582082055027	1582082055025	-9.971	7.812	14.805	-2.240	-5.031	1.157	0.000000	0.000000
1582082055046	1582082055045	-4.133	12.495	15.851	-2.881	-3.819	1.139	0.000000	0.000000
1582082055066	1582082055065	-8.057	8.751	10.268	-1.897	-2.229	2.163	0.000000	0.000000
1582082055092	1582082055085	-6.572	6.466	9.307	-0.835	-1.786	1.962	0.000000	0.000000
1582082055106	1582082055106	-5.467	7.748	9.848	-0.143	-1.796	1.921	0.000000	0.000000
1582082055126	1582082055125	-3.623	6.047	10.905	-0.688	-2.055	2.084	0.000000	0.000000
1582082055145	1582082055144	-2.506	4.241	10.442	-1.365	-1.755	2.191	0.000000	0.000000
1582082055165	1582082055164	-1.002	3.943	9.944	-1.499	-1.527	2.015	0.000000	0.000000
1582082055186	1582082055185	-1.268	3.723	9.075	-1.763	-1.058	1.984	0.000000	0.000000
1582082055205	1582082055205	-2.437	2.837	8.258	-2.058	-0.670	1.950	0.000000	0.000000
1582082055227	1582082055227	-2.006	3.081	6.725	-2.208	-0.606	1.556	0.000000	0.000000
1582082055246	1582082055244	-1.445	4.899	6.624	-1.852	-0.502	1.099	0.000000	0.000000
1582082055265	1582082055264	-0.949	4.514	6.195	-1.770	-0.397	0.915	0.000000	0.000000
1582082055285	1582082055284	-0.672	4.070	5.340	-1.970	-0.238	1.043	0.000000	0.000000
1582082055329	1582082055325	-0.779	3.776	4.485	-1.683	0.130	1.263	0.000000	0.000000
1582082055336	1582082055336	-1.510	2.734	4.928	-1.467	0.498	1.438	0.000000	0.000000
1582082055344	1582082055342	-2.296	1.802	4.413	-1.512	0.607	1.604	0.000000	0.000000
1582082055364	1582082055364	-2.123	1.747	3.984	-2.005	0.512	1.425	0.000000	0.000000
1582082055385	1582082055383	-1.124	2.897	4.806	-2.298	0.192	0.813	0.000000	0.000000
1582082055404	1582082055403	0.792	1.249	4.317	-2.000	0.007	0.307	0.000000	0.000000
1582082055426	1582082055426	0.119	-1.319	3.596	-2.001	0.709	0.214	0.000000	0.000000
1582082055445	1582082055444	-1.893	-2.623	5.060	-2.095	0.992	0.406	0.000000	0.000000
1582082055464	1582082055464	-1.115	-2.848	5.841	-1.886	0.524	0.515	0.000000	0.000000
1582082055485	1582082055485	-1.105	-2.570	7.628	-1.484	0.864	0.634	0.000000	0.000000
1582082055507	1582082055507	-3.448	-1.942	8.957	-1.415	1.380	0.697	0.000000	0.000000
1582082055528	1582082055524	-3.220	-0.203	8.725	-1.574	1.088	0.574	0.000000	0.000000
1582082055545	1582082055543	-2.629	-1.022	8.885	-1.824	0.739	0.359	0.000000	0.000000
1582082055564	1582082055563	-3.611	-2.292	9.455	-1.954	0.504	0.454	0.000000	0.000000
1582082055583	1582082055583	-4.205	-0.675	7.795	-1.162	0.376	0.414	0.000000	0.000000
1582082055608	1582082055608	-1.694	-4.019	9.709	-1.118	0.035	0.376	0.000000	0.000000
1582082055626	1582082055623	-3.817	-4.510	9.645	-1.227	0.608	0.662	0.000000	0.000000
1582082055648	1582082055643	-3.067	-1.145	9.963	-1.621	0.250	0.689	0.000000	0.000000
1582082055664	1582082055662	-2.003	-1.473	9.556	-1.924	0.099	0.725	0.000000	0.000000
1582082055685	1582082055682	-2.463	-3.978	9.321	-1.164	0.634	1.019	0.000000	0.000000
1582082055709	1582082055702	-4.432	-5.241	8.227	-1.718	0.986	1.165	0.000000	0.000000
1582082055727	1582082055724	-5.594	-3.348	7.058	-1.855	0.305	1.129	0.000000	0.000000
1582082055744	1582082055742	-3.611	-2.381	8.011	-1.208	-0.334	0.986	0.000000	0.000000
1582082055762	1582082055762	-2.689	-4.072	7.072	-1.564	-0.367	1.132	0.000000	0.000000
1582082055784	1582082055781	-2.545	-6.276	6.016	-1.454	-0.091	1.249	0.000000	0.000000
1582082055808	1582082055808	-2.636	-7.488	5.510	-1.198	0.348	1.315	0.000000	0.000000
1582082055827	1582082055827	-3.251	-8.496	5.417	-1.610	0.922	1.226	0.000000	0.000000
1582082055849	1582082055843	-4.351	-7.909	5.009	-1.739	1.154	1.130	0.000000	0.000000
1582082055863	1582082055861	-4.270	-6.726	4.212	-2.066	1.044	0.886	0.000000	0.000000
1582082055882	1582082055882	-4.167	-7.172	3.546	-1.866	1.100	0.567	0.000000	0.000000
1582082055903	1582082055901	-5.455	-8.173	3.869	-2.100	1.047	0.329	0.000000	0.000000
1582082055929	1582082055924	-5.870	-8.992	3.203	-2.950	0.730	0.013	0.000000	0.000000
1582082055940	1582082055940	-5.613	-9.696	2.501	-3.028	0.556	-0.061	0.000000	0.000000
1582082055961	1582082055960	-6.655	-10.650	2.346	-2.708	0.807	-0.255	0.000000	0.000000
1582082055982	1582082055980	-8.050	-11.589	1.287	-3.333	0.970	-0.825	0.000000	0.000000
1582082056001	1582082056000	-9.461	-13.838	-1.952	-4.823	0.960	-1.621	0.000000	0.000000
1582082056022	1582082056021	-11.736	-18.385	-5.732	-6.108	0.853	-2.383	0.000000	0.000000
1582082056047	1582082056041	-13.593	-23.430	-6.875	-8.223	0.879	-3.096	0.000000	0.000000
1582082056062	1582082056060	-12.491	-26.999	-9.907	-10.515	2.450	-3.038	0.000000	0.000000
1582082056082	1582082056080	-14.549	-22.469	-15.307	-9.754	4.242	-3.527	0.000000	0.000000
1582082056104	1582082056100	-16.640	-14.921	-14.289	-8.028	4.578	-4.047	0.000000	0.000000
1582082056133	1582082056125	-12.599	-13.172	-8.770	-6.674	4.925	-3.237	0.000000	0.000000
1582082056141	1582082056140	-12.489	-9.811	-6.642	-1.164	5.511	0.069	0.000000	0.000000
1582082056161	1582082056160	-9.789	1.816	-0.354	2.332	5.429	3.442	0.000000	0.000000
1582082056181	1582082056180	-13.023	7.331	-0.368	2.725	5.865	3.957	0.000000	0.000000
1582082056201	1582082056200	-9.367	-2.898	0.460	4.099	4.036	5.619	0.000000	0.000000
1582082056225	1582082056225	-9.271	3.548	5.850	4.447	2.191	8.518	0.000000	0.000000
1582082056248	1582082056248	-13.217	-0.642	6.749	3.140	1.937	10.035	0.000000	0.000000
1582082056262	1582082056262	-13.722	-5.950	4.288	0.650	2.344	9.167	0.000000	0.000000
1582082056280	1582082056280	-17.991	-13.455	-1.940	-1.568	2.737	7.914	0.000000	0.000000
1582082056300	1582082056299	-13.030	-13.616	-5.794	-2.643	2.551	6.960	0.000000	0.000000
1582082056325	1582082056325	-16.817	-10.868	-5.452	-4.181	3.208	6.702	0.000000	0.000000
1582082056340	1582082056338	-17.981	-12.885	-8.389	-4.573	3.103	6.632	0.000000	0.000000
1582082056360	1582082056359	-18.971	-12.288	-10.267	-5.016	3.315	5.966	0.000000	0.000000
1582082056380	1582082056379	-19.476	-13.362	-12.394	-5.452	3.414	5.053	0.000000	0.000000
1582082056400	1582082056399	-17.181	-10.889	-13.759	-5.318	2.826	4.568	0.000000	0.000000
1582082056421	1582082056421	-16.063	-12.260	-11.824	-5.011	2.562	3.941	0.000000	0.000000
1582082056443	1582082056439	-13.832	-8.470	-11.946	-4.823	2.147	3.585	0.000000	0.000000
1582082056463	1582082056459	-13.049	-4.314	-10.954	-4.590	1.959	3.374	0.000000	0.000000
1582082056480	1582082056479	-11.899	-4.287	-10.109	-4.773	1.933	2.781	0.000000	0.000000
1582082056500	1582082056499	-11.715	-0.040	-10.937	-5.381	1.785	2.067	0.000000	0.000000
1582082056520	1582082056518	-9.245	-2.146	-9.040	-4.351	1.322	1.698	0.000000	0.000000
1582082056540	1582082056540	-10.613	0.489	-7.009	-4.566	1.211	1.980	0.000000	0.000000
1582082056559	1582082056559	-9.849	2.058	-5.703	-3.438	0.494	2.144	0.000000	0.000000
1582082056580	1582082056578	-6.909	0.422	-4.527	-2.379	0.191	2.293	0.000000	0.000000
1582082056600	1582082056598	-9.209	3.009	-3.739	-2.028	0.750	2.082	0.000000	0.000000
1582082056621	1582082056621	-9.621	3.505	-2.520	-2.118	0.307	1.350	0.000000	0.000000
1582082056643	1582082056638	-7.386	3.716	-3.581	-2.646	-0.323	0.551	0.000000	0.000000
1582082056662	1582082056658	-7.753	1.090	-3.284	-2.990	-0.671	0.132	0.000000	0.000000
1582082056679	1582082056678	-8.512	1.582	-2.103	-2.400	-1.106	0.065	0.000000	0.000000
1582082056700	1582082056698	-8.649	5.201	-0.943	-2.151	-1.583	-0.119	0.000000	0.000000
1582082056719	1582082056718	-9.300	7.357	-0.479	-2.183	-1.822	-0.732	0.000000	0.000000
1582082056747	1582082056747	-9.997	3.972	0.319	-1.945	-2.261	-1.081	0.000000	0.000000
1582082056758	1582082056758	-10.299	2.497	0.422	-1.848	-3.028	-1.055	0.000000	0.000000
1582082056783	1582082056777	-10.028	5.663	0.444	-1.625	-3.765	-0.795	0.000000	0.000000
1582082056799	1582082056797	-9.832	6.705	1.122	-0.823	-3.883	-1.067	0.000000	0.000000
1582082056818	1582082056817	-8.986	4.133	1.148	-0.276	-3.790	-1.185	0.000000	0.000000
1582082056839	1582082056839	-10.876	1.840	1.586	-0.072	-3.692	-0.688	0.000000	0.000000
1582082056860	1582082056860	-13.710	3.127	1.366	0.429	-3.989	-0.483	0.000000	0.000000
1582082056878	1582082056877	-14.937	3.098	-0.186	1.772	-4.772	-0.485	0.000000	0.000000
1582082056899	1582082056897	-15.176	1.117	-1.861	3.140	-6.116	-0.546	0.000000	0.000000
1582082056918	1582082056917	-14.235	1.289	-3.523	3.927	-7.910	-0.675	0.000000	0.000000
1582082056939	1582082056939	-13.567	0.401	-5.957	4.959	-9.335	-0.367	0.000000	0.000000
1582082056959	1582082056959	-11.947	-1.298	-8.803	6.841	-10.729	-0.205	0.000000	0.000000
1582082056982	1582082056982	-7.501	-3.487	-9.534	9.073	-11.659	-0.197	0.000000	0.000000
1582082056997	1582082056996	-1.807	-2.972	-10.988	9.844	-10.335	-0.251	0.000000	0.000000
1582082057017	1582082057017	-0.688	-0.804	-9.826	9.965	-7.526	-0.227	0.000000	0.000000
1582082057038	1582082057036	-3.160	-3.164	-8.508	9.652	-5.902	-0.348	0.000000	0.000000
1582082057060	1582082057060	-3.862	-7.529	-12.188	8.443	-5.587	-0.298	0.000000	0.000000
1582082057083	1582082057076	-3.534	-0.857	-12.856	6.315	-5.859	-0.291	0.000000	0.000000
1582082057097	1582082057096	-4.085	3.357	-10.957	4.557	-5.985	-0.475	0.000000	0.000000
1582082057118	1582082057116	-3.496	-0.812	-11.735	3.613	-5.794	-0.596	0.000000	0.000000
1582082057138	1582082057138	-2.873	0.851	-11.117	1.452	-5.238	-0.565	0.000000	0.000000
1582082057156	1582082057156	-3.757	5.359	-9.007	-1.355	-4.485	-0.628	0.000000	0.000000
1582082057178	1582082057176	-5.913	4.904	-4.855	-3.273	-4.379	-1.022	0.000000	0.000000
1582082057197	1582082057195	-9.274	0.130	1.301	-2.781	-4.685	-1.054	0.000000	0.000000
1582082057216	1582082057216	-14.647	-1.844	6.490	-0.880	-5.006	-0.307	0.000000	0.000000
1582082057237	1582082057236	-10.594	4.442	8.109	0.592	-6.119	0.510	0.000000	0.000000
1582082057260	1582082057259	-11.981	6.801	8.461	0.315	-5.380	0.870	0.000000	0.000000
1582082057282	1582082057276	-15.646	5.213	7.965	-0.242	-4.919	1.234	0.000000	0.000000
1582082057296	1582082057295	-15.171	5.592	7.644	-0.552	-4.993	1.320	0.000000	0.000000
1582082057323	1582082057321	-14.331	6.727	8.423	-0.918	-4.814	1.394	0.000000	0.000000
1582082057337	1582082057335	-10.443	10.507	14.376	-0.489	-4.790	1.052	0.000000	0.000000
1582082057355	1582082057355	-7.417	12.476	10.907	0.276	-3.414	1.436	0.000000	0.000000
1582082057375	1582082057373	-8.725	9.427	9.489	-0.379	-2.488	2.034	0.000000	0.000000
1582082057396	1582082057394	-7.544	7.180	9.994	-0.118	-2.682	2.549	0.000000	0.000000
1582082057415	1582082057415	-4.380	6.341	10.126	0.246	-2.606	2.289	0.000000	0.000000
1582082057435	1582082057434	-2.423	5.486	9.793	-0.206	-2.457	2.255	0.000000	0.000000
1582082057461	1582082057461	-2.265	6.167	8.617	-1.580	-2.006	2.159	0.000000	0.000000
1582082057479	1582082057476	-2.835	6.825	6.531	-2.441	-1.285	2.084	0.000000	0.000000
1582082057494	1582082057493	-4.842	6.981	5.908	-2.116	-0.766	1.927	0.000000	0.000000
1582082057516	1582082057514	-4.076	6.923	6.272	-1.512	-1.041	1.688	0.000000	0.000000
1582082057535	1582082057534	-1.845	6.396	5.496	-1.891	-1.047	1.479	0.000000	0.000000
1582082057556	1582082057554	-1.567	6.329	4.415	-2.572	-0.729	1.486	0.000000	0.000000
1582082057581	1582082057574	-1.520	6.437	3.330	-3.004	-0.442	1.557	0.000000	0.000000
1582082057595	1582082057595	-2.118	4.461	3.570	-3.098	-0.048	1.699	0.000000	0.000000
1582082057614	1582082057614	-3.105	2.463	4.104	-3.698	0.402	1.646	0.000000	0.000000
1582082057635	1582082057634	-3.237	2.037	4.351	-3.641	0.263	1.363	0.000000	0.000000
1582082057657	1582082057653	-2.542	0.966	4.868	-2.770	-0.135	1.125	0.000000	0.000000
1582082057679	1582082057679	-1.407	1.160	4.674	-2.626	-0.196	0.651	0.000000	0.000000
1582082057695	1582082057694	-1.026	2.188	5.088	-2.945	0.275	0.380	0.000000	0.000000
1582082057714	1582082057713	-2.027	0.698	6.559	-2.572	0.634	0.504	0.000000	0.000000
1582082057734	1582082057733	-2.312	-0.888	5.824	-3.382	0.697	0.259	0.000000	0.000000
1582082057754	1582082057754	-2.190	-2.093	6.669	-3.005	0.363	0.413	0.000000	0.000000
1582082057777	1582082057773	-1.766	-0.321	6.873	-2.194	0.284	0.619	0.000000	0.000000
1582082057796	1582082057795	-2.229	1.028	8.380	-1.271	0.439	0.585	0.000000	0.000000
1582082057813	1582082057813	-2.320	-0.088	8.881	-1.000	0.562	0.442	0.000000	0.000000
1582082057833	1582082057832	-2.842	-1.245	9.283	-1.577	0.612	0.419	0.000000	0.000000
1582082057853	1582082057853	-4.011	-2.155	8.409	-2.019	0.346	0.521	0.000000	0.000000
1582082057875	1582082057873	-2.777	-2.057	8.116	-2.160	-0.057	0.583	0.000000	0.000000
1582082057894	1582082057893	-1.817	-2.242	8.148	-1.987	-0.096	0.833	0.000000	0.000000
1582082057914	1582082057913	-2.497	-2.359	8.222	-1.868	0.272	0.971	0.000000	0.000000
1582082057933	1582082057933	-3.146	-2.402	7.752	-2.032	0.436	0.978	0.000000	0.000000
1582082057954	1582082057952	-3.786	-3.427	7.779	-1.643	0.452	0.968	0.000000	0.000000
1582082057974	1582082057972	-3.501	-4.237	7.501	-1.791	0.231	0.986	0.000000	0.000000
1582082058003	1582082057996	-2.859	-4.688	7.517	-1.706	0.228	1.086	0.000000	0.000000
1582082058016	1582082058013	-2.981	-6.319	6.408	-1.636	0.575	1.190	0.000000	0.000000
1582082058033	1582082058032	-3.673	-6.618	6.150	-1.405	0.648	1.200	0.000000	0.000000
1582082058052	1582082058052	-3.091	-4.678	6.384	-1.371	0.421	1.194	0.000000	0.000000
1582082058073	1582082058071	-3.247	-5.243	6.075	-1.442	0.521	1.148	0.000000	0.000000
1582082058094	1582082058092	-3.771	-6.913	5.536	-1.442	0.786	1.065	0.000000	0.000000
1582082058115	1582082058115	-4.255	-8.621	5.280	-1.376	0.973	0.895	0.000000	0.000000
1582082058133	1582082058132	-4.243	-8.595	5.292	-1.596	0.940	0.759	0.000000	0.000000
1582082058153	1582082058152	-3.970	-7.368	5.129	-1.885	0.805	0.722	0.000000	0.000000
1582082058175	1582082058174	-3.989	-6.582	4.399	-2.081	0.786	0.638	0.000000	0.000000
1582082058204	1582082058191	-4.121	-7.217	4.102	-1.842	0.709	0.501	0.000000	0.000000
1582082058216	1582082058211	-4.037	-8.094	3.788	-1.758	0.736	0.346	0.000000	0.000000
1582082058233	1582082058231	-4.967	-7.768	3.306	-2.207	1.045	0.251	0.000000	0.000000
1582082058252	1582082058251	-6.545	-8.163	3.179	-2.638	1.287	0.149	0.000000	0.000000
1582082058272	1582082058271	-6.703	-9.558	2.058	-3.324	1.041	-0.022	0.000000	0.000000
1582082058293	1582082058291	-6.730	-12.195	0.005	-3.737	0.830	-0.319	0.000000	0.000000
1582082058314	1582082058314	-8.256	-15.379	-1.619	-3.833	1.021	-1.101	0.000000	0.000000
1582082058333	1582082058331	-10.797	-17.276	-3.061	-5.173	1.072	-2.212	0.000000	0.000000
1582082058351	1582082058350	-12.223	-15.894	-7.069	-7.974	1.057	-3.270	0.000000	0.000000
1582082058372	1582082058370	-12.017	-16.066	-14.150	-9.468	1.181	-3.603	0.000000	0.000000
1582082058402	1582082058393	-13.075	-20.359	-17.012	-9.784	1.843	-3.790	0.000000	0.000000
1582082058416	1582082058412	-13.622	-20.510	-18.443	-8.675	3.738	-3.476	0.000000	0.000000
1582082058432	1582082058430	-15.816	-18.392	-17.185	-4.889	6.266	-2.054	0.000000	0.000000
1582082058452	1582082058450	-17.124	-13.714	-10.269	-2.034	7.263	-0.596	0.000000	0.000000
1582082058470	1582082058470	-15.413	-0.895	-3.928	-0.857	6.454	1.414	0.000000	0.000000
1582082058492	1582082058492	-13.571	3.481	0.065	2.172	5.720	2.756	0.000000	0.000000
1582082058513	1582082058511	-8.641	-2.742	3.548	4.179	5.039	4.295	0.000000	0.000000
1582082058537	1582082058537	-9.039	-2.187	4.300	3.071	3.337	7.238	0.000000	0.000000
1582082058551	1582082058550	-9.841	4.147	8.349	3.397	1.427	9.745	0.000000	0.000000
1582082058570	1582082058569	-15.080	-3.564	6.713	2.162	1.220	9.977	0.000000	0.000000
1582082058591	1582082058589	-13.499	-11.028	-1.013	-0.309	1.810	8.413	0.000000	0.000000
1582082058615	1582082058615	-13.260	-14.689	-5.260	-2.489	2.492	7.371	0.000000	0.000000
1582082058635	1582082058631	-15.339	-17.618	-8.793	-3.663	3.025	6.751	0.000000	0.000000
1582082058650	1582082058649	-13.902	-12.820	-8.219	-4.044	3.238	6.082	0.000000	0.000000
1582082058670	1582082058669	-17.490	-13.738	-9.673	-4.495	3.787	5.748	0.000000	0.000000
1582082058693	1582082058690	-19.431	-10.990	-9.704	-5.085	3.501	5.192	0.000000	0.000000
1582082058713	1582082058713	-16.173	-13.307	-10.784	-4.623	3.042	4.551	0.000000	0.000000
1582082058730	1582082058730	-15.512	-7.718	-9.680	-5.135	2.811	4.204	0.000000	0.000000
1582082058750	1582082058749	-16.470	-8.087	-10.719	-5.153	2.707	3.713	0.000000	0.000000
1582082058770	1582082058768	-13.741	-6.206	-11.074	-4.709	1.950	3.196	0.000000	0.000000
1582082058790	1582082058788	-10.000	-6.355	-11.709	-4.589	2.243	2.700	0.000000	0.000000
1582082058815	1582082058815	-13.418	-0.047	-11.184	-4.832	2.624	2.461	0.000000	0.000000
1582082058829	1582082058829	-10.495	-2.163	-9.826	-4.306	1.228	1.963	0.000000	0.000000
1582082058849	1582082058848	-9.319	-2.788	-8.544	-4.444	1.127	1.662	0.000000	0.000000
1582082058869	1582082058868	-8.181	2.997	-8.235	-4.387	0.881	1.596	0.000000	0.000000
1582082058889	1582082058889	-8.857	0.894	-7.553	-3.834	0.874	1.487	0.000000	0.000000
1582082058911	1582082058912	-7.669	3.596	-6.154	-3.687	0.408	1.404	0.000000	0.000000
1582082058937	1582082058928	-5.767	2.168	-5.751	-2.986	0.213	1.093	0.000000	0.000000
1582082058951	1582082058951	-7.221	-0.347	-4.486	-2.606	0.960	0.938	0.000000	0.000000
1582082058969	1582082058968	-9.746	2.542	-3.037	-2.635	0.380	0.980	0.000000	0.000000
1582082058989	1582082058987	-7.396	5.525	-2.560	-1.952	-0.914	1.002	0.000000	0.000000
1582082059008	1582082059008	-7.089	7.288	-2.057	-1.844	-1.474	0.785	0.000000	0.000000
1582082059028	1582082059027	-9.017	5.316	-1.044	-2.155	-1.637	0.156	0.000000	0.000000
1582082059049	1582082059047	-10.771	4.650	0.698	-2.391	-1.767	-0.585	0.000000	0.000000
1582082059068	1582082059067	-12.532	2.945	-0.464	-1.769	-2.653	-0.780	0.000000	0.000000
1582082059088	1582082059087	-10.237	3.040	0.468	-1.335	-3.679	-0.297	0.000000	0.000000
1582082059108	1582082059107	-12.369	8.507	2.080	-0.165	-3.961	-0.090	0.000000	0.000000
1582082059136	1582082059132	-11.475	6.380	1.627	-0.073	-3.812	-0.544	0.000000	0.000000
1582082059152	1582082059150	-13.796	2.679	1.148	-0.580	-3.876	-0.137	0.000000	0.000000
1582082059167	1582082059167	-16.405	3.093	0.173	0.063	-5.149	0.029	0.000000	0.000000
1582082059188	1582082059186	-15.579	0.961	-2.690	1.282	-6.653	-0.354	0.000000	0.000000
1582082059209	1582082059208	-16.573	-2.249	-4.666	2.249	-7.910	-0.459	0.000000	0.000000
1582082059237	1582082059236	-16.350	-3.389	-6.408	3.370	-9.695	-0.496	0.000000	0.000000
1582082059249	1582082059248	-14.208	-3.820	-8.183	5.031	-11.331	-0.634	0.000000	0.000000
1582082059270	1582082059266	-12.189	-3.198	-9.479	6.140	-12.182	-0.822	0.000000	0.000000
1582082059287	1582082059287	-10.888	-4.050	-10.046	7.127	-11.994	-1.093	0.000000	0.000000
1582082059310	1582082059306	-9.041	-5.071	-10.094	8.299	-11.089	-1.580	0.000000	0.000000
1582082059339	1582082059339	-7.386	-4.316	-11.254	8.840	-9.066	-1.510	0.000000	0.000000
1582082059351	1582082059351	-7.762	-4.802	-11.544	8.465	-7.290	-1.068	0.000000	0.000000
1582082059367	1582082059367	-7.036	-5.845	-15.235	8.053	-6.384	-0.933	0.000000	0.000000
1582082059387	1582082059386	-4.859	-3.760	-19.628	7.651	-5.303	-0.668	0.000000	0.000000
1582082059406	1582082059406	-2.061	-0.522	-19.806	6.039	-4.160	-0.168	0.000000	0.000000
1582082059436	1582082059435	-1.429	1.742	-16.950	2.337	-3.697	-0.203	0.000000	0.000000
1582082059448	1582082059446	-2.550	3.268	-11.151	-1.646	-4.114	-0.979	0.000000	0.000000
1582082059471	1582082059465	-4.856	3.450	-4.000	-2.967	-4.325	-1.466	0.000000	0.000000
1582082059486	1582082059485	-9.954	2.686	2.623	-2.618	-4.317	-1.249	0.000000	0.000000
1582082059505	1582082059505	-12.714	1.974	4.923	-2.455	-5.090	-0.927	0.000000	0.000000
1582082059532	1582082059526	-8.787	6.437	8.128	-1.922	-6.171	-0.623	0.000000	0.000000
1582082059547	1582082059547	-9.255	8.116	8.514	-0.760	-5.182	-0.054	0.000000	0.000000
1582082059566	1582082059565	-14.644	3.728	8.401	-1.786	-4.728	1.047	0.000000	0.000000
1582082059586	1582082059586	-15.308	4.372	8.560	-1.909	-4.713	0.921	0.000000	0.000000
1582082059605	1582082059605	-14.913	6.135	14.773	-0.753	-4.963	0.832	0.000000	0.000000
1582082059626	1582082059626	-10.016	13.571	12.337	-0.476	-4.682	1.150	0.000000	0.000000
1582082059645	1582082059645	-12.833	11.827	10.004	-1.843	-2.782	1.648	0.000000	0.000000
1582082059666	1582082059664	-11.367	5.711	10.682	-1.597	-2.969	1.843	0.000000	0.000000
1582082059685	1582082059684	-9.140	6.511	11.357	-0.714	-3.699	2.015	0.000000	0.000000
1582082059706	1582082059704	-5.882	8.179	12.469	-0.717	-3.914	2.101	0.000000	0.000000
1582082059725	1582082059725	-4.739	6.023	10.418	-1.762	-3.233	2.450	0.000000	0.000000
1582082059747	1582082059747	-5.669	3.711	7.800	-2.133	-2.340	2.498	0.000000	0.000000
1582082059768	1582082059764	-6.057	4.918	7.309	-1.179	-2.232	2.101	0.000000	0.000000
1582082059785	1582082059784	-2.262	5.057	7.022	-1.072	-2.611	1.630	0.000000	0.000000
1582082059805	1582082059804	-1.232	5.204	6.423	-1.894	-2.321	1.648	0.000000	0.000000
1582082059827	1582082059827	-0.887	5.479	6.672	-2.451	-1.793	1.624	0.000000	0.000000
1582082059847	1582082059847	-0.772	3.148	5.211	-2.601	-1.154	1.842	0.000000	0.000000
1582082059869	1582082059864	-0.111	2.410	3.222	-2.595	-0.684	1.878	0.000000	0.000000
1582082059885	1582082059883	0.215	2.834	2.887	-2.777	0.006	1.998	0.000000	0.000000
1582082059904	1582082059904	-1.108	1.687	3.172	-2.903	0.862	2.121	0.000000	0.000000
1582082059925	1582082059923	-2.741	-0.261	3.922	-2.916	1.145	1.914	0.000000	0.000000
1582082059949	1582082059948	-3.347	-1.185	4.676	-2.456	0.677	1.493	0.000000	0.000000
1582082059966	1582082059964	-2.942	-1.875	5.412	-1.527	0.107	1.152	0.000000	0.000000
1582082059984	1582082059983	-1.932	-1.583	5.956	-1.276	-0.053	0.794	0.000000	0.000000
1582082060004	1582082060003	-0.640	-0.131	6.432	-1.755	0.182	0.549	0.000000	0.000000
1582082060025	1582082060023	-0.264	0.355	6.550	-2.143	0.195	0.424	0.000000	0.000000
1582082060044	1582082060043	-0.346	-0.059	6.257	-2.523	0.153	0.269	0.000000	0.000000
1582082060066	1582082060063	-0.133	-2.057	6.538	-1.849	0.179	0.489	0.000000	0.000000
1582082060086	1582082060083	-1.829	-3.370	8.883	-0.871	0.847	0.820	0.000000	0.000000
1582082060103	1582082060103	-2.849	-3.890	9.367	-0.790	0.879	0.741	0.000000	0.000000
1582082060123	1582082060123	-2.245	-2.191	8.643	-1.571	0.412	0.544	0.000000	0.000000
1582082060152	1582082060147	-1.848	-2.191	9.566	-1.680	0.202	0.599	0.000000	0.000000
1582082060164	1582082060163	-1.340	-3.071	9.051	-1.948	0.356	0.529	0.000000	0.000000
1582082060183	1582082060182	-4.780	-1.042	6.531	-1.456	0.400	0.477	0.000000	0.000000
1582082060204	1582082060202	-0.485	-3.559	7.628	-1.471	-0.906	0.422	0.000000	0.000000
1582082060223	1582082060222	-0.020	-5.512	8.217	-1.725	-0.572	0.901	0.000000	0.000000
1582082060242	1582082060242	-1.019	-6.419	9.151	-1.680	0.535	0.823	0.000000	0.000000
1582082060263	1582082060263	-1.512	-5.543	8.890	-2.375	0.999	0.640	0.000000	0.000000
1582082060286	1582082060282	-2.799	-3.708	7.494	-2.560	0.970	0.811	0.000000	0.000000
1582082060303	1582082060302	-3.474	-2.618	7.187	-1.437	0.493	0.965	0.000000	0.000000
1582082060337	1582082060337	-2.523	-4.125	6.713	-1.189	-0.170	1.042	0.000000	0.000000
1582082060345	1582082060345	-1.783	-6.484	5.244	-1.418	-0.467	1.066	0.000000	0.000000
1582082060363	1582082060363	-1.285	-7.054	5.352	-1.388	-0.299	1.062	0.000000	0.000000
1582082060383	1582082060383	-1.232	-6.815	5.972	-1.402	0.300	1.137	0.000000	0.000000
1582082060405	1582082060404	-2.554	-7.768	5.948	-1.413	0.855	1.176	0.000000	0.000000
1582082060423	1582082060421	-3.664	-8.139	5.402	-1.669	0.935	1.034	0.000000	0.000000
1582082060443	1582082060441	-4.202	-8.566	4.514	-1.934	0.802	0.896	0.000000	0.000000
1582082060465	1582082060461	-3.848	-8.580	4.178	-2.047	0.645	0.668	0.000000	0.000000
1582082060484	1582082060483	-3.414	-8.597	3.618	-2.303	0.618	0.472	0.000000	0.000000
1582082060502	1582082060501	-3.747	-8.839	3.301	-2.837	0.801	0.329	0.000000	0.000000
1582082060522	1582082060521	-4.504	-8.671	2.494	-3.478	0.863	0.230	0.000000	0.000000
1582082060542	1582082060541	-4.667	-9.867	1.598	-3.398	0.777	0.152	0.000000	0.000000
1582082060562	1582082060562	-4.061	-12.341	0.832	-2.728	0.607	-0.065	0.000000	0.000000
1582082060582	1582082060582	-4.495	-14.943	-1.607	-2.407	0.595	-0.609	0.000000	0.000000
1582082060605	1582082060600	-7.860	-17.714	-3.145	-2.912	1.127	-1.471	0.000000	0.000000
1582082060621	1582082060620	-14.110	-17.101	-5.361	-4.735	1.290	-2.348	0.000000	0.000000
1582082060641	1582082060640	-15.325	-12.566	-8.690	-8.208	-0.264	-3.182	0.000000	0.000000
1582082060661	1582082060660	-10.524	-17.091	-10.109	-10.826	-0.599	-2.716	0.000000	0.000000
1582082060682	1582082060681	-7.992	-27.411	-12.013	-10.999	2.080	-1.762	0.000000	0.000000
1582082060705	1582082060704	-12.115	-18.148	-14.397	-10.440	5.494	-1.237	0.000000	0.000000
1582082060722	1582082060720	-13.528	-12.770	-17.834	-3.783	7.692	-0.418	0.000000	0.000000
1582082060741	1582082060740	-14.213	-18.220	-8.334	0.532	6.626	-0.943	0.000000	0.000000
1582082060761	1582082060761	-6.524	-0.519	-4.185	0.111	6.706	1.072	0.000000	0.000000
