1582081981135	1582081981132	-8.469	3.081	-5.516	-2.701	0.177	0.846	0.000000	0.000000
1582081981154	1582081981152	-7.082	4.799	-5.957	-2.071	-0.497	0.586	0.000000	0.000000
1582081981175	1582081981174	-7.398	4.269	-4.177	-1.610	-1.078	0.585	0.000000	0.000000
1582081981192	1582081981191	-7.202	6.334	-3.746	-1.690	-1.572	0.538	0.000000	0.000000
1582081981212	1582081981210	-5.896	8.505	-3.667	-2.098	-1.848	0.198	0.000000	0.000000
1582081981232	1582081981231	-6.988	7.774	-2.798	-2.772	-1.840	-0.323	0.000000	0.000000
1582081981252	1582081981250	-8.759	3.127	-0.536	-2.951	-1.679	-0.509	0.000000	0.000000
1582081981271	1582081981270	-12.239	1.888	2.837	-2.023	-1.459	-0.302	0.000000	0.000000
1582081981292	1582081981290	-14.125	0.504	1.421	-1.453	-2.063	-0.400	0.000000	0.000000
1582081981311	1582081981310	-12.187	0.408	0.774	-0.590	-4.139	0.028	0.000000	0.000000
1582081981331	1582081981330	-10.567	2.463	3.795	0.922	-4.581	0.441	0.000000	0.000000
1582081981354	1582081981353	-16.214	4.576	1.931	1.609	-3.719	-0.062	0.000000	0.000000
1582081981373	1582081981371	-13.852	3.817	1.272	2.877	-4.833	-0.417	0.000000	0.000000
1582081981392	1582081981390	-13.880	3.563	1.107	1.894	-5.743	0.282	0.000000	0.000000
1582081981411	1582081981410	-15.481	3.972	0.137	1.338	-6.623	-0.137	0.000000	0.000000
1582081981431	1582081981429	-13.291	1.898	-0.431	2.203	-7.831	-0.610	0.000000	0.000000
1582081981451	1582081981449	-12.496	-0.007	-2.045	3.116	-8.754	-0.829	0.000000	0.000000
1582081981471	1582081981469	-11.482	-3.181	-5.004	4.663	-9.828	-1.404	0.000000	0.000000
1582081981490	1582081981489	-7.738	-8.448	-7.433	7.216	-10.708	-1.874	0.000000	0.000000
1582081981510	1582081981509	-3.786	-8.448	-8.992	9.556	-10.239	-1.824	0.000000	0.000000
1582081981530	1582081981529	-2.842	-4.182	-8.805	10.610	-8.030	-1.530	0.000000	0.000000
1582081981550	1582081981549	-6.670	-8.856	-9.332	10.520	-6.153	-0.960	0.000000	0.000000
1582081981572	1582081981571	-7.345	-9.986	-14.610	8.807	-6.241	-0.742	0.000000	0.000000
1582081981591	1582081981589	-4.662	-3.339	-17.995	6.862	-6.404	-0.941	0.000000	0.000000
1582081981610	1582081981609	-2.557	-0.943	-18.960	5.289	-5.675	-1.194	0.000000	0.000000
1582081981630	1582081981629	-1.891	0.310	-17.036	3.465	-4.560	-0.532	0.000000	0.000000
1582081981650	1582081981649	-2.552	8.622	-11.498	-1.212	-4.456	-0.564	0.000000	0.000000
1582081981670	1582081981668	-3.376	6.854	-5.248	-3.794	-5.190	-2.050	0.000000	0.000000
1582081981690	1582081981688	-6.337	-2.211	2.889	-2.846	-5.616	-2.342	0.000000	0.000000
1582081981710	1582081981708	-13.123	-4.077	11.058	-1.258	-6.231	-1.369	0.000000	0.000000
1582081981729	1582081981728	-8.962	-0.972	12.553	-0.059	-6.968	-0.282	0.000000	0.000000
1582081981749	1582081981748	-11.609	2.185	12.852	1.456	-6.985	1.117	0.000000	0.000000
1582081981773	1582081981771	-13.705	5.021	12.778	1.462	-5.990	0.932	0.000000	0.000000
1582081981791	1582081981790	-13.715	9.113	15.267	0.720	-5.511	1.271	0.000000	0.000000
1582081981809	1582081981808	-14.494	7.958	9.695	-1.498	-4.408	2.147	0.000000	0.000000
1582081981829	1582081981828	-15.322	10.603	7.896	-2.460	-3.514	1.647	0.000000	0.000000
1582081981849	1582081981848	-6.967	7.678	12.095	-0.553	-3.976	0.926	0.000000	0.000000
1582081981869	1582081981867	-3.877	3.761	12.639	-0.323	-3.568	1.170	0.000000	0.000000
1582081981889	1582081981888	-3.505	7.163	12.634	-0.204	-2.966	1.182	0.000000	0.000000
1582081981909	1582081981907	-5.036	8.900	11.312	-0.571	-2.585	1.736	0.000000	0.000000
1582081981929	1582081981928	-5.261	5.992	9.731	-0.897	-2.376	1.867	0.000000	0.000000
1582081981950	1582081981948	-3.491	5.460	10.495	-0.516	-2.472	1.407	0.000000	0.000000
1582081981970	1582081981969	-1.869	5.462	10.150	-0.290	-2.248	1.536	0.000000	0.000000
1582081981998	1582081981998	-1.481	6.071	9.376	-0.364	-1.328	1.459	0.000000	0.000000
1582081982013	1582081982008	-0.607	6.315	9.151	-0.326	-0.788	1.274	0.000000	0.000000
1582081982030	1582081982028	0.313	5.862	9.072	-0.124	-0.978	1.287	0.000000	0.000000
1582081982048	1582081982048	0.921	4.698	7.997	-0.299	-1.058	1.505	0.000000	0.000000
1582081982071	1582081982070	0.797	4.677	6.169	-0.753	-0.711	1.679	0.000000	0.000000
1582081982089	1582081982088	0.224	5.587	5.544	-1.156	-0.181	1.706	0.000000	0.000000
1582081982110	1582081982108	-0.940	4.708	5.807	-1.517	0.437	1.803	0.000000	0.000000
1582081982128	1582081982128	-2.073	4.094	6.351	-1.758	0.869	1.766	0.000000	0.000000
1582081982148	1582081982148	-2.308	3.958	6.478	-1.687	0.810	1.679	0.000000	0.000000
1582081982168	1582081982167	-2.480	3.335	5.948	-1.339	0.812	1.787	0.000000	0.000000
1582081982197	1582081982191	-3.141	2.652	5.350	-1.172	0.991	1.900	0.000000	0.000000
1582081982209	1582081982208	-3.319	2.334	5.711	-1.697	1.074	1.761	0.000000	0.000000
1582081982228	1582081982228	-2.914	1.934	5.369	-2.504	0.970	1.506	0.000000	0.000000
1582081982248	1582081982247	-2.188	1.800	3.697	-3.197	0.766	1.178	0.000000	0.000000
1582081982267	1582081982267	-1.256	2.374	2.806	-3.411	0.197	0.691	0.000000	0.000000
1582081982288	1582081982289	-0.442	2.125	3.546	-2.626	-0.539	0.540	0.000000	0.000000
1582081982311	1582081982308	0.526	0.853	5.364	-1.769	-0.434	0.520	0.000000	0.000000
1582081982330	1582081982327	0.720	-0.737	6.463	-1.508	0.361	0.656	0.000000	0.000000
1582081982347	1582081982347	-0.075	-2.623	6.691	-0.951	1.277	0.841	0.000000	0.000000
1582081982367	1582081982367	-1.999	-2.426	8.509	-0.586	2.120	0.705	0.000000	0.000000
1582081982393	1582081982391	-4.794	-0.507	10.229	-1.614	2.121	0.730	0.000000	0.000000
1582081982408	1582081982407	-5.451	1.613	9.872	-2.971	0.733	0.726	0.000000	0.000000
1582081982428	1582081982427	-3.838	0.250	9.844	-2.751	-0.435	0.592	0.000000	0.000000
1582081982447	1582081982446	-1.853	-1.358	9.113	-2.432	-0.885	0.595	0.000000	0.000000
1582081982467	1582081982466	-0.765	-2.591	8.509	-2.462	-0.708	0.768	0.000000	0.000000
1582081982488	1582081982488	-0.636	-2.958	8.236	-1.732	-0.137	0.953	0.000000	0.000000
1582081982512	1582081982506	-1.038	-3.152	8.445	-1.341	0.916	1.093	0.000000	0.000000
1582081982529	1582081982528	-2.751	-3.916	8.203	-1.246	1.654	1.241	0.000000	0.000000
1582081982547	1582081982546	-3.915	-3.952	7.767	-1.094	1.552	1.176	0.000000	0.000000
1582081982566	1582081982566	-4.643	-4.867	7.733	-0.820	0.829	1.173	0.000000	0.000000
1582081982588	1582081982588	-4.339	-5.777	7.862	-1.117	0.151	1.065	0.000000	0.000000
1582081982608	1582081982608	-3.115	-5.619	7.120	-1.476	-0.197	0.994	0.000000	0.000000
1582081982628	1582081982627	-1.975	-4.719	6.133	-1.805	-0.119	0.895	0.000000	0.000000
1582081982647	1582081982645	-2.027	-4.654	5.577	-1.917	0.351	0.938	0.000000	0.000000
1582081982667	1582081982665	-3.534	-4.877	6.080	-1.395	0.843	1.025	0.000000	0.000000
1582081982689	1582081982685	-4.174	-6.384	6.253	-0.904	0.772	0.943	0.000000	0.000000
1582081982709	1582081982709	-3.975	-7.902	6.133	-1.048	0.533	0.737	0.000000	0.000000
1582081982729	1582081982726	-3.659	-8.103	5.910	-1.521	0.648	0.738	0.000000	0.000000
1582081982745	1582081982745	-3.939	-7.454	5.096	-1.721	0.756	0.733	0.000000	0.000000
1582081982767	1582081982765	-4.016	-7.598	5.007	-1.300	0.838	0.687	0.000000	0.000000
1582081982785	1582081982785	-4.097	-8.805	5.024	-0.785	0.843	0.627	0.000000	0.000000
1582081982806	1582081982806	-4.440	-9.514	5.419	-0.750	0.905	0.477	0.000000	0.000000
1582081982826	1582081982825	-5.062	-8.127	5.548	-1.161	0.828	0.397	0.000000	0.000000
1582081982845	1582081982845	-4.557	-7.483	5.469	-1.520	0.646	0.386	0.000000	0.000000
1582081982866	1582081982864	-3.937	-7.636	4.324	-1.697	0.930	0.425	0.000000	0.000000
1582081982885	1582081982885	-4.983	-8.851	4.456	-1.101	1.446	0.368	0.000000	0.000000
1582081982909	1582081982909	-6.282	-9.958	4.755	-1.431	1.605	0.281	0.000000	0.000000
1582081982930	1582081982925	-6.390	-10.137	3.222	-2.134	1.591	0.131	0.000000	0.000000
1582081982948	1582081982947	-7.362	-11.079	2.113	-1.999	1.663	0.037	0.000000	0.000000
1582081982965	1582081982965	-8.383	-11.244	1.718	-1.716	1.690	-0.148	0.000000	0.000000
1582081982985	1582081982984	-8.809	-10.724	0.935	-1.835	1.754	-0.443	0.000000	0.000000
1582081983005	1582081983005	-9.262	-10.027	-0.397	-2.750	1.793	-0.674	0.000000	0.000000
1582081983027	1582081983025	-9.458	-9.383	-1.164	-2.924	1.749	-0.868	0.000000	0.000000
1582081983047	1582081983047	-8.886	-10.212	-0.795	-2.103	1.617	-0.896	0.000000	0.000000
1582081983065	1582081983064	-8.569	-10.425	-0.824	-2.149	1.588	-0.916	0.000000	0.000000
1582081983084	1582081983084	-9.211	-10.283	-0.766	-2.448	1.941	-0.679	0.000000	0.000000
1582081983105	1582081983104	-10.141	-11.186	-1.013	-2.850	2.514	-0.149	0.000000	0.000000
1582081983127	1582081983126	-10.469	-11.330	-1.375	-2.472	2.744	0.139	0.000000	0.000000
1582081983147	1582081983144	-10.426	-11.644	-1.367	-1.307	2.751	0.228	0.000000	0.000000
1582081983164	1582081983164	-9.827	-12.636	-0.483	-0.467	2.656	0.081	0.000000	0.000000
1582081983184	1582081983183	-8.546	-11.309	-0.057	-0.172	2.836	0.132	0.000000	0.000000
1582081983208	1582081983205	-8.198	-8.003	-0.167	-0.070	3.112	0.089	0.000000	0.000000
1582081983225	1582081983225	-9.365	-7.440	0.082	-0.224	3.206	-0.020	0.000000	0.000000
1582081983248	1582081983242	-7.439	-8.391	-0.151	-0.041	2.999	-0.187	0.000000	0.000000
1582081983265	1582081983263	-7.118	-9.687	-0.321	-0.356	2.849	0.033	0.000000	0.000000
1582081983283	1582081983283	-7.357	-8.190	0.017	-0.602	2.618	0.365	0.000000	0.000000
1582081983304	1582081983303	-6.152	-8.590	-0.088	-0.192	2.475	0.805	0.000000	0.000000
1582081983326	1582081983326	-6.749	-8.539	-0.543	0.395	2.332	1.108	0.000000	0.000000
1582081983346	1582081983343	-6.061	-8.367	-0.781	0.883	2.087	0.958	0.000000	0.000000
1582081983364	1582081983363	-5.240	-8.729	-1.317	0.382	1.894	0.876	0.000000	0.000000
1582081983384	1582081983382	-5.043	-8.077	-1.657	0.282	1.801	1.024	0.000000	0.000000
1582081983405	1582081983402	-5.271	-8.379	-1.073	0.327	2.024	1.081	0.000000	0.000000
1582081983428	1582081983428	-6.033	-9.169	-1.463	0.031	1.853	1.209	0.000000	0.000000
1582081983443	1582081983443	-5.745	-8.501	-1.557	0.161	1.571	1.129	0.000000	0.000000
1582081983470	1582081983463	-5.611	-8.060	-1.935	0.341	1.506	1.155	0.000000	0.000000
1582081983483	1582081983482	-6.042	-8.051	-2.235	0.453	1.483	1.157	0.000000	0.000000
1582081983504	1582081983502	-6.615	-7.924	-2.503	0.631	1.397	1.192	0.000000	0.000000
1582081983531	1582081983527	-6.830	-7.557	-2.371	0.963	1.159	1.123	0.000000	0.000000
1582081983543	1582081983542	-6.663	-7.691	-2.074	0.797	0.874	1.036	0.000000	0.000000
1582081983563	1582081983562	-6.358	-7.428	-2.421	0.280	0.634	1.019	0.000000	0.000000
1582081983583	1582081983581	-6.342	-6.716	-2.553	0.026	0.453	1.039	0.000000	0.000000
1582081983603	1582081983601	-6.543	-6.266	-2.342	-0.211	0.352	0.988	0.000000	0.000000
1582081983625	1582081983626	-6.421	-5.902	-2.647	-0.696	0.232	0.952	0.000000	0.000000
1582081983645	1582081983641	-6.358	-5.722	-3.269	-1.122	0.087	0.933	0.000000	0.000000
1582081983662	1582081983662	-6.366	-5.492	-3.832	-1.487	-0.142	0.901	0.000000	0.000000
1582081983682	1582081983681	-6.380	-5.258	-4.517	-1.962	-0.387	0.817	0.000000	0.000000
1582081983702	1582081983701	-6.323	-5.282	-5.370	-2.467	-0.667	0.785	0.000000	0.000000
1582081983722	1582081983722	-6.485	-5.332	-6.144	-2.676	-0.869	0.795	0.000000	0.000000
1582081983747	1582081983747	-7.113	-5.167	-7.105	-2.775	-1.162	0.778	0.000000	0.000000
1582081983762	1582081983761	-7.769	-4.812	-7.469	-2.815	-1.585	0.623	0.000000	0.000000
1582081983783	1582081983780	-7.753	-4.493	-7.922	-3.046	-2.027	0.409	0.000000	0.000000
1582081983801	1582081983800	-7.575	-4.105	-8.609	-3.252	-2.279	0.280	0.000000	0.000000
1582081983823	1582081983823	-7.980	-3.607	-8.832	-2.974	-2.363	0.304	0.000000	0.000000
1582081983846	1582081983846	-8.754	-3.363	-8.475	-2.409	-2.458	0.423	0.000000	0.000000
1582081983863	1582081983861	-9.540	-3.111	-8.290	-2.166	-2.538	0.554	0.000000	0.000000
1582081983881	1582081983880	-10.074	-2.548	-8.173	-2.120	-2.729	0.581	0.000000	0.000000
1582081983901	1582081983899	-9.849	-1.830	-8.202	-2.134	-3.053	0.479	0.000000	0.000000
1582081983939	1582081983921	-9.108	-0.766	-8.398	-2.145	-3.448	0.414	0.000000	0.000000
1582081983946	1582081983940	-9.281	0.101	-7.665	-2.095	-3.556	0.346	0.000000	0.000000
1582081983962	1582081983960	-9.899	-0.129	-6.930	-2.269	-3.563	0.232	0.000000	0.000000
1582081983982	1582081983979	-10.155	-0.488	-6.894	-2.470	-3.645	0.135	0.000000	0.000000
1582081984001	1582081984000	-10.031	0.362	-6.190	-2.349	-3.578	0.101	0.000000	0.000000
1582081984020	1582081984019	-10.572	0.607	-5.035	-2.178	-3.555	0.306	0.000000	0.000000
1582081984044	1582081984043	-10.491	0.573	-4.189	-2.216	-3.620	0.337	0.000000	0.000000
1582081984061	1582081984061	-9.561	0.448	-3.016	-2.018	-3.462	0.424	0.000000	0.000000
1582081984081	1582081984079	-8.876	0.609	-2.395	-1.794	-3.120	0.747	0.000000	0.000000
1582081984100	1582081984098	-8.759	0.853	-1.365	-1.694	-2.471	1.043	0.000000	0.000000
1582081984120	1582081984119	-8.505	0.777	-0.804	-1.968	-1.880	1.230	0.000000	0.000000
1582081984140	1582081984140	-8.462	-0.009	-0.563	-2.228	-1.351	1.423	0.000000	0.000000
1582081984160	1582081984160	-8.761	-0.249	-0.709	-2.420	-0.856	1.635	0.000000	0.000000
1582081984182	1582081984182	-9.125	-0.091	-0.206	-2.341	-0.403	1.797	0.000000	0.000000
1582081984200	1582081984199	-8.934	0.185	0.094	-2.017	-0.298	1.778	0.000000	0.000000
1582081984220	1582081984219	-8.972	0.341	0.166	-1.351	-0.585	1.903	0.000000	0.000000
1582081984241	1582081984241	-8.941	0.381	-0.242	-0.817	-0.865	2.086	0.000000	0.000000
1582081984266	1582081984259	-8.416	2.458	0.132	-0.796	-1.233	2.220	0.000000	0.000000
1582081984282	1582081984280	-8.558	4.097	0.757	-1.330	-2.031	2.270	0.000000	0.000000
1582081984300	1582081984298	-8.538	2.061	1.030	-2.169	-2.813	2.156	0.000000	0.000000
1582081984319	1582081984318	-7.223	-0.340	0.930	-3.225	-3.090	1.868	0.000000	0.000000
1582081984340	1582081984340	-5.736	-0.692	0.499	-3.930	-2.963	1.509	0.000000	0.000000
1582081984368	1582081984369	-6.289	-0.848	1.457	-3.968	-2.801	1.217	0.000000	0.000000
1582081984381	1582081984378	-6.037	-0.280	2.686	-4.080	-2.698	0.960	0.000000	0.000000
1582081984405	1582081984398	-4.385	0.159	3.522	-3.781	-2.440	0.929	0.000000	0.000000
1582081984420	1582081984417	-4.777	-0.191	3.857	-3.475	-1.802	1.115	0.000000	0.000000
1582081984439	1582081984438	-4.758	-0.694	3.814	-3.174	-1.181	1.341	0.000000	0.000000
1582081984465	1582081984459	-4.114	-1.051	4.018	-2.420	-0.690	1.388	0.000000	0.000000
1582081984485	1582081984481	-4.346	-1.046	4.399	-1.871	-0.233	1.352	0.000000	0.000000
1582081984499	1582081984498	-4.643	-1.279	4.782	-1.711	0.124	1.261	0.000000	0.000000
1582081984518	1582081984517	-5.055	-1.906	4.906	-1.628	0.395	1.029	0.000000	0.000000
1582081984538	1582081984537	-5.168	-1.839	4.782	-1.309	0.598	0.721	0.000000	0.000000
1582081984563	1582081984563	-4.991	-1.420	4.775	-0.847	0.618	0.389	0.000000	0.000000
1582081984582	1582081984582	-4.751	-1.327	4.466	-0.693	0.692	0.149	0.000000	0.000000
1582081984604	1582081984598	-4.892	-1.734	4.753	-0.650	0.805	-0.070	0.000000	0.000000
1582081984618	1582081984617	-5.060	-1.751	4.657	-0.815	0.848	-0.312	0.000000	0.000000
1582081984638	1582081984637	-5.625	-1.856	5.271	-0.927	0.841	-0.501	0.000000	0.000000
1582081984667	1582081984660	-5.992	-2.246	5.582	-1.126	0.655	-0.669	0.000000	0.000000
1582081984680	1582081984677	-6.701	-2.220	6.095	-1.540	0.547	-0.784	0.000000	0.000000
1582081984712	1582081984699	-6.797	-1.516	5.872	-2.004	0.543	-0.856	0.000000	0.000000
1582081984716	1582081984715	-7.206	-1.631	5.436	-1.906	0.619	-0.749	0.000000	0.000000
1582081984736	1582081984735	-6.878	-2.814	5.575	-1.678	0.441	-0.850	0.000000	0.000000
1582081984758	1582081984756	-7.525	-2.975	5.702	-1.887	0.247	-0.989	0.000000	0.000000
1582081984781	1582081984780	-7.666	-3.250	5.388	-2.226	0.289	-0.905	0.000000	0.000000
1582081984798	1582081984797	-7.755	-4.223	4.631	-2.500	0.382	-0.993	0.000000	0.000000
1582081984817	1582081984816	-7.801	-3.772	4.456	-2.536	0.296	-1.194	0.000000	0.000000
1582081984837	1582081984836	-8.050	-4.467	3.876	-2.919	0.245	-1.051	0.000000	0.000000
1582081984857	1582081984856	-8.102	-5.794	3.783	-2.909	0.236	-0.965	0.000000	0.000000
1582081984881	1582081984881	-8.124	-6.285	3.809	-2.444	0.258	-1.144	0.000000	0.000000
1582081984897	1582081984896	-8.780	-7.380	4.552	-2.077	0.308	-1.373	0.000000	0.000000
1582081984917	1582081984916	-10.069	-7.684	4.358	-1.677	0.247	-1.601	0.000000	0.000000
1582081984950	1582081984944	-10.936	-8.372	4.142	-1.487	0.154	-1.679	0.000000	0.000000
1582081984959	1582081984955	-10.462	-8.492	3.804	-1.574	-0.099	-1.852	0.000000	0.000000
1582081984977	1582081984977	-9.935	-7.799	3.517	-1.740	-0.424	-2.008	0.000000	0.000000
1582081984997	1582081984996	-9.700	-8.779	3.311	-2.028	-0.613	-2.032	0.000000	0.000000
1582081985016	1582081985015	-9.705	-8.549	3.076	-2.345	-0.743	-2.127	0.000000	0.000000
1582081985038	1582081985038	-9.475	-8.228	2.199	-2.482	-0.759	-2.041	0.000000	0.000000
1582081985056	1582081985055	-9.125	-8.781	1.694	-2.527	-0.818	-1.901	0.000000	0.000000
1582081985080	1582081985080	-8.898	-8.803	1.464	-2.565	-0.846	-1.867	0.000000	0.000000
1582081985096	1582081985095	-8.093	-8.899	1.304	-2.720	-0.794	-1.807	0.000000	0.000000
1582081985116	1582081985116	-8.086	-9.479	0.810	-2.876	-0.743	-1.794	0.000000	0.000000
1582081985136	1582081985135	-7.606	-9.855	0.228	-2.896	-0.752	-1.790	0.000000	0.000000
1582081985155	1582081985154	-7.053	-9.605	-0.287	-3.119	-0.749	-1.746	0.000000	0.000000
1582081985175	1582081985175	-5.865	-9.385	-0.687	-3.385	-0.736	-1.730	0.000000	0.000000
1582081985198	1582081985198	-5.158	-10.406	-1.018	-3.554	-0.663	-1.703	0.000000	0.000000
1582081985224	1582081985215	-4.617	-11.222	-1.770	-3.202	-0.632	-1.706	0.000000	0.000000
1582081985235	1582081985234	-3.747	-10.391	-2.350	-2.867	-0.744	-1.778	0.000000	0.000000
1582081985255	1582081985254	-2.942	-10.755	-2.601	-2.995	-0.902	-1.791	0.000000	0.000000
1582081985275	1582081985274	-2.109	-11.730	-2.697	-3.008	-0.940	-1.828	0.000000	0.000000
1582081985295	1582081985294	-1.613	-12.377	-3.042	-2.718	-0.884	-1.802	0.000000	0.000000
1582081985314	1582081985314	-1.158	-12.418	-3.590	-2.423	-0.899	-1.826	0.000000	0.000000
1582081985335	1582081985334	-1.237	-12.408	-3.780	-2.627	-1.006	-1.914	0.000000	0.000000
1582081985356	1582081985354	-1.285	-13.778	-4.007	-3.089	-1.118	-1.988	0.000000	0.000000
1582081985377	1582081985374	-0.885	-14.593	-4.362	-3.237	-1.022	-2.121	0.000000	0.000000
1582081985405	1582081985399	-0.159	-13.951	-4.819	-2.868	-0.851	-2.345	0.000000	0.000000
1582081985416	1582081985415	1.154	-13.053	-4.781	-2.312	-0.699	-2.600	0.000000	0.000000
1582081985434	1582081985433	1.839	-12.291	-4.575	-1.867	-0.568	-2.862	0.000000	0.000000
1582081985455	1582081985453	1.861	-11.484	-4.908	-1.635	-0.501	-3.008	0.000000	0.000000
1582081985474	1582081985473	1.997	-9.871	-5.191	-1.509	-0.476	-2.959	0.000000	0.000000
1582081985502	1582081985502	2.081	-8.650	-5.445	-1.308	-0.475	-2.871	0.000000	0.000000
1582081985514	1582081985514	2.141	-7.505	-5.876	-0.972	-0.422	-2.768	0.000000	0.000000
1582081985537	1582081985537	2.498	-6.740	-6.558	-0.393	-0.246	-2.709	0.000000	0.000000
1582081985553	1582081985553	2.572	-5.270	-7.244	0.305	0.042	-2.637	0.000000	0.000000
1582081985573	1582081985573	2.610	-3.832	-7.890	0.945	0.293	-2.431	0.000000	0.000000
1582081985600	1582081985597	2.617	-3.478	-8.250	1.454	0.523	-2.093	0.000000	0.000000
1582081985618	1582081985613	2.610	-3.092	-8.389	2.119	0.773	-1.807	0.000000	0.000000
1582081985633	1582081985633	2.955	-2.469	-8.535	2.682	1.160	-1.467	0.000000	0.000000
1582081985654	1582081985652	3.425	-4.038	-7.898	3.141	1.617	-1.007	0.000000	0.000000
1582081985673	1582081985673	3.969	-3.648	-6.882	3.776	2.115	-0.706	0.000000	0.000000
1582081985702	1582081985701	4.697	-4.541	-6.194	4.257	2.814	-0.285	0.000000	0.000000
1582081985715	1582081985714	5.063	-4.975	-5.658	4.833	3.480	0.045	0.000000	0.000000
1582081985737	1582081985737	5.705	-4.913	-4.153	5.394	4.191	0.292	0.000000	0.000000
1582081985753	1582081985752	6.290	-4.551	-2.450	5.827	4.906	0.593	0.000000	0.000000
1582081985772	1582081985772	7.059	-4.412	-0.749	6.338	5.255	1.067	0.000000	0.000000
1582081985793	1582081985791	6.033	-3.047	0.944	6.490	5.262	1.592	0.000000	0.000000
1582081985816	1582081985816	4.292	-4.168	3.285	6.368	4.997	1.834	0.000000	0.000000
1582081985835	1582081985832	3.362	-5.291	9.956	6.914	3.920	1.491	0.000000	0.000000
1582081985853	1582081985851	5.842	-4.501	15.181	5.278	2.023	1.099	0.000000	0.000000
1582081985873	1582081985872	7.686	-7.294	10.493	2.731	1.778	1.459	0.000000	0.000000
1582081985892	1582081985892	5.614	-7.040	8.732	3.720	1.643	1.566	0.000000	0.000000
1582081985913	1582081985911	8.573	-3.986	9.259	3.788	1.057	0.741	0.000000	0.000000
1582081985944	1582081985941	9.495	-3.552	6.919	2.433	0.910	0.761	0.000000	0.000000
1582081985953	1582081985953	6.515	-4.218	5.915	2.580	1.169	1.242	0.000000	0.000000
1582081985971	1582081985971	5.114	-2.888	9.606	2.531	1.218	0.747	0.000000	0.000000
1582081985995	1582081985993	3.585	-2.821	9.745	1.482	0.996	0.460	0.000000	0.000000
1582081986016	1582081986015	0.351	-3.914	10.387	0.955	0.856	0.035	0.000000	0.000000
1582081986035	1582081986033	-0.626	-2.187	9.015	0.800	0.684	-0.182	0.000000	0.000000
1582081986052	1582081986051	-2.902	-2.968	8.818	0.817	0.797	0.261	0.000000	0.000000
1582081986071	1582081986071	-4.188	-5.495	9.302	0.876	0.965	0.467	0.000000	0.000000
1582081986092	1582081986090	-3.419	-5.356	10.495	1.345	0.703	0.428	0.000000	0.000000
1582081986115	1582081986115	-1.670	-5.598	9.793	1.182	0.289	0.380	0.000000	0.000000
1582081986133	1582081986132	-1.781	-3.684	9.194	1.331	-0.017	0.331	0.000000	0.000000
1582081986152	1582081986151	-0.183	-1.236	9.007	0.680	-0.328	0.157	0.000000	0.000000
1582081986170	1582081986170	-1.304	-3.375	8.073	0.046	-0.324	0.519	0.000000	0.000000
1582081986193	1582081986190	-2.530	-4.594	7.522	0.374	-0.234	0.464	0.000000	0.000000
1582081986214	1582081986214	-1.438	-3.480	7.391	0.830	-0.257	0.177	0.000000	0.000000
1582081986233	1582081986230	-1.670	-2.556	8.001	0.754	-0.352	0.200	0.000000	0.000000
1582081986250	1582081986250	-1.958	-2.735	8.150	0.118	-0.197	0.352	0.000000	0.000000
1582081986270	1582081986269	-2.126	-4.419	8.543	0.004	0.124	0.323	0.000000	0.000000
1582081986290	1582081986290	-2.090	-3.911	8.514	0.533	0.125	0.151	0.000000	0.000000
1582081986314	1582081986314	-1.067	-1.858	9.621	0.697	-0.008	-0.049	0.000000	0.000000
1582081986333	1582081986333	-1.841	-1.976	8.660	0.248	0.099	0.288	0.000000	0.000000
1582081986350	1582081986349	-2.552	-2.441	8.663	0.780	0.315	0.331	0.000000	0.000000
1582081986369	1582081986369	-1.819	0.171	9.328	0.911	0.218	0.072	0.000000	0.000000
1582081986391	1582081986389	-3.208	0.626	9.611	0.244	0.173	0.313	0.000000	0.000000
1582081986423	1582081986413	-4.198	0.456	8.586	-0.438	-0.076	0.262	0.000000	0.000000
1582081986430	1582081986429	-3.920	0.894	5.584	-0.654	-0.218	0.298	0.000000	0.000000
1582081986450	1582081986449	-5.891	0.302	5.393	-0.466	-0.158	0.554	0.000000	0.000000
1582081986469	1582081986469	-7.707	-1.458	6.047	-1.034	-0.536	0.691	0.000000	0.000000
1582081986490	1582081986488	-8.411	-3.921	4.506	-2.083	-0.890	0.851	0.000000	0.000000
1582081986509	1582081986507	-7.499	-5.715	0.906	-3.727	-0.730	0.582	0.000000	0.000000
1582081986529	1582081986527	-8.280	-5.627	-0.093	-6.782	0.106	0.142	0.000000	0.000000
1582081986548	1582081986547	-8.792	-4.180	-3.358	-10.827	0.709	-0.212	0.000000	0.000000
1582081986569	1582081986568	-8.110	-4.980	-9.859	-13.701	1.989	-0.470	0.000000	0.000000
1582081986590	1582081986588	-8.637	-8.987	-15.503	-11.473	3.998	-0.521	0.000000	0.000000
1582081986611	1582081986611	-8.263	-11.064	-15.906	-3.972	3.991	0.817	0.000000	0.000000
1582081986630	1582081986630	-10.124	-19.231	-9.924	0.756	3.891	2.190	0.000000	0.000000
1582081986649	1582081986648	-10.395	-16.452	-4.580	-0.166	3.973	3.456	0.000000	0.000000
1582081986669	1582081986667	-7.142	-12.147	-0.922	0.499	3.164	4.002	0.000000	0.000000
1582081986688	1582081986687	-7.147	-10.743	0.391	-0.296	2.813	3.775	0.000000	0.000000
1582081986708	1582081986708	-9.396	-8.551	0.853	-0.181	2.037	4.630	0.000000	0.000000
1582081986734	1582081986734	-7.721	-10.200	3.275	0.509	1.721	5.350	0.000000	0.000000
1582081986749	1582081986749	-11.660	-9.483	3.186	-0.880	2.604	5.951	0.000000	0.000000
1582081986768	1582081986767	-14.359	-8.108	1.090	-2.085	3.500	6.179	0.000000	0.000000
1582081986789	1582081986787	-17.397	-11.797	-0.967	-2.379	3.796	6.373	0.000000	0.000000
1582081986808	1582081986808	-19.919	-8.630	-1.456	-2.884	3.973	6.235	0.000000	0.000000
1582081986829	1582081986828	-19.562	-6.815	-3.039	-3.756	3.883	5.480	0.000000	0.000000
1582081986849	1582081986849	-21.929	-7.004	-4.407	-3.623	3.757	5.219	0.000000	0.000000
1582081986869	1582081986867	-19.651	-4.939	-4.302	-3.784	3.491	4.910	0.000000	0.000000
1582081986888	1582081986887	-18.525	-3.859	-5.025	-3.964	3.583	4.714	0.000000	0.000000
1582081986907	1582081986907	-19.043	-2.750	-5.229	-3.803	3.446	4.550	0.000000	0.000000
1582081986928	1582081986928	-18.782	-4.184	-5.452	-3.493	3.519	4.060	0.000000	0.000000
1582081986955	1582081986948	-17.852	-3.447	-6.202	-3.547	3.166	3.476	0.000000	0.000000
1582081986974	1582081986968	-13.864	-2.565	-6.379	-3.096	2.672	3.040	0.000000	0.000000
1582081986987	1582081986985	-14.630	-0.630	-5.780	-3.592	2.798	2.454	0.000000	0.000000
1582081987006	1582081987006	-12.884	0.173	-4.894	-4.072	2.245	2.040	0.000000	0.000000
1582081987028	1582081987026	-12.005	-0.469	-3.291	-3.604	1.877	2.099	0.000000	0.000000
1582081987047	1582081987046	-11.933	2.614	-2.203	-2.636	1.591	2.051	0.000000	0.000000
1582081987070	1582081987066	-10.263	3.888	-1.102	-2.645	1.083	1.736	0.000000	0.000000
1582081987086	1582081987086	-10.658	5.508	0.216	-2.884	0.533	1.519	0.000000	0.000000
1582081987107	1582081987105	-9.401	4.516	0.341	-2.738	-0.064	1.272	0.000000	0.000000
1582081987128	1582081987128	-8.493	3.721	0.729	-2.277	-0.136	1.237	0.000000	0.000000
1582081987148	1582081987148	-8.040	2.863	-1.082	-2.426	0.035	0.948	0.000000	0.000000
1582081987172	1582081987165	-9.956	2.863	-2.201	-2.298	-0.038	0.915	0.000000	0.000000
1582081987188	1582081987186	-10.287	3.795	-1.106	-1.189	-0.362	0.964	0.000000	0.000000
1582081987206	1582081987205	-9.703	4.952	-1.708	-1.334	-0.967	0.811	0.000000	0.000000
1582081987226	1582081987225	-10.994	9.214	-0.340	-1.013	-1.606	0.779	0.000000	0.000000
1582081987246	1582081987247	-14.117	7.046	1.229	-0.517	-2.022	0.423	0.000000	0.000000
1582081987270	1582081987266	-15.442	3.634	3.191	0.622	-2.218	0.011	0.000000	0.000000
1582081987292	1582081987286	-14.177	4.149	5.323	1.383	-2.138	0.100	0.000000	0.000000
1582081987307	1582081987304	-21.072	5.651	4.526	0.495	-1.998	0.555	0.000000	0.000000
1582081987326	1582081987326	-22.736	6.119	-1.391	-0.320	-3.895	-0.363	0.000000	0.000000
1582081987357	1582081987348	-18.801	-0.258	-3.322	0.833	-7.063	-1.008	0.000000	0.000000
1582081987368	1582081987364	-16.769	-3.959	-3.931	1.935	-9.492	-1.123	0.000000	0.000000
1582081987385	1582081987385	-15.085	-4.041	-5.737	3.386	-11.235	-1.101	0.000000	0.000000
1582081987406	1582081987405	-13.852	-5.777	-6.197	5.643	-12.825	-1.018	0.000000	0.000000
1582081987426	1582081987424	-12.982	-6.611	-4.925	6.634	-13.451	-1.189	0.000000	0.000000
1582081987446	1582081987446	-9.305	-11.524	-5.847	7.792	-11.943	-2.050	0.000000	0.000000
1582081987466	1582081987466	-8.248	-14.789	-9.543	9.977	-9.012	-2.011	0.000000	0.000000
1582081987485	1582081987485	-9.971	-10.386	-12.890	10.858	-7.231	-1.188	0.000000	0.000000
1582081987505	1582081987504	-7.753	-9.713	-15.769	10.320	-6.918	-0.627	0.000000	0.000000
1582081987525	1582081987524	-5.386	-4.175	-15.683	8.166	-6.803	-0.759	0.000000	0.000000
1582081987544	1582081987544	-3.877	0.561	-12.928	5.928	-6.406	-1.229	0.000000	0.000000
1582081987569	1582081987569	-2.530	-2.199	-14.468	4.730	-5.366	-1.198	0.000000	0.000000
1582081987586	1582081987584	-1.912	-0.888	-14.576	3.018	-4.416	-0.737	0.000000	0.000000
1582081987605	1582081987604	-2.492	4.894	-11.893	0.467	-3.611	-0.337	0.000000	0.000000
1582081987625	1582081987623	-4.816	6.102	-6.398	-1.768	-3.856	-0.992	0.000000	0.000000
1582081987646	1582081987645	-8.644	-0.299	2.655	-2.104	-4.771	-1.720	0.000000	0.000000
1582081987667	1582081987664	-15.349	-5.909	9.369	-1.677	-4.858	-1.179	0.000000	0.000000
1582081987686	1582081987685	-11.748	-2.680	9.896	0.073	-6.056	-0.081	0.000000	0.000000
1582081987704	1582081987703	-12.402	5.297	9.477	0.413	-5.671	0.646	0.000000	0.000000
1582081987723	1582081987723	-15.907	5.050	8.679	0.808	-4.588	0.587	0.000000	0.000000
1582081987744	1582081987743	-15.385	4.394	8.351	0.494	-5.088	0.834	0.000000	0.000000
1582081987771	1582081987770	-15.825	5.786	9.099	-0.002	-4.779	0.946	0.000000	0.000000
1582081987784	1582081987785	-10.790	8.406	14.369	0.508	-4.343	1.028	0.000000	0.000000
1582081987806	1582081987805	-12.869	12.970	8.799	-0.152	-2.833	1.723	0.000000	0.000000
1582081987823	1582081987823	-14.460	10.644	8.183	-0.455	-2.342	1.684	0.000000	0.000000
1582081987844	1582081987843	-7.705	9.300	9.455	-0.308	-2.800	1.512	0.000000	0.000000
1582081987864	1582081987863	-5.470	8.687	8.821	-0.258	-2.022	1.862	0.000000	0.000000
1582081987887	1582081987884	-4.420	8.962	8.133	-0.167	-1.494	2.052	0.000000	0.000000
1582081987906	1582081987904	-5.139	8.811	8.675	-0.446	-1.583	2.288	0.000000	0.000000
1582081987923	1582081987922	-2.621	6.128	8.428	-1.309	-1.902	2.428	0.000000	0.000000
1582081987958	1582081987956	-3.096	4.430	7.139	-1.543	-1.678	2.738	0.000000	0.000000
1582081987963	1582081987962	-3.256	7.709	6.847	-1.737	-1.019	2.357	0.000000	0.000000
1582081987983	1582081987982	-2.427	7.034	7.985	-2.065	-0.796	2.367	0.000000	0.000000
1582081988005	1582081988005	-1.891	6.629	7.070	-2.656	-0.590	2.282	0.000000	0.000000
1582081988023	1582081988022	-2.411	5.984	5.965	-2.660	-0.493	2.016	0.000000	0.000000
1582081988044	1582081988042	-2.253	4.614	4.566	-2.184	-0.534	1.839	0.000000	0.000000
1582081988063	1582081988063	-1.328	3.579	3.845	-1.715	-0.309	1.859	0.000000	0.000000
1582081988085	1582081988085	-2.315	2.154	4.629	-1.769	0.219	2.059	0.000000	0.000000
1582081988102	1582081988102	-2.277	2.228	5.072	-2.102	0.492	1.811	0.000000	0.000000
1582081988122	1582081988120	-2.047	1.689	5.747	-2.182	0.520	1.533	0.000000	0.000000
1582081988142	1582081988141	-1.908	1.349	5.426	-2.236	0.658	1.162	0.000000	0.000000
1582081988169	1582081988163	-1.836	1.349	5.093	-2.303	0.703	0.794	0.000000	0.000000
1582081988183	1582081988182	-1.426	2.001	5.520	-2.385	0.468	0.578	0.000000	0.000000
1582081988205	1582081988201	-0.959	2.822	5.587	-2.333	-0.006	0.332	0.000000	0.000000
1582081988222	1582081988222	-1.112	1.828	6.011	-2.580	-0.235	0.295	0.000000	0.000000
1582081988243	1582081988241	-1.201	-0.867	6.188	-2.552	-0.073	0.336	0.000000	0.000000
1582081988265	1582081988261	-0.880	-1.679	5.635	-2.401	0.087	0.206	0.000000	0.000000
1582081988287	1582081988283	0.756	0.664	7.259	-1.751	0.746	0.177	0.000000	0.000000
1582081988306	1582081988301	-2.174	-0.182	8.406	-1.619	1.270	0.517	0.000000	0.000000
1582081988322	1582081988320	-3.163	-0.052	7.041	-2.655	1.091	0.511	0.000000	0.000000
1582081988342	1582081988341	-3.752	-0.483	7.877	-1.351	0.581	0.595	0.000000	0.000000
1582081988361	1582081988360	-3.508	-2.831	8.675	-1.203	0.302	0.640	0.000000	0.000000
1582081988382	1582081988382	-2.293	-2.975	7.556	-2.302	0.159	0.575	0.000000	0.000000
1582081988403	1582081988403	-2.641	-1.415	8.059	-1.705	0.172	0.663	0.000000	0.000000
1582081988423	1582081988421	-3.539	-2.000	9.939	-0.799	0.405	0.695	0.000000	0.000000
1582081988441	1582081988440	-2.866	-3.892	9.379	-1.408	0.402	0.813	0.000000	0.000000
1582081988461	1582081988461	-1.838	-3.195	7.664	-2.309	0.283	0.878	0.000000	0.000000
1582081988481	1582081988481	-2.286	0.022	8.210	-1.400	0.451	1.165	0.000000	0.000000
1582081988505	1582081988503	-4.193	-2.100	8.710	-0.599	0.823	1.536	0.000000	0.000000
1582081988521	1582081988519	-4.576	-4.819	7.702	-1.112	0.937	1.354	0.000000	0.000000
1582081988540	1582081988539	-4.337	-6.532	5.872	-1.252	0.774	1.410	0.000000	0.000000
1582081988561	1582081988559	-3.850	-6.395	5.455	-1.427	1.038	1.277	0.000000	0.000000
1582081988582	1582081988582	-4.801	-5.698	6.344	-1.726	1.207	1.278	0.000000	0.000000
1582081988603	1582081988603	-4.655	-5.009	5.002	-2.203	1.165	1.102	0.000000	0.000000
1582081988621	1582081988620	-4.789	-6.360	5.036	-1.668	1.329	0.855	0.000000	0.000000
1582081988639	1582081988639	-5.484	-7.830	5.714	-1.252	1.339	0.659	0.000000	0.000000
1582081988659	1582081988659	-5.206	-8.592	4.494	-1.692	1.193	0.508	0.000000	0.000000
1582081988681	1582081988680	-5.360	-8.674	4.159	-1.959	1.299	0.360	0.000000	0.000000
1582081988702	1582081988702	-5.810	-8.056	4.142	-2.429	1.300	0.285	0.000000	0.000000
1582081988722	1582081988719	-6.078	-7.629	3.970	-2.815	1.296	0.092	0.000000	0.000000
1582081988739	1582081988738	-6.850	-8.453	3.891	-2.754	1.078	-0.039	0.000000	0.000000
1582081988760	1582081988758	-6.694	-9.991	2.487	-2.690	0.610	-0.160	0.000000	0.000000
1582081988783	1582081988778	-5.980	-12.722	1.217	-2.346	0.705	-0.454	0.000000	0.000000
1582081988803	1582081988803	-8.629	-17.755	1.407	-2.530	1.353	-1.296	0.000000	0.000000
1582081988825	1582081988819	-13.219	-19.108	0.125	-4.251	1.088	-2.368	0.000000	0.000000
1582081988839	1582081988839	-13.303	-17.829	-4.311	-6.219	-0.029	-2.966	0.000000	0.000000
1582081988858	1582081988858	-12.426	-18.241	-7.826	-9.035	-0.870	-3.585	0.000000	0.000000
1582081988880	1582081988877	-11.492	-22.867	-7.064	-9.918	-0.866	-3.813	0.000000	0.000000
1582081988903	1582081988903	-8.428	-25.665	-6.705	-10.262	1.777	-3.228	0.000000	0.000000
1582081988919	1582081988918	-13.016	-19.228	-9.323	-10.031	4.719	-2.527	0.000000	0.000000
1582081988938	1582081988938	-11.183	-18.538	-5.873	-6.246	5.313	-1.825	0.000000	0.000000
1582081988959	1582081988958	-8.478	-2.742	-5.212	-2.022	6.029	0.014	0.000000	0.000000
1582081988978	1582081988978	-9.834	6.526	-7.998	-0.390	6.567	1.521	0.000000	0.000000
1582081988999	1582081988999	-8.186	4.377	-3.337	3.067	5.347	2.797	0.000000	0.000000
1582081989025	1582081989018	-8.090	-1.784	-2.031	5.406	5.833	4.849	0.000000	0.000000
1582081989041	1582081989040	-14.999	0.204	0.817	3.502	4.673	6.582	0.000000	0.000000
1582081989058	1582081989058	-6.131	4.332	6.387	2.935	3.257	7.335	0.000000	0.000000
1582081989078	1582081989077	-10.975	-4.970	4.236	1.946	3.397	7.604	0.000000	0.000000
1582081989103	1582081989097	-10.184	-4.788	0.451	-0.798	2.538	6.882	0.000000	0.000000
1582081989117	1582081989117	-13.317	-12.595	-3.023	-2.062	3.095	5.836	0.000000	0.000000
1582081989138	1582081989137	-14.031	-13.946	-3.140	-2.613	3.180	5.368	0.000000	0.000000
1582081989158	1582081989157	-15.900	-11.428	-4.173	-3.748	3.114	5.476	0.000000	0.000000
1582081989178	1582081989176	-17.311	-12.696	-8.920	-4.149	3.083	5.181	0.000000	0.000000
1582081989199	1582081989199	-13.552	-12.142	-10.878	-4.053	2.251	4.576	0.000000	0.000000
1582081989220	1582081989220	-14.084	-13.019	-13.249	-5.473	2.666	3.363	0.000000	0.000000
1582081989240	1582081989237	-14.249	-10.676	-13.424	-5.829	2.234	3.115	0.000000	0.000000
1582081989257	1582081989257	-11.667	-10.245	-11.903	-5.275	1.383	3.253	0.000000	0.000000
1582081989278	1582081989276	-11.346	-8.947	-12.164	-5.582	1.523	3.010	0.000000	0.000000
1582081989300	1582081989296	-10.924	-4.424	-12.595	-5.903	1.260	2.712	0.000000	0.000000
1582081989317	1582081989317	-9.614	-4.637	-14.619	-5.691	0.820	2.146	0.000000	0.000000
1582081989339	1582081989337	-6.766	-7.117	-13.371	-4.887	0.247	2.163	0.000000	0.000000
1582081989360	1582081989355	-8.469	-3.396	-11.963	-4.102	0.909	2.270	0.000000	0.000000
1582081989378	1582081989376	-8.644	-2.759	-10.025	-3.845	0.943	1.742	0.000000	0.000000
1582081989397	1582081989396	-6.291	-0.081	-9.241	-4.276	0.608	1.310	0.000000	0.000000
1582081989426	1582081989416	-6.164	1.328	-8.506	-3.720	0.461	1.475	0.000000	0.000000
1582081989439	1582081989438	-7.132	0.288	-5.720	-2.405	0.512	1.786	0.000000	0.000000
1582081989457	1582081989455	-8.047	3.285	-4.707	-2.198	0.465	1.682	0.000000	0.000000
1582081989476	1582081989476	-6.861	5.431	-4.616	-2.464	-0.079	1.161	0.000000	0.000000
1582081989496	1582081989495	-6.584	5.565	-3.428	-2.559	-0.473	0.886	0.000000	0.000000
1582081989517	1582081989517	-6.605	7.767	-3.159	-2.882	-0.792	0.844	0.000000	0.000000
1582081989536	1582081989536	-7.362	9.058	-3.634	-2.948	-1.203	0.848	0.000000	0.000000
1582081989560	1582081989560	-7.626	5.302	-4.026	-3.336	-1.751	0.565	0.000000	0.000000
1582081989576	1582081989575	-7.230	2.130	-2.069	-2.942	-1.928	0.217	0.000000	0.000000
1582081989596	1582081989596	-8.732	1.613	0.848	-1.664	-1.553	0.048	0.000000	0.000000
1582081989615	1582081989614	-9.695	0.937	-0.388	-1.217	-2.021	-0.147	0.000000	0.000000
1582081989644	1582081989637	-11.633	2.073	1.174	-0.454	-2.929	0.307	0.000000	0.000000
1582081989657	1582081989657	-11.703	4.439	2.652	0.351	-3.515	0.190	0.000000	0.000000
1582081989676	1582081989675	-11.157	3.879	0.499	-0.048	-3.252	-0.380	0.000000	0.000000
1582081989696	1582081989694	-13.586	3.381	-0.515	-0.979	-3.367	-0.394	0.000000	0.000000
1582081989715	1582081989715	-14.896	4.123	-0.634	-1.076	-4.608	-0.752	0.000000	0.000000
1582081989736	1582081989736	-14.635	1.510	-0.874	-0.005	-5.792	-1.185	0.000000	0.000000
1582081989759	1582081989759	-15.387	-0.007	-3.298	1.068	-6.535	-1.373	0.000000	0.000000
1582081989776	1582081989774	-16.566	-0.452	-5.150	2.410	-7.917	-1.674	0.000000	0.000000
1582081989794	1582081989794	-14.999	-2.136	-6.326	4.475	-9.581	-1.713	0.000000	0.000000
1582081989816	1582081989816	-13.102	-5.732	-7.538	7.923	-10.247	-0.792	0.000000	0.000000
1582081989843	1582081989842	-9.269	-2.627	-11.318	10.232	-9.718	0.658	0.000000	0.000000
1582081989857	1582081989853	-7.453	3.100	-12.454	10.515	-8.374	1.717	0.000000	0.000000
1582081989874	1582081989874	-5.848	1.102	-9.907	9.549	-7.391	1.979	0.000000	0.000000
1582081989895	1582081989894	-4.892	-3.971	-11.661	7.959	-6.839	1.543	0.000000	0.000000
1582081989914	1582081989913	-2.895	-3.253	-13.913	6.607	-6.854	0.575	0.000000	0.000000
1582081989935	1582081989935	-2.415	0.860	-11.220	5.406	-6.636	-0.007	0.000000	0.000000
1582081989968	1582081989965	-2.708	-1.811	-9.577	5.390	-6.454	-0.139	0.000000	0.000000
1582081989978	1582081989975	-3.045	-1.317	-9.613	4.719	-6.044	0.073	0.000000	0.000000
1582081989995	1582081989993	-3.067	1.912	-8.985	3.025	-5.665	-0.075	0.000000	0.000000
1582081990014	1582081990013	-2.677	1.634	-7.129	0.835	-5.376	-0.435	0.000000	0.000000
1582081990044	1582081990037	-3.553	2.020	-5.301	-1.441	-4.801	-0.578	0.000000	0.000000
1582081990054	1582081990052	-7.096	1.031	0.194	-2.454	-4.807	-0.774	0.000000	0.000000
1582081990074	1582081990072	-10.086	-0.910	7.185	-1.161	-5.909	-0.673	0.000000	0.000000
1582081990095	1582081990093	-10.769	4.475	9.173	-0.468	-5.681	0.353	0.000000	0.000000
1582081990114	1582081990112	-9.338	9.547	9.269	-0.130	-5.615	1.112	0.000000	0.000000
1582081990138	1582081990137	-11.756	7.692	8.751	0.173	-5.455	1.396	0.000000	0.000000
1582081990160	1582081990158	-15.883	4.684	8.756	-0.050	-5.374	2.073	0.000000	0.000000
1582081990174	1582081990173	-15.011	7.216	9.645	0.305	-5.450	1.947	0.000000	0.000000
1582081990194	1582081990192	-14.333	9.592	12.974	-0.827	-4.758	1.838	0.000000	0.000000
1582081990213	1582081990212	-6.339	15.974	9.340	-1.203	-3.650	1.335	0.000000	0.000000
1582081990242	1582081990235	-12.424	13.617	7.393	-0.905	-2.731	2.044	0.000000	0.000000
1582081990255	1582081990252	-7.851	8.883	10.850	0.933	-3.291	1.828	0.000000	0.000000
1582081990274	1582081990272	-2.257	6.569	12.433	1.517	-3.242	2.067	0.000000	0.000000
1582081990293	1582081990293	-1.956	8.332	8.150	-0.796	-2.041	2.379	0.000000	0.000000
1582081990313	1582081990312	-7.053	9.865	5.960	-2.623	-1.343	2.740	0.000000	0.000000
1582081990337	1582081990334	-5.362	9.278	5.280	-2.971	-1.597	2.484	0.000000	0.000000
1582081990354	1582081990352	-1.946	4.281	5.972	-2.674	-0.894	2.216	0.000000	0.000000
1582081990374	1582081990373	-3.568	4.439	5.316	-2.135	0.116	2.031	0.000000	0.000000
1582081990392	1582081990391	-3.141	4.909	4.652	-1.098	0.286	1.746	0.000000	0.000000
1582081990412	1582081990411	-2.636	5.553	5.637	-0.492	0.295	1.778	0.000000	0.000000
1582081990431	1582081990431	-2.212	6.773	5.479	-1.094	0.326	1.957	0.000000	0.000000
1582081990453	1582081990452	-2.140	6.049	4.605	-2.189	0.483	2.077	0.000000	0.000000
1582081990472	1582081990472	-3.110	3.903	3.831	-3.442	0.839	2.024	0.000000	0.000000
1582081990493	1582081990491	-2.530	2.506	2.492	-3.636	0.809	1.686	0.000000	0.000000
1582081990511	1582081990511	-2.655	1.337	2.379	-2.847	0.747	1.322	0.000000	0.000000
1582081990532	1582081990530	-1.452	1.344	2.743	-2.600	0.634	0.832	0.000000	0.000000
1582081990556	1582081990556	-0.456	1.507	3.632	-2.635	0.347	0.581	0.000000	0.000000
1582081990575	1582081990575	0.222	0.798	4.193	-2.707	0.274	0.270	0.000000	0.000000
1582081990595	1582081990590	-1.036	-1.499	4.617	-2.797	0.723	0.246	0.000000	0.000000
1582081990611	1582081990611	-1.479	-1.276	5.659	-2.906	0.565	0.283	0.000000	0.000000
1582081990632	1582081990630	-1.278	-1.401	6.777	-2.379	0.609	0.199	0.000000	0.000000
1582081990651	1582081990650	-2.588	0.233	8.916	-1.770	0.863	0.206	0.000000	0.000000
1582081990672	1582081990670	-2.945	0.183	10.016	-2.069	0.627	0.413	0.000000	0.000000
1582081990694	1582081990694	-2.890	0.214	9.664	-2.932	0.488	0.413	0.000000	0.000000
1582081990712	1582081990710	-2.993	-0.119	9.477	-2.609	0.299	0.391	0.000000	0.000000
1582081990730	1582081990730	-4.588	-0.742	7.798	-2.354	0.051	0.402	0.000000	0.000000
1582081990751	1582081990751	-2.185	-2.429	8.502	-2.390	-0.485	0.370	0.000000	0.000000
1582081990776	1582081990770	-1.328	-4.381	9.604	-2.236	-0.259	0.643	0.000000	0.000000
1582081990793	1582081990793	-1.848	-5.370	9.822	-1.973	0.588	0.964	0.000000	0.000000
1582081990811	1582081990809	-2.885	-4.256	8.296	-2.553	1.086	0.933	0.000000	0.000000
1582081990830	1582081990829	-3.141	-3.902	7.046	-2.264	0.980	1.101	0.000000	0.000000
1582081990853	1582081990850	-2.988	-4.125	8.009	-1.050	0.722	1.144	0.000000	0.000000
1582081990870	1582081990870	-3.484	-4.671	8.375	-0.787	0.672	1.029	0.000000	0.000000
1582081990893	1582081990893	-3.625	-5.418	7.494	-1.259	0.690	0.917	0.000000	0.000000
1582081990911	1582081990909	-3.719	-5.382	7.038	-1.691	0.652	0.875	0.000000	0.000000
1582081990930	1582081990929	-3.790	-4.788	6.847	-1.918	0.541	1.021	0.000000	0.000000
1582081990954	1582081990948	-4.013	-5.286	6.480	-1.871	0.578	1.017	0.000000	0.000000
1582081990979	1582081990971	-4.294	-6.839	6.039	-1.619	0.698	1.029	0.000000	0.000000
1582081990992	1582081990989	-4.413	-7.117	5.747	-1.323	0.720	0.947	0.000000	0.000000
1582081991009	1582081991009	-4.308	-7.220	5.623	-1.110	0.722	0.887	0.000000	0.000000
1582081991029	1582081991029	-4.468	-6.911	5.158	-1.276	0.926	0.799	0.000000	0.000000
1582081991049	1582081991049	-4.880	-6.762	4.358	-1.465	1.090	0.749	0.000000	0.000000
1582081991069	1582081991069	-5.424	-6.395	4.008	-1.727	1.098	0.575	0.000000	0.000000
