1582081393729	1582081393729	-3.987	-2.050	7.465	-1.017	1.119	0.642	0.000000	0.000000
1582081393750	1582081393749	-4.102	-3.643	7.048	-1.147	1.149	0.810	0.000000	0.000000
1582081393781	1582081393770	-4.020	-4.659	7.352	-0.515	1.179	1.019	0.000000	0.000000
1582081393790	1582081393788	-3.661	-2.917	8.394	0.054	0.984	1.058	0.000000	0.000000
1582081393810	1582081393808	-1.869	-1.748	9.161	-0.112	0.687	0.901	0.000000	0.000000
1582081393829	1582081393828	0.555	-2.790	8.308	-0.583	0.521	0.737	0.000000	0.000000
1582081393849	1582081393849	1.470	-3.607	6.926	-0.401	0.642	0.679	0.000000	0.000000
1582081393870	1582081393869	0.541	-3.066	7.340	0.535	1.126	0.803	0.000000	0.000000
1582081393889	1582081393888	-1.924	-2.242	8.610	1.607	1.453	1.008	0.000000	0.000000
1582081393909	1582081393908	-2.954	-2.038	9.223	1.583	1.399	0.795	0.000000	0.000000
1582081393930	1582081393930	-3.093	-2.709	9.194	0.991	1.175	0.351	0.000000	0.000000
1582081393951	1582081393950	-3.527	-3.411	10.203	1.339	0.865	0.283	0.000000	0.000000
1582081393969	1582081393968	-5.115	-3.432	11.106	2.338	0.795	0.444	0.000000	0.000000
1582081393992	1582081393990	-9.255	-2.908	12.742	2.968	0.992	0.686	0.000000	0.000000
1582081394009	1582081394007	-14.283	-3.164	12.699	2.973	0.760	0.864	0.000000	0.000000
1582081394028	1582081394028	-10.833	-3.586	11.401	3.193	-0.252	0.082	0.000000	0.000000
1582081394049	1582081394047	-6.629	-1.552	11.221	3.749	-1.064	-0.410	0.000000	0.000000
1582081394068	1582081394067	-7.295	0.853	12.996	3.322	-1.311	-0.391	0.000000	0.000000
1582081394088	1582081394087	-6.861	1.203	12.838	2.295	-1.488	-0.306	0.000000	0.000000
1582081394108	1582081394107	-6.411	0.204	12.397	1.702	-1.256	-0.087	0.000000	0.000000
1582081394128	1582081394127	-6.332	-0.258	11.887	1.671	-1.026	-0.040	0.000000	0.000000
1582081394152	1582081394150	-6.799	1.349	11.786	1.853	-1.172	-0.156	0.000000	0.000000
1582081394168	1582081394168	-7.135	3.098	11.815	1.604	-1.383	-0.238	0.000000	0.000000
1582081394188	1582081394187	-6.248	3.505	11.544	0.979	-1.458	-0.150	0.000000	0.000000
1582081394208	1582081394207	-6.512	2.171	10.828	0.750	-1.417	0.226	0.000000	0.000000
1582081394228	1582081394227	-6.155	1.903	10.466	0.906	-1.254	0.177	0.000000	0.000000
1582081394248	1582081394246	-5.352	2.923	10.565	1.178	-1.353	0.011	0.000000	0.000000
1582081394268	1582081394266	-5.103	3.431	9.930	1.206	-1.513	0.181	0.000000	0.000000
1582081394288	1582081394286	-4.988	3.436	9.360	1.177	-1.478	0.295	0.000000	0.000000
1582081394312	1582081394306	-4.648	3.294	9.158	0.806	-1.308	0.300	0.000000	0.000000
1582081394327	1582081394326	-4.428	2.430	8.876	0.337	-1.126	0.312	0.000000	0.000000
1582081394347	1582081394346	-4.528	1.979	9.094	0.486	-1.038	0.290	0.000000	0.000000
1582081394371	1582081394367	-3.917	2.504	9.364	0.635	-1.010	0.221	0.000000	0.000000
1582081394390	1582081394387	-3.364	2.521	9.563	0.573	-1.032	0.189	0.000000	0.000000
1582081394406	1582081394406	-2.873	2.604	9.705	0.283	-0.891	0.144	0.000000	0.000000
1582081394426	1582081394426	-3.086	2.822	9.230	0.020	-0.715	0.223	0.000000	0.000000
1582081394446	1582081394446	-2.926	3.045	8.945	0.007	-0.585	0.251	0.000000	0.000000
1582081394466	1582081394465	-2.990	3.323	9.089	0.092	-0.550	0.342	0.000000	0.000000
1582081394490	1582081394487	-2.770	3.575	8.928	-0.050	-0.586	0.384	0.000000	0.000000
1582081394513	1582081394513	-1.666	3.697	8.253	-0.329	-0.550	0.472	0.000000	0.000000
1582081394526	1582081394525	-2.102	3.939	7.376	-0.539	-0.220	0.734	0.000000	0.000000
1582081394550	1582081394550	-2.921	3.309	6.238	-0.329	0.040	1.049	0.000000	0.000000
1582081394572	1582081394568	-2.722	3.057	5.357	0.204	0.134	1.074	0.000000	0.000000
1582081394587	1582081394585	-2.813	3.632	5.869	0.675	0.058	0.879	0.000000	0.000000
1582081394606	1582081394605	-2.794	3.845	5.877	0.310	-0.122	0.841	0.000000	0.000000
1582081394626	1582081394625	-1.991	4.312	5.084	-1.060	-0.096	0.786	0.000000	0.000000
1582081394646	1582081394645	-1.905	3.596	4.700	-2.729	0.114	0.890	0.000000	0.000000
1582081394666	1582081394665	-2.583	1.225	5.084	-4.470	0.404	0.811	0.000000	0.000000
1582081394694	1582081394693	-3.084	-1.408	4.770	-6.201	0.730	0.245	0.000000	0.000000
1582081394707	1582081394706	-3.354	-2.982	2.633	-7.689	1.048	-0.628	0.000000	0.000000
1582081394726	1582081394725	-3.338	-4.146	-0.486	-7.861	1.621	-1.186	0.000000	0.000000
1582081394746	1582081394745	-3.850	-6.221	-3.487	-5.842	2.493	-1.440	0.000000	0.000000
1582081394773	1582081394773	-5.252	-2.912	-5.248	-5.381	3.344	-2.619	0.000000	0.000000
1582081394785	1582081394784	-10.603	3.999	-6.202	-7.959	3.945	-2.787	0.000000	0.000000
1582081394806	1582081394804	-12.692	-2.179	-11.769	-8.021	4.047	-2.759	0.000000	0.000000
1582081394825	1582081394824	-14.855	-6.640	-11.309	-6.023	4.197	-2.639	0.000000	0.000000
1582081394846	1582081394846	-17.157	3.448	-8.460	-4.945	3.777	-1.503	0.000000	0.000000
1582081394865	1582081394864	-12.604	2.739	-7.785	-3.154	3.620	-0.246	0.000000	0.000000
1582081394886	1582081394885	-13.099	-15.855	-1.166	-0.754	3.875	2.615	0.000000	0.000000
1582081394908	1582081394904	-19.138	-9.905	0.032	-1.118	3.560	5.082	0.000000	0.000000
1582081394925	1582081394924	-11.904	-15.860	-3.087	-1.924	2.173	4.942	0.000000	0.000000
1582081394946	1582081394944	-14.247	-13.929	-1.837	-2.656	2.124	5.726	0.000000	0.000000
1582081394972	1582081394969	-18.952	-15.355	1.404	-1.763	1.611	7.583	0.000000	0.000000
1582081394988	1582081394985	-21.196	-3.317	2.681	-1.705	1.904	9.153	0.000000	0.000000
1582081395005	1582081395003	-28.239	-4.668	0.087	-1.556	4.084	8.495	0.000000	0.000000
1582081395025	1582081395025	-31.403	-9.222	-2.850	-2.352	4.269	7.574	0.000000	0.000000
1582081395044	1582081395043	-26.574	-5.325	-5.943	-4.042	5.150	6.779	0.000000	0.000000
1582081395067	1582081395063	-28.550	-11.357	-7.665	-3.446	5.359	6.291	0.000000	0.000000
1582081395085	1582081395084	-22.128	-2.778	-5.837	-3.863	4.636	6.006	0.000000	0.000000
1582081395104	1582081395103	-22.907	-2.244	-6.645	-4.082	5.269	4.618	0.000000	0.000000
1582081395124	1582081395123	-22.279	-5.171	-5.916	-3.830	4.807	4.226	0.000000	0.000000
1582081395144	1582081395143	-19.143	-2.443	-3.988	-2.803	3.353	5.131	0.000000	0.000000
1582081395164	1582081395164	-20.679	2.365	-2.946	-1.998	3.800	4.999	0.000000	0.000000
1582081395184	1582081395183	-16.695	0.851	-3.478	-2.193	3.530	3.659	0.000000	0.000000
1582081395204	1582081395203	-14.700	-2.096	-3.818	-1.027	3.015	3.259	0.000000	0.000000
1582081395223	1582081395223	-12.970	2.470	-3.286	-1.003	2.457	3.072	0.000000	0.000000
1582081395245	1582081395244	-11.981	4.885	-4.412	-0.790	1.787	2.062	0.000000	0.000000
1582081395264	1582081395264	-8.356	4.181	-4.165	-0.864	1.267	0.778	0.000000	0.000000
1582081395291	1582081395285	-8.150	4.777	-4.230	-1.048	1.483	0.178	0.000000	0.000000
1582081395308	1582081395306	-10.230	3.400	-0.776	-0.185	1.347	0.124	0.000000	0.000000
1582081395324	1582081395324	-10.500	5.251	-0.896	-0.002	0.540	0.434	0.000000	0.000000
1582081395344	1582081395344	-8.838	4.741	-1.928	0.059	-0.163	-0.101	0.000000	0.000000
1582081395364	1582081395364	-7.628	6.183	-4.026	0.807	-1.242	-0.258	0.000000	0.000000
1582081395391	1582081395391	-4.509	8.984	-3.284	1.157	-1.687	-0.325	0.000000	0.000000
1582081395405	1582081395405	-4.356	9.645	-2.872	0.821	-1.276	-0.097	0.000000	0.000000
1582081395427	1582081395427	-5.554	8.296	-3.188	0.428	-1.052	-0.016	0.000000	0.000000
1582081395445	1582081395444	-7.137	3.582	-1.542	0.616	-0.939	-0.176	0.000000	0.000000
1582081395465	1582081395464	-5.702	1.131	-0.464	1.096	-1.300	0.565	0.000000	0.000000
1582081395487	1582081395484	-3.295	1.823	-2.587	0.318	-1.240	1.733	0.000000	0.000000
1582081395510	1582081395505	-7.848	8.246	-3.471	-0.439	-0.762	2.215	0.000000	0.000000
1582081395528	1582081395526	-14.242	2.818	-4.498	-0.652	-2.636	0.274	0.000000	0.000000
1582081395544	1582081395544	-7.355	2.327	-4.503	-0.955	-5.200	-0.657	0.000000	0.000000
1582081395565	1582081395564	-5.005	4.401	-4.024	-1.885	-4.513	0.280	0.000000	0.000000
1582081395595	1582081395595	-11.274	6.109	-3.753	-0.639	-3.489	0.112	0.000000	0.000000
1582081395604	1582081395604	-8.538	6.832	-1.224	0.515	-4.976	-0.137	0.000000	0.000000
1582081395625	1582081395624	-7.192	7.482	0.705	0.331	-4.910	0.851	0.000000	0.000000
1582081395648	1582081395648	-11.178	7.309	1.668	0.506	-4.255	1.639	0.000000	0.000000
1582081395664	1582081395664	-15.219	5.745	2.037	0.764	-5.026	1.749	0.000000	0.000000
1582081395683	1582081395683	-15.478	2.398	1.371	1.680	-6.646	1.853	0.000000	0.000000
1582081395710	1582081395708	-15.018	-1.169	-0.646	3.148	-7.570	2.302	0.000000	0.000000
1582081395729	1582081395726	-14.920	-4.546	-3.013	4.946	-8.350	2.760	0.000000	0.000000
1582081395743	1582081395742	-12.076	-8.587	-6.120	7.111	-9.195	2.887	0.000000	0.000000
1582081395763	1582081395762	-8.323	-9.296	-8.058	8.026	-9.237	2.914	0.000000	0.000000
1582081395784	1582081395783	-6.404	-6.760	-9.117	7.703	-8.269	2.713	0.000000	0.000000
1582081395804	1582081395803	-6.737	-6.796	-10.734	7.008	-7.112	2.238	0.000000	0.000000
1582081395826	1582081395823	-6.071	-6.709	-11.678	6.234	-6.880	1.525	0.000000	0.000000
1582081395850	1582081395849	-3.338	-3.703	-12.408	5.448	-7.013	0.987	0.000000	0.000000
1582081395863	1582081395863	-1.728	-0.838	-14.195	5.113	-6.585	0.493	0.000000	0.000000
1582081395884	1582081395882	-1.697	0.345	-13.901	4.511	-5.635	0.225	0.000000	0.000000
1582081395905	1582081395905	-1.656	2.897	-11.984	1.636	-4.898	0.223	0.000000	0.000000
1582081395926	1582081395926	-1.860	5.424	-9.421	-1.222	-4.489	-0.150	0.000000	0.000000
1582081395946	1582081395945	-3.060	5.091	-5.651	-2.509	-4.185	-0.778	0.000000	0.000000
1582081395968	1582081395967	-7.199	1.476	-1.125	-2.611	-4.158	-1.155	0.000000	0.000000
1582081395984	1582081395982	-14.254	0.626	5.259	-2.455	-4.343	-0.351	0.000000	0.000000
1582081396008	1582081396001	-7.853	5.949	6.001	-0.877	-6.630	-0.570	0.000000	0.000000
1582081396025	1582081396025	-6.953	6.308	5.810	-1.107	-6.021	0.199	0.000000	0.000000
1582081396044	1582081396041	-10.716	2.501	5.678	-1.970	-3.593	1.192	0.000000	0.000000
1582081396063	1582081396063	-17.857	7.486	9.669	-1.093	-2.854	1.228	0.000000	0.000000
1582081396083	1582081396082	-17.950	10.265	11.899	-0.342	-4.100	1.016	0.000000	0.000000
1582081396103	1582081396102	-9.465	10.723	10.797	-0.589	-4.098	1.093	0.000000	0.000000
1582081396125	1582081396125	-13.313	13.442	7.587	-1.669	-2.144	1.833	0.000000	0.000000
1582081396142	1582081396142	-14.506	9.714	9.927	-1.329	-2.650	2.179	0.000000	0.000000
1582081396163	1582081396161	-9.549	6.507	11.528	-0.865	-3.493	2.202	0.000000	0.000000
1582081396181	1582081396181	-6.330	8.516	7.690	-1.453	-3.056	1.718	0.000000	0.000000
1582081396201	1582081396201	-4.655	8.655	4.537	-1.923	-2.506	1.982	0.000000	0.000000
1582081396222	1582081396222	-4.444	4.643	5.867	-1.274	-2.226	3.064	0.000000	0.000000
1582081396245	1582081396242	-5.688	3.028	6.392	-0.906	-0.850	3.005	0.000000	0.000000
1582081396262	1582081396262	-6.725	5.675	6.293	-0.887	-0.593	2.202	0.000000	0.000000
1582081396282	1582081396280	-3.623	6.672	6.358	-0.747	-1.148	1.489	0.000000	0.000000
1582081396301	1582081396300	-2.070	6.370	5.424	-1.554	-1.072	1.613	0.000000	0.000000
1582081396324	1582081396323	-2.231	6.339	5.474	-2.139	-0.382	1.862	0.000000	0.000000
1582081396341	1582081396341	-4.176	5.263	6.291	-2.365	-0.133	1.809	0.000000	0.000000
1582081396361	1582081396360	-3.568	4.547	5.929	-2.315	-0.401	1.353	0.000000	0.000000
1582081396382	1582081396381	-2.403	4.739	6.095	-2.578	-0.309	0.976	0.000000	0.000000
1582081396402	1582081396399	-3.273	3.546	4.921	-2.952	-0.339	1.029	0.000000	0.000000
1582081396421	1582081396419	-2.396	3.371	4.664	-3.073	-0.418	0.552	0.000000	0.000000
1582081396447	1582081396447	-0.410	3.912	5.450	-2.838	-0.423	0.161	0.000000	0.000000
1582081396466	1582081396464	-1.127	3.242	7.347	-2.635	0.122	0.302	0.000000	0.000000
1582081396480	1582081396478	-2.818	2.113	7.204	-2.649	0.168	0.511	0.000000	0.000000
1582081396501	1582081396498	-1.201	2.017	6.602	-2.557	-0.088	0.111	0.000000	0.000000
1582081396525	1582081396524	-0.159	2.020	6.634	-2.528	-0.311	-0.028	0.000000	0.000000
1582081396541	1582081396538	-0.801	1.011	7.431	-2.721	-0.126	0.126	0.000000	0.000000
1582081396559	1582081396559	-1.112	-0.562	7.997	-2.697	0.338	0.208	0.000000	0.000000
1582081396581	1582081396576	-1.975	-0.390	8.004	-1.802	0.364	0.273	0.000000	0.000000
1582081396600	1582081396598	-3.180	-0.122	9.218	-1.213	0.132	0.274	0.000000	0.000000
1582081396618	1582081396618	-2.358	-0.608	8.459	-1.909	-0.398	0.199	0.000000	0.000000
1582081396638	1582081396638	-0.741	-0.709	7.350	-2.453	-0.413	0.061	0.000000	0.000000
1582081396660	1582081396660	-0.533	-1.054	7.259	-1.612	-0.133	0.339	0.000000	0.000000
1582081396688	1582081396687	-1.443	-1.571	9.091	-1.116	0.288	0.591	0.000000	0.000000
1582081396699	1582081396699	-1.970	-2.488	9.137	-1.752	0.335	0.540	0.000000	0.000000
1582081396719	1582081396718	-1.390	-2.879	7.632	-1.892	0.058	0.500	0.000000	0.000000
1582081396740	1582081396740	-1.108	-2.927	7.489	-1.390	-0.013	0.546	0.000000	0.000000
1582081396757	1582081396757	-0.882	-3.768	7.556	-1.460	0.228	0.565	0.000000	0.000000
1582081396782	1582081396777	-1.488	-4.584	7.105	-1.345	0.493	0.608	0.000000	0.000000
1582081396798	1582081396797	-1.692	-3.988	7.632	-1.040	0.534	0.571	0.000000	0.000000
1582081396818	1582081396817	-1.699	-3.382	7.158	-1.500	0.692	0.436	0.000000	0.000000
1582081396838	1582081396838	-2.483	-4.223	6.725	-1.078	0.646	0.586	0.000000	0.000000
1582081396858	1582081396858	-3.103	-3.272	7.906	-0.852	0.568	0.561	0.000000	0.000000
1582081396883	1582081396877	-3.283	-4.848	6.890	-1.672	0.274	0.561	0.000000	0.000000
1582081396898	1582081396897	-2.717	-5.315	6.435	-2.466	0.338	0.261	0.000000	0.000000
1582081396917	1582081396917	-3.230	-4.958	6.360	-2.655	0.377	0.075	0.000000	0.000000
1582081396937	1582081396937	-3.151	-6.098	4.906	-2.868	0.255	0.033	0.000000	0.000000
1582081396963	1582081396960	-3.350	-5.804	3.816	-3.301	0.341	-0.005	0.000000	0.000000
1582081396980	1582081396980	-3.520	-5.775	3.716	-2.476	0.352	0.233	0.000000	0.000000
1582081396999	1582081396998	-3.129	-7.119	4.228	-1.375	0.576	0.641	0.000000	0.000000
1582081397018	1582081397015	-4.888	-9.304	4.135	-1.119	1.174	0.736	0.000000	0.000000
1582081397037	1582081397036	-6.605	-9.605	4.748	-1.313	1.216	0.396	0.000000	0.000000
1582081397057	1582081397056	-5.681	-9.579	4.430	-2.188	0.886	-0.009	0.000000	0.000000
1582081397081	1582081397081	-4.538	-10.801	2.822	-3.010	0.811	-0.425	0.000000	0.000000
1582081397100	1582081397096	-5.539	-12.396	-0.424	-4.250	0.983	-0.564	0.000000	0.000000
1582081397116	1582081397116	-6.960	-14.016	-4.896	-6.323	1.477	-1.292	0.000000	0.000000
1582081397139	1582081397138	-8.270	-18.014	-10.861	-7.920	2.466	-2.496	0.000000	0.000000
1582081397159	1582081397159	-14.429	-28.060	-13.975	-9.177	3.266	-3.698	0.000000	0.000000
1582081397182	1582081397176	-17.177	-32.106	-16.993	-12.048	3.137	-3.888	0.000000	0.000000
1582081397203	1582081397197	-14.247	-10.492	-22.625	-10.321	3.640	-2.475	0.000000	0.000000
1582081397216	1582081397215	-13.466	-10.650	-16.552	-3.843	5.636	-1.027	0.000000	0.000000
1582081397236	1582081397235	-21.544	-6.817	-6.827	-0.194	7.087	1.673	0.000000	0.000000
1582081397255	1582081397255	-23.575	-3.236	-1.130	1.404	5.826	2.786	0.000000	0.000000
1582081397281	1582081397281	-17.033	-3.837	1.260	1.288	4.138	3.237	0.000000	0.000000
1582081397296	1582081397295	-7.844	10.136	3.967	0.144	2.076	4.568	0.000000	0.000000
1582081397315	1582081397315	-10.019	4.147	8.675	0.320	-0.546	7.651	0.000000	0.000000
1582081397335	1582081397335	-18.281	-12.399	5.038	0.751	-0.463	10.730	0.000000	0.000000
1582081397355	1582081397355	-20.892	-21.097	-3.890	-0.288	1.318	10.232	0.000000	0.000000
1582081397375	1582081397375	-14.592	-20.112	-9.459	-2.198	2.374	8.631	0.000000	0.000000
1582081397399	1582081397399	-14.683	-17.973	-11.970	-3.965	3.124	7.725	0.000000	0.000000
1582081397417	1582081397414	-16.911	-16.770	-12.396	-5.195	3.786	6.948	0.000000	0.000000
1582081397434	1582081397434	-18.156	-12.753	-12.336	-5.654	3.770	6.500	0.000000	0.000000
1582081397455	1582081397455	-18.544	-14.856	-13.429	-4.432	3.657	6.532	0.000000	0.000000
1582081397480	1582081397474	-20.624	-10.854	-11.630	-4.367	3.144	6.025	0.000000	0.000000
1582081397495	1582081397495	-16.321	-11.874	-11.021	-4.508	3.237	4.742	0.000000	0.000000
1582081397514	1582081397514	-16.166	-9.167	-13.199	-5.217	3.631	3.928	0.000000	0.000000
1582081397537	1582081397534	-13.073	-6.391	-10.976	-4.437	2.779	3.423	0.000000	0.000000
1582081397554	1582081397554	-11.720	-5.035	-9.306	-3.595	2.402	3.276	0.000000	0.000000
1582081397578	1582081397578	-12.491	-3.988	-6.118	-2.652	2.237	2.966	0.000000	0.000000
1582081397599	1582081397599	-10.369	-4.980	-5.377	-2.784	2.344	2.029	0.000000	0.000000
1582081397618	1582081397616	-10.402	-2.596	-5.409	-2.282	2.534	1.006	0.000000	0.000000
1582081397634	1582081397633	-8.177	0.223	-4.738	-2.582	1.173	0.392	0.000000	0.000000
1582081397654	1582081397654	-6.572	4.346	-4.089	-2.535	0.569	0.358	0.000000	0.000000
1582081397675	1582081397673	-7.760	4.971	-3.744	-1.006	0.066	0.513	0.000000	0.000000
1582081397697	1582081397697	-5.887	3.867	-4.829	0.024	-0.666	0.419	0.000000	0.000000
1582081397714	1582081397714	-5.704	6.236	-4.228	-0.379	-0.850	0.165	0.000000	0.000000
1582081397735	1582081397733	-6.579	8.524	-4.791	-1.034	-1.049	-0.068	0.000000	0.000000
1582081397753	1582081397753	-7.202	3.876	-6.757	-0.721	-1.629	-0.208	0.000000	0.000000
1582081397773	1582081397773	-9.209	1.629	-4.726	-0.111	-2.315	-0.332	0.000000	0.000000
1582081397798	1582081397793	-11.842	3.122	-5.203	-0.665	-2.831	0.087	0.000000	0.000000
1582081397815	1582081397815	-9.767	3.541	-5.009	-0.981	-4.648	0.573	0.000000	0.000000
1582081397833	1582081397833	-6.871	6.979	-4.407	-0.566	-4.987	0.794	0.000000	0.000000
1582081397854	1582081397852	-8.100	5.357	-4.098	0.492	-4.006	0.716	0.000000	0.000000
1582081397873	1582081397872	-9.700	3.596	-5.061	-0.691	-3.292	0.591	0.000000	0.000000
1582081397894	1582081397893	-10.213	2.868	-6.724	-1.235	-3.519	0.812	0.000000	0.000000
1582081397915	1582081397912	-9.806	2.267	-5.150	-1.171	-4.757	0.577	0.000000	0.000000
1582081397934	1582081397932	-8.078	3.189	-2.649	-1.249	-5.589	0.417	0.000000	0.000000
1582081397954	1582081397952	-8.157	4.123	-1.394	-1.212	-5.745	0.295	0.000000	0.000000
1582081397972	1582081397972	-8.826	1.924	-0.481	-0.467	-5.686	-0.031	0.000000	0.000000
1582081397998	1582081397993	-10.706	-0.989	-0.210	0.782	-5.918	-0.193	0.000000	0.000000
1582081398014	1582081398014	-13.325	-4.419	-1.049	3.176	-6.696	-0.012	0.000000	0.000000
1582081398034	1582081398034	-13.727	-6.891	-3.698	5.621	-7.591	0.437	0.000000	0.000000
1582081398053	1582081398052	-12.419	-7.447	-7.555	8.131	-8.383	0.967	0.000000	0.000000
1582081398073	1582081398071	-9.628	-4.977	-10.710	9.346	-8.598	1.421	0.000000	0.000000
1582081398093	1582081398092	-7.860	-1.463	-11.206	9.071	-7.845	1.512	0.000000	0.000000
1582081398115	1582081398115	-6.799	-2.589	-11.484	8.900	-6.824	1.352	0.000000	0.000000
1582081398133	1582081398132	-5.407	-5.277	-13.134	8.928	-6.171	1.182	0.000000	0.000000
1582081398153	1582081398153	-2.895	-2.560	-14.741	8.424	-5.813	1.094	0.000000	0.000000
1582081398171	1582081398171	-0.686	0.293	-15.482	7.655	-4.900	1.197	0.000000	0.000000
1582081398193	1582081398191	-1.122	1.819	-13.529	5.062	-4.165	1.371	0.000000	0.000000
1582081398211	1582081398211	-1.680	3.445	-11.666	1.835	-4.191	1.080	0.000000	0.000000
1582081398238	1582081398238	-2.329	3.134	-8.853	-0.455	-4.594	0.192	0.000000	0.000000
1582081398250	1582081398249	-3.922	1.886	-5.150	-2.237	-5.083	-0.496	0.000000	0.000000
1582081398270	1582081398269	-6.926	0.762	0.882	-3.601	-5.403	-0.920	0.000000	0.000000
1582081398290	1582081398289	-11.135	0.372	3.311	-3.397	-5.552	-0.734	0.000000	0.000000
1582081398313	1582081398313	-9.456	3.572	5.920	-0.871	-5.899	-0.229	0.000000	0.000000
1582081398334	1582081398334	-10.071	5.287	9.309	-0.526	-5.842	0.229	0.000000	0.000000
1582081398358	1582081398352	-12.790	5.053	7.237	-1.841	-4.620	1.054	0.000000	0.000000
1582081398370	1582081398370	-16.441	4.497	6.174	-1.957	-3.566	1.020	0.000000	0.000000
1582081398391	1582081398390	-14.817	6.497	6.540	-1.809	-4.025	0.748	0.000000	0.000000
1582081398410	1582081398410	-13.224	8.172	11.971	-1.152	-4.072	1.011	0.000000	0.000000
1582081398436	1582081398436	-12.570	11.286	10.979	-1.049	-3.233	1.407	0.000000	0.000000
1582081398450	1582081398449	-11.942	7.026	9.647	-1.182	-2.691	1.863	0.000000	0.000000
1582081398470	1582081398469	-10.603	4.123	10.239	-1.220	-2.829	1.980	0.000000	0.000000
1582081398492	1582081398492	-7.398	5.699	9.554	-0.525	-2.798	1.697	0.000000	0.000000
1582081398510	1582081398509	-6.373	7.446	8.248	-0.281	-2.471	1.837	0.000000	0.000000
1582081398533	1582081398533	-5.944	4.566	7.886	-0.425	-2.196	2.123	0.000000	0.000000
1582081398551	1582081398551	-5.022	2.971	6.655	-0.120	-1.640	2.143	0.000000	0.000000
1582081398573	1582081398572	-5.338	4.078	6.581	-0.153	-1.124	1.950	0.000000	0.000000
1582081398589	1582081398589	-4.823	6.947	6.674	-1.173	-1.049	1.454	0.000000	0.000000
1582081398610	1582081398609	-3.199	7.692	5.843	-1.991	-1.144	1.307	0.000000	0.000000
1582081398629	1582081398629	-2.655	5.414	5.829	-2.291	-1.462	1.682	0.000000	0.000000
1582081398649	1582081398649	-2.229	3.519	5.714	-2.773	-1.311	1.674	0.000000	0.000000
1582081398669	1582081398669	-1.635	3.467	4.688	-3.044	-1.106	1.426	0.000000	0.000000
1582081398690	1582081398690	-1.699	3.172	4.868	-2.864	-0.635	1.360	0.000000	0.000000
1582081398710	1582081398709	-2.545	1.943	6.392	-2.571	0.081	1.150	0.000000	0.000000
1582081398733	1582081398733	-2.712	2.247	6.952	-2.120	0.110	0.750	0.000000	0.000000
1582081398756	1582081398755	-0.866	4.142	6.844	-1.525	-0.659	0.286	0.000000	0.000000
1582081398770	1582081398770	1.065	4.344	6.902	-1.667	-0.982	0.332	0.000000	0.000000
1582081398788	1582081398788	0.646	2.480	7.050	-2.349	-0.253	0.959	0.000000	0.000000
1582081398810	1582081398808	-2.267	-0.124	7.635	-2.456	0.126	1.288	0.000000	0.000000
1582081398829	1582081398828	-1.551	-0.984	7.403	-2.316	-0.373	0.804	0.000000	0.000000
1582081398850	1582081398850	0.497	-1.063	5.932	-2.309	-0.688	0.411	0.000000	0.000000
1582081398869	1582081398869	0.656	-1.516	6.169	-2.114	-0.034	0.494	0.000000	0.000000
1582081398888	1582081398888	-1.400	-2.052	7.426	-1.645	0.565	0.649	0.000000	0.000000
1582081398908	1582081398908	-2.315	-1.822	7.965	-1.598	0.589	0.456	0.000000	0.000000
1582081398928	1582081398928	-1.946	-0.790	8.528	-1.622	0.335	0.396	0.000000	0.000000
1582081398950	1582081398950	-1.603	-0.634	8.466	-1.798	0.076	0.490	0.000000	0.000000
1582081398971	1582081398969	-0.985	-1.667	7.956	-1.957	-0.088	0.485	0.000000	0.000000
1582081398995	1582081398990	-0.111	-2.275	7.676	-1.586	0.126	0.402	0.000000	0.000000
1582081399008	1582081399007	-1.462	-1.930	8.919	-0.795	0.583	0.640	0.000000	0.000000
1582081399028	1582081399028	-3.273	-2.481	9.333	-1.522	0.575	0.798	0.000000	0.000000
1582081399050	1582081399051	-2.248	-2.953	7.733	-2.328	0.215	0.533	0.000000	0.000000
1582081399068	1582081399068	-1.280	-3.921	6.813	-1.575	0.065	0.679	0.000000	0.000000
1582081399089	1582081399087	-1.258	-4.132	7.644	-0.727	0.434	0.799	0.000000	0.000000
1582081399107	1582081399107	-2.420	-4.115	8.109	-0.749	0.720	0.805	0.000000	0.000000
1582081399126	1582081399126	-2.820	-3.890	7.958	-1.074	0.550	0.680	0.000000	0.000000
1582081399147	1582081399146	-2.042	-2.556	7.371	-1.230	0.360	0.578	0.000000	0.000000
1582081399171	1582081399170	-1.728	-1.708	7.443	-1.011	0.403	0.690	0.000000	0.000000
1582081399190	1582081399189	-2.499	-3.178	7.652	-0.773	0.415	0.948	0.000000	0.000000
1582081399206	1582081399206	-3.326	-4.561	7.333	-1.136	0.481	0.970	0.000000	0.000000
1582081399227	1582081399227	-3.381	-4.879	6.545	-1.751	0.416	0.800	0.000000	0.000000
1582081399247	1582081399247	-3.283	-5.586	5.347	-2.438	0.350	0.709	0.000000	0.000000
1582081399269	1582081399269	-3.429	-6.695	4.748	-2.560	0.596	0.671	0.000000	0.000000
1582081399290	1582081399288	-3.733	-8.235	4.815	-2.249	0.822	0.637	0.000000	0.000000
1582081399314	1582081399307	-4.044	-9.021	4.791	-1.393	0.944	0.569	0.000000	0.000000
1582081399326	1582081399326	-4.121	-9.447	5.350	-0.664	1.103	0.418	0.000000	0.000000
1582081399346	1582081399346	-4.825	-8.930	5.661	-0.810	1.187	0.202	0.000000	0.000000
1582081399369	1582081399369	-5.527	-6.942	5.424	-1.325	0.921	0.017	0.000000	0.000000
1582081399388	1582081399387	-4.471	-6.029	4.808	-1.761	0.499	-0.122	0.000000	0.000000
1582081399407	1582081399406	-4.061	-6.681	4.983	-1.886	0.646	-0.138	0.000000	0.000000
1582081399426	1582081399426	-5.649	-9.658	4.993	-2.151	1.116	-0.163	0.000000	0.000000
1582081399447	1582081399446	-7.386	-12.082	3.651	-3.029	1.321	-0.785	0.000000	0.000000
1582081399470	1582081399467	-8.474	-13.879	0.338	-4.554	1.477	-1.925	0.000000	0.000000
1582081399489	1582081399487	-10.093	-18.895	-6.513	-7.786	1.557	-3.073	0.000000	0.000000
1582081399507	1582081399506	-13.981	-24.271	-11.637	-11.670	1.078	-3.749	0.000000	0.000000
1582081399525	1582081399525	-12.283	-27.502	-11.419	-11.936	0.961	-3.702	0.000000	0.000000
1582081399547	1582081399545	-12.009	-20.167	-16.030	-10.066	3.381	-3.712	0.000000	0.000000
1582081399566	1582081399565	-17.203	-10.073	-20.167	-6.582	5.703	-2.664	0.000000	0.000000
1582081399592	1582081399591	-16.084	-3.741	-14.294	-3.072	6.597	-0.286	0.000000	0.000000
1582081399606	1582081399606	-17.620	-2.330	-4.261	1.488	6.347	2.354	0.000000	0.000000
1582081399627	1582081399627	-21.378	1.711	1.150	2.268	5.380	3.834	0.000000	0.000000
1582081399646	1582081399645	-11.962	5.637	4.377	2.596	3.582	4.696	0.000000	0.000000
1582081399666	1582081399665	-9.123	11.175	8.651	2.231	1.921	6.747	0.000000	0.000000
1582081399685	1582081399684	-19.201	-0.718	8.279	1.777	0.335	9.699	0.000000	0.000000
1582081399709	1582081399709	-21.431	-17.609	-1.938	0.779	1.003	10.063	0.000000	0.000000
1582081399730	1582081399726	-12.843	-25.248	-9.016	-1.948	2.582	8.393	0.000000	0.000000
1582081399746	1582081399744	-11.741	-18.991	-11.014	-3.787	3.367	7.897	0.000000	0.000000
1582081399766	1582081399764	-15.531	-27.691	-12.772	-3.798	4.010	6.888	0.000000	0.000000
1582081399785	1582081399784	-15.825	-15.182	-8.640	-5.066	4.938	6.509	0.000000	0.000000
1582081399804	1582081399803	-22.197	-15.005	-10.976	-5.625	4.956	5.561	0.000000	0.000000
1582081399823	1582081399823	-16.832	-9.088	-9.481	-5.266	3.729	5.121	0.000000	0.000000
1582081399848	1582081399847	-16.949	-6.175	-11.026	-4.668	3.195	4.606	0.000000	0.000000
1582081399864	1582081399863	-17.533	-5.837	-11.134	-4.353	3.300	3.747	0.000000	0.000000
1582081399886	1582081399886	-17.696	-10.789	-9.342	-4.126	3.114	3.118	0.000000	0.000000
1582081399911	1582081399909	-9.676	-2.651	-9.227	-4.672	2.071	3.526	0.000000	0.000000
1582081399926	1582081399926	-12.438	-3.317	-9.687	-3.403	2.563	3.184	0.000000	0.000000
1582081399944	1582081399944	-13.468	-5.730	-7.739	-3.580	2.004	2.593	0.000000	0.000000
1582081399964	1582081399964	-8.847	-2.726	-7.047	-3.497	1.508	2.110	0.000000	0.000000
1582081399994	1582081399985	-8.538	0.650	-7.291	-2.623	1.460	1.704	0.000000	0.000000
1582081400007	1582081400004	-8.766	1.847	-5.955	-2.282	1.153	0.894	0.000000	0.000000
1582081400024	1582081400024	-5.688	6.849	-7.100	-3.136	0.067	0.590	0.000000	0.000000
1582081400045	1582081400044	-4.567	4.200	-6.649	-2.742	-0.004	0.835	0.000000	0.000000
1582081400065	1582081400065	-7.118	0.760	-5.083	-1.277	0.368	1.279	0.000000	0.000000
1582081400085	1582081400085	-5.618	4.178	-4.168	-0.966	-0.163	1.509	0.000000	0.000000
1582081400105	1582081400105	-5.268	5.062	-3.658	-0.508	-0.274	1.213	0.000000	0.000000
1582081400132	1582081400132	-6.231	3.414	-4.798	-0.659	-0.146	0.556	0.000000	0.000000
1582081400148	1582081400147	-7.477	3.706	-5.162	-0.753	-0.692	-0.072	0.000000	0.000000
1582081400165	1582081400164	-7.568	3.651	-5.445	-0.332	-1.829	-0.393	0.000000	0.000000
1582081400184	1582081400184	-8.052	2.803	-4.062	0.147	-2.666	-0.683	0.000000	0.000000
1582081400205	1582081400204	-8.548	3.342	-4.060	-0.548	-3.258	-0.760	0.000000	0.000000
1582081400226	1582081400224	-9.082	4.288	-2.843	-1.934	-3.638	-0.018	0.000000	0.000000
1582081400244	1582081400244	-10.608	8.524	-2.671	-1.294	-3.974	0.106	0.000000	0.000000
1582081400265	1582081400263	-8.189	7.654	-1.856	0.183	-4.596	-0.782	0.000000	0.000000
1582081400284	1582081400284	-7.202	4.169	-1.197	0.106	-4.530	-0.421	0.000000	0.000000
1582081400309	1582081400303	-10.642	4.686	-1.224	-0.449	-3.808	0.649	0.000000	0.000000
1582081400326	1582081400326	-11.638	6.502	-1.137	-0.171	-4.783	1.070	0.000000	0.000000
1582081400346	1582081400346	-10.627	5.014	-0.644	-0.278	-5.904	0.985	0.000000	0.000000
1582081400363	1582081400363	-13.128	1.593	0.202	-0.059	-6.078	1.093	0.000000	0.000000
1582081400383	1582081400383	-15.531	-2.282	-0.177	1.813	-6.829	1.030	0.000000	0.000000
1582081400404	1582081400403	-14.850	-5.555	-2.419	4.343	-7.941	1.301	0.000000	0.000000
1582081400426	1582081400426	-12.905	-5.114	-5.303	6.173	-8.590	2.166	0.000000	0.000000
1582081400448	1582081400443	-10.948	-3.209	-7.545	7.474	-8.963	2.533	0.000000	0.000000
1582081400470	1582081400463	-8.663	-3.449	-9.464	8.036	-8.947	2.265	0.000000	0.000000
1582081400485	1582081400482	-6.562	-4.517	-10.818	8.258	-8.758	1.777	0.000000	0.000000
1582081400505	1582081400503	-3.664	-4.278	-9.713	8.097	-8.246	1.053	0.000000	0.000000
1582081400524	1582081400523	-2.341	-5.368	-9.208	7.819	-6.996	0.512	0.000000	0.000000
1582081400553	1582081400553	-2.837	-5.078	-11.244	7.600	-5.574	0.639	0.000000	0.000000
1582081400563	1582081400563	-2.938	-1.379	-13.187	6.400	-4.791	1.430	0.000000	0.000000
1582081400582	1582081400582	-2.389	-0.124	-13.575	4.972	-4.392	1.574	0.000000	0.000000
1582081400603	1582081400602	-1.944	-0.258	-13.120	2.268	-4.132	1.346	0.000000	0.000000
1582081400625	1582081400625	-2.394	1.718	-10.523	-0.714	-4.201	0.831	0.000000	0.000000
1582081400644	1582081400644	-4.825	2.873	-4.218	-2.981	-4.704	0.001	0.000000	0.000000
1582081400664	1582081400664	-9.331	-0.653	2.485	-3.519	-5.165	-0.664	0.000000	0.000000
1582081400685	1582081400683	-12.953	-1.911	6.066	-3.186	-5.279	0.222	0.000000	0.000000
1582081400702	1582081400702	-10.306	5.230	4.463	-2.778	-5.094	1.397	0.000000	0.000000
1582081400722	1582081400722	-12.615	9.515	4.113	-2.411	-4.637	0.962	0.000000	0.000000
1582081400747	1582081400747	-15.097	6.519	8.624	-1.371	-4.451	0.724	0.000000	0.000000
1582081400763	1582081400761	-15.160	5.438	8.660	-1.674	-4.512	1.011	0.000000	0.000000
1582081400781	1582081400781	-14.762	11.269	10.639	-1.675	-3.654	1.094	0.000000	0.000000
1582081400802	1582081400800	-13.531	13.966	8.615	-1.587	-2.472	1.463	0.000000	0.000000
1582081400820	1582081400820	-11.729	10.241	11.029	-1.170	-2.375	1.587	0.000000	0.000000
1582081400843	1582081400843	-9.092	6.895	11.446	-1.611	-3.027	1.863	0.000000	0.000000
1582081400868	1582081400863	-7.290	8.763	8.574	-1.931	-3.028	1.819	0.000000	0.000000
1582081400881	1582081400878	-6.116	7.228	7.386	-1.982	-2.978	1.758	0.000000	0.000000
1582081400901	1582081400899	-4.856	4.466	5.678	-1.672	-2.789	1.904	0.000000	0.000000
1582081400921	1582081400919	-5.355	3.476	6.435	-0.997	-1.874	2.105	0.000000	0.000000
1582081400946	1582081400941	-5.415	6.068	6.828	-1.710	-1.261	1.770	0.000000	0.000000
1582081400963	1582081400963	-4.830	6.641	6.210	-2.356	-1.212	1.664	0.000000	0.000000
1582081400982	1582081400977	-4.833	5.139	5.800	-2.493	-1.244	1.679	0.000000	0.000000
1582081401001	1582081400998	-4.260	4.334	5.316	-2.578	-1.236	1.584	0.000000	0.000000
1582081401024	1582081401023	-3.532	3.524	5.237	-2.715	-1.152	1.541	0.000000	0.000000
1582081401046	1582081401039	-2.863	2.492	5.436	-2.823	-1.121	1.611	0.000000	0.000000
1582081401062	1582081401059	-2.712	1.802	6.341	-2.852	-0.795	1.364	0.000000	0.000000
1582081401083	1582081401081	-2.097	0.686	6.241	-2.545	-0.354	1.101	0.000000	0.000000
1582081401100	1582081401098	-2.274	1.380	5.980	-2.016	0.033	0.800	0.000000	0.000000
1582081401119	1582081401119	-2.583	3.208	7.328	-1.814	0.203	0.572	0.000000	0.000000
1582081401140	1582081401138	-2.370	4.365	7.937	-2.028	0.064	0.429	0.000000	0.000000
1582081401160	1582081401160	-2.353	4.039	7.506	-2.363	-0.321	0.584	0.000000	0.000000
1582081401180	1582081401178	-1.965	2.571	6.899	-2.651	-0.654	0.609	0.000000	0.000000
1582081401205	1582081401198	-0.660	1.086	6.931	-2.498	-0.711	0.638	0.000000	0.000000
1582081401219	1582081401218	-1.539	-0.368	7.276	-2.529	-0.414	0.793	0.000000	0.000000
1582081401239	1582081401237	-1.905	-1.185	7.980	-2.746	-0.195	0.668	0.000000	0.000000
1582081401258	1582081401258	-1.448	-1.916	8.028	-1.896	-0.219	0.680	0.000000	0.000000
1582081401283	1582081401281	-1.730	-1.945	8.040	-1.206	-0.114	0.812	0.000000	0.000000
1582081401300	1582081401298	-2.554	-1.748	8.274	-1.339	0.055	0.786	0.000000	0.000000
1582081401318	1582081401317	-2.744	-1.180	7.561	-1.892	-0.003	0.575	0.000000	0.000000
1582081401339	1582081401337	-1.884	-1.458	6.475	-2.147	-0.210	0.477	0.000000	0.000000
1582081401362	1582081401360	-0.935	-2.108	7.180	-1.366	-0.264	0.742	0.000000	0.000000
1582081401377	1582081401377	-1.220	-3.708	7.877	-0.875	0.219	1.021	0.000000	0.000000
1582081401399	1582081401399	-2.581	-4.177	7.920	-1.304	0.694	0.965	0.000000	0.000000
1582081401418	1582081401417	-3.043	-3.523	8.363	-1.470	0.563	0.686	0.000000	0.000000
1582081401438	1582081401436	-2.102	-3.784	7.970	-1.753	0.125	0.634	0.000000	0.000000
1582081401466	1582081401461	-1.383	-3.669	6.945	-1.815	0.230	0.699	0.000000	0.000000
1582081401486	1582081401486	-2.128	-3.626	6.756	-1.179	0.417	0.954	0.000000	0.000000
1582081401497	1582081401497	-2.506	-4.714	7.759	-0.742	0.454	1.031	0.000000	0.000000
1582081401521	1582081401517	-2.241	-5.176	7.541	-1.266	0.434	0.848	0.000000	0.000000
1582081401538	1582081401536	-1.706	-4.266	7.534	-1.277	0.263	0.850	0.000000	0.000000
1582081401556	1582081401556	-1.905	-4.187	7.510	-1.133	0.287	1.039	0.000000	0.000000
1582081401577	1582081401577	-2.626	-5.373	6.214	-1.512	0.259	1.130	0.000000	0.000000
1582081401598	1582081401597	-2.815	-5.991	5.735	-1.745	0.399	0.931	0.000000	0.000000
1582081401618	1582081401618	-3.103	-6.587	5.635	-1.986	0.445	0.928	0.000000	0.000000
1582081401637	1582081401636	-3.323	-7.313	5.354	-2.167	0.529	0.818	0.000000	0.000000
1582081401656	1582081401656	-3.491	-8.053	5.201	-2.166	0.642	0.707	0.000000	0.000000
1582081401684	1582081401684	-3.834	-8.671	5.069	-1.691	0.684	0.805	0.000000	0.000000
1582081401706	1582081401706	-4.023	-8.997	4.542	-1.121	0.902	0.636	0.000000	0.000000
1582081401715	1582081401714	-4.516	-8.602	4.892	-0.773	1.189	0.517	0.000000	0.000000
1582081401735	1582081401734	-5.582	-7.864	5.316	-0.857	1.184	0.415	0.000000	0.000000
1582081401755	1582081401755	-6.088	-6.994	5.146	-1.249	0.841	0.035	0.000000	0.000000
1582081401780	1582081401775	-5.340	-7.385	4.609	-1.839	0.518	-0.211	0.000000	0.000000
1582081401798	1582081401798	-5.180	-8.484	4.161	-2.744	0.541	-0.437	0.000000	0.000000
1582081401817	1582081401817	-5.985	-9.603	2.813	-3.893	0.670	-0.688	0.000000	0.000000
1582081401836	1582081401835	-6.782	-10.652	-1.111	-5.403	1.060	-1.276	0.000000	0.000000
1582081401856	1582081401854	-8.172	-13.999	-7.038	-7.061	1.808	-2.215	0.000000	0.000000
1582081401876	1582081401875	-12.419	-20.117	-14.226	-9.407	2.018	-3.224	0.000000	0.000000
1582081401902	1582081401902	-19.232	-29.416	-15.647	-9.641	0.952	-2.531	0.000000	0.000000
1582081401916	1582081401916	-13.217	-21.348	-18.174	-8.491	1.604	-1.869	0.000000	0.000000
1582081401937	1582081401937	-16.484	3.678	-26.592	-5.374	4.909	-0.741	0.000000	0.000000
1582081401956	1582081401955	-19.771	-9.756	-14.409	-0.732	6.777	-1.009	0.000000	0.000000
1582081401974	1582081401974	-20.777	-17.822	-2.079	0.852	7.224	0.788	0.000000	0.000000
1582081401995	1582081401995	-22.272	6.619	0.295	1.796	6.428	3.147	0.000000	0.000000
1582081402020	1582081402018	-14.589	3.196	3.170	3.003	4.448	4.316	0.000000	0.000000
1582081402037	1582081402037	-10.414	15.634	7.872	-0.187	1.835	5.862	0.000000	0.000000
1582081402056	1582081402054	-10.778	0.180	8.179	0.441	-0.094	8.175	0.000000	0.000000
1582081402075	1582081402075	-22.121	-19.453	-1.636	0.565	0.734	10.302	0.000000	0.000000
1582081402096	1582081402095	-15.066	-23.210	-6.089	-2.338	1.769	8.765	0.000000	0.000000
1582081402116	1582081402116	-14.731	-22.338	-10.293	-4.171	2.969	8.058	0.000000	0.000000
1582081402136	1582081402134	-19.239	-13.733	-11.635	-4.563	3.667	7.340	0.000000	0.000000
1582081402159	1582081402156	-17.953	-19.705	-13.879	-4.366	3.574	6.352	0.000000	0.000000
1582081402175	1582081402174	-18.437	-13.204	-11.891	-5.687	3.652	5.661	0.000000	0.000000
1582081402193	1582081402193	-18.286	-14.253	-14.684	-6.374	3.263	5.156	0.000000	0.000000
1582081402219	1582081402217	-16.084	-16.917	-13.517	-4.484	3.427	4.686	0.000000	0.000000
1582081402236	1582081402236	-12.726	-11.488	-11.455	-4.800	2.835	4.022	0.000000	0.000000
1582081402255	1582081402253	-11.803	-8.482	-12.042	-3.427	3.097	3.654	0.000000	0.000000
1582081402273	1582081402273	-16.187	-6.225	-6.029	-5.129	3.329	2.675	0.000000	0.000000
1582081402294	1582081402293	-10.558	1.100	-7.073	-3.939	1.650	2.527	0.000000	0.000000
1582081402316	1582081402316	-10.795	0.424	-5.883	-2.427	1.460	2.319	0.000000	0.000000
1582081402335	1582081402333	-12.321	-1.403	-4.103	-2.775	1.376	1.876	0.000000	0.000000
1582081402360	1582081402360	-7.482	3.596	-5.131	-2.938	0.486	1.600	0.000000	0.000000
1582081402374	1582081402373	-7.616	1.011	-3.602	-2.078	0.624	1.854	0.000000	0.000000
1582081402393	1582081402392	-9.017	4.782	-1.928	-2.275	0.590	1.687	0.000000	0.000000
1582081402421	1582081402413	-6.627	6.694	-4.637	-1.528	-0.040	1.222	0.000000	0.000000
1582081402439	1582081402434	-6.282	5.239	-3.344	-1.140	0.027	0.903	0.000000	0.000000
1582081402454	1582081402452	-7.535	4.183	-4.125	-2.275	-0.219	0.627	0.000000	0.000000
1582081402472	1582081402472	-6.644	4.744	-4.726	-1.759	-1.221	0.589	0.000000	0.000000
1582081402494	1582081402493	-6.162	4.636	-3.535	-0.583	-1.707	0.360	0.000000	0.000000
1582081402516	1582081402513	-6.078	3.575	-3.327	-0.991	-1.595	0.127	0.000000	0.000000
1582081402535	1582081402535	-9.978	3.831	-5.488	-1.276	-1.662	0.066	0.000000	0.000000
1582081402554	1582081402554	-10.134	1.234	-4.357	-0.671	-2.992	-0.343	0.000000	0.000000
1582081402572	1582081402572	-7.820	3.577	-3.665	-0.494	-3.433	-0.314	0.000000	0.000000
1582081402593	1582081402593	-12.529	6.341	-3.782	0.326	-3.566	-0.390	0.000000	0.000000
1582081402618	1582081402612	-8.699	6.095	-3.178	1.253	-4.580	-0.479	0.000000	0.000000
1582081402637	1582081402637	-7.115	6.344	-3.538	0.747	-4.816	-0.166	0.000000	0.000000
1582081402652	1582081402652	-8.936	4.729	-3.011	0.367	-4.404	0.439	0.000000	0.000000
1582081402672	1582081402672	-10.158	4.782	-2.237	0.343	-4.694	0.600	0.000000	0.000000
1582081402695	1582081402694	-9.609	4.712	-1.561	0.570	-5.339	0.965	0.000000	0.000000
1582081402712	1582081402712	-10.088	4.233	-1.655	0.454	-5.829	1.049	0.000000	0.000000
1582081402735	1582081402735	-11.765	0.774	-1.715	1.656	-6.329	1.092	0.000000	0.000000
1582081402755	1582081402752	-12.299	-2.503	-2.294	3.571	-7.061	1.325	0.000000	0.000000
1582081402773	1582081402773	-12.350	-3.329	-4.031	4.821	-7.739	1.851	0.000000	0.000000
1582081402792	1582081402791	-11.437	-3.439	-6.144	6.038	-8.448	2.133	0.000000	0.000000
1582081402811	1582081402811	-9.101	-3.935	-7.902	6.956	-8.802	2.011	0.000000	0.000000
1582081402835	1582081402835	-7.441	-3.669	-8.901	6.997	-8.447	1.747	0.000000	0.000000
1582081402852	1582081402850	-6.148	-3.641	-9.469	6.787	-7.502	1.363	0.000000	0.000000
1582081402871	1582081402870	-5.393	-5.164	-10.389	6.894	-6.621	1.013	0.000000	0.000000
1582081402891	1582081402891	-4.370	-3.871	-11.498	6.723	-6.034	0.685	0.000000	0.000000
1582081402911	1582081402910	-3.587	-0.747	-11.968	5.893	-5.615	0.572	0.000000	0.000000
1582081402935	1582081402933	-3.311	1.653	-11.709	4.362	-5.452	0.532	0.000000	0.000000
1582081402957	1582081402957	-2.586	0.353	-11.074	3.136	-5.133	0.135	0.000000	0.000000
1582081402973	1582081402973	-2.368	0.530	-10.561	0.909	-4.786	-0.055	0.000000	0.000000
1582081402993	1582081402992	-3.074	4.291	-8.930	-1.565	-4.663	-0.136	0.000000	0.000000
1582081403010	1582081403010	-5.218	5.424	-4.712	-2.602	-4.637	-0.482	0.000000	0.000000
1582081403031	1582081403030	-8.268	2.739	0.527	-2.682	-4.595	-0.933	0.000000	0.000000
1582081403057	1582081403057	-12.745	1.536	3.536	-2.168	-4.602	-0.749	0.000000	0.000000
1582081403093	1582081403092	-7.482	5.829	5.678	-0.644	-5.020	-0.284	0.000000	0.000000
1582081403096	1582081403095	-11.217	5.884	7.383	-0.317	-4.479	0.371	0.000000	0.000000
1582081403109	1582081403108	-13.943	4.607	7.434	-0.833	-4.038	0.698	0.000000	0.000000
1582081403129	1582081403127	-12.582	4.597	6.516	-0.428	-3.821	0.854	0.000000	0.000000
1582081403152	1582081403152	-12.805	5.810	8.203	-0.101	-3.602	1.050	0.000000	0.000000
1582081403169	1582081403168	-11.353	8.083	12.421	-0.875	-3.810	0.847	0.000000	0.000000
1582081403188	1582081403187	-8.526	11.638	10.246	-1.880	-2.887	1.048	0.000000	0.000000
1582081403209	1582081403207	-12.824	10.567	7.750	-2.491	-1.830	2.089	0.000000	0.000000
1582081403228	1582081403227	-12.642	5.980	9.923	-1.281	-2.110	2.305	0.000000	0.000000
1582081403248	1582081403247	-8.332	4.324	11.583	0.228	-2.413	2.133	0.000000	0.000000
1582081403268	1582081403267	-6.682	6.576	10.926	0.033	-2.125	2.114	0.000000	0.000000
1582081403288	1582081403287	-6.399	7.688	8.859	-0.411	-1.818	2.394	0.000000	0.000000
1582081403309	1582081403309	-5.654	7.542	5.867	-1.316	-1.666	2.374	0.000000	0.000000
1582081403330	1582081403328	-5.887	5.584	5.017	-1.643	-1.512	2.424	0.000000	0.000000
1582081403353	1582081403351	-4.892	3.064	5.757	-1.178	-1.688	2.135	0.000000	0.000000
1582081403374	1582081403371	-2.545	4.576	6.138	-1.521	-1.688	1.674	0.000000	0.000000
1582081403390	1582081403387	-2.001	5.357	5.484	-2.400	-0.651	1.582	0.000000	0.000000
1582081403408	1582081403407	-3.771	5.388	5.261	-1.822	0.088	1.675	0.000000	0.000000
1582081403429	1582081403428	-3.307	4.918	6.083	-1.712	-0.171	1.472	0.000000	0.000000
1582081403453	1582081403447	-2.792	3.702	4.789	-2.662	-0.278	1.324	0.000000	0.000000
1582081403469	1582081403469	-2.854	2.109	4.645	-2.827	-0.157	1.195	0.000000	0.000000
1582081403493	1582081403490	-1.994	2.231	4.911	-2.726	-0.239	0.829	0.000000	0.000000
1582081403509	1582081403508	-1.304	2.671	4.978	-2.831	-0.415	0.504	0.000000	0.000000
1582081403528	1582081403528	-1.098	2.068	5.498	-2.551	-0.083	0.348	0.000000	0.000000
1582081403549	1582081403548	-1.838	0.983	6.463	-2.150	0.480	0.415	0.000000	0.000000
1582081403575	1582081403570	-2.449	0.796	6.466	-2.056	0.630	0.206	0.000000	0.000000
1582081403593	1582081403590	-1.836	1.744	6.485	-2.116	0.392	-0.037	0.000000	0.000000
1582081403609	1582081403607	-1.958	2.125	7.604	-1.733	0.209	0.086	0.000000	0.000000
1582081403628	1582081403627	-2.504	0.731	8.016	-1.514	0.164	0.217	0.000000	0.000000
1582081403649	1582081403647	-2.545	-0.378	7.841	-1.837	0.332	0.031	0.000000	0.000000
1582081403668	1582081403668	-2.938	-1.200	8.521	-1.867	0.311	-0.022	0.000000	0.000000
