1582082070736	1582082070736	-8.716	1.181	-0.448	-1.669	-0.910	0.585	0.000000	0.000000
1582082070757	1582082070756	-11.430	1.193	2.583	0.341	-0.744	0.070	0.000000	0.000000
1582082070775	1582082070774	-14.079	3.122	-1.408	0.561	-1.945	-0.049	0.000000	0.000000
1582082070795	1582082070794	-12.096	3.761	-0.117	0.145	-4.281	0.206	0.000000	0.000000
1582082070815	1582082070814	-9.849	5.438	0.662	-0.025	-4.434	-0.490	0.000000	0.000000
1582082070835	1582082070834	-10.505	4.094	-0.467	-0.004	-3.645	-1.309	0.000000	0.000000
1582082070857	1582082070855	-12.441	2.475	-1.629	0.093	-4.101	-0.825	0.000000	0.000000
1582082070876	1582082070875	-13.128	3.081	-2.438	0.609	-4.993	-0.763	0.000000	0.000000
1582082070895	1582082070894	-12.958	2.755	-3.401	1.088	-5.808	-1.053	0.000000	0.000000
1582082070915	1582082070913	-12.496	0.204	-4.012	2.139	-6.839	-1.389	0.000000	0.000000
1582082070934	1582082070933	-11.918	-0.649	-3.981	3.423	-7.994	-1.768	0.000000	0.000000
1582082070954	1582082070953	-11.423	-1.034	-4.726	4.678	-8.832	-1.866	0.000000	0.000000
1582082070976	1582082070975	-9.183	-4.381	-4.719	7.251	-9.387	-1.768	0.000000	0.000000
1582082070995	1582082070994	-4.823	-5.284	-5.912	9.618	-8.542	-1.053	0.000000	0.000000
1582082071014	1582082071013	-3.280	-3.035	-9.313	11.351	-5.953	0.095	0.000000	0.000000
1582082071034	1582082071033	-5.367	-1.916	-10.969	11.640	-4.512	1.168	0.000000	0.000000
1582082071054	1582082071053	-4.849	-0.527	-11.996	9.713	-5.316	1.305	0.000000	0.000000
1582082071074	1582082071073	-3.045	-1.466	-12.574	7.589	-6.339	0.516	0.000000	0.000000
1582082071094	1582082071093	-2.533	-2.201	-12.456	6.518	-6.160	-0.050	0.000000	0.000000
1582082071114	1582082071113	-1.555	-1.940	-14.670	5.677	-5.010	0.107	0.000000	0.000000
1582082071134	1582082071133	-1.591	-0.344	-14.068	3.861	-4.427	0.390	0.000000	0.000000
1582082071154	1582082071152	-2.854	3.929	-10.791	1.274	-4.456	0.413	0.000000	0.000000
1582082071174	1582082071173	-4.933	5.560	-7.078	-1.247	-5.506	-0.491	0.000000	0.000000
1582082071195	1582082071193	-5.312	1.265	-2.891	-2.220	-6.592	-1.386	0.000000	0.000000
1582082071213	1582082071213	-8.356	-1.672	3.555	-2.019	-6.481	-1.385	0.000000	0.000000
1582082071233	1582082071233	-11.240	-1.188	7.393	-1.360	-6.410	-0.922	0.000000	0.000000
1582082071253	1582082071252	-10.249	0.575	8.813	-0.613	-6.386	-0.321	0.000000	0.000000
1582082071273	1582082071273	-11.027	7.496	9.206	-0.102	-5.787	-0.212	0.000000	0.000000
1582082071293	1582082071292	-13.449	7.633	8.679	-0.804	-5.001	0.147	0.000000	0.000000
1582082071313	1582082071312	-15.270	3.107	10.404	-0.718	-4.872	0.768	0.000000	0.000000
1582082071334	1582082071332	-12.510	4.909	11.056	0.064	-4.556	1.242	0.000000	0.000000
1582082071353	1582082071352	-15.037	10.826	9.372	-0.175	-3.162	1.668	0.000000	0.000000
1582082071373	1582082071372	-12.314	10.716	9.657	0.367	-3.124	1.439	0.000000	0.000000
1582082071397	1582082071392	-8.718	6.334	11.535	0.387	-3.305	1.763	0.000000	0.000000
1582082071414	1582082071412	-7.350	6.531	11.060	0.098	-2.825	1.827	0.000000	0.000000
1582082071433	1582082071431	-5.400	5.000	9.714	-0.026	-2.552	2.084	0.000000	0.000000
1582082071453	1582082071453	-5.206	5.975	8.064	-0.794	-1.888	2.110	0.000000	0.000000
1582082071472	1582082071471	-5.748	4.732	8.464	-1.464	-1.598	1.964	0.000000	0.000000
1582082071494	1582082071494	-4.250	5.671	8.677	-1.722	-1.342	1.605	0.000000	0.000000
1582082071515	1582082071512	-3.055	8.265	7.980	-1.763	-0.923	1.392	0.000000	0.000000
1582082071534	1582082071532	-2.554	6.909	6.923	-1.668	-1.057	1.496	0.000000	0.000000
1582082071553	1582082071552	-2.609	4.597	5.512	-1.481	-1.103	1.735	0.000000	0.000000
1582082071573	1582082071573	-3.795	3.213	7.096	-1.104	-0.559	1.899	0.000000	0.000000
1582082071593	1582082071593	-3.592	4.703	7.740	-1.117	-0.500	1.849	0.000000	0.000000
1582082071616	1582082071616	-2.533	5.879	6.784	-1.631	-0.645	1.776	0.000000	0.000000
1582082071636	1582082071632	-1.230	5.599	4.911	-2.644	-0.577	1.625	0.000000	0.000000
1582082071652	1582082071652	-1.395	4.406	4.310	-3.083	-0.242	1.737	0.000000	0.000000
1582082071673	1582082071672	-2.035	2.710	4.815	-3.122	-0.039	1.821	0.000000	0.000000
1582082071693	1582082071693	-2.142	2.176	4.497	-3.266	-0.085	1.707	0.000000	0.000000
1582082071715	1582082071711	-2.466	2.147	5.134	-3.546	-0.081	1.367	0.000000	0.000000
1582082071733	1582082071733	-2.588	0.072	6.272	-3.114	-0.073	1.171	0.000000	0.000000
1582082071753	1582082071751	-1.591	-1.734	6.368	-2.487	-0.141	0.865	0.000000	0.000000
1582082071773	1582082071771	-0.739	-1.894	5.445	-2.174	-0.244	0.671	0.000000	0.000000
1582082071796	1582082071794	-0.789	-1.597	5.084	-2.064	0.144	0.589	0.000000	0.000000
1582082071815	1582082071815	-1.256	-2.040	6.042	-2.235	0.435	0.592	0.000000	0.000000
1582082071834	1582082071831	-0.755	-2.589	6.475	-2.006	0.510	0.457	0.000000	0.000000
1582082071852	1582082071851	-1.498	-3.243	6.744	-1.270	1.076	0.346	0.000000	0.000000
1582082071872	1582082071871	-3.383	-2.843	7.676	-1.329	1.469	0.420	0.000000	0.000000
1582082071891	1582082071890	-4.423	-1.279	8.373	-1.923	0.872	0.344	0.000000	0.000000
1582082071915	1582082071915	-3.481	-0.503	7.393	-1.974	-0.093	0.199	0.000000	0.000000
1582082071934	1582082071933	-1.179	-0.737	7.412	-1.936	-0.554	0.221	0.000000	0.000000
1582082071953	1582082071951	-1.170	-3.054	7.323	-1.985	-0.060	0.569	0.000000	0.000000
1582082071972	1582082071971	-2.231	-5.368	7.096	-2.128	0.608	0.790	0.000000	0.000000
1582082071990	1582082071990	-3.836	-6.554	7.405	-1.705	0.815	0.829	0.000000	0.000000
1582082072014	1582082072014	-3.390	-5.409	8.028	-1.793	0.324	0.744	0.000000	0.000000
1582082072031	1582082072030	-2.080	-4.331	8.370	-1.863	-0.102	0.682	0.000000	0.000000
1582082072052	1582082072049	-0.961	-4.467	8.047	-1.589	0.158	0.811	0.000000	0.000000
1582082072071	1582082072069	-1.409	-5.056	7.199	-1.819	0.781	0.934	0.000000	0.000000
1582082072090	1582082072090	-3.268	-4.503	7.175	-1.739	1.048	0.963	0.000000	0.000000
1582082072114	1582082072114	-3.994	-4.180	7.827	-1.630	0.410	0.900	0.000000	0.000000
1582082072132	1582082072131	-3.407	-5.658	7.525	-1.739	-0.342	0.909	0.000000	0.000000
1582082072151	1582082072150	-2.061	-6.714	6.080	-1.886	-0.329	0.922	0.000000	0.000000
1582082072171	1582082072169	-2.506	-7.368	5.345	-2.138	0.246	0.990	0.000000	0.000000
1582082072189	1582082072189	-3.814	-7.023	4.669	-2.477	0.754	0.984	0.000000	0.000000
1582082072210	1582082072209	-4.890	-7.186	3.807	-2.863	0.703	0.870	0.000000	0.000000
1582082072236	1582082072236	-4.852	-8.935	2.868	-2.849	0.381	0.679	0.000000	0.000000
1582082072251	1582082072251	-4.420	-10.434	2.027	-2.640	0.368	0.475	0.000000	0.000000
1582082072269	1582082072268	-4.579	-10.525	1.835	-2.735	0.633	0.392	0.000000	0.000000
1582082072289	1582082072289	-4.801	-10.648	1.440	-2.782	0.870	0.367	0.000000	0.000000
1582082072312	1582082072310	-5.115	-12.257	0.441	-1.811	1.184	0.379	0.000000	0.000000
1582082072335	1582082072329	-6.152	-14.703	0.247	-0.363	1.518	0.046	0.000000	0.000000
1582082072349	1582082072347	-8.189	-16.998	0.091	-0.501	1.872	-0.932	0.000000	0.000000
1582082072369	1582082072367	-10.551	-16.725	-0.977	-2.814	2.222	-2.141	0.000000	0.000000
1582082072389	1582082072389	-11.334	-14.341	-4.146	-6.199	2.370	-3.033	0.000000	0.000000
1582082072409	1582082072408	-12.651	-13.259	-8.472	-9.086	1.894	-4.164	0.000000	0.000000
1582082072430	1582082072430	-10.330	-19.037	-10.389	-10.799	1.164	-4.918	0.000000	0.000000
1582082072450	1582082072450	-8.078	-27.155	-10.612	-10.951	2.545	-4.338	0.000000	0.000000
1582082072471	1582082072468	-9.362	-20.165	-9.155	-8.295	4.974	-2.971	0.000000	0.000000
1582082072489	1582082072488	-9.456	-7.871	-11.419	-3.840	6.102	-1.352	0.000000	0.000000
1582082072509	1582082072508	-9.786	-0.011	-12.360	-1.655	6.167	0.454	0.000000	0.000000
1582082072535	1582082072528	-10.495	-1.631	-9.991	1.983	5.570	2.255	0.000000	0.000000
1582082072550	1582082072549	-7.434	-8.611	-5.459	4.834	5.152	3.455	0.000000	0.000000
1582082072569	1582082072567	-6.267	-8.008	-0.644	3.716	3.988	4.878	0.000000	0.000000
1582082072588	1582082072587	-4.746	0.070	0.683	1.618	2.966	4.787	0.000000	0.000000
1582082072609	1582082072607	-3.314	4.269	4.638	1.467	1.092	5.649	0.000000	0.000000
1582082072629	1582082072628	-3.913	7.736	6.921	1.161	-0.078	7.532	0.000000	0.000000
1582082072648	1582082072648	-11.173	-3.329	5.146	0.686	0.250	9.033	0.000000	0.000000
1582082072669	1582082072667	-15.198	-12.161	-0.697	-0.829	0.808	8.863	0.000000	0.000000
1582082072688	1582082072687	-14.779	-16.485	-7.854	-3.567	1.684	7.148	0.000000	0.000000
1582082072707	1582082072707	-11.305	-14.698	-11.342	-4.600	1.771	6.372	0.000000	0.000000
1582082072729	1582082072729	-14.769	-12.070	-11.814	-5.220	2.732	5.742	0.000000	0.000000
1582082072753	1582082072747	-16.470	-13.002	-9.807	-4.723	2.758	5.607	0.000000	0.000000
1582082072768	1582082072768	-17.536	-6.987	-9.512	-5.790	2.971	4.927	0.000000	0.000000
1582082072787	1582082072787	-18.278	-9.215	-13.304	-6.717	2.831	3.754	0.000000	0.000000
1582082072807	1582082072806	-15.991	-10.762	-13.343	-5.875	2.307	3.831	0.000000	0.000000
1582082072827	1582082072826	-14.781	-7.948	-11.750	-5.110	2.027	4.048	0.000000	0.000000
1582082072847	1582082072846	-14.079	-5.823	-12.300	-4.754	1.622	3.937	0.000000	0.000000
1582082072868	1582082072866	-11.914	-5.028	-12.456	-3.957	1.106	3.575	0.000000	0.000000
1582082072887	1582082072887	-9.518	-4.673	-10.990	-4.314	1.035	2.603	0.000000	0.000000
1582082072908	1582082072906	-8.299	-0.697	-10.693	-4.645	1.054	2.195	0.000000	0.000000
1582082072930	1582082072930	-8.258	-1.010	-9.895	-4.428	1.056	1.636	0.000000	0.000000
1582082072948	1582082072948	-9.521	-0.555	-8.547	-4.458	0.867	1.266	0.000000	0.000000
1582082072969	1582082072967	-7.365	6.006	-7.387	-3.960	0.098	0.977	0.000000	0.000000
1582082072987	1582082072986	-7.542	4.435	-5.950	-3.413	-0.033	0.627	0.000000	0.000000
1582082073006	1582082073006	-7.489	4.281	-6.865	-3.793	-0.495	0.654	0.000000	0.000000
1582082073026	1582082073025	-9.271	8.169	-5.267	-3.736	-0.884	0.585	0.000000	0.000000
1582082073047	1582082073045	-8.105	6.413	-5.651	-4.147	-1.600	0.233	0.000000	0.000000
1582082073066	1582082073066	-7.041	4.926	-6.127	-3.794	-1.801	-0.059	0.000000	0.000000
1582082073092	1582082073086	-7.101	3.802	-4.302	-3.295	-2.038	-0.235	0.000000	0.000000
1582082073106	1582082073105	-7.944	1.186	-2.287	-2.844	-2.432	-0.279	0.000000	0.000000
1582082073125	1582082073125	-8.998	-3.006	4.312	-1.430	-2.331	-0.123	0.000000	0.000000
1582082073150	1582082073148	-10.131	1.217	7.105	-0.534	-1.499	0.223	0.000000	0.000000
1582082073171	1582082073167	-12.069	1.661	5.697	0.031	-1.520	1.011	0.000000	0.000000
1582082073185	1582082073185	-13.030	2.384	4.942	1.623	-2.076	0.934	0.000000	0.000000
1582082073206	1582082073204	-11.746	3.141	4.451	2.849	-3.486	0.450	0.000000	0.000000
1582082073226	1582082073225	-12.805	4.605	4.526	1.449	-4.187	0.120	0.000000	0.000000
1582082073252	1582082073252	-14.549	4.538	2.827	0.924	-4.700	-0.008	0.000000	0.000000
1582082073269	1582082073269	-15.167	2.396	0.791	0.800	-5.461	-0.141	0.000000	0.000000
1582082073286	1582082073285	-16.891	0.163	-2.012	1.155	-6.807	-0.324	0.000000	0.000000
1582082073305	1582082073304	-16.776	-1.231	-4.395	2.492	-8.730	-0.789	0.000000	0.000000
1582082073325	1582082073324	-15.428	-2.831	-6.544	3.734	-10.329	-1.144	0.000000	0.000000
1582082073345	1582082073345	-14.942	-3.739	-8.671	4.996	-11.457	-1.536	0.000000	0.000000
1582082073369	1582082073369	-12.350	-4.446	-11.342	6.413	-12.212	-1.909	0.000000	0.000000
1582082073396	1582082073396	-7.333	-6.367	-11.620	8.344	-11.698	-2.114	0.000000	0.000000
1582082073404	1582082073403	-3.989	-3.207	-11.187	8.976	-9.228	-2.204	0.000000	0.000000
1582082073425	1582082073424	-6.291	-3.099	-11.175	9.250	-6.576	-1.920	0.000000	0.000000
1582082073446	1582082073446	-7.911	-4.891	-13.951	8.368	-6.195	-1.444	0.000000	0.000000
1582082073469	1582082073469	-4.291	-1.775	-17.949	6.583	-6.387	-1.307	0.000000	0.000000
1582082073484	1582082073484	-3.218	2.499	-18.347	4.579	-5.461	-1.194	0.000000	0.000000
1582082073504	1582082073504	-1.203	2.025	-16.572	3.211	-4.238	-0.723	0.000000	0.000000
1582082073524	1582082073523	-4.099	5.278	-11.155	0.401	-3.677	-0.413	0.000000	0.000000
1582082073544	1582082073543	-5.496	9.726	-5.188	-2.398	-4.829	-1.341	0.000000	0.000000
1582082073572	1582082073571	-4.813	4.166	-0.539	-2.406	-5.325	-2.099	0.000000	0.000000
1582082073584	1582082073584	-9.532	-0.074	6.411	-1.726	-5.546	-1.777	0.000000	0.000000
1582082073604	1582082073604	-11.090	0.070	9.963	-1.463	-5.808	-0.886	0.000000	0.000000
1582082073626	1582082073623	-6.507	4.262	10.301	-0.202	-6.440	0.083	0.000000	0.000000
1582082073643	1582082073642	-11.255	6.471	10.502	0.248	-5.189	1.000	0.000000	0.000000
1582082073664	1582082073663	-16.935	6.087	11.556	-1.367	-5.200	1.410	0.000000	0.000000
1582082073685	1582082073684	-13.545	7.961	13.755	-2.033	-5.436	1.092	0.000000	0.000000
1582082073704	1582082073704	-11.514	8.241	10.778	-2.734	-4.129	1.158	0.000000	0.000000
1582082073723	1582082073722	-11.418	7.908	11.259	-1.363	-3.729	1.239	0.000000	0.000000
1582082073743	1582082073742	-8.404	6.028	13.487	0.013	-3.805	1.745	0.000000	0.000000
1582082073763	1582082073763	-7.221	4.358	11.973	0.650	-3.429	1.935	0.000000	0.000000
1582082073783	1582082073782	-7.214	7.664	11.623	0.210	-2.917	1.689	0.000000	0.000000
1582082073805	1582082073804	-6.126	7.654	10.814	-0.386	-2.661	1.910	0.000000	0.000000
1582082073822	1582082073822	-3.982	5.970	10.179	-1.461	-2.699	1.880	0.000000	0.000000
1582082073843	1582082073842	-2.277	5.522	8.215	-2.199	-2.494	1.855	0.000000	0.000000
1582082073864	1582082073864	-3.525	5.757	8.239	-1.734	-1.766	1.970	0.000000	0.000000
1582082073886	1582082073883	-1.726	6.488	8.658	-1.374	-1.456	1.473	0.000000	0.000000
1582082073907	1582082073902	0.627	5.980	7.824	-1.199	-1.380	1.247	0.000000	0.000000
1582082073923	1582082073923	0.749	4.861	7.570	-1.347	-0.942	1.323	0.000000	0.000000
1582082073943	1582082073942	0.778	4.430	6.348	-2.355	-0.257	1.203	0.000000	0.000000
1582082073964	1582082073963	-0.348	3.630	5.910	-2.515	0.428	1.290	0.000000	0.000000
1582082073982	1582082073982	-1.884	2.061	5.812	-1.961	0.731	1.429	0.000000	0.000000
1582082074003	1582082074002	-1.692	0.911	5.606	-1.458	0.561	1.453	0.000000	0.000000
1582082074027	1582082074027	-1.299	0.544	5.012	-1.392	0.556	1.755	0.000000	0.000000
1582082074042	1582082074041	-2.435	0.834	5.237	-1.593	0.845	1.770	0.000000	0.000000
1582082074064	1582082074061	-2.121	0.161	5.057	-2.038	0.936	1.463	0.000000	0.000000
1582082074086	1582082074080	-2.133	-0.486	4.219	-2.114	1.007	1.052	0.000000	0.000000
1582082074103	1582082074101	-1.081	-0.610	3.560	-2.014	0.872	0.721	0.000000	0.000000
1582082074121	1582082074120	-0.681	-0.649	4.207	-1.510	0.657	0.478	0.000000	0.000000
1582082074141	1582082074140	-0.846	-0.855	5.575	-1.505	0.601	0.415	0.000000	0.000000
1582082074162	1582082074160	-1.359	-0.984	7.132	-1.885	0.694	0.179	0.000000	0.000000
1582082074182	1582082074182	-2.691	-2.441	7.616	-1.888	0.843	0.150	0.000000	0.000000
1582082074202	1582082074201	-3.328	-2.421	7.791	-1.949	0.579	0.063	0.000000	0.000000
1582082074222	1582082074220	-2.142	-0.943	8.502	-1.762	0.126	0.084	0.000000	0.000000
1582082074241	1582082074240	-2.459	-1.106	9.551	-1.341	0.184	0.172	0.000000	0.000000
1582082074261	1582082074260	-1.924	-1.504	9.058	-1.685	0.405	0.158	0.000000	0.000000
1582082074287	1582082074280	-1.498	-1.501	8.543	-2.063	0.323	0.171	0.000000	0.000000
1582082074305	1582082074301	-2.605	-1.463	9.283	-1.973	0.352	0.309	0.000000	0.000000
1582082074322	1582082074319	-3.002	-1.739	9.376	-2.119	0.209	0.304	0.000000	0.000000
1582082074341	1582082074340	-3.072	-2.400	8.411	-2.498	-0.054	0.336	0.000000	0.000000
1582082074361	1582082074360	-3.357	-3.435	8.660	-2.117	-0.395	0.458	0.000000	0.000000
1582082074393	1582082074393	-2.274	-4.096	8.627	-1.887	-0.554	0.493	0.000000	0.000000
1582082074402	1582082074402	-1.199	-4.434	8.145	-1.980	-0.444	0.623	0.000000	0.000000
1582082074419	1582082074418	-0.875	-3.804	7.089	-2.156	0.081	0.881	0.000000	0.000000
1582082074439	1582082074438	-2.047	-4.853	6.679	-1.771	0.578	1.226	0.000000	0.000000
1582082074460	1582082074459	-3.254	-7.200	6.543	-1.482	0.469	1.214	0.000000	0.000000
1582082074480	1582082074480	-3.105	-7.989	6.262	-1.573	-0.069	1.047	0.000000	0.000000
1582082074503	1582082074503	-2.130	-7.442	5.762	-1.550	-0.317	0.996	0.000000	0.000000
1582082074522	1582082074519	-1.742	-7.751	4.976	-1.244	0.012	0.904	0.000000	0.000000
1582082074539	1582082074539	-2.571	-8.369	4.451	-1.634	0.563	0.798	0.000000	0.000000
1582082074560	1582082074559	-3.915	-7.727	4.300	-2.225	0.647	0.655	0.000000	0.000000
1582082074583	1582082074579	-3.560	-8.777	3.975	-2.084	0.203	0.442	0.000000	0.000000
1582082074600	1582082074599	-1.872	-10.542	3.131	-2.024	-0.154	0.271	0.000000	0.000000
1582082074625	1582082074619	-1.663	-10.791	2.868	-2.416	0.187	0.280	0.000000	0.000000
1582082074640	1582082074638	-2.772	-9.634	3.098	-3.231	0.716	0.094	0.000000	0.000000
1582082074659	1582082074658	-3.822	-9.095	2.176	-3.513	0.692	-0.083	0.000000	0.000000
1582082074680	1582082074678	-4.715	-11.026	1.275	-3.219	0.475	-0.253	0.000000	0.000000
1582082074703	1582082074703	-6.421	-15.041	-0.177	-3.394	0.482	-0.663	0.000000	0.000000
1582082074720	1582082074718	-8.948	-19.968	-1.799	-4.889	0.434	-1.744	0.000000	0.000000
1582082074739	1582082074738	-10.507	-18.313	-3.835	-7.988	-0.075	-3.004	0.000000	0.000000
1582082074758	1582082074758	-10.088	-13.347	-8.379	-10.342	-0.513	-3.285	0.000000	0.000000
1582082074779	1582082074778	-9.453	-12.643	-12.607	-12.845	-0.028	-2.858	0.000000	0.000000
1582082074802	1582082074802	-6.028	-18.301	-16.469	-12.580	1.649	-1.594	0.000000	0.000000
1582082074822	1582082074817	-4.710	-18.900	-14.464	-9.300	4.047	-0.479	0.000000	0.000000
1582082074840	1582082074840	-4.873	-11.297	-14.495	-2.106	5.792	0.396	0.000000	0.000000
1582082074858	1582082074858	-8.874	-13.651	-12.437	2.173	6.379	1.036	0.000000	0.000000
1582082074878	1582082074877	-3.719	-3.068	-6.467	0.296	5.255	1.755	0.000000	0.000000
1582082074902	1582082074902	-4.133	4.906	-5.322	1.757	4.445	3.091	0.000000	0.000000
1582082074918	1582082074918	-7.571	-2.326	-2.201	4.772	3.996	4.241	0.000000	0.000000
1582082074938	1582082074938	-7.683	-0.064	-1.597	5.150	3.732	5.712	0.000000	0.000000
1582082074958	1582082074957	-10.261	-1.008	1.701	4.909	3.140	7.131	0.000000	0.000000
1582082074978	1582082074976	-8.088	-2.002	7.232	3.935	2.015	7.984	0.000000	0.000000
1582082074999	1582082074997	-9.873	0.115	4.240	1.086	2.214	8.562	0.000000	0.000000
1582082075022	1582082075019	-13.823	-8.465	2.037	-0.640	1.711	7.921	0.000000	0.000000
1582082075040	1582082075038	-13.298	-11.316	-3.272	-3.122	1.442	7.079	0.000000	0.000000
1582082075058	1582082075057	-15.962	-14.662	-5.794	-2.735	1.994	6.975	0.000000	0.000000
1582082075077	1582082075076	-15.993	-13.788	-6.776	-3.127	2.528	6.716	0.000000	0.000000
1582082075098	1582082075098	-17.474	-11.095	-8.841	-4.923	2.965	5.714	0.000000	0.000000
1582082075117	1582082075117	-18.451	-13.160	-9.632	-5.497	2.742	5.024	0.000000	0.000000
1582082075138	1582082075137	-16.470	-11.778	-9.814	-4.387	1.951	5.051	0.000000	0.000000
1582082075159	1582082075159	-15.322	-10.552	-8.702	-3.919	2.180	4.948	0.000000	0.000000
1582082075177	1582082075176	-15.900	-8.619	-9.385	-4.273	2.315	4.423	0.000000	0.000000
1582082075198	1582082075196	-14.149	-9.926	-10.832	-4.835	2.042	3.785	0.000000	0.000000
1582082075220	1582082075220	-14.017	-4.347	-11.812	-5.382	1.712	3.148	0.000000	0.000000
1582082075240	1582082075238	-11.188	-6.702	-10.810	-4.732	1.000	2.835	0.000000	0.000000
1582082075256	1582082075255	-9.101	-2.960	-10.763	-4.223	1.060	2.834	0.000000	0.000000
1582082075276	1582082075276	-12.017	0.027	-8.458	-3.717	1.430	2.424	0.000000	0.000000
1582082075297	1582082075295	-8.979	-0.845	-8.128	-4.102	0.465	1.915	0.000000	0.000000
1582082075317	1582082075317	-8.189	4.504	-7.917	-3.885	0.381	1.796	0.000000	0.000000
1582082075336	1582082075336	-9.549	1.505	-7.371	-3.146	0.597	1.662	0.000000	0.000000
1582082075357	1582082075355	-11.763	3.807	-6.012	-2.688	0.070	1.781	0.000000	0.000000
1582082075375	1582082075375	-10.222	5.448	-4.438	-2.177	-0.713	1.594	0.000000	0.000000
1582082075396	1582082075395	-7.630	5.568	-4.307	-2.613	-0.801	1.269	0.000000	0.000000
1582082075424	1582082075420	-8.625	6.502	-3.955	-2.761	-0.651	0.957	0.000000	0.000000
1582082075439	1582082075439	-8.867	5.759	-4.431	-3.567	-1.059	0.487	0.000000	0.000000
1582082075456	1582082075455	-9.164	6.131	-5.102	-4.178	-1.729	0.327	0.000000	0.000000
1582082075476	1582082075475	-7.515	3.115	-4.556	-4.367	-2.650	-0.090	0.000000	0.000000
1582082075496	1582082075494	-7.561	-3.449	1.093	-2.741	-2.583	-0.036	0.000000	0.000000
1582082075517	1582082075517	-10.749	-1.375	4.197	0.483	-1.799	0.460	0.000000	0.000000
1582082075537	1582082075537	-12.333	2.178	2.777	1.140	-1.979	0.931	0.000000	0.000000
1582082075560	1582082075560	-12.793	2.317	3.311	0.896	-2.908	0.947	0.000000	0.000000
1582082075575	1582082075575	-13.212	3.079	3.864	0.862	-3.979	0.412	0.000000	0.000000
1582082075595	1582082075594	-13.032	0.741	4.154	1.407	-4.322	-0.224	0.000000	0.000000
1582082075618	1582082075616	-16.944	-2.292	2.863	1.941	-4.936	-0.595	0.000000	0.000000
1582082075638	1582082075638	-17.663	-2.333	1.517	2.837	-7.016	-0.858	0.000000	0.000000
1582082075658	1582082075655	-15.401	0.734	0.848	3.361	-8.798	-0.947	0.000000	0.000000
1582082075675	1582082075674	-14.235	0.403	-0.419	3.334	-9.635	-1.218	0.000000	0.000000
1582082075695	1582082075694	-13.085	-2.033	-2.388	3.432	-10.126	-1.635	0.000000	0.000000
1582082075715	1582082075713	-12.232	-4.850	-3.962	4.745	-10.250	-1.773	0.000000	0.000000
1582082075734	1582082075734	-9.976	-8.300	-6.180	7.955	-9.746	-1.738	0.000000	0.000000
1582082075756	1582082075756	-8.737	-7.251	-11.282	10.241	-8.018	-1.226	0.000000	0.000000
1582082075779	1582082075778	-9.473	-5.068	-14.095	10.580	-6.965	-0.766	0.000000	0.000000
1582082075794	1582082075793	-7.233	-4.151	-13.249	9.139	-7.025	-0.787	0.000000	0.000000
1582082075814	1582082075813	-6.160	-5.320	-12.140	7.841	-6.669	-0.967	0.000000	0.000000
1582082075838	1582082075838	-5.211	-5.353	-14.425	7.380	-5.791	-0.779	0.000000	0.000000
1582082075857	1582082075855	-4.001	-3.346	-16.291	6.647	-4.483	0.300	0.000000	0.000000
1582082075874	1582082075873	-2.904	1.934	-15.762	3.613	-3.949	0.985	0.000000	0.000000
1582082075894	1582082075893	-3.570	5.402	-12.262	-0.301	-4.273	0.589	0.000000	0.000000
1582082075913	1582082075912	-5.415	5.395	-5.452	-3.626	-5.219	-0.578	0.000000	0.000000
1582082075938	1582082075938	-10.117	-0.570	2.607	-4.551	-6.527	-1.742	0.000000	0.000000
1582082075959	1582082075959	-12.970	-3.926	9.475	-3.035	-7.040	-1.335	0.000000	0.000000
1582082075974	1582082075974	-9.650	2.762	10.620	-2.916	-7.781	0.183	0.000000	0.000000
1582082075993	1582082075992	-10.098	7.978	10.493	-2.758	-6.309	0.649	0.000000	0.000000
1582082076013	1582082076013	-13.780	6.720	11.374	-2.449	-5.034	0.905	0.000000	0.000000
1582082076039	1582082076036	-15.183	7.168	11.992	-1.825	-4.423	1.190	0.000000	0.000000
1582082076057	1582082076052	-12.517	6.799	12.397	-0.914	-3.761	1.067	0.000000	0.000000
1582082076078	1582082076078	-3.649	5.611	11.662	0.595	-3.981	0.723	0.000000	0.000000
1582082076093	1582082076091	-6.004	7.551	13.360	1.096	-3.472	1.325	0.000000	0.000000
1582082076113	1582082076112	-6.653	10.167	13.681	1.404	-3.391	1.373	0.000000	0.000000
1582082076135	1582082076134	-4.212	9.781	11.839	0.719	-2.742	1.885	0.000000	0.000000
1582082076156	1582082076156	-5.589	6.708	10.629	-0.872	-2.431	2.682	0.000000	0.000000
1582082076173	1582082076172	-4.337	6.332	11.159	-1.569	-2.328	2.332	0.000000	0.000000
1582082076193	1582082076191	-1.999	5.558	10.478	-1.511	-2.242	2.263	0.000000	0.000000
1582082076213	1582082076211	-1.848	4.485	9.237	-1.467	-1.850	2.311	0.000000	0.000000
1582082076233	1582082076231	-1.642	5.714	8.696	-1.732	-1.418	2.111	0.000000	0.000000
1582082076258	1582082076258	-0.224	4.986	7.141	-1.865	-1.122	1.879	0.000000	0.000000
1582082076273	1582082076272	0.550	4.617	5.608	-1.815	-0.555	1.587	0.000000	0.000000
1582082076298	1582082076293	-1.682	2.674	5.532	-1.889	0.317	1.684	0.000000	0.000000
1582082076311	1582082076311	-2.686	2.334	4.854	-2.221	0.944	1.540	0.000000	0.000000
1582082076332	1582082076331	-2.346	3.340	5.292	-1.936	0.977	1.297	0.000000	0.000000
1582082076356	1582082076356	-1.721	3.088	5.742	-1.334	0.749	1.173	0.000000	0.000000
1582082076376	1582082076376	-1.177	1.450	5.383	-1.018	0.792	1.036	0.000000	0.000000
1582082076403	1582082076403	-1.383	1.189	5.520	-1.666	1.117	0.885	0.000000	0.000000
1582082076412	1582082076411	-2.696	1.296	5.505	-2.532	1.168	0.879	0.000000	0.000000
1582082076431	1582082076431	-2.619	1.380	6.032	-2.544	0.738	0.526	0.000000	0.000000
1582082076452	1582082076451	-1.141	2.037	6.315	-2.440	-0.078	0.197	0.000000	0.000000
1582082076471	1582082076471	-0.363	1.577	6.059	-2.615	-0.247	0.084	0.000000	0.000000
1582082076492	1582082076492	-0.602	-0.150	6.471	-2.848	0.003	0.208	0.000000	0.000000
1582082076511	1582082076511	-0.995	-3.037	7.465	-2.052	0.271	0.545	0.000000	0.000000
1582082076530	1582082076530	-1.927	-3.725	8.447	-1.739	0.554	0.604	0.000000	0.000000
1582082076554	1582082076554	-2.238	-1.911	8.327	-1.573	0.401	0.528	0.000000	0.000000
1582082076577	1582082076570	-1.309	-0.991	8.437	-1.528	0.265	0.417	0.000000	0.000000
1582082076594	1582082076590	-1.601	-1.255	8.739	-1.880	0.412	0.335	0.000000	0.000000
1582082076611	1582082076609	-3.800	-1.310	8.198	-1.869	0.240	0.476	0.000000	0.000000
1582082076630	1582082076629	-0.894	-0.788	7.889	-1.972	-0.621	0.412	0.000000	0.000000
1582082076650	1582082076649	-1.110	-1.604	7.903	-1.841	-0.500	0.646	0.000000	0.000000
1582082076670	1582082076670	-1.793	-2.723	8.286	-1.728	-0.190	0.703	0.000000	0.000000
1582082076694	1582082076693	-1.864	-3.952	8.080	-2.073	-0.009	0.801	0.000000	0.000000
1582082076710	1582082076709	-1.625	-5.346	6.811	-2.541	0.152	0.906	0.000000	0.000000
1582082076730	1582082076729	-1.910	-4.853	6.535	-2.607	0.274	0.988	0.000000	0.000000
1582082076754	1582082076754	-1.963	-4.764	6.696	-2.240	0.125	1.033	0.000000	0.000000
1582082076777	1582082076771	-1.357	-5.813	5.968	-2.107	-0.045	0.999	0.000000	0.000000
1582082076792	1582082076789	-0.930	-7.579	5.057	-1.712	0.066	1.089	0.000000	0.000000
1582082076811	1582082076809	-1.508	-7.653	5.714	-0.876	0.319	1.279	0.000000	0.000000
1582082076830	1582082076829	-2.209	-8.084	6.408	-0.555	0.638	1.326	0.000000	0.000000
1582082076849	1582082076849	-2.746	-8.262	6.593	-0.632	0.820	1.079	0.000000	0.000000
1582082076870	1582082076870	-3.019	-7.004	6.617	-1.090	0.692	0.787	0.000000	0.000000
1582082076893	1582082076893	-2.633	-5.804	5.968	-1.886	0.625	0.588	0.000000	0.000000
1582082076911	1582082076909	-2.229	-6.705	4.693	-2.281	0.740	0.496	0.000000	0.000000
1582082076929	1582082076928	-3.412	-8.470	3.781	-2.213	0.815	0.567	0.000000	0.000000
1582082076949	1582082076949	-4.078	-9.016	4.219	-2.047	0.695	0.426	0.000000	0.000000
1582082076970	1582082076969	-3.539	-8.985	3.960	-2.496	0.425	0.313	0.000000	0.000000
1582082076994	1582082076992	-3.453	-8.956	3.270	-2.737	0.596	0.289	0.000000	0.000000
1582082077009	1582082077008	-4.085	-8.789	3.198	-2.760	0.917	0.177	0.000000	0.000000
1582082077028	1582082077028	-5.587	-10.034	1.797	-2.843	1.034	0.010	0.000000	0.000000
1582082077049	1582082077047	-7.228	-11.855	-0.642	-2.788	1.100	-0.369	0.000000	0.000000
1582082077070	1582082077070	-10.285	-14.655	-3.492	-3.536	1.133	-0.940	0.000000	0.000000
1582082077090	1582082077088	-14.767	-15.288	-6.067	-5.760	0.660	-1.952	0.000000	0.000000
1582082077109	1582082077109	-12.479	-14.947	-9.098	-7.856	-0.579	-2.477	0.000000	0.000000
1582082077128	1582082077127	-8.380	-19.738	-10.858	-8.322	-0.069	-2.237	0.000000	0.000000
1582082077148	1582082077148	-9.521	-21.691	-13.446	-9.309	2.915	-1.913	0.000000	0.000000
1582082077168	1582082077167	-12.711	-17.664	-18.189	-8.903	5.755	-1.029	0.000000	0.000000
1582082077192	1582082077192	-15.198	-14.473	-15.748	-4.200	6.130	-0.171	0.000000	0.000000
1582082077208	1582082077207	-14.029	-12.564	-8.266	-0.111	6.103	-0.129	0.000000	0.000000
1582082077228	1582082077227	-12.079	-5.234	-3.370	0.843	6.117	1.671	0.000000	0.000000
1582082077247	1582082077247	-10.951	-1.303	-0.924	3.867	5.593	3.699	0.000000	0.000000
1582082077270	1582082077268	-13.756	-2.278	2.968	4.877	5.219	4.434	0.000000	0.000000
1582082077289	1582082077287	-8.184	-2.366	5.503	3.392	3.823	5.157	0.000000	0.000000
1582082077308	1582082077308	-7.072	4.408	6.947	2.754	2.264	7.288	0.000000	0.000000
1582082077327	1582082077326	-9.978	-2.615	10.725	2.564	1.736	8.634	0.000000	0.000000
1582082077347	1582082077346	-11.746	-4.079	3.309	-0.079	2.072	9.106	0.000000	0.000000
1582082077367	1582082077366	-16.276	-12.578	-2.491	-1.203	2.526	8.162	0.000000	0.000000
1582082077394	1582082077391	-14.187	-15.228	-7.196	-3.767	2.770	6.903	0.000000	0.000000
1582082077415	1582082077415	-14.328	-15.206	-11.639	-4.736	3.279	6.010	0.000000	0.000000
1582082077426	1582082077426	-13.356	-17.999	-11.510	-4.653	3.984	5.664	0.000000	0.000000
1582082077448	1582082077446	-16.075	-10.774	-9.867	-5.115	4.270	5.441	0.000000	0.000000
1582082077467	1582082077466	-18.568	-12.521	-8.111	-4.841	3.751	4.918	0.000000	0.000000
1582082077488	1582082077485	-15.564	-8.887	-9.953	-4.070	2.962	5.034	0.000000	0.000000
1582082077511	1582082077510	-14.831	-8.115	-10.092	-3.941	3.144	4.287	0.000000	0.000000
1582082077528	1582082077527	-17.248	-7.953	-9.912	-5.347	3.327	3.097	0.000000	0.000000
1582082077547	1582082077546	-14.113	-5.629	-10.609	-5.262	2.383	2.401	0.000000	0.000000
1582082077566	1582082077565	-10.340	-4.862	-9.893	-4.825	1.633	1.916	0.000000	0.000000
1582082077591	1582082077586	-10.052	0.151	-9.019	-4.900	1.577	1.627	0.000000	0.000000
1582082077606	1582082077605	-9.429	2.861	-8.489	-4.939	1.149	0.994	0.000000	0.000000
1582082077627	1582082077625	-8.232	5.041	-7.205	-5.586	0.923	0.335	0.000000	0.000000
1582082077646	1582082077645	-11.969	5.177	-7.457	-6.759	0.794	-0.342	0.000000	0.000000
1582082077666	1582082077665	-7.242	1.735	-7.567	-6.469	-1.192	-0.428	0.000000	0.000000
1582082077685	1582082077685	-4.856	3.179	-7.509	-4.858	-1.435	0.660	0.000000	0.000000
1582082077711	1582082077705	-9.271	2.830	-4.058	-2.794	-0.569	1.545	0.000000	0.000000
1582082077726	1582082077726	-9.592	4.044	-3.792	-3.128	-1.036	1.365	0.000000	0.000000
1582082077746	1582082077744	-7.904	4.217	-3.940	-3.412	-1.403	0.928	0.000000	0.000000
1582082077765	1582082077765	-6.876	1.251	-2.934	-3.490	-1.203	0.311	0.000000	0.000000
1582082077786	1582082077785	-7.599	0.147	-1.183	-3.003	-0.919	0.076	0.000000	0.000000
1582082077805	1582082077805	-8.816	-0.162	3.083	-1.033	-0.606	-0.266	0.000000	0.000000
1582082077825	1582082077824	-12.275	-0.474	4.837	1.678	0.158	-0.304	0.000000	0.000000
1582082077845	1582082077845	-15.198	1.661	3.325	2.296	-0.787	0.455	0.000000	0.000000
1582082077865	1582082077864	-14.206	6.588	2.779	1.498	-2.637	0.991	0.000000	0.000000
1582082077887	1582082077887	-14.539	6.830	2.432	2.148	-3.716	0.467	0.000000	0.000000
1582082077911	1582082077910	-15.852	7.079	1.843	1.337	-4.411	0.159	0.000000	0.000000
1582082077928	1582082077928	-13.734	7.185	1.512	1.065	-5.267	-0.504	0.000000	0.000000
1582082077945	1582082077943	-14.038	4.149	0.429	-0.291	-5.564	-0.573	0.000000	0.000000
1582082077965	1582082077963	-16.182	0.595	-2.443	0.098	-6.187	-0.546	0.000000	0.000000
1582082077985	1582082077984	-16.070	-2.723	-4.496	2.287	-7.755	-0.650	0.000000	0.000000
1582082078014	1582082078014	-13.928	-2.500	-6.824	3.656	-9.558	-0.950	0.000000	0.000000
1582082078026	1582082078026	-12.793	-4.680	-8.781	5.628	-10.779	-1.102	0.000000	0.000000
1582082078044	1582082078044	-10.723	-5.205	-9.400	7.647	-11.740	-1.270	0.000000	0.000000
1582082078064	1582082078063	-8.644	-3.442	-9.308	7.929	-11.386	-1.439	0.000000	0.000000
1582082078084	1582082078083	-6.881	-5.056	-8.101	8.456	-10.016	-1.998	0.000000	0.000000
1582082078112	1582082078103	-7.065	-7.893	-9.100	8.611	-8.105	-1.728	0.000000	0.000000
1582082078127	1582082078123	-7.916	-8.142	-11.996	8.472	-7.014	-1.236	0.000000	0.000000
1582082078145	1582082078143	-6.754	-4.359	-15.407	7.787	-6.577	-1.119	0.000000	0.000000
1582082078163	1582082078163	-4.605	-1.336	-17.309	6.570	-6.194	-1.422	0.000000	0.000000
1582082078183	1582082078183	-2.375	-0.747	-17.815	5.137	-5.185	-1.405	0.000000	0.000000
1582082078204	1582082078204	-2.617	3.079	-15.297	2.371	-4.397	-0.988	0.000000	0.000000
1582082078225	1582082078223	-3.551	6.844	-8.288	-1.046	-4.821	-1.868	0.000000	0.000000
1582082078247	1582082078247	-4.107	3.026	-2.338	-2.366	-5.438	-2.710	0.000000	0.000000
1582082078263	1582082078262	-9.853	-2.263	7.314	-1.268	-5.014	-2.205	0.000000	0.000000
1582082078284	1582082078282	-10.864	-1.763	9.815	-1.371	-5.273	-1.159	0.000000	0.000000
1582082078303	1582082078302	-8.871	3.270	10.296	-0.833	-5.857	-0.080	0.000000	0.000000
1582082078326	1582082078326	-11.327	4.962	10.881	0.236	-4.878	0.295	0.000000	0.000000
1582082078344	1582082078344	-15.143	4.916	12.756	-0.210	-5.015	0.605	0.000000	0.000000
1582082078363	1582082078362	-14.065	5.510	13.446	-0.062	-4.930	0.976	0.000000	0.000000
1582082078383	1582082078382	-14.930	9.204	10.327	-0.579	-3.976	1.213	0.000000	0.000000
1582082078407	1582082078404	-13.983	9.144	11.942	0.938	-3.892	1.155	0.000000	0.000000
1582082078424	1582082078424	-8.821	6.459	13.243	2.544	-4.029	1.396	0.000000	0.000000
1582082078448	1582082078442	-7.331	6.456	13.410	3.023	-3.450	1.494	0.000000	0.000000
1582082078462	1582082078462	-6.397	8.909	12.297	2.325	-2.818	1.377	0.000000	0.000000
1582082078484	1582082078481	-6.835	7.113	10.186	1.060	-2.489	1.925	0.000000	0.000000
1582082078506	1582082078501	-6.057	7.621	7.956	-0.456	-1.872	1.806	0.000000	0.000000
1582082078525	1582082078525	-5.108	7.745	7.570	-0.973	-1.637	1.796	0.000000	0.000000
1582082078544	1582082078541	-3.992	6.708	8.006	-0.962	-1.340	1.786	0.000000	0.000000
1582082078562	1582082078562	-3.218	6.677	8.528	-0.939	-1.034	1.729	0.000000	0.000000
1582082078582	1582082078581	-3.038	6.078	8.902	-1.126	-0.852	1.820	0.000000	0.000000
1582082078602	1582082078601	-2.907	6.516	7.831	-1.897	-0.632	1.829	0.000000	0.000000
1582082078622	1582082078622	-3.455	6.765	6.626	-2.671	-0.536	1.831	0.000000	0.000000
1582082078647	1582082078648	-3.846	5.968	5.647	-3.089	-0.482	1.702	0.000000	0.000000
1582082078663	1582082078661	-3.786	4.732	5.460	-3.144	-0.398	1.503	0.000000	0.000000
1582082078683	1582082078680	-3.493	4.971	4.535	-3.441	-0.383	1.258	0.000000	0.000000
1582082078700	1582082078700	-2.296	5.057	3.747	-3.886	-0.542	1.030	0.000000	0.000000
1582082078731	1582082078725	-1.577	3.421	3.694	-3.548	-0.669	0.919	0.000000	0.000000
1582082078741	1582082078741	-1.215	1.888	5.038	-2.614	-0.614	0.785	0.000000	0.000000
1582082078762	1582082078760	-1.266	1.922	5.515	-2.541	-0.634	0.680	0.000000	0.000000
1582082078781	1582082078780	-1.855	1.673	4.612	-2.788	-0.302	0.739	0.000000	0.000000
1582082078800	1582082078800	-2.444	0.350	4.708	-2.132	0.122	0.784	0.000000	0.000000
1582082078825	1582082078825	-2.188	0.544	5.589	-1.735	0.149	0.598	0.000000	0.000000
1582082078844	1582082078841	-1.084	0.734	6.519	-1.939	0.148	0.233	0.000000	0.000000
1582082078862	1582082078860	-0.868	1.071	6.789	-2.541	0.228	0.036	0.000000	0.000000
1582082078881	1582082078880	-1.254	0.734	6.852	-2.723	0.117	0.101	0.000000	0.000000
1582082078900	1582082078899	-1.299	0.144	7.328	-2.365	0.021	0.208	0.000000	0.000000
1582082078920	1582082078919	-0.741	0.060	8.222	-2.106	-0.105	0.238	0.000000	0.000000
1582082078941	1582082078939	-0.808	-1.068	8.852	-2.037	-0.178	0.513	0.000000	0.000000
1582082078960	1582082078960	-0.099	-2.179	8.457	-2.169	-0.111	0.719	0.000000	0.000000
1582082078981	1582082078979	-0.456	-2.132	8.679	-2.077	-0.054	0.892	0.000000	0.000000
1582082079000	1582082078999	-0.798	-3.198	8.679	-2.097	-0.159	1.046	0.000000	0.000000
1582082079023	1582082079022	-0.528	-3.969	8.234	-2.169	-0.246	1.121	0.000000	0.000000
1582082079040	1582082079040	-0.681	-5.696	8.148	-1.605	-0.262	1.351	0.000000	0.000000
1582082079060	1582082079058	-0.712	-5.809	7.898	-1.558	-0.146	1.288	0.000000	0.000000
1582082079079	1582082079078	-0.317	-5.631	8.028	-1.595	-0.069	1.243	0.000000	0.000000
1582082079100	1582082079099	0.033	-6.072	7.383	-1.202	0.239	1.351	0.000000	0.000000
1582082079119	1582082079118	-0.360	-6.005	6.844	-0.720	0.627	1.411	0.000000	0.000000
1582082079140	1582082079140	-1.201	-6.386	7.125	-0.581	0.778	1.480	0.000000	0.000000
1582082079159	1582082079159	-2.135	-6.187	7.656	-0.657	0.554	1.347	0.000000	0.000000
1582082079181	1582082079178	-2.073	-6.223	7.582	-1.060	0.246	1.195	0.000000	0.000000
1582082079199	1582082079198	-2.209	-6.987	7.089	-1.533	0.150	1.063	0.000000	0.000000
1582082079219	1582082079218	-1.912	-7.040	6.226	-2.123	-0.098	0.788	0.000000	0.000000
1582082079243	1582082079243	-1.052	-7.251	5.517	-2.494	-0.238	0.584	0.000000	0.000000
1582082079262	1582082079258	-1.369	-7.660	5.244	-2.591	-0.253	0.597	0.000000	0.000000
1582082079279	1582082079279	-1.532	-8.434	4.205	-2.410	-0.008	0.636	0.000000	0.000000
1582082079299	1582082079298	-1.625	-9.495	3.301	-2.308	0.388	0.634	0.000000	0.000000
1582082079320	1582082079318	-2.471	-9.536	3.452	-2.110	0.657	0.532	0.000000	0.000000
1582082079340	1582082079339	-3.242	-10.020	3.498	-1.672	0.943	0.594	0.000000	0.000000
1582082079358	1582082079358	-4.557	-10.858	3.697	-1.334	1.298	0.651	0.000000	0.000000
1582082079383	1582082079382	-5.922	-10.489	3.709	-1.385	1.352	0.362	0.000000	0.000000
1582082079409	1582082079409	-6.105	-9.725	3.333	-1.572	1.120	-0.090	0.000000	0.000000
1582082079418	1582082079417	-6.538	-11.151	1.042	-2.163	1.138	-0.685	0.000000	0.000000
1582082079439	1582082079438	-8.215	-14.210	-3.099	-3.540	1.787	-1.638	0.000000	0.000000
1582082079469	1582082079459	-9.849	-16.473	-7.222	-6.223	1.817	-3.027	0.000000	0.000000
1582082079479	1582082079476	-9.722	-17.142	-13.448	-10.797	0.298	-4.227	0.000000	0.000000
1582082079497	1582082079495	-11.327	-18.783	-15.400	-14.783	-0.892	-4.262	0.000000	0.000000
1582082079516	1582082079515	-8.943	-22.539	-12.126	-14.411	0.758	-2.863	0.000000	0.000000
1582082079540	1582082079536	-6.385	-20.043	-11.649	-8.860	4.378	-1.394	0.000000	0.000000
1582082079558	1582082079557	-9.492	-12.375	-10.588	-2.593	6.971	0.243	0.000000	0.000000
1582082079581	1582082079580	-9.925	-1.200	-7.780	-0.265	6.504	1.350	0.000000	0.000000
1582082079598	1582082079596	-6.981	-2.429	-3.154	2.336	5.325	2.820	0.000000	0.000000
1582082079617	1582082079616	-7.377	2.568	1.157	4.976	5.119	4.263	0.000000	0.000000
1582082079638	1582082079638	-7.360	3.141	3.342	5.080	4.709	4.813	0.000000	0.000000
1582082079660	1582082079660	-11.463	-4.834	4.959	4.841	3.251	6.485	0.000000	0.000000
1582082079680	1582082079676	-10.412	1.433	7.098	4.600	1.197	8.274	0.000000	0.000000
1582082079697	1582082079697	-7.563	-4.551	7.601	3.107	0.408	8.727	0.000000	0.000000
1582082079717	1582082079716	-12.584	-8.832	1.380	-0.169	1.382	8.044	0.000000	0.000000
1582082079736	1582082079736	-13.193	-19.061	-3.320	-1.488	1.541	7.141	0.000000	0.000000
1582082079757	1582082079755	-9.532	-15.553	-6.690	-2.352	1.979	6.930	0.000000	0.000000
1582082079778	1582082079777	-15.085	-11.941	-6.072	-3.956	3.091	6.312	0.000000	0.000000
1582082079798	1582082079796	-15.207	-16.047	-7.840	-3.520	2.908	5.935	0.000000	0.000000
1582082079816	1582082079815	-14.082	-14.859	-6.606	-3.388	3.403	5.353	0.000000	0.000000
1582082079837	1582082079835	-17.514	-13.352	-6.285	-4.524	3.921	4.801	0.000000	0.000000
1582082079864	1582082079864	-16.939	-13.115	-8.159	-4.001	3.387	4.781	0.000000	0.000000
1582082079879	1582082079875	-14.496	-7.229	-7.785	-4.584	2.933	4.417	0.000000	0.000000
1582082079895	1582082079895	-15.377	-6.875	-9.869	-4.787	3.104	3.378	0.000000	0.000000
1582082079916	1582082079915	-13.121	-9.455	-9.304	-4.357	2.533	2.571	0.000000	0.000000
1582082079936	1582082079935	-12.273	-3.564	-8.231	-4.871	1.978	2.548	0.000000	0.000000
1582082079957	1582082079955	-12.627	-4.635	-9.253	-4.174	1.679	2.252	0.000000	0.000000
1582082079977	1582082079976	-9.396	-3.049	-8.631	-3.597	1.153	1.963	0.000000	0.000000
1582082079996	1582082079995	-9.710	2.693	-7.026	-4.250	1.089	1.829	0.000000	0.000000
1582082080016	1582082080014	-11.149	1.778	-6.676	-4.424	0.796	1.499	0.000000	0.000000
1582082080035	1582082080035	-10.165	0.379	-5.452	-3.751	0.154	1.238	0.000000	0.000000
1582082080058	1582082080057	-9.976	1.055	-5.780	-3.682	-0.089	1.003	0.000000	0.000000
1582082080080	1582082080080	-10.093	2.235	-5.277	-3.493	0.057	0.731	0.000000	0.000000
1582082080096	1582082080095	-10.814	2.228	-4.211	-3.726	-0.119	0.639	0.000000	0.000000
1582082080115	1582082080114	-11.751	4.181	-3.404	-3.184	-0.205	0.342	0.000000	0.000000
1582082080135	1582082080134	-11.681	4.911	-4.362	-2.715	-0.710	-0.054	0.000000	0.000000
1582082080155	1582082080153	-9.770	5.862	-4.247	-2.841	-1.099	-0.531	0.000000	0.000000
1582082080178	1582082080176	-9.377	7.086	-3.571	-3.625	-1.271	-0.639	0.000000	0.000000
1582082080195	1582082080194	-9.846	5.994	-4.611	-4.088	-1.292	-0.852	0.000000	0.000000
1582082080214	1582082080213	-11.149	2.933	-4.565	-2.914	-1.766	-0.698	0.000000	0.000000
1582082080235	1582082080234	-10.567	2.101	-4.494	-1.433	-2.503	-0.115	0.000000	0.000000
1582082080255	1582082080253	-11.856	-0.067	-1.753	-0.118	-2.963	0.314	0.000000	0.000000
1582082080275	1582082080275	-12.311	0.458	-0.486	0.484	-3.767	0.815	0.000000	0.000000
1582082080294	1582082080294	-12.925	3.735	1.047	1.686	-4.699	2.112	0.000000	0.000000
1582082080314	1582082080313	-13.047	2.360	3.110	2.931	-5.022	1.798	0.000000	0.000000
1582082080335	1582082080333	-17.323	6.912	-0.771	0.860	-4.810	1.030	0.000000	0.000000
1582082080354	1582082080353	-16.678	3.378	-0.692	2.112	-6.675	-0.484	0.000000	0.000000
1582082080374	1582082080373	-11.166	-3.219	-3.516	1.380	-8.557	-1.089	0.000000	0.000000
1582082080417	1582082080393	-11.772	-4.539	-4.125	1.930	-9.701	-1.595	0.000000	0.000000
1582082080418	1582082080418	-10.800	-5.433	-6.312	4.170	-11.467	-2.479	0.000000	0.000000
1582082080444	1582082080442	-8.038	-6.882	-6.487	6.239	-12.758	-2.884	0.000000	0.000000
1582082080454	1582082080453	-3.560	-5.974	-7.212	6.811	-11.836	-3.607	0.000000	0.000000
1582082080478	1582082080474	-1.867	-6.673	-8.968	8.412	-8.726	-3.977	0.000000	0.000000
1582082080492	1582082080491	-6.423	-7.021	-10.343	10.120	-6.290	-3.259	0.000000	0.000000
1582082080512	1582082080511	-9.087	-4.307	-14.296	9.210	-5.881	-2.424	0.000000	0.000000
1582082080532	1582082080531	-5.621	-0.208	-19.853	7.721	-6.258	-2.577	0.000000	0.000000
1582082080553	1582082080551	-3.551	3.476	-21.571	7.048	-5.104	-2.089	0.000000	0.000000
1582082080573	1582082080571	-3.364	7.522	-17.386	4.982	-3.972	-1.015	0.000000	0.000000
1582082080595	1582082080594	-1.314	11.214	-10.415	-0.424	-5.102	-1.920	0.000000	0.000000
1582082080613	1582082080612	-1.199	5.175	-3.142	-3.241	-5.648	-3.112	0.000000	0.000000
1582082080632	1582082080631	-6.596	-1.976	5.187	-1.901	-5.670	-2.568	0.000000	0.000000
1582082080652	1582082080650	-10.230	-1.216	11.595	-1.209	-5.504	-1.496	0.000000	0.000000
1582082080672	1582082080670	-7.101	1.665	12.831	-1.119	-5.469	-1.139	0.000000	0.000000
