1582081762103	1582081762102	-17.002	3.800	9.523	-0.434	-4.871	0.622	0.000000	0.000000
1582081762121	1582081762120	-13.145	8.631	11.875	0.714	-4.899	0.431	0.000000	0.000000
1582081762144	1582081762140	-6.212	8.222	12.955	0.829	-3.850	0.813	0.000000	0.000000
1582081762161	1582081762160	-6.723	5.618	11.587	-0.284	-2.356	1.543	0.000000	0.000000
1582081762183	1582081762180	-7.297	8.428	11.338	0.828	-2.761	1.640	0.000000	0.000000
1582081762203	1582081762201	-3.266	6.665	11.614	1.080	-3.089	1.930	0.000000	0.000000
1582081762222	1582081762222	-3.314	7.230	10.277	-0.854	-2.322	1.828	0.000000	0.000000
1582081762243	1582081762243	-3.438	5.618	9.805	-1.507	-2.321	1.941	0.000000	0.000000
1582081762266	1582081762265	-3.793	3.845	10.100	-1.031	-2.625	2.177	0.000000	0.000000
1582081762281	1582081762279	-1.757	4.607	9.460	-1.466	-2.071	1.842	0.000000	0.000000
1582081762301	1582081762299	-1.141	6.063	8.092	-2.340	-1.269	1.591	0.000000	0.000000
1582081762320	1582081762319	-1.754	5.668	7.898	-2.660	-0.807	1.685	0.000000	0.000000
1582081762340	1582081762339	-1.893	4.990	6.959	-2.953	-0.644	1.651	0.000000	0.000000
1582081762360	1582081762359	-1.505	4.288	4.897	-3.414	-0.369	1.551	0.000000	0.000000
1582081762380	1582081762379	-2.272	4.887	4.070	-3.783	-0.243	1.633	0.000000	0.000000
1582081762400	1582081762399	-2.305	3.934	3.812	-3.854	-0.414	1.631	0.000000	0.000000
1582081762420	1582081762419	-2.600	0.010	4.343	-3.538	-0.294	1.656	0.000000	0.000000
1582081762443	1582081762442	-2.732	-3.099	4.681	-3.181	-0.094	1.676	0.000000	0.000000
1582081762460	1582081762459	-2.511	-3.039	4.652	-2.443	-0.088	1.222	0.000000	0.000000
1582081762480	1582081762478	-1.395	-1.202	5.407	-1.822	-0.100	0.790	0.000000	0.000000
1582081762502	1582081762498	0.174	-0.067	6.092	-1.918	0.216	0.354	0.000000	0.000000
1582081762520	1582081762518	-0.034	-0.007	6.610	-2.077	0.852	0.309	0.000000	0.000000
1582081762539	1582081762538	-1.448	-1.324	6.574	-2.406	1.293	0.640	0.000000	0.000000
1582081762559	1582081762558	-2.847	-1.255	7.333	-2.551	1.197	0.511	0.000000	0.000000
1582081762579	1582081762578	-2.940	-1.894	8.619	-1.356	0.435	0.623	0.000000	0.000000
1582081762599	1582081762598	-1.862	-3.293	8.531	-1.331	0.135	0.539	0.000000	0.000000
1582081762619	1582081762618	-1.323	-3.758	7.779	-2.225	0.207	0.439	0.000000	0.000000
1582081762639	1582081762638	-1.632	-3.713	6.864	-2.412	-0.030	0.552	0.000000	0.000000
1582081762663	1582081762658	-0.923	-4.755	6.796	-2.296	-0.188	0.627	0.000000	0.000000
1582081762680	1582081762678	-0.454	-4.829	7.551	-2.054	0.136	0.698	0.000000	0.000000
1582081762699	1582081762698	-1.520	-5.212	7.628	-2.018	0.590	0.900	0.000000	0.000000
1582081762719	1582081762717	-3.019	-5.468	7.592	-2.155	0.668	0.946	0.000000	0.000000
1582081762738	1582081762737	-3.486	-5.325	7.575	-2.014	0.345	0.875	0.000000	0.000000
1582081762759	1582081762757	-3.014	-6.336	7.259	-1.445	0.002	0.899	0.000000	0.000000
1582081762778	1582081762777	-2.293	-5.873	6.825	-1.481	-0.216	0.856	0.000000	0.000000
1582081762798	1582081762797	-1.752	-4.894	6.677	-1.625	-0.164	0.926	0.000000	0.000000
1582081762818	1582081762817	-1.781	-5.466	6.152	-1.531	0.094	1.107	0.000000	0.000000
1582081762838	1582081762837	-2.327	-6.702	5.611	-1.335	0.431	1.164	0.000000	0.000000
1582081762861	1582081762861	-3.189	-7.541	5.165	-1.337	0.463	1.015	0.000000	0.000000
1582081762879	1582081762877	-3.323	-7.291	5.146	-1.448	0.247	0.976	0.000000	0.000000
1582081762898	1582081762897	-3.412	-6.726	5.328	-1.555	0.335	0.931	0.000000	0.000000
1582081762920	1582081762918	-3.652	-7.466	4.585	-1.701	0.487	1.016	0.000000	0.000000
1582081762938	1582081762938	-3.913	-8.036	3.507	-1.952	0.588	0.961	0.000000	0.000000
1582081762959	1582081762958	-4.387	-8.642	3.170	-1.912	0.607	0.943	0.000000	0.000000
1582081762981	1582081762981	-5.062	-8.968	3.232	-1.703	0.541	0.928	0.000000	0.000000
1582081763008	1582081762998	-4.868	-8.882	3.174	-1.659	0.429	0.740	0.000000	0.000000
1582081763019	1582081763018	-4.543	-8.978	3.471	-1.599	0.273	0.671	0.000000	0.000000
1582081763041	1582081763040	-4.035	-10.329	2.724	-1.423	0.130	0.690	0.000000	0.000000
1582081763065	1582081763057	-4.394	-12.248	1.117	-1.443	0.621	0.372	0.000000	0.000000
1582081763083	1582081763080	-6.739	-13.774	-0.759	-2.429	1.622	-0.405	0.000000	0.000000
1582081763098	1582081763097	-11.947	-13.213	-2.199	-4.510	2.263	-1.800	0.000000	0.000000
1582081763117	1582081763117	-14.055	-12.006	-8.216	-8.242	1.315	-3.202	0.000000	0.000000
1582081763139	1582081763137	-11.236	-13.901	-15.843	-11.956	-0.193	-4.190	0.000000	0.000000
1582081763162	1582081763162	-7.451	-20.112	-16.778	-12.801	0.150	-3.948	0.000000	0.000000
1582081763179	1582081763177	-9.580	-22.254	-16.567	-11.849	3.136	-3.003	0.000000	0.000000
1582081763203	1582081763203	-11.087	-9.670	-17.935	-8.413	5.356	-1.433	0.000000	0.000000
1582081763217	1582081763217	-10.764	-6.254	-17.254	-1.959	5.751	0.733	0.000000	0.000000
1582081763237	1582081763236	-12.869	-11.510	-8.484	1.173	6.303	1.812	0.000000	0.000000
1582081763258	1582081763258	-9.501	-9.617	-1.835	1.298	5.797	2.635	0.000000	0.000000
1582081763278	1582081763278	-8.546	-2.500	-2.098	2.158	4.731	3.944	0.000000	0.000000
1582081763298	1582081763297	-7.400	-3.454	-2.565	4.763	3.473	5.679	0.000000	0.000000
1582081763317	1582081763316	-8.167	-2.158	3.050	5.123	2.445	7.334	0.000000	0.000000
1582081763337	1582081763336	-4.535	8.145	4.981	2.880	1.240	7.983	0.000000	0.000000
1582081763358	1582081763358	-12.208	-1.451	4.837	1.810	1.258	8.642	0.000000	0.000000
1582081763377	1582081763376	-13.116	-13.963	-0.292	0.257	1.321	8.527	0.000000	0.000000
1582081763403	1582081763396	-13.667	-10.212	-5.004	-1.889	1.528	8.047	0.000000	0.000000
1582081763417	1582081763416	-14.527	-16.931	-6.154	-2.202	1.877	7.163	0.000000	0.000000
1582081763436	1582081763435	-13.646	-13.223	-9.610	-3.911	2.457	6.391	0.000000	0.000000
1582081763456	1582081763456	-15.572	-12.962	-11.203	-4.108	2.814	5.844	0.000000	0.000000
1582081763480	1582081763480	-16.748	-11.572	-11.833	-4.731	2.785	4.993	0.000000	0.000000
1582081763497	1582081763495	-17.275	-9.694	-11.234	-5.326	2.580	4.415	0.000000	0.000000
1582081763517	1582081763515	-16.614	-10.068	-11.903	-5.184	2.179	4.486	0.000000	0.000000
1582081763536	1582081763536	-15.528	-9.359	-11.177	-4.881	1.834	4.332	0.000000	0.000000
1582081763557	1582081763555	-14.570	-8.180	-11.131	-4.829	1.911	3.866	0.000000	0.000000
1582081763583	1582081763575	-13.837	-5.428	-10.437	-4.777	1.673	3.487	0.000000	0.000000
1582081763596	1582081763596	-12.376	-4.184	-9.881	-4.511	1.145	2.942	0.000000	0.000000
1582081763615	1582081763615	-10.474	-3.205	-8.781	-3.919	0.731	2.642	0.000000	0.000000
1582081763636	1582081763635	-9.015	0.619	-8.180	-3.940	0.296	2.420	0.000000	0.000000
1582081763656	1582081763655	-9.063	2.901	-7.675	-3.499	0.009	2.123	0.000000	0.000000
1582081763680	1582081763680	-8.234	0.326	-6.621	-3.855	-0.266	1.545	0.000000	0.000000
1582081763695	1582081763695	-7.041	3.297	-7.347	-4.421	-0.390	1.209	0.000000	0.000000
1582081763716	1582081763714	-7.281	2.489	-6.388	-3.882	-0.638	1.121	0.000000	0.000000
1582081763736	1582081763734	-8.117	3.227	-6.546	-3.665	-0.942	1.244	0.000000	0.000000
1582081763757	1582081763754	-9.837	4.243	-5.181	-3.095	-1.073	1.094	0.000000	0.000000
1582081763776	1582081763774	-8.500	3.711	-5.401	-3.789	-1.654	0.632	0.000000	0.000000
1582081763797	1582081763794	-8.289	5.132	-4.743	-3.823	-1.954	0.184	0.000000	0.000000
1582081763816	1582081763816	-8.488	2.758	-2.987	-2.818	-2.175	-0.202	0.000000	0.000000
1582081763836	1582081763834	-8.622	-1.130	0.908	-1.648	-2.012	-0.022	0.000000	0.000000
1582081763855	1582081763855	-10.656	-1.008	1.814	-0.916	-1.811	0.311	0.000000	0.000000
1582081763879	1582081763874	-11.444	1.007	2.142	0.521	-2.852	0.250	0.000000	0.000000
1582081763894	1582081763893	-10.694	1.874	5.211	1.610	-3.874	0.427	0.000000	0.000000
1582081763933	1582081763914	-11.545	3.678	6.784	2.659	-4.251	0.240	0.000000	0.000000
1582081763936	1582081763935	-13.461	3.517	6.176	2.999	-4.045	-0.106	0.000000	0.000000
1582081763954	1582081763952	-15.394	5.237	3.589	1.182	-4.135	-0.368	0.000000	0.000000
1582081763973	1582081763973	-16.853	4.025	1.581	0.651	-5.359	-0.631	0.000000	0.000000
1582081764001	1582081763993	-16.868	-0.138	-0.361	1.566	-6.970	-0.918	0.000000	0.000000
1582081764017	1582081764016	-16.154	-2.012	-2.445	2.307	-8.385	-1.093	0.000000	0.000000
1582081764034	1582081764033	-14.934	-2.505	-5.076	3.422	-9.434	-1.357	0.000000	0.000000
1582081764053	1582081764053	-13.564	-4.601	-7.888	5.016	-10.247	-1.758	0.000000	0.000000
1582081764074	1582081764073	-11.114	-7.713	-10.425	7.317	-10.452	-1.697	0.000000	0.000000
1582081764095	1582081764093	-7.633	-7.414	-13.635	9.570	-9.608	-1.172	0.000000	0.000000
1582081764114	1582081764114	-6.059	-4.149	-14.861	10.595	-8.060	-0.655	0.000000	0.000000
1582081764134	1582081764133	-6.418	-2.227	-14.476	9.826	-6.909	-0.478	0.000000	0.000000
1582081764153	1582081764152	-6.241	-2.642	-14.782	7.957	-6.895	-0.745	0.000000	0.000000
1582081764176	1582081764176	-4.102	-2.079	-16.471	5.927	-7.253	-1.311	0.000000	0.000000
1582081764200	1582081764193	-2.255	-1.540	-18.225	4.665	-6.322	-1.271	0.000000	0.000000
1582081764217	1582081764212	-2.928	1.265	-16.521	2.544	-5.451	-0.796	0.000000	0.000000
1582081764233	1582081764232	-3.455	7.347	-9.950	-0.670	-5.824	-1.112	0.000000	0.000000
1582081764253	1582081764252	-3.453	7.189	-2.400	-2.890	-6.436	-1.923	0.000000	0.000000
1582081764273	1582081764272	-6.181	0.935	4.588	-1.963	-5.750	-1.566	0.000000	0.000000
1582081764297	1582081764297	-11.923	-0.665	10.119	-1.710	-4.577	-1.001	0.000000	0.000000
1582081764314	1582081764312	-8.622	3.175	10.876	-1.116	-5.504	-0.591	0.000000	0.000000
1582081764334	1582081764332	-12.532	4.715	10.737	-0.482	-5.448	0.685	0.000000	0.000000
1582081764352	1582081764352	-13.955	4.250	10.804	-0.630	-4.729	0.767	0.000000	0.000000
1582081764374	1582081764371	-14.304	4.770	9.848	-0.708	-4.724	1.114	0.000000	0.000000
1582081764398	1582081764391	-16.099	9.046	11.460	-0.900	-4.723	0.975	0.000000	0.000000
1582081764414	1582081764413	-6.057	11.264	13.075	0.503	-4.725	0.602	0.000000	0.000000
1582081764432	1582081764432	-6.255	4.303	11.250	0.323	-3.305	1.259	0.000000	0.000000
1582081764452	1582081764451	-6.720	8.126	11.607	0.269	-3.044	1.070	0.000000	0.000000
1582081764472	1582081764471	-5.398	7.273	12.098	1.143	-3.566	1.688	0.000000	0.000000
1582081764493	1582081764493	-5.070	7.106	11.858	0.231	-3.078	1.691	0.000000	0.000000
1582081764516	1582081764515	-3.961	8.100	11.583	-1.327	-2.459	1.423	0.000000	0.000000
1582081764538	1582081764531	-3.788	5.922	10.505	-1.626	-1.994	1.832	0.000000	0.000000
1582081764551	1582081764551	-1.979	5.534	9.820	-1.068	-1.691	1.496	0.000000	0.000000
1582081764573	1582081764571	-1.361	6.107	8.504	-1.054	-1.310	1.392	0.000000	0.000000
1582081764591	1582081764590	-2.164	5.754	7.002	-1.499	-0.862	1.624	0.000000	0.000000
1582081764621	1582081764616	-2.538	4.827	6.277	-1.648	-0.615	1.670	0.000000	0.000000
1582081764633	1582081764630	-1.036	5.836	5.891	-1.850	-0.687	1.651	0.000000	0.000000
1582081764651	1582081764650	-1.103	5.750	5.371	-2.195	-0.464	2.099	0.000000	0.000000
1582081764673	1582081764670	-1.163	4.753	4.861	-2.776	0.121	2.147	0.000000	0.000000
1582081764694	1582081764692	-2.305	3.967	4.914	-3.417	0.597	1.938	0.000000	0.000000
1582081764712	1582081764710	-2.698	2.516	4.164	-3.782	0.508	1.822	0.000000	0.000000
1582081764731	1582081764732	-3.019	0.935	2.935	-3.494	0.297	1.783	0.000000	0.000000
1582081764751	1582081764750	-3.010	-0.553	2.391	-2.325	-0.125	1.518	0.000000	0.000000
1582081764772	1582081764770	-2.262	-0.488	3.167	-1.542	-0.218	0.917	0.000000	0.000000
1582081764790	1582081764789	-2.296	-0.203	5.000	-1.738	-0.373	0.651	0.000000	0.000000
1582081764822	1582081764815	-1.778	-1.018	5.697	-2.102	-0.744	0.371	0.000000	0.000000
1582081764830	1582081764830	1.437	-1.485	5.062	-2.689	-0.700	0.049	0.000000	0.000000
1582081764855	1582081764855	3.056	-1.794	6.051	-2.478	0.308	0.353	0.000000	0.000000
1582081764871	1582081764869	-0.238	-1.746	7.244	-1.706	1.496	0.823	0.000000	0.000000
1582081764890	1582081764889	-3.611	-0.917	10.282	-1.240	1.899	0.807	0.000000	0.000000
1582081764914	1582081764914	-4.567	-0.689	11.547	-1.415	1.005	0.561	0.000000	0.000000
1582081764932	1582081764932	-2.346	-0.035	11.226	-2.080	-0.220	0.351	0.000000	0.000000
1582081764950	1582081764950	-0.624	-1.844	10.409	-2.476	-0.698	0.548	0.000000	0.000000
1582081764970	1582081764969	-0.082	-2.797	10.148	-2.683	-0.398	0.761	0.000000	0.000000
1582081764990	1582081764989	-4.073	-0.761	8.200	-2.520	-0.147	0.998	0.000000	0.000000
1582081765018	1582081765013	-0.703	-3.528	7.908	-2.076	-1.056	1.098	0.000000	0.000000
1582081765029	1582081765029	0.689	-6.527	6.595	-1.524	-0.993	1.719	0.000000	0.000000
1582081765049	1582081765049	-0.245	-6.798	6.617	-0.986	0.307	1.708	0.000000	0.000000
1582081765070	1582081765068	-1.920	-5.107	7.414	-0.089	1.011	1.692	0.000000	0.000000
1582081765089	1582081765089	-3.783	-4.920	8.631	-0.016	0.950	1.548	0.000000	0.000000
1582081765110	1582081765110	-3.053	-6.273	6.907	-0.943	0.474	1.258	0.000000	0.000000
1582081765133	1582081765130	-1.680	-5.593	5.824	-1.154	0.038	1.257	0.000000	0.000000
1582081765151	1582081765149	-1.795	-3.895	7.283	-0.703	0.229	1.247	0.000000	0.000000
1582081765170	1582081765168	-2.648	-4.532	8.133	-1.154	0.600	1.248	0.000000	0.000000
1582081765188	1582081765188	-2.954	-5.960	6.899	-2.677	0.777	1.072	0.000000	0.000000
1582081765214	1582081765214	-4.353	-5.945	5.460	-3.054	0.474	1.041	0.000000	0.000000
1582081765229	1582081765228	-4.200	-4.580	5.477	-2.801	-0.221	0.998	0.000000	0.000000
1582081765249	1582081765248	-3.038	-6.376	4.878	-3.161	-0.301	0.983	0.000000	0.000000
1582081765268	1582081765268	-2.729	-9.035	2.667	-3.684	0.118	1.046	0.000000	0.000000
1582081765288	1582081765288	-3.553	-8.968	1.900	-3.352	0.482	1.096	0.000000	0.000000
1582081765311	1582081765311	-4.883	-7.488	2.080	-3.121	0.384	1.092	0.000000	0.000000
1582081765338	1582081765328	-4.933	-8.111	1.373	-2.662	0.224	1.099	0.000000	0.000000
1582081765347	1582081765346	-4.490	-10.801	0.010	-1.856	0.508	1.228	0.000000	0.000000
1582081765369	1582081765367	-6.078	-13.879	-0.021	-0.675	1.156	1.314	0.000000	0.000000
1582081765387	1582081765387	-8.970	-15.807	0.705	-0.765	1.745	0.484	0.000000	0.000000
1582081765407	1582081765407	-11.193	-14.660	-0.689	-3.466	1.658	-0.903	0.000000	0.000000
1582081765429	1582081765429	-10.433	-12.442	-7.023	-7.714	1.389	-1.931	0.000000	0.000000
1582081765449	1582081765447	-10.843	-13.199	-15.630	-12.065	1.864	-2.636	0.000000	0.000000
1582081765469	1582081765466	-12.076	-21.954	-18.613	-13.822	2.297	-2.322	0.000000	0.000000
1582081765487	1582081765486	-10.512	-20.682	-17.017	-10.248	4.373	-1.499	0.000000	0.000000
1582081765507	1582081765506	-11.789	-12.758	-18.960	-4.002	6.643	-0.249	0.000000	0.000000
1582081765532	1582081765526	-17.922	-7.469	-12.130	-1.360	7.508	0.501	0.000000	0.000000
1582081765550	1582081765550	-14.764	-3.897	-6.242	-1.191	7.500	0.673	0.000000	0.000000
1582081765568	1582081765566	-11.322	-2.196	-4.815	1.608	6.319	2.080	0.000000	0.000000
1582081765587	1582081765586	-13.164	-1.080	-0.203	3.838	4.914	3.986	0.000000	0.000000
1582081765607	1582081765606	-12.350	6.301	2.767	3.826	2.863	5.940	0.000000	0.000000
1582081765626	1582081765627	-12.752	3.354	7.944	4.368	0.852	8.132	0.000000	0.000000
1582081765649	1582081765649	-15.945	-3.861	5.666	3.492	-0.332	9.775	0.000000	0.000000
1582081765667	1582081765665	-14.333	-6.532	2.513	0.603	-0.946	9.491	0.000000	0.000000
1582081765687	1582081765686	-15.600	-14.495	-5.996	-1.676	-0.357	8.498	0.000000	0.000000
1582081765706	1582081765705	-14.127	-20.416	-10.880	-2.814	0.831	7.326	0.000000	0.000000
1582081765727	1582081765727	-14.115	-14.063	-12.286	-4.626	1.631	6.988	0.000000	0.000000
1582081765753	1582081765752	-16.065	-15.898	-13.199	-3.863	2.223	6.956	0.000000	0.000000
1582081765767	1582081765767	-17.303	-9.031	-11.479	-4.021	2.514	6.682	0.000000	0.000000
1582081765787	1582081765785	-19.352	-12.226	-11.524	-5.079	2.663	5.220	0.000000	0.000000
1582081765806	1582081765805	-15.888	-11.814	-13.426	-5.247	2.255	4.604	0.000000	0.000000
1582081765828	1582081765825	-18.144	-6.661	-11.752	-4.961	2.477	4.977	0.000000	0.000000
1582081765846	1582081765845	-15.718	-10.183	-11.608	-3.344	2.066	4.861	0.000000	0.000000
1582081765868	1582081765866	-14.932	-7.466	-10.111	-3.656	2.171	4.088	0.000000	0.000000
1582081765885	1582081765884	-11.267	-6.070	-9.998	-4.081	1.848	2.982	0.000000	0.000000
1582081765905	1582081765905	-9.422	-2.956	-8.633	-4.164	2.001	2.594	0.000000	0.000000
1582081765925	1582081765924	-12.033	-0.033	-6.693	-3.151	1.878	2.630	0.000000	0.000000
1582081765953	1582081765948	-9.037	0.137	-5.076	-2.928	1.188	1.951	0.000000	0.000000
1582081765968	1582081765964	-10.476	3.287	-3.325	-3.799	1.682	1.378	0.000000	0.000000
1582081765985	1582081765984	-10.831	5.592	-1.806	-3.165	0.788	1.390	0.000000	0.000000
1582081766006	1582081766004	-8.948	8.212	-2.012	-2.453	-0.258	1.396	0.000000	0.000000
1582081766025	1582081766024	-9.643	7.616	-0.778	-2.495	-0.578	1.064	0.000000	0.000000
1582081766045	1582081766044	-8.914	6.358	-2.939	-2.826	-1.147	0.946	0.000000	0.000000
1582081766068	1582081766066	-8.134	7.436	-2.534	-2.296	-1.586	0.898	0.000000	0.000000
1582081766085	1582081766085	-7.892	5.992	-2.771	-3.144	-1.863	0.504	0.000000	0.000000
1582081766104	1582081766104	-8.505	2.480	-2.170	-3.352	-1.992	0.191	0.000000	0.000000
1582081766124	1582081766124	-9.065	-0.007	-0.433	-1.825	-2.288	0.157	0.000000	0.000000
1582081766145	1582081766144	-10.749	1.093	1.991	-0.311	-2.588	0.325	0.000000	0.000000
1582081766169	1582081766169	-11.176	3.546	1.708	0.126	-3.573	0.430	0.000000	0.000000
1582081766185	1582081766184	-9.904	1.768	3.460	0.662	-3.792	0.029	0.000000	0.000000
1582081766204	1582081766203	-11.698	1.316	2.693	0.064	-2.726	-0.415	0.000000	0.000000
1582081766226	1582081766224	-15.936	2.382	0.915	-0.398	-2.589	-0.509	0.000000	0.000000
1582081766246	1582081766244	-17.689	1.579	0.824	0.361	-3.947	-0.819	0.000000	0.000000
1582081766267	1582081766264	-17.993	-0.586	0.067	1.911	-5.428	-1.259	0.000000	0.000000
1582081766284	1582081766284	-19.641	-1.192	-2.833	2.874	-6.665	-1.281	0.000000	0.000000
1582081766304	1582081766303	-20.056	-2.546	-5.370	4.203	-8.623	-1.248	0.000000	0.000000
1582081766324	1582081766324	-17.905	-6.491	-7.100	6.766	-10.960	-1.423	0.000000	0.000000
1582081766343	1582081766342	-14.084	-6.645	-8.628	8.490	-12.135	-1.004	0.000000	0.000000
1582081766363	1582081766361	-9.813	-5.809	-7.493	9.279	-11.070	-0.606	0.000000	0.000000
1582081766382	1582081766381	-8.481	-8.393	-8.796	9.881	-8.554	-0.754	0.000000	0.000000
1582081766403	1582081766401	-10.668	-10.029	-12.933	9.849	-6.929	0.147	0.000000	0.000000
1582081766422	1582081766421	-8.294	-7.356	-16.550	9.405	-6.983	0.720	0.000000	0.000000
1582081766443	1582081766441	-5.498	-4.522	-18.181	9.417	-6.443	0.813	0.000000	0.000000
1582081766463	1582081766463	-2.899	-5.133	-20.953	8.927	-5.106	1.177	0.000000	0.000000
1582081766488	1582081766481	-0.899	-1.442	-21.288	5.931	-4.104	1.782	0.000000	0.000000
1582081766502	1582081766501	-0.621	2.597	-16.581	1.821	-3.874	1.221	0.000000	0.000000
1582081766523	1582081766522	-4.931	2.667	-10.125	-2.193	-4.899	-0.406	0.000000	0.000000
1582081766542	1582081766542	0.656	0.755	-7.838	-4.771	-6.299	-1.948	0.000000	0.000000
1582081766564	1582081766563	-1.685	0.556	-0.809	-3.583	-3.816	-1.072	0.000000	0.000000
1582081766583	1582081766582	-13.499	-2.675	7.513	-0.264	-2.003	0.569	0.000000	0.000000
1582081766604	1582081766601	-15.813	0.410	8.313	-1.613	-4.345	-0.077	0.000000	0.000000
1582081766622	1582081766622	-11.272	5.342	5.560	-2.229	-5.481	-0.244	0.000000	0.000000
1582081766643	1582081766642	-12.191	6.363	4.645	-1.326	-4.543	0.245	0.000000	0.000000
1582081766665	1582081766665	-17.660	4.094	10.035	-0.172	-4.640	1.085	0.000000	0.000000
1582081766693	1582081766682	-18.118	6.540	10.519	0.201	-5.254	1.427	0.000000	0.000000
1582081766707	1582081766704	-12.982	13.231	6.662	0.150	-4.646	1.326	0.000000	0.000000
1582081766722	1582081766722	-15.423	13.497	9.487	0.206	-4.290	2.013	0.000000	0.000000
1582081766743	1582081766742	-11.411	8.351	12.495	0.541	-4.689	2.230	0.000000	0.000000
1582081766763	1582081766762	-7.856	8.416	11.525	0.199	-4.088	2.445	0.000000	0.000000
1582081766782	1582081766781	-5.721	7.163	9.769	-0.653	-3.647	2.901	0.000000	0.000000
1582081766804	1582081766804	-4.545	6.986	7.673	-1.716	-3.154	2.752	0.000000	0.000000
1582081766821	1582081766821	-4.353	6.799	5.781	-2.073	-2.485	2.494	0.000000	0.000000
1582081766841	1582081766840	-3.153	5.709	6.487	-2.492	-2.379	2.258	0.000000	0.000000
1582081766868	1582081766866	-2.226	6.212	6.634	-3.088	-1.793	2.069	0.000000	0.000000
1582081766883	1582081766879	-1.912	4.619	7.089	-2.184	-1.163	1.991	0.000000	0.000000
1582081766904	1582081766904	-1.474	3.201	6.557	-2.054	-0.721	1.685	0.000000	0.000000
1582081766921	1582081766921	-1.199	4.744	4.526	-2.639	-0.477	1.674	0.000000	0.000000
1582081766941	1582081766940	-1.105	4.739	4.605	-2.767	-0.267	1.834	0.000000	0.000000
1582081766960	1582081766960	-1.340	1.936	5.120	-2.893	0.120	1.786	0.000000	0.000000
1582081766983	1582081766983	-1.702	-0.047	5.153	-3.401	0.481	1.491	0.000000	0.000000
1582081767002	1582081767000	-2.207	0.616	5.740	-3.399	0.557	1.174	0.000000	0.000000
1582081767027	1582081767020	-2.459	1.754	6.202	-3.082	0.557	0.779	0.000000	0.000000
1582081767040	1582081767040	-1.824	2.183	6.114	-3.231	0.536	0.283	0.000000	0.000000
1582081767061	1582081767060	-0.952	1.730	5.649	-2.939	0.302	0.074	0.000000	0.000000
1582081767087	1582081767086	-0.600	0.580	5.781	-2.331	0.248	0.101	0.000000	0.000000
1582081767103	1582081767099	-1.158	-0.313	6.619	-2.562	0.328	0.271	0.000000	0.000000
1582081767121	1582081767119	-1.443	-0.754	7.304	-3.290	0.385	0.262	0.000000	0.000000
1582081767139	1582081767139	-1.567	-2.100	6.921	-2.918	0.465	0.312	0.000000	0.000000
1582081767160	1582081767158	-1.431	-3.267	6.955	-1.472	0.548	0.397	0.000000	0.000000
1582081767179	1582081767178	-1.644	-2.639	7.836	-1.211	0.725	0.435	0.000000	0.000000
1582081767200	1582081767199	-2.413	-1.808	8.629	-1.659	0.802	0.599	0.000000	0.000000
1582081767225	1582081767220	-2.792	-2.345	8.380	-2.044	0.659	0.580	0.000000	0.000000
1582081767239	1582081767239	-2.288	-2.757	8.066	-2.569	0.436	0.468	0.000000	0.000000
1582081767261	1582081767259	-2.202	-3.384	8.679	-2.274	0.380	0.614	0.000000	0.000000
1582081767286	1582081767280	-2.902	-3.919	8.833	-1.825	0.540	0.767	0.000000	0.000000
1582081767300	1582081767300	-3.362	-4.584	8.713	-1.739	0.346	0.834	0.000000	0.000000
1582081767319	1582081767318	-3.022	-4.601	8.270	-1.924	0.118	0.796	0.000000	0.000000
1582081767339	1582081767338	-2.959	-4.568	7.467	-2.049	-0.106	0.867	0.000000	0.000000
1582081767359	1582081767358	-2.859	-4.400	6.813	-1.847	-0.164	0.928	0.000000	0.000000
1582081767379	1582081767379	-2.612	-4.477	6.526	-1.561	-0.180	0.963	0.000000	0.000000
1582081767404	1582081767399	-2.312	-5.207	6.420	-1.645	-0.173	0.931	0.000000	0.000000
1582081767420	1582081767420	-2.475	-6.451	5.948	-1.767	-0.077	1.016	0.000000	0.000000
1582081767438	1582081767438	-2.780	-7.090	5.536	-1.706	0.105	1.040	0.000000	0.000000
1582081767460	1582081767457	-2.801	-6.673	4.966	-1.805	0.163	1.051	0.000000	0.000000
1582081767479	1582081767478	-3.184	-6.987	4.461	-1.942	0.370	1.088	0.000000	0.000000
1582081767503	1582081767503	-4.049	-7.284	4.272	-1.792	0.378	1.057	0.000000	0.000000
1582081767518	1582081767517	-4.193	-7.560	4.169	-1.684	0.191	1.000	0.000000	0.000000
1582081767538	1582081767538	-3.898	-8.206	3.788	-2.016	0.179	0.951	0.000000	0.000000
1582081767558	1582081767558	-3.946	-9.318	2.933	-2.333	0.343	0.987	0.000000	0.000000
1582081767578	1582081767577	-4.123	-10.197	2.279	-2.142	0.573	0.947	0.000000	0.000000
1582081767599	1582081767599	-4.605	-10.101	2.164	-1.851	0.745	0.786	0.000000	0.000000
1582081767620	1582081767620	-4.957	-9.680	2.046	-2.098	0.803	0.458	0.000000	0.000000
1582081767641	1582081767639	-5.518	-11.060	0.832	-2.444	0.916	0.234	0.000000	0.000000
1582081767658	1582081767657	-6.629	-14.231	-1.614	-2.537	1.229	-0.242	0.000000	0.000000
1582081767678	1582081767677	-8.785	-16.133	-4.041	-3.228	1.912	-1.496	0.000000	0.000000
1582081767702	1582081767697	-13.061	-15.678	-7.502	-6.449	1.923	-2.906	0.000000	0.000000
1582081767717	1582081767717	-15.835	-14.049	-14.320	-11.818	0.601	-3.791	0.000000	0.000000
1582081767737	1582081767737	-12.057	-22.601	-14.037	-12.390	0.562	-3.282	0.000000	0.000000
1582081767757	1582081767757	-8.591	-27.291	-10.645	-8.701	4.006	-2.479	0.000000	0.000000
1582081767778	1582081767777	-13.432	-10.094	-14.459	-6.803	6.482	-1.366	0.000000	0.000000
1582081767798	1582081767796	-17.157	-7.488	-14.085	-2.393	7.032	0.119	0.000000	0.000000
1582081767819	1582081767816	-13.056	-3.097	-5.675	0.925	6.479	1.132	0.000000	0.000000
1582081767839	1582081767839	-13.377	-3.353	-3.181	3.041	6.034	3.267	0.000000	0.000000
1582081767873	1582081767865	-13.840	-1.736	-1.655	5.394	4.568	5.296	0.000000	0.000000
1582081767877	1582081767876	-11.286	4.883	3.414	5.430	2.915	6.222	0.000000	0.000000
1582081767899	1582081767897	-5.336	3.007	5.419	3.317	1.729	6.668	0.000000	0.000000
1582081767917	1582081767917	-9.101	1.184	7.261	1.950	0.447	8.314	0.000000	0.000000
1582081767937	1582081767937	-9.992	-10.303	4.837	1.045	-0.004	9.096	0.000000	0.000000
1582081767959	1582081767955	-12.177	-9.912	-2.388	-1.750	1.101	8.727	0.000000	0.000000
1582081767976	1582081767976	-15.890	-17.844	-7.038	-2.893	2.153	7.585	0.000000	0.000000
1582081767997	1582081767995	-13.459	-16.088	-9.404	-3.572	2.493	6.794	0.000000	0.000000
1582081768024	1582081768016	-14.762	-14.847	-10.928	-4.380	3.441	6.186	0.000000	0.000000
1582081768040	1582081768038	-17.469	-11.646	-10.264	-4.244	3.787	5.814	0.000000	0.000000
1582081768057	1582081768055	-18.171	-12.847	-8.767	-4.067	3.472	5.421	0.000000	0.000000
1582081768077	1582081768075	-18.226	-6.376	-9.457	-4.562	3.086	5.108	0.000000	0.000000
1582081768096	1582081768095	-16.429	-7.806	-10.188	-3.591	2.813	4.493	0.000000	0.000000
1582081768117	1582081768117	-16.779	-5.674	-8.295	-4.202	2.657	4.051	0.000000	0.000000
1582081768136	1582081768136	-15.572	-6.808	-9.869	-4.340	2.342	3.317	0.000000	0.000000
1582081768158	1582081768158	-13.636	-3.171	-9.079	-3.684	1.859	3.025	0.000000	0.000000
1582081768175	1582081768174	-12.306	-0.270	-7.502	-3.384	1.379	2.446	0.000000	0.000000
1582081768196	1582081768195	-9.906	-0.833	-7.464	-3.736	0.895	2.090	0.000000	0.000000
1582081768216	1582081768216	-9.624	2.113	-6.197	-3.990	0.793	1.669	0.000000	0.000000
1582081768239	1582081768235	-9.144	2.106	-6.764	-3.835	0.340	1.521	0.000000	0.000000
1582081768255	1582081768254	-8.524	2.674	-5.459	-3.200	-0.020	1.598	0.000000	0.000000
1582081768275	1582081768274	-8.270	5.122	-4.565	-3.499	-0.254	1.449	0.000000	0.000000
1582081768295	1582081768294	-8.385	5.836	-5.418	-3.523	-0.344	1.177	0.000000	0.000000
1582081768316	1582081768316	-8.759	6.396	-5.876	-3.504	-0.304	0.744	0.000000	0.000000
1582081768335	1582081768335	-9.259	3.910	-4.702	-3.551	-0.858	0.455	0.000000	0.000000
1582081768359	1582081768359	-8.658	3.903	-3.945	-3.653	-1.616	0.506	0.000000	0.000000
1582081768375	1582081768374	-9.286	5.117	-3.428	-3.279	-1.823	0.261	0.000000	0.000000
1582081768395	1582081768394	-9.889	2.779	-3.298	-2.593	-2.024	-0.122	0.000000	0.000000
1582081768416	1582081768416	-9.748	0.851	0.480	-0.509	-2.153	-0.395	0.000000	0.000000
1582081768438	1582081768438	-12.280	-0.172	1.275	1.778	-2.030	-0.096	0.000000	0.000000
1582081768457	1582081768454	-13.708	3.163	-1.856	2.168	-3.555	0.097	0.000000	0.000000
1582081768475	1582081768473	-10.761	4.669	1.522	2.289	-5.466	-0.046	0.000000	0.000000
1582081768494	1582081768493	-11.085	2.791	3.182	2.056	-5.230	-0.047	0.000000	0.000000
1582081768516	1582081768516	-12.323	3.220	3.323	1.438	-4.711	-0.353	0.000000	0.000000
1582081768534	1582081768533	-12.965	3.242	2.683	0.671	-4.809	-0.414	0.000000	0.000000
1582081768556	1582081768555	-13.320	-0.098	1.351	0.697	-5.264	-0.569	0.000000	0.000000
1582081768581	1582081768574	-13.670	-2.809	0.032	1.465	-6.295	-0.832	0.000000	0.000000
1582081768594	1582081768593	-13.456	-3.485	-2.146	2.609	-7.401	-1.045	0.000000	0.000000
1582081768614	1582081768613	-11.892	-4.326	-4.259	4.630	-8.515	-1.173	0.000000	0.000000
1582081768642	1582081768637	-10.634	-4.992	-6.343	6.643	-9.186	-1.129	0.000000	0.000000
1582081768657	1582081768655	-9.226	-5.981	-9.184	8.900	-9.336	-1.021	0.000000	0.000000
1582081768674	1582081768673	-6.548	-3.736	-11.924	9.810	-8.885	-1.020	0.000000	0.000000
1582081768693	1582081768692	-5.743	-0.917	-10.815	9.151	-7.947	-1.287	0.000000	0.000000
1582081768713	1582081768712	-5.851	-3.387	-9.026	8.682	-7.153	-1.704	0.000000	0.000000
1582081768733	1582081768733	-6.116	-7.301	-12.233	8.170	-6.198	-1.383	0.000000	0.000000
1582081768760	1582081768760	-5.000	-4.079	-17.144	7.522	-5.119	-0.647	0.000000	0.000000
1582081768774	1582081768772	-3.017	0.343	-17.178	5.752	-4.512	-0.005	0.000000	0.000000
1582081768793	1582081768792	-3.793	2.094	-12.377	2.728	-4.336	0.478	0.000000	0.000000
1582081768812	1582081768812	-5.101	5.508	-6.197	-0.937	-5.138	0.095	0.000000	0.000000
1582081768837	1582081768836	-5.496	4.138	-0.778	-2.229	-5.777	-1.018	0.000000	0.000000
1582081768855	1582081768852	-9.049	0.163	5.029	-2.035	-5.924	-1.426	0.000000	0.000000
1582081768879	1582081768879	-10.575	1.548	9.796	-2.112	-5.734	-0.861	0.000000	0.000000
1582081768893	1582081768892	-9.928	1.735	9.199	-1.220	-5.500	-0.341	0.000000	0.000000
1582081768913	1582081768912	-12.522	4.394	8.672	-1.088	-5.503	0.414	0.000000	0.000000
1582081768934	1582081768933	-13.540	7.070	9.800	-1.699	-5.321	0.471	0.000000	0.000000
1582081768953	1582081768953	-15.162	6.955	13.027	-1.510	-5.347	1.245	0.000000	0.000000
1582081768974	1582081768972	-12.393	7.019	10.505	-1.291	-4.209	1.252	0.000000	0.000000
1582081768992	1582081768991	-12.441	8.493	11.092	-0.425	-2.881	1.350	0.000000	0.000000
1582081769013	1582081769011	-8.433	8.938	11.590	0.766	-3.044	1.070	0.000000	0.000000
1582081769033	1582081769031	-4.622	6.710	11.846	1.313	-3.340	1.553	0.000000	0.000000
1582081769052	1582081769053	-6.184	5.410	10.747	1.106	-2.925	2.154	0.000000	0.000000
1582081769073	1582081769072	-5.182	5.479	10.742	0.568	-2.866	2.007	0.000000	0.000000
1582081769091	1582081769091	-2.837	6.979	10.399	0.348	-2.845	1.947	0.000000	0.000000
1582081769111	1582081769110	-3.898	5.522	9.820	0.181	-2.063	2.123	0.000000	0.000000
1582081769131	1582081769130	-1.637	6.598	7.987	-0.589	-1.450	1.851	0.000000	0.000000
1582081769155	1582081769155	-1.699	6.013	6.471	-0.986	-0.997	1.983	0.000000	0.000000
1582081769175	1582081769175	-2.504	4.722	7.884	-1.274	-0.635	1.959	0.000000	0.000000
1582081769193	1582081769193	-0.839	4.435	6.880	-1.564	-0.377	1.623	0.000000	0.000000
1582081769211	1582081769210	-1.575	4.971	6.715	-1.013	0.075	1.609	0.000000	0.000000
1582081769231	1582081769231	-2.152	4.379	6.626	-1.122	0.385	1.647	0.000000	0.000000
1582081769251	1582081769251	-2.454	3.618	5.798	-1.822	0.790	1.529	0.000000	0.000000
1582081769271	1582081769270	-2.631	4.085	5.639	-2.196	0.851	1.406	0.000000	0.000000
1582081769294	1582081769295	-2.360	4.094	5.412	-2.164	0.413	1.275	0.000000	0.000000
1582081769312	1582081769310	-1.613	3.414	4.684	-2.333	0.171	1.009	0.000000	0.000000
1582081769330	1582081769329	-2.274	2.717	4.990	-2.363	0.027	1.058	0.000000	0.000000
1582081769351	1582081769351	-2.758	2.329	5.421	-2.746	0.075	0.986	0.000000	0.000000
1582081769376	1582081769370	-2.279	2.003	5.333	-3.259	-0.092	0.644	0.000000	0.000000
1582081769395	1582081769390	-0.748	1.972	4.629	-3.445	-0.491	0.233	0.000000	0.000000
1582081769411	1582081769409	0.030	1.074	5.352	-3.051	-0.546	0.184	0.000000	0.000000
1582081769429	1582081769429	-0.760	-1.528	6.665	-2.409	-0.156	0.469	0.000000	0.000000
1582081769452	1582081769450	-1.191	-3.327	7.570	-2.401	0.259	0.437	0.000000	0.000000
1582081769470	1582081769469	-1.282	-3.233	8.222	-2.710	0.304	0.348	0.000000	0.000000
1582081769490	1582081769489	-0.868	-2.385	8.569	-2.543	0.137	0.382	0.000000	0.000000
1582081769510	1582081769509	0.073	-0.848	8.670	-2.040	0.195	0.505	0.000000	0.000000
1582081769529	1582081769528	-0.252	-0.194	9.218	-1.904	0.649	0.702	0.000000	0.000000
1582081769550	1582081769550	-2.171	-0.951	8.938	-2.020	0.635	0.815	0.000000	0.000000
1582081769575	1582081769570	-1.625	-2.017	8.703	-2.113	-0.009	0.766	0.000000	0.000000
1582081769595	1582081769590	-0.557	-3.317	8.849	-1.797	-0.488	0.914	0.000000	0.000000
1582081769610	1582081769608	-0.200	-4.081	8.940	-2.087	-0.177	1.061	0.000000	0.000000
1582081769628	1582081769628	-1.060	-4.817	8.282	-2.759	0.202	1.138	0.000000	0.000000
1582081769650	1582081769648	-2.202	-4.848	7.668	-2.667	0.259	1.173	0.000000	0.000000
1582081769669	1582081769669	-1.927	-4.659	7.175	-2.357	0.130	1.127	0.000000	0.000000
1582081769693	1582081769693	-1.685	-4.649	6.480	-2.101	0.020	1.048	0.000000	0.000000
1582081769714	1582081769709	-1.670	-5.550	6.099	-1.646	-0.007	0.993	0.000000	0.000000
1582081769728	1582081769728	-1.570	-6.477	5.385	-1.558	0.024	1.024	0.000000	0.000000
1582081769748	1582081769748	-1.733	-6.731	5.223	-1.366	0.220	1.061	0.000000	0.000000
1582081769775	1582081769770	-2.439	-6.815	6.008	-1.069	0.461	1.109	0.000000	0.000000
1582081769793	1582081769789	-3.314	-7.260	6.008	-1.195	0.597	1.154	0.000000	0.000000
1582081769809	1582081769808	-3.637	-7.397	5.508	-1.342	0.646	1.068	0.000000	0.000000
1582081769828	1582081769827	-3.841	-7.255	5.323	-1.664	0.558	0.935	0.000000	0.000000
1582081769849	1582081769847	-3.436	-7.217	4.655	-2.112	0.343	0.831	0.000000	0.000000
1582081769887	1582081769884	-2.974	-7.900	3.850	-2.051	0.307	0.755	0.000000	0.000000
1582081769893	1582081769889	-2.641	-8.813	3.486	-1.696	0.458	0.689	0.000000	0.000000
1582081769907	1582081769906	-3.491	-9.706	3.838	-1.561	0.734	0.713	0.000000	0.000000
1582081769927	1582081769926	-4.749	-9.567	3.884	-1.925	1.126	0.577	0.000000	0.000000
1582081769947	1582081769946	-5.704	-10.113	2.465	-2.519	1.473	0.405	0.000000	0.000000
1582081769969	1582081769968	-7.060	-12.013	1.076	-2.712	1.720	-0.066	0.000000	0.000000
1582081769996	1582081769996	-8.931	-14.787	-0.265	-3.044	1.829	-0.870	0.000000	0.000000
1582081770008	1582081770008	-11.185	-16.064	-3.152	-4.282	1.809	-1.806	0.000000	0.000000
1582081770027	1582081770027	-12.901	-13.101	-7.119	-6.535	1.660	-2.685	0.000000	0.000000
1582081770047	1582081770046	-13.864	-7.296	-11.230	-9.786	1.179	-3.293	0.000000	0.000000
1582081770069	1582081770066	-10.690	-14.430	-12.621	-10.619	1.594	-2.942	0.000000	0.000000
1582081770093	1582081770087	-5.973	-28.094	-13.168	-9.292	4.255	-2.269	0.000000	0.000000
1582081770107	1582081770107	-8.167	-17.822	-15.525	-7.910	5.952	-1.005	0.000000	0.000000
1582081770127	1582081770126	-9.992	-11.196	-15.870	-1.584	5.768	1.017	0.000000	0.000000
1582081770147	1582081770146	-11.480	-12.593	-5.011	0.599	5.925	1.134	0.000000	0.000000
1582081770166	1582081770166	-7.561	-1.123	-2.544	-0.480	5.395	1.724	0.000000	0.000000
1582081770191	1582081770191	-6.093	-0.361	-2.685	2.289	3.748	3.453	0.000000	0.000000
1582081770207	1582081770206	-7.750	-3.588	-0.896	4.300	2.915	5.895	0.000000	0.000000
1582081770227	1582081770227	-5.748	4.451	2.942	3.999	1.193	7.152	0.000000	0.000000
1582081770247	1582081770246	-5.958	0.801	6.281	2.488	-0.079	8.011	0.000000	0.000000
1582081770269	1582081770267	-11.315	-4.089	6.016	1.934	0.146	9.108	0.000000	0.000000
1582081770286	1582081770285	-12.908	-14.420	0.618	1.483	1.107	8.970	0.000000	0.000000
1582081770306	1582081770306	-14.321	-15.712	-2.814	-1.099	2.463	7.760	0.000000	0.000000
1582081770329	1582081770327	-16.638	-13.520	-7.265	-3.600	3.328	6.378	0.000000	0.000000
1582081770347	1582081770345	-14.450	-13.424	-8.046	-3.251	3.138	6.204	0.000000	0.000000
1582081770366	1582081770365	-17.368	-8.532	-8.087	-3.452	3.470	5.932	0.000000	0.000000
1582081770386	1582081770386	-16.800	-11.675	-7.905	-4.128	3.240	4.972	0.000000	0.000000
1582081770406	1582081770405	-14.621	-7.399	-10.652	-4.093	3.249	4.756	0.000000	0.000000
1582081770427	1582081770424	-17.385	-4.714	-8.619	-4.554	2.964	4.434	0.000000	0.000000
1582081770445	1582081770445	-16.125	-6.575	-10.109	-4.425	2.322	4.064	0.000000	0.000000
1582081770467	1582081770465	-14.460	-6.958	-9.788	-3.922	2.251	3.836	0.000000	0.000000
1582081770486	1582081770484	-14.494	-3.741	-9.268	-4.391	2.396	3.393	0.000000	0.000000
1582081770511	1582081770510	-13.574	-3.511	-9.102	-4.901	2.050	2.256	0.000000	0.000000
1582081770529	1582081770525	-10.975	-0.625	-9.131	-4.764	1.141	1.658	0.000000	0.000000
1582081770545	1582081770544	-9.513	2.204	-8.952	-5.268	0.705	0.964	0.000000	0.000000
1582081770565	1582081770565	-8.888	2.992	-8.420	-5.935	0.557	0.577	0.000000	0.000000
1582081770586	1582081770586	-9.913	3.457	-7.998	-5.473	0.156	0.761	0.000000	0.000000
1582081770613	1582081770613	-10.929	3.448	-5.351	-4.514	-0.522	0.749	0.000000	0.000000
1582081770626	1582081770625	-9.243	3.112	-5.634	-4.373	-1.316	0.670	0.000000	0.000000
1582081770649	1582081770644	-10.019	3.086	-5.366	-4.243	-1.436	0.753	0.000000	0.000000
1582081770665	1582081770664	-11.262	2.044	-3.837	-4.375	-1.794	0.517	0.000000	0.000000
1582081770687	1582081770687	-8.965	3.179	-3.943	-4.248	-1.906	-0.015	0.000000	0.000000
1582081770710	1582081770709	-8.821	2.238	-3.744	-3.561	-1.458	-0.349	0.000000	0.000000
1582081770725	1582081770725	-9.705	-0.464	-2.294	-1.994	-1.221	-0.737	0.000000	0.000000
1582081770745	1582081770743	-10.917	-2.251	0.765	0.036	-1.485	-0.758	0.000000	0.000000
1582081770765	1582081770764	-11.566	-2.132	3.167	2.898	-1.222	-0.312	0.000000	0.000000
1582081770785	1582081770783	-14.244	0.971	1.639	3.207	-2.151	0.969	0.000000	0.000000
1582081770813	1582081770813	-13.478	6.411	2.489	3.024	-3.754	0.729	0.000000	0.000000
1582081770826	1582081770823	-12.357	5.917	1.646	2.782	-4.091	-0.314	0.000000	0.000000
1582081770845	1582081770843	-14.328	0.298	1.105	1.507	-4.235	-0.610	0.000000	0.000000
1582081770864	1582081770863	-16.913	-1.518	-1.590	0.837	-5.127	-0.766	0.000000	0.000000
1582081770885	1582081770883	-15.698	-2.975	-3.442	2.504	-7.369	-1.166	0.000000	0.000000
1582081770913	1582081770903	-11.679	-2.970	-4.170	3.877	-9.113	-1.641	0.000000	0.000000
1582081770928	1582081770924	-10.795	-3.931	-5.114	4.550	-9.349	-1.751	0.000000	0.000000
1582081770944	1582081770942	-9.329	-8.266	-5.476	7.634	-9.457	-1.589	0.000000	0.000000
1582081770963	1582081770962	-6.636	-9.364	-8.657	10.807	-8.673	-0.756	0.000000	0.000000
1582081770983	1582081770982	-5.786	-6.362	-13.225	11.547	-7.073	0.208	0.000000	0.000000
1582081771004	1582081771004	-4.732	-2.841	-15.702	10.577	-6.340	0.441	0.000000	0.000000
1582081771027	1582081771027	-4.461	-1.121	-14.789	9.123	-6.517	-0.220	0.000000	0.000000
1582081771044	1582081771042	-4.001	-2.910	-13.714	8.284	-6.402	-0.565	0.000000	0.000000
1582081771064	1582081771062	-3.268	-3.221	-17.422	7.891	-5.375	-0.042	0.000000	0.000000
1582081771083	1582081771082	-2.231	-0.330	-19.092	6.781	-4.143	0.793	0.000000	0.000000
1582081771102	1582081771103	-3.460	5.136	-14.928	3.435	-3.969	1.033	0.000000	0.000000
1582081771126	1582081771126	-3.407	8.612	-9.481	-0.100	-5.151	-0.044	0.000000	0.000000
1582081771147	1582081771147	-3.517	4.636	-4.846	-1.692	-5.943	-1.222	0.000000	0.000000
1582081771163	1582081771162	-7.015	-1.061	2.350	-2.265	-6.076	-1.277	0.000000	0.000000
1582081771182	1582081771181	-12.654	-2.158	7.254	-1.804	-6.355	-0.819	0.000000	0.000000
1582081771204	1582081771204	-11.106	0.671	8.162	-0.350	-7.418	0.034	0.000000	0.000000
1582081771225	1582081771225	-8.675	5.328	10.826	1.413	-7.400	0.614	0.000000	0.000000
1582081771244	1582081771242	-14.661	9.233	9.980	-0.488	-6.418	1.101	0.000000	0.000000
1582081771262	1582081771261	-15.423	4.526	10.117	-1.479	-6.351	1.536	0.000000	0.000000
1582081771282	1582081771281	-14.225	6.104	12.225	-1.499	-5.732	1.422	0.000000	0.000000
1582081771302	1582081771301	-8.040	10.141	14.740	-0.754	-4.955	1.128	0.000000	0.000000
1582081771326	1582081771325	-8.586	10.090	11.714	-0.170	-3.734	2.060	0.000000	0.000000
1582081771342	1582081771341	-8.239	5.213	10.989	-0.026	-2.831	2.227	0.000000	0.000000
1582081771363	1582081771361	-3.846	5.283	11.690	0.427	-2.832	1.895	0.000000	0.000000
1582081771382	1582081771381	-2.758	7.070	9.523	0.349	-2.393	2.099	0.000000	0.000000
1582081771401	1582081771400	-3.558	5.608	8.145	-0.408	-1.981	2.324	0.000000	0.000000
1582081771425	1582081771425	-2.863	3.558	9.252	-1.184	-1.953	2.207	0.000000	0.000000
1582081771442	1582081771442	-1.747	6.075	7.922	-1.839	-1.007	1.670	0.000000	0.000000
1582081771462	1582081771462	-1.934	7.381	6.281	-2.301	-0.341	1.639	0.000000	0.000000
1582081771480	1582081771480	-2.650	6.751	5.524	-2.574	-0.103	1.627	0.000000	0.000000
1582081771501	1582081771500	-2.511	4.727	5.963	-2.365	-0.145	1.653	0.000000	0.000000
1582081771531	1582081771525	-2.169	2.846	5.745	-2.198	-0.235	1.863	0.000000	0.000000
1582081771541	1582081771540	-1.860	2.983	5.019	-2.123	-0.031	1.867	0.000000	0.000000
1582081771561	1582081771560	-1.900	3.285	5.580	-2.167	0.113	1.671	0.000000	0.000000
1582081771581	1582081771579	-1.728	2.736	4.566	-2.542	0.113	1.674	0.000000	0.000000
1582081771603	1582081771599	-2.394	1.352	3.965	-2.631	0.336	1.533	0.000000	0.000000
1582081771621	1582081771621	-3.139	1.586	4.272	-3.284	0.252	1.050	0.000000	0.000000
1582081771641	1582081771641	-1.618	1.653	4.458	-3.377	-0.453	0.537	0.000000	0.000000
1582081771661	1582081771661	-0.973	0.039	4.830	-3.141	-0.623	0.482	0.000000	0.000000
1582081771680	1582081771679	-0.377	-0.783	5.251	-3.136	-0.555	0.437	0.000000	0.000000
1582081771701	1582081771700	1.940	-1.169	4.995	-2.578	-0.421	0.682	0.000000	0.000000
1582081771722	1582081771722	1.005	-1.482	5.680	-1.750	0.932	1.093	0.000000	0.000000
1582081771740	1582081771740	-3.110	-3.787	8.924	-1.203	1.952	1.296	0.000000	0.000000
1582081771760	1582081771760	-5.695	-4.541	11.151	-1.237	1.609	0.958	0.000000	0.000000
1582081771782	1582081771782	-3.944	-2.659	10.548	-1.380	0.607	0.785	0.000000	0.000000
1582081771800	1582081771799	-1.555	-0.970	10.088	-1.746	-0.011	0.849	0.000000	0.000000
1582081771822	1582081771818	-2.138	-0.649	10.234	-2.656	0.295	0.624	0.000000	0.000000
1582081771846	1582081771838	-5.625	-0.318	8.425	-2.736	0.032	0.585	0.000000	0.000000
1582081771862	1582081771861	-3.101	-1.604	7.793	-1.460	-1.242	0.566	0.000000	0.000000
1582081771882	1582081771881	1.875	-5.318	8.282	-1.219	-1.967	0.841	0.000000	0.000000
1582081771900	1582081771898	1.041	-6.297	8.473	-1.558	-0.012	1.523	0.000000	0.000000
1582081771919	1582081771918	-3.153	-4.113	8.370	-2.029	1.149	1.267	0.000000	0.000000
1582081771938	1582081771938	-4.305	-2.711	9.276	-1.980	0.553	1.214	0.000000	0.000000
1582081771960	1582081771958	-2.720	-3.689	7.987	-2.142	-0.299	1.177	0.000000	0.000000
1582081771982	1582081771982	-1.100	-5.330	4.957	-2.367	-0.309	1.110	0.000000	0.000000
1582081771998	1582081771998	-1.704	-6.139	3.713	-1.511	0.006	1.276	0.000000	0.000000
1582081772019	1582081772017	-2.712	-5.576	4.995	-0.648	-0.005	1.339	0.000000	0.000000
1582081772045	1582081772040	-2.121	-6.496	5.999	-0.485	-0.028	1.240	0.000000	0.000000
