1582081971180	1582081971180	-6.368	-4.307	6.504	2.646	1.218	7.686	0.000000	0.000000
1582081971196	1582081971195	-12.076	-6.843	0.978	-0.621	2.408	7.334	0.000000	0.000000
1582081971216	1582081971215	-16.245	-14.222	-3.947	-2.659	2.616	6.169	0.000000	0.000000
1582081971237	1582081971235	-11.358	-16.878	-6.115	-3.067	2.245	5.999	0.000000	0.000000
1582081971261	1582081971258	-12.821	-13.481	-10.037	-4.256	3.626	5.422	0.000000	0.000000
1582081971277	1582081971274	-17.153	-13.347	-8.120	-4.908	4.109	4.481	0.000000	0.000000
1582081971296	1582081971294	-17.337	-13.486	-7.610	-4.528	3.921	4.486	0.000000	0.000000
1582081971315	1582081971314	-18.587	-8.896	-5.694	-3.849	3.376	4.673	0.000000	0.000000
1582081971335	1582081971334	-15.133	-7.129	-6.460	-3.430	2.942	4.237	0.000000	0.000000
1582081971355	1582081971354	-17.265	-3.111	-5.885	-3.361	3.252	3.743	0.000000	0.000000
1582081971377	1582081971377	-15.720	-2.632	-7.169	-4.538	2.516	2.918	0.000000	0.000000
1582081971395	1582081971394	-12.558	-4.551	-9.716	-4.258	1.752	2.377	0.000000	0.000000
1582081971415	1582081971414	-9.770	-2.167	-8.762	-3.973	1.418	2.397	0.000000	0.000000
1582081971435	1582081971434	-10.994	-1.547	-7.694	-4.220	1.578	2.119	0.000000	0.000000
1582081971456	1582081971456	-10.002	0.391	-8.655	-4.313	0.949	1.708	0.000000	0.000000
1582081971475	1582081971474	-8.560	1.828	-7.924	-4.686	0.322	1.276	0.000000	0.000000
1582081971495	1582081971494	-6.785	1.229	-8.937	-4.934	-0.040	1.255	0.000000	0.000000
1582081971515	1582081971513	-7.288	2.123	-7.957	-4.471	0.370	1.239	0.000000	0.000000
1582081971536	1582081971534	-10.146	1.502	-6.570	-3.620	0.133	1.319	0.000000	0.000000
1582081971556	1582081971554	-9.585	1.531	-5.631	-3.002	-0.636	1.309	0.000000	0.000000
1582081971578	1582081971577	-8.675	3.905	-5.085	-2.737	-0.862	1.321	0.000000	0.000000
1582081971596	1582081971593	-9.645	4.482	-3.806	-2.079	-1.030	1.297	0.000000	0.000000
1582081971614	1582081971613	-10.115	4.818	-4.379	-1.982	-1.738	0.935	0.000000	0.000000
1582081971634	1582081971633	-8.936	7.633	-4.391	-1.514	-2.270	0.308	0.000000	0.000000
1582081971660	1582081971656	-8.893	6.993	-3.641	-1.039	-2.604	-0.135	0.000000	0.000000
1582081971674	1582081971673	-8.946	1.876	-0.419	-0.329	-2.894	-0.297	0.000000	0.000000
1582081971694	1582081971693	-10.263	1.706	3.934	1.296	-2.748	0.107	0.000000	0.000000
1582081971713	1582081971713	-12.429	6.344	1.629	0.648	-2.602	1.137	0.000000	0.000000
1582081971734	1582081971733	-11.739	7.010	3.244	0.758	-4.517	1.403	0.000000	0.000000
1582081971754	1582081971752	-11.027	2.722	4.952	0.222	-4.513	0.646	0.000000	0.000000
1582081971776	1582081971775	-13.499	2.130	3.721	-0.527	-3.889	0.340	0.000000	0.000000
1582081971795	1582081971795	-16.024	0.848	2.724	-0.346	-4.788	0.180	0.000000	0.000000
1582081971817	1582081971814	-14.827	-0.582	0.987	0.417	-6.354	-0.448	0.000000	0.000000
1582081971833	1582081971832	-14.208	-2.244	-0.735	1.638	-7.648	-0.785	0.000000	0.000000
1582081971860	1582081971855	-13.562	-4.005	-2.508	3.120	-8.625	-0.960	0.000000	0.000000
1582081971890	1582081971890	-12.690	-4.225	-4.889	4.490	-9.459	-0.936	0.000000	0.000000
1582081971893	1582081971892	-11.226	-4.177	-7.272	6.489	-10.007	-0.921	0.000000	0.000000
1582081971913	1582081971912	-9.183	-4.719	-9.447	8.497	-10.151	-0.887	0.000000	0.000000
1582081971933	1582081971932	-6.620	-3.701	-10.772	9.454	-9.413	-1.134	0.000000	0.000000
1582081971953	1582081971951	-4.377	-2.000	-9.167	8.998	-7.861	-1.492	0.000000	0.000000
1582081971974	1582081971972	-4.787	-5.648	-8.738	8.379	-6.099	-1.446	0.000000	0.000000
1582081971993	1582081971991	-5.894	-7.744	-12.140	7.977	-5.137	-1.034	0.000000	0.000000
1582081972013	1582081972012	-4.516	-2.290	-14.435	6.312	-4.788	-0.335	0.000000	0.000000
1582081972035	1582081972032	-3.390	-1.006	-14.660	4.516	-4.483	-0.011	0.000000	0.000000
1582081972056	1582081972056	-3.168	-1.856	-15.072	2.878	-3.859	0.191	0.000000	0.000000
1582081972074	1582081972074	-4.066	2.123	-12.473	0.508	-3.478	0.216	0.000000	0.000000
1582081972094	1582081972094	-5.180	7.077	-7.366	-2.612	-4.183	-0.375	0.000000	0.000000
1582081972114	1582081972112	-5.604	5.560	-0.325	-3.642	-4.843	-1.392	0.000000	0.000000
1582081972133	1582081972132	-11.317	1.991	7.403	-2.689	-5.708	-1.626	0.000000	0.000000
1582081972157	1582081972152	-9.441	2.844	10.986	-1.481	-5.808	-0.927	0.000000	0.000000
1582081972173	1582081972173	-10.383	3.692	11.465	0.545	-5.378	0.318	0.000000	0.000000
1582081972196	1582081972194	-11.765	6.123	10.548	1.080	-4.595	0.884	0.000000	0.000000
1582081972213	1582081972212	-14.848	7.980	9.796	0.637	-4.703	1.740	0.000000	0.000000
1582081972232	1582081972232	-17.584	7.149	11.159	0.236	-5.252	2.214	0.000000	0.000000
1582081972253	1582081972252	-11.789	11.003	11.139	-1.084	-4.638	2.010	0.000000	0.000000
1582081972273	1582081972273	-15.746	12.103	8.675	-1.684	-3.479	2.364	0.000000	0.000000
1582081972293	1582081972293	-8.373	9.875	9.010	-0.516	-3.442	1.693	0.000000	0.000000
1582081972313	1582081972313	-4.255	5.525	10.014	-0.163	-3.149	2.166	0.000000	0.000000
1582081972333	1582081972331	-4.107	6.897	9.019	-0.167	-2.159	2.393	0.000000	0.000000
1582081972354	1582081972351	-3.402	8.773	8.363	-0.542	-1.694	2.241	0.000000	0.000000
1582081972372	1582081972372	-3.774	7.479	7.982	-1.105	-1.742	2.291	0.000000	0.000000
1582081972392	1582081972392	-2.933	4.372	7.755	-1.445	-1.671	2.186	0.000000	0.000000
1582081972417	1582081972412	-2.193	4.959	6.990	-1.671	-1.184	1.893	0.000000	0.000000
1582081972432	1582081972431	-2.435	6.595	7.247	-1.825	-0.546	1.702	0.000000	0.000000
1582081972451	1582081972451	-1.958	6.329	6.689	-2.104	-0.201	1.567	0.000000	0.000000
1582081972471	1582081972470	-2.142	6.962	7.031	-2.294	0.108	1.402	0.000000	0.000000
1582081972492	1582081972492	-1.651	4.557	7.034	-2.164	0.164	1.451	0.000000	0.000000
1582081972513	1582081972510	-1.917	3.402	5.848	-2.130	0.501	1.375	0.000000	0.000000
1582081972532	1582081972530	-2.511	3.323	5.608	-1.933	0.811	1.313	0.000000	0.000000
1582081972552	1582081972550	-3.776	2.904	6.372	-1.930	0.792	1.363	0.000000	0.000000
1582081972573	1582081972573	-4.025	2.552	6.425	-2.339	0.399	1.165	0.000000	0.000000
1582081972600	1582081972595	-3.254	3.730	6.080	-2.928	-0.023	0.834	0.000000	0.000000
1582081972615	1582081972611	-2.933	4.772	5.917	-3.234	-0.214	0.640	0.000000	0.000000
1582081972632	1582081972630	-1.984	4.226	5.213	-3.601	-0.264	0.441	0.000000	0.000000
1582081972650	1582081972650	-1.788	2.904	5.065	-3.621	-0.501	0.347	0.000000	0.000000
1582081972671	1582081972670	-1.182	1.306	5.029	-3.121	-0.973	0.464	0.000000	0.000000
1582081972695	1582081972695	0.018	0.113	5.086	-2.497	-1.128	0.604	0.000000	0.000000
1582081972713	1582081972710	0.318	-1.420	5.302	-2.367	-0.917	0.893	0.000000	0.000000
1582081972732	1582081972730	0.284	-3.044	6.557	-1.907	-0.208	0.841	0.000000	0.000000
1582081972751	1582081972749	-0.739	-4.208	7.963	-1.595	0.664	0.524	0.000000	0.000000
1582081972770	1582081972769	-1.857	-3.619	8.516	-2.318	1.101	0.438	0.000000	0.000000
1582081972801	1582081972792	-2.394	-2.584	7.989	-2.892	0.845	0.449	0.000000	0.000000
1582081972813	1582081972809	-1.381	-2.110	7.491	-3.049	0.242	0.414	0.000000	0.000000
1582081972830	1582081972829	-0.779	-1.660	7.716	-2.658	0.059	0.422	0.000000	0.000000
1582081972850	1582081972849	-0.794	-2.417	7.616	-1.794	0.269	0.697	0.000000	0.000000
1582081972870	1582081972868	-1.898	-4.278	8.169	-0.659	0.389	0.933	0.000000	0.000000
1582081972895	1582081972893	-2.224	-5.140	9.554	-0.793	0.281	0.789	0.000000	0.000000
1582081972912	1582081972910	-2.564	-4.668	9.664	-1.708	0.022	0.681	0.000000	0.000000
1582081972930	1582081972930	-2.061	-3.178	8.033	-1.918	-0.218	0.541	0.000000	0.000000
1582081972949	1582081972949	-1.227	-1.803	7.232	-1.388	-0.184	0.742	0.000000	0.000000
1582081972969	1582081972969	-1.237	-2.752	6.873	-1.265	-0.076	1.025	0.000000	0.000000
1582081972992	1582081972992	-2.138	-5.346	5.970	-1.757	0.235	1.206	0.000000	0.000000
1582081973011	1582081973008	-3.287	-7.006	5.551	-1.781	0.217	1.324	0.000000	0.000000
1582081973029	1582081973028	-3.275	-7.471	5.824	-2.246	-0.097	1.315	0.000000	0.000000
1582081973050	1582081973048	-2.274	-7.545	5.371	-2.650	-0.289	1.302	0.000000	0.000000
1582081973069	1582081973068	-1.699	-8.154	4.468	-2.211	-0.095	1.306	0.000000	0.000000
1582081973090	1582081973090	-1.958	-9.229	4.221	-1.084	0.373	1.308	0.000000	0.000000
1582081973111	1582081973108	-3.287	-10.319	4.617	-0.458	0.737	1.209	0.000000	0.000000
1582081973129	1582081973129	-3.393	-9.622	4.940	-0.716	0.980	0.845	0.000000	0.000000
1582081973150	1582081973147	-3.256	-9.059	4.660	-1.260	1.207	0.591	0.000000	0.000000
1582081973168	1582081973167	-4.464	-8.367	4.868	-1.425	1.741	0.440	0.000000	0.000000
1582081973188	1582081973187	-5.645	-7.078	4.585	-1.720	1.678	0.163	0.000000	0.000000
1582081973216	1582081973215	-6.047	-7.555	3.634	-2.183	1.331	-0.210	0.000000	0.000000
1582081973229	1582081973228	-7.499	-11.072	2.199	-2.293	1.327	-0.648	0.000000	0.000000
1582081973248	1582081973247	-10.242	-14.485	0.647	-2.500	1.444	-1.447	0.000000	0.000000
1582081973267	1582081973267	-10.917	-16.162	-1.487	-4.070	0.788	-2.130	0.000000	0.000000
1582081973288	1582081973287	-7.916	-14.188	-5.976	-7.175	-0.195	-2.906	0.000000	0.000000
1582081973308	1582081973308	-9.240	-12.962	-13.424	-11.239	-0.522	-3.508	0.000000	0.000000
1582081973337	1582081973327	-10.728	-19.377	-14.995	-11.994	-0.511	-2.555	0.000000	0.000000
1582081973351	1582081973351	-5.494	-26.429	-10.669	-9.253	1.703	-1.474	0.000000	0.000000
1582081973368	1582081973367	-6.749	-17.278	-11.666	-6.277	5.522	-0.838	0.000000	0.000000
1582081973387	1582081973387	-9.913	-16.325	-16.133	-1.153	7.378	0.560	0.000000	0.000000
1582081973413	1582081973407	-10.807	-13.608	-7.062	1.713	6.184	0.885	0.000000	0.000000
1582081973427	1582081973426	-4.761	-1.525	-1.420	0.608	5.591	2.097	0.000000	0.000000
1582081973448	1582081973446	-9.748	3.594	-1.159	3.334	5.326	3.460	0.000000	0.000000
1582081973467	1582081973466	-7.159	-0.802	-0.093	4.621	4.319	4.085	0.000000	0.000000
1582081973488	1582081973486	-7.408	5.599	-0.862	2.749	3.724	6.020	0.000000	0.000000
1582081973508	1582081973508	-12.350	8.699	3.493	2.089	1.925	8.009	0.000000	0.000000
1582081973530	1582081973526	-13.018	1.821	7.141	1.645	0.449	8.987	0.000000	0.000000
1582081973551	1582081973548	-19.826	-10.753	3.268	0.193	1.553	9.256	0.000000	0.000000
1582081973568	1582081973566	-17.392	-18.826	-3.459	-2.164	1.653	7.656	0.000000	0.000000
1582081973587	1582081973586	-14.558	-19.386	-8.056	-4.321	2.700	6.499	0.000000	0.000000
1582081973607	1582081973607	-16.345	-12.193	-8.175	-4.827	3.015	6.202	0.000000	0.000000
1582081973626	1582081973626	-15.356	-13.877	-8.163	-3.388	3.090	5.849	0.000000	0.000000
1582081973647	1582081973645	-16.058	-10.082	-7.093	-4.794	3.581	4.852	0.000000	0.000000
1582081973667	1582081973665	-16.535	-11.599	-10.995	-4.541	3.457	4.766	0.000000	0.000000
1582081973686	1582081973686	-16.851	-11.220	-7.624	-3.380	3.105	5.054	0.000000	0.000000
1582081973709	1582081973704	-17.143	-11.517	-8.978	-3.694	3.089	4.588	0.000000	0.000000
1582081973727	1582081973725	-15.030	-7.102	-8.983	-3.937	2.788	3.663	0.000000	0.000000
1582081973746	1582081973746	-13.404	-3.552	-8.147	-3.972	2.501	2.820	0.000000	0.000000
1582081973766	1582081973765	-10.431	-3.147	-8.247	-4.211	2.173	1.898	0.000000	0.000000
1582081973785	1582081973785	-11.123	-2.865	-8.207	-4.571	2.253	1.434	0.000000	0.000000
1582081973806	1582081973804	-10.486	-1.808	-6.973	-4.091	1.329	1.488	0.000000	0.000000
1582081973825	1582081973825	-8.033	3.038	-6.753	-3.973	0.510	1.310	0.000000	0.000000
1582081973846	1582081973844	-7.369	4.950	-6.875	-4.372	0.532	0.803	0.000000	0.000000
1582081973866	1582081973865	-8.519	3.783	-6.281	-4.745	0.728	0.549	0.000000	0.000000
1582081973885	1582081973884	-9.928	1.864	-5.957	-3.982	0.043	0.794	0.000000	0.000000
1582081973906	1582081973905	-6.490	4.058	-5.775	-3.097	-1.124	0.906	0.000000	0.000000
1582081973932	1582081973927	-6.823	5.536	-4.240	-2.898	-1.141	0.811	0.000000	0.000000
1582081973950	1582081973947	-9.238	5.695	-3.231	-2.842	-0.788	0.464	0.000000	0.000000
1582081973965	1582081973964	-9.037	5.714	-2.649	-2.527	-1.352	0.132	0.000000	0.000000
1582081973985	1582081973985	-7.190	4.988	-2.500	-2.540	-1.785	0.050	0.000000	0.000000
1582081974005	1582081974005	-9.147	5.445	-1.415	-2.692	-1.530	0.305	0.000000	0.000000
1582081974025	1582081974025	-11.789	3.963	1.110	-2.095	-1.605	0.220	0.000000	0.000000
1582081974049	1582081974044	-13.658	3.246	1.926	-1.300	-2.137	0.311	0.000000	0.000000
1582081974066	1582081974064	-13.169	4.516	2.748	-0.899	-3.759	0.417	0.000000	0.000000
1582081974084	1582081974084	-16.738	3.936	3.189	0.953	-4.427	0.086	0.000000	0.000000
1582081974104	1582081974103	-13.983	4.643	1.886	2.605	-5.388	-0.744	0.000000	0.000000
1582081974124	1582081974124	-11.118	3.072	2.525	2.694	-5.924	-0.162	0.000000	0.000000
1582081974151	1582081974148	-14.831	2.683	2.592	0.768	-5.954	0.479	0.000000	0.000000
1582081974165	1582081974164	-14.714	0.408	1.119	0.893	-7.082	-0.294	0.000000	0.000000
1582081974189	1582081974189	-12.714	-3.519	1.090	2.121	-7.996	-0.898	0.000000	0.000000
1582081974204	1582081974203	-11.959	-4.568	0.468	2.749	-8.185	-0.918	0.000000	0.000000
1582081974227	1582081974225	-11.995	-5.430	-1.676	4.005	-8.199	-1.149	0.000000	0.000000
1582081974246	1582081974244	-11.813	-8.745	-4.093	6.662	-8.565	-1.303	0.000000	0.000000
1582081974264	1582081974263	-10.390	-8.367	-7.217	9.145	-8.875	-1.094	0.000000	0.000000
1582081974285	1582081974284	-8.371	-4.431	-9.730	9.676	-8.454	-0.975	0.000000	0.000000
1582081974304	1582081974302	-7.032	-5.332	-10.152	9.125	-7.347	-0.924	0.000000	0.000000
1582081974324	1582081974322	-7.791	-6.508	-10.866	8.554	-6.522	-1.067	0.000000	0.000000
1582081974355	1582081974347	-8.378	-5.555	-12.418	7.928	-6.336	-1.263	0.000000	0.000000
1582081974363	1582081974363	-7.353	-2.944	-13.091	6.434	-6.481	-1.367	0.000000	0.000000
1582081974383	1582081974383	-6.234	-1.010	-14.258	4.691	-6.292	-1.480	0.000000	0.000000
1582081974403	1582081974403	-4.701	0.010	-16.373	3.216	-5.385	-1.091	0.000000	0.000000
1582081974424	1582081974424	-3.661	2.971	-17.434	1.395	-3.955	-0.545	0.000000	0.000000
1582081974446	1582081974445	-5.247	5.965	-13.606	-1.224	-3.172	-0.627	0.000000	0.000000
1582081974466	1582081974462	-6.037	3.115	-5.418	-2.445	-4.107	-1.716	0.000000	0.000000
1582081974485	1582081974482	-9.274	0.803	2.027	-1.388	-4.296	-1.213	0.000000	0.000000
1582081974503	1582081974502	-11.147	0.022	5.716	0.523	-4.440	-0.227	0.000000	0.000000
1582081974522	1582081974522	-13.308	0.813	8.241	1.460	-5.760	0.029	0.000000	0.000000
1582081974547	1582081974541	-10.754	4.715	9.369	0.853	-6.707	0.327	0.000000	0.000000
1582081974562	1582081974561	-11.320	5.273	10.615	1.072	-5.922	0.702	0.000000	0.000000
1582081974582	1582081974581	-13.768	4.353	10.107	0.822	-5.275	1.214	0.000000	0.000000
1582081974603	1582081974601	-13.253	8.708	12.998	0.567	-5.349	1.386	0.000000	0.000000
1582081974622	1582081974621	-10.678	14.069	11.532	0.339	-4.226	1.732	0.000000	0.000000
1582081974643	1582081974643	-11.281	10.898	11.051	0.154	-3.202	2.337	0.000000	0.000000
1582081974665	1582081974665	-9.310	12.311	12.416	-0.332	-3.620	1.919	0.000000	0.000000
1582081974684	1582081974684	-5.630	8.061	13.382	-0.560	-3.830	2.296	0.000000	0.000000
1582081974701	1582081974701	-5.091	6.243	11.475	-1.632	-3.006	2.608	0.000000	0.000000
1582081974722	1582081974721	-5.106	7.273	8.502	-2.329	-2.664	2.514	0.000000	0.000000
1582081974742	1582081974742	-3.362	5.558	6.943	-2.520	-2.634	2.334	0.000000	0.000000
1582081974762	1582081974762	-1.711	5.759	6.837	-2.800	-2.216	1.920	0.000000	0.000000
1582081974782	1582081974781	-3.481	5.493	7.182	-2.867	-1.486	1.868	0.000000	0.000000
1582081974802	1582081974802	-3.208	4.547	6.547	-2.095	-0.943	1.979	0.000000	0.000000
1582081974822	1582081974820	-2.463	4.650	5.002	-1.137	-0.676	2.122	0.000000	0.000000
1582081974845	1582081974840	-1.812	4.585	4.008	-1.028	-0.374	2.065	0.000000	0.000000
1582081974864	1582081974860	-1.728	2.992	4.334	-1.814	-0.100	2.111	0.000000	0.000000
1582081974884	1582081974881	-1.735	2.710	4.657	-2.477	0.099	2.240	0.000000	0.000000
1582081974906	1582081974906	-2.305	2.825	4.696	-2.735	0.516	2.031	0.000000	0.000000
1582081974921	1582081974920	-2.698	2.073	4.617	-2.653	0.582	1.786	0.000000	0.000000
1582081974940	1582081974940	-2.540	1.756	5.021	-2.262	0.240	1.465	0.000000	0.000000
1582081974969	1582081974969	-1.747	2.475	4.815	-2.346	0.261	1.215	0.000000	0.000000
1582081974983	1582081974979	-0.868	3.103	5.041	-2.668	0.330	0.897	0.000000	0.000000
1582081975004	1582081975004	-1.287	1.177	5.438	-2.647	0.290	0.931	0.000000	0.000000
1582081975020	1582081975020	-1.802	-0.531	5.261	-2.464	0.077	1.061	0.000000	0.000000
1582081975041	1582081975039	-2.391	-0.967	6.648	-1.900	-0.121	1.102	0.000000	0.000000
1582081975060	1582081975060	-1.761	-1.832	7.805	-1.284	-0.118	1.129	0.000000	0.000000
1582081975086	1582081975083	-1.599	-1.777	8.071	-1.608	0.332	1.112	0.000000	0.000000
1582081975104	1582081975100	-2.614	-2.273	8.466	-1.871	0.701	1.154	0.000000	0.000000
1582081975121	1582081975119	-2.974	-3.346	8.739	-2.162	0.503	1.067	0.000000	0.000000
1582081975140	1582081975139	-2.317	-3.660	8.387	-2.422	0.013	0.844	0.000000	0.000000
1582081975161	1582081975159	-2.545	-3.051	7.355	-2.338	-0.228	0.665	0.000000	0.000000
1582081975180	1582081975178	0.023	-4.434	6.689	-1.939	-0.513	0.781	0.000000	0.000000
1582081975204	1582081975202	-0.046	-5.904	7.084	-1.554	-0.122	0.920	0.000000	0.000000
1582081975220	1582081975218	-1.488	-6.887	7.877	-1.719	0.603	0.903	0.000000	0.000000
1582081975240	1582081975238	-1.534	-6.439	7.666	-1.679	0.542	0.882	0.000000	0.000000
1582081975260	1582081975258	-0.810	-5.617	7.268	-1.406	0.445	0.824	0.000000	0.000000
1582081975282	1582081975282	-1.002	-5.701	7.273	-1.356	0.736	0.795	0.000000	0.000000
1582081975302	1582081975298	-2.772	-5.226	7.853	-1.443	0.807	0.800	0.000000	0.000000
1582081975319	1582081975318	-2.866	-3.998	7.391	-1.734	0.208	0.675	0.000000	0.000000
1582081975338	1582081975338	-1.577	-4.290	6.631	-2.110	-0.089	0.586	0.000000	0.000000
1582081975359	1582081975358	-1.900	-6.499	5.855	-2.416	0.195	0.797	0.000000	0.000000
1582081975379	1582081975379	-2.780	-8.053	5.584	-2.387	0.458	1.086	0.000000	0.000000
1582081975404	1582081975404	-3.850	-8.707	5.453	-2.231	0.426	1.170	0.000000	0.000000
1582081975420	1582081975419	-3.237	-8.777	4.514	-2.219	0.316	0.992	0.000000	0.000000
1582081975440	1582081975437	-2.315	-8.975	3.838	-2.103	0.267	0.873	0.000000	0.000000
1582081975458	1582081975457	-2.665	-8.889	3.929	-2.295	0.529	0.784	0.000000	0.000000
1582081975482	1582081975480	-3.917	-9.167	4.087	-2.636	0.766	0.671	0.000000	0.000000
1582081975500	1582081975498	-4.238	-9.265	3.689	-2.633	0.893	0.570	0.000000	0.000000
1582081975518	1582081975518	-4.797	-9.237	3.304	-2.401	1.080	0.389	0.000000	0.000000
1582081975539	1582081975537	-6.540	-10.497	2.691	-2.441	1.301	0.204	0.000000	0.000000
1582081975558	1582081975557	-8.301	-11.567	0.721	-2.765	1.508	-0.159	0.000000	0.000000
1582081975583	1582081975583	-9.523	-12.923	-1.880	-3.339	1.581	-0.542	0.000000	0.000000
1582081975604	1582081975598	-9.398	-13.968	-5.193	-4.963	0.947	-1.187	0.000000	0.000000
1582081975618	1582081975617	-10.416	-15.139	-10.161	-7.792	-0.020	-1.691	0.000000	0.000000
1582081975638	1582081975636	-10.594	-21.988	-14.243	-10.473	-0.767	-1.906	0.000000	0.000000
1582081975658	1582081975656	-9.863	-30.688	-14.576	-11.726	0.881	-1.620	0.000000	0.000000
1582081975687	1582081975686	-11.966	-23.229	-13.422	-8.919	4.737	-1.163	0.000000	0.000000
1582081975699	1582081975697	-15.682	-14.188	-13.637	-3.421	7.132	-0.984	0.000000	0.000000
1582081975718	1582081975716	-18.151	-14.210	-7.648	-1.210	7.274	-0.743	0.000000	0.000000
1582081975737	1582081975736	-12.692	-1.267	-1.966	-0.300	7.090	1.037	0.000000	0.000000
1582081975758	1582081975756	-7.839	3.004	-1.197	2.885	6.456	2.411	0.000000	0.000000
1582081975777	1582081975776	-7.681	0.999	-2.575	4.727	5.361	4.047	0.000000	0.000000
1582081975797	1582081975797	-7.015	2.748	1.459	4.174	3.933	5.499	0.000000	0.000000
1582081975819	1582081975816	-5.510	13.137	5.776	2.602	2.115	7.018	0.000000	0.000000
1582081975836	1582081975836	-12.515	1.800	11.849	2.718	1.115	9.062	0.000000	0.000000
1582081975856	1582081975856	-15.756	-11.759	5.975	2.077	1.101	10.232	0.000000	0.000000
1582081975878	1582081975878	-14.407	-12.152	-1.434	-0.008	1.595	9.044	0.000000	0.000000
1582081975897	1582081975895	-13.468	-16.449	-6.309	-2.913	2.798	6.706	0.000000	0.000000
1582081975918	1582081975918	-14.956	-13.239	-9.701	-4.921	3.756	5.377	0.000000	0.000000
1582081975935	1582081975935	-17.009	-13.460	-10.015	-4.357	3.309	5.476	0.000000	0.000000
1582081975955	1582081975955	-14.403	-13.098	-8.456	-3.295	2.979	5.914	0.000000	0.000000
1582081975976	1582081975975	-17.347	-6.649	-7.981	-3.881	3.519	5.418	0.000000	0.000000
1582081975998	1582081975998	-16.954	-7.574	-8.863	-4.736	3.285	4.307	0.000000	0.000000
1582081976017	1582081976016	-16.875	-10.952	-10.480	-5.096	3.181	3.881	0.000000	0.000000
1582081976035	1582081976035	-15.679	-9.694	-11.096	-4.294	2.539	3.896	0.000000	0.000000
1582081976056	1582081976055	-13.828	-8.135	-11.244	-4.213	2.309	3.335	0.000000	0.000000
1582081976076	1582081976075	-11.509	-5.801	-9.491	-3.936	1.888	2.769	0.000000	0.000000
1582081976096	1582081976096	-9.942	-3.854	-9.735	-4.054	1.721	2.307	0.000000	0.000000
1582081976116	1582081976115	-10.553	-0.706	-9.498	-4.084	1.794	1.602	0.000000	0.000000
1582081976138	1582081976134	-8.785	1.435	-7.665	-4.469	0.972	0.854	0.000000	0.000000
1582081976154	1582081976154	-6.802	1.593	-9.876	-4.233	0.566	0.752	0.000000	0.000000
1582081976176	1582081976174	-7.527	0.995	-8.492	-2.819	0.426	1.173	0.000000	0.000000
1582081976195	1582081976195	-8.732	3.234	-7.064	-2.432	-0.145	1.386	0.000000	0.000000
1582081976220	1582081976215	-9.523	7.788	-5.943	-2.947	-0.921	1.077	0.000000	0.000000
1582081976238	1582081976238	-9.267	4.578	-5.636	-3.367	-1.419	0.431	0.000000	0.000000
1582081976255	1582081976254	-9.703	2.595	-4.034	-3.239	-1.518	0.494	0.000000	0.000000
1582081976275	1582081976274	-8.419	4.236	-4.314	-3.494	-1.694	0.476	0.000000	0.000000
1582081976295	1582081976294	-8.433	4.415	-3.981	-3.381	-1.702	0.289	0.000000	0.000000
1582081976315	1582081976314	-9.446	2.731	-2.026	-2.351	-2.128	0.195	0.000000	0.000000
1582081976338	1582081976338	-7.978	0.827	1.102	-1.634	-2.398	0.271	0.000000	0.000000
1582081976354	1582081976354	-8.191	1.287	3.493	-1.214	-1.945	0.275	0.000000	0.000000
1582081976375	1582081976375	-9.985	2.930	1.404	-1.002	-1.650	0.166	0.000000	0.000000
1582081976397	1582081976394	-12.165	2.097	0.674	0.065	-2.826	0.012	0.000000	0.000000
1582081976420	1582081976420	-11.538	3.426	0.906	0.318	-3.815	-0.449	0.000000	0.000000
1582081976437	1582081976436	-8.938	5.359	2.020	1.375	-4.306	-1.736	0.000000	0.000000
1582081976455	1582081976454	-8.066	1.771	3.778	0.787	-4.645	-1.864	0.000000	0.000000
1582081976473	1582081976473	-11.724	0.674	2.655	-0.192	-4.493	-1.597	0.000000	0.000000
1582081976494	1582081976494	-14.261	-1.039	1.483	0.505	-5.201	-1.459	0.000000	0.000000
1582081976514	1582081976514	-14.007	-3.171	1.366	2.099	-6.489	-1.468	0.000000	0.000000
1582081976536	1582081976533	-14.094	-4.719	0.166	4.516	-7.232	-1.317	0.000000	0.000000
1582081976555	1582081976553	-13.993	-4.259	-2.338	6.524	-7.810	-0.953	0.000000	0.000000
1582081976574	1582081976572	-12.623	-2.488	-4.529	7.664	-8.655	-0.990	0.000000	0.000000
1582081976594	1582081976593	-11.197	-2.110	-7.268	7.664	-8.992	-1.091	0.000000	0.000000
1582081976625	1582081976614	-9.051	-4.934	-10.142	9.052	-9.042	-1.496	0.000000	0.000000
1582081976638	1582081976632	-5.618	-3.336	-11.620	10.086	-8.035	-1.693	0.000000	0.000000
1582081976654	1582081976652	-5.534	-1.485	-11.402	10.070	-6.232	-1.673	0.000000	0.000000
1582081976673	1582081976672	-6.210	-3.993	-11.359	9.410	-5.526	-1.802	0.000000	0.000000
1582081976693	1582081976692	-4.382	-5.210	-15.501	8.484	-5.008	-1.540	0.000000	0.000000
1582081976714	1582081976714	-3.810	-0.871	-17.319	6.815	-3.819	-0.833	0.000000	0.000000
1582081976738	1582081976733	-3.081	3.651	-15.633	3.914	-3.297	-0.319	0.000000	0.000000
1582081976758	1582081976752	-2.907	4.938	-11.064	0.632	-3.522	-0.267	0.000000	0.000000
1582081976773	1582081976772	-2.586	4.722	-7.627	-2.483	-4.068	-0.692	0.000000	0.000000
1582081976792	1582081976792	-4.782	1.749	-1.849	-3.152	-3.936	-1.164	0.000000	0.000000
1582081976814	1582081976814	-11.794	-3.090	6.626	-1.499	-4.732	-1.121	0.000000	0.000000
1582081976835	1582081976832	-11.011	-1.547	9.079	-0.635	-4.922	-1.082	0.000000	0.000000
1582081976854	1582081976852	-8.232	-0.361	10.016	1.061	-6.764	-0.083	0.000000	0.000000
1582081976872	1582081976871	-10.860	6.162	12.081	1.590	-6.170	0.425	0.000000	0.000000
1582081976892	1582081976891	-14.781	5.127	12.950	0.429	-5.537	1.127	0.000000	0.000000
1582081976913	1582081976912	-16.190	6.528	13.485	-0.803	-5.236	1.664	0.000000	0.000000
1582081976934	1582081976934	-16.283	11.013	9.302	-2.146	-3.610	1.413	0.000000	0.000000
1582081976964	1582081976964	-11.573	7.810	9.990	-1.527	-2.936	0.997	0.000000	0.000000
1582081976971	1582081976970	-5.218	6.150	12.122	0.045	-3.327	1.064	0.000000	0.000000
1582081976994	1582081976993	-5.618	6.837	11.465	1.162	-3.142	1.851	0.000000	0.000000
1582081977012	1582081977012	-7.281	6.035	10.562	1.021	-2.539	2.125	0.000000	0.000000
1582081977036	1582081977036	-6.655	6.483	10.457	0.221	-2.528	1.894	0.000000	0.000000
1582081977052	1582081977051	-6.133	6.301	9.865	-0.785	-2.390	1.753	0.000000	0.000000
1582081977072	1582081977071	-5.374	7.319	8.694	-2.113	-2.107	1.639	0.000000	0.000000
1582081977092	1582081977090	-4.080	7.264	7.733	-2.601	-1.829	1.556	0.000000	0.000000
1582081977111	1582081977111	-2.827	6.919	7.819	-2.185	-1.635	1.296	0.000000	0.000000
1582081977135	1582081977132	-1.443	5.819	7.747	-1.369	-1.455	1.226	0.000000	0.000000
1582081977152	1582081977152	-1.242	4.700	7.759	-0.845	-1.045	1.428	0.000000	0.000000
1582081977170	1582081977170	-1.438	4.379	6.516	-1.172	-0.677	1.525	0.000000	0.000000
1582081977192	1582081977192	-1.642	4.372	6.183	-1.346	-0.493	1.510	0.000000	0.000000
1582081977211	1582081977210	-2.176	4.044	6.437	-1.651	-0.384	1.483	0.000000	0.000000
1582081977236	1582081977235	-2.765	3.395	6.646	-1.786	-0.219	1.427	0.000000	0.000000
1582081977252	1582081977250	-1.838	2.794	6.339	-2.203	0.003	1.256	0.000000	0.000000
1582081977271	1582081977269	-1.484	3.127	6.365	-2.279	0.277	1.179	0.000000	0.000000
1582081977291	1582081977289	-1.630	3.577	6.722	-2.396	0.401	1.292	0.000000	0.000000
1582081977312	1582081977309	-2.087	2.966	6.583	-2.315	0.324	1.445	0.000000	0.000000
1582081977335	1582081977335	-2.916	1.656	6.967	-2.305	0.379	1.271	0.000000	0.000000
1582081977355	1582081977350	-2.509	0.959	6.739	-2.593	0.333	1.098	0.000000	0.000000
1582081977373	1582081977370	-1.752	0.139	5.683	-2.576	0.155	1.074	0.000000	0.000000
1582081977390	1582081977389	-1.134	0.571	5.235	-2.383	-0.106	0.908	0.000000	0.000000
1582081977409	1582081977409	-1.064	-0.301	5.620	-2.455	-0.340	0.971	0.000000	0.000000
1582081977429	1582081977429	-1.405	-2.040	6.516	-2.367	-0.231	0.953	0.000000	0.000000
1582081977449	1582081977449	-1.421	-3.986	6.859	-1.788	-0.075	0.764	0.000000	0.000000
1582081977470	1582081977468	-0.825	-4.146	7.206	-1.519	0.159	0.565	0.000000	0.000000
1582081977490	1582081977488	-1.275	-2.304	7.165	-1.994	0.515	0.507	0.000000	0.000000
1582081977509	1582081977508	-1.932	-1.233	7.915	-2.054	0.605	0.668	0.000000	0.000000
1582081977529	1582081977529	-2.389	-1.597	8.330	-1.679	0.395	0.766	0.000000	0.000000
1582081977555	1582081977553	-2.114	-2.031	7.994	-1.794	-0.090	0.592	0.000000	0.000000
1582081977572	1582081977569	-1.405	-2.922	7.359	-2.197	-0.430	0.607	0.000000	0.000000
1582081977590	1582081977587	-1.529	-4.352	6.914	-2.005	-0.355	0.707	0.000000	0.000000
1582081977608	1582081977608	-1.201	-4.580	7.201	-2.064	-0.320	0.748	0.000000	0.000000
1582081977632	1582081977628	-0.487	-4.417	6.883	-2.472	-0.132	0.805	0.000000	0.000000
1582081977657	1582081977657	-0.983	-5.289	6.293	-2.117	0.218	0.947	0.000000	0.000000
1582081977670	1582081977668	-1.663	-6.487	6.111	-1.400	0.417	1.024	0.000000	0.000000
1582081977693	1582081977692	-2.133	-6.343	6.396	-1.378	0.480	0.910	0.000000	0.000000
1582081977708	1582081977707	-2.564	-5.385	6.708	-1.504	0.340	0.916	0.000000	0.000000
1582081977728	1582081977727	-2.511	-4.498	6.071	-1.510	0.114	0.925	0.000000	0.000000
1582081977753	1582081977748	-2.540	-4.735	6.087	-1.353	0.027	1.057	0.000000	0.000000
1582081977771	1582081977768	-2.717	-5.871	6.387	-1.549	0.111	1.237	0.000000	0.000000
1582081977788	1582081977787	-3.218	-7.567	6.531	-1.934	0.220	1.361	0.000000	0.000000
1582081977807	1582081977807	-3.450	-8.669	5.944	-2.233	0.136	1.394	0.000000	0.000000
1582081977828	1582081977827	-2.919	-8.583	4.590	-2.615	0.083	1.215	0.000000	0.000000
1582081977849	1582081977849	-2.859	-9.244	3.517	-2.940	0.249	1.096	0.000000	0.000000
1582081977870	1582081977867	-3.551	-10.140	3.174	-3.241	0.563	0.872	0.000000	0.000000
1582081977888	1582081977887	-4.322	-10.341	2.760	-3.811	0.704	0.728	0.000000	0.000000
1582081977908	1582081977908	-4.531	-10.183	2.434	-4.173	0.803	0.482	0.000000	0.000000
1582081977927	1582081977927	-4.636	-11.299	1.157	-4.184	0.912	0.213	0.000000	0.000000
1582081977948	1582081977946	-5.345	-12.351	-1.233	-4.152	1.335	-0.216	0.000000	0.000000
1582081977969	1582081977969	-6.564	-13.944	-4.331	-4.224	1.970	-0.461	0.000000	0.000000
1582081977990	1582081977988	-7.753	-16.083	-7.284	-4.941	2.033	-1.066	0.000000	0.000000
1582081978007	1582081978006	-7.813	-16.634	-12.423	-7.009	0.895	-2.132	0.000000	0.000000
1582081978028	1582081978026	-8.143	-17.606	-16.600	-7.716	-0.588	-2.710	0.000000	0.000000
1582081978048	1582081978047	-10.234	-16.505	-12.952	-7.355	-0.364	-2.639	0.000000	0.000000
1582081978067	1582081978066	-10.596	-15.192	-12.504	-6.044	2.894	-2.144	0.000000	0.000000
1582081978088	1582081978086	-14.211	-8.154	-15.108	-6.321	5.973	-1.491	0.000000	0.000000
1582081978107	1582081978106	-13.976	-7.864	-17.204	-3.540	6.095	0.534	0.000000	0.000000
1582081978126	1582081978126	-14.407	-6.997	-10.288	2.986	6.111	1.986	0.000000	0.000000
1582081978149	1582081978145	-12.884	-9.689	-2.156	3.615	5.741	2.299	0.000000	0.000000
1582081978169	1582081978169	-8.946	-5.128	0.415	2.697	5.001	3.180	0.000000	0.000000
1582081978187	1582081978185	-10.500	-5.449	-0.287	4.835	4.424	4.524	0.000000	0.000000
1582081978206	1582081978205	-5.712	-2.694	3.898	4.084	3.321	4.828	0.000000	0.000000
1582081978227	1582081978225	-4.179	4.427	5.457	1.871	2.309	5.665	0.000000	0.000000
1582081978246	1582081978246	-6.002	1.850	7.120	1.096	1.584	6.825	0.000000	0.000000
1582081978266	1582081978265	-10.141	-5.440	5.877	0.784	2.012	7.454	0.000000	0.000000
1582081978287	1582081978286	-12.501	-12.226	1.730	-0.694	2.174	7.308	0.000000	0.000000
1582081978307	1582081978305	-13.442	-13.659	-3.150	-2.055	2.721	7.060	0.000000	0.000000
1582081978327	1582081978324	-13.969	-16.586	-6.132	-3.036	2.988	5.916	0.000000	0.000000
1582081978345	1582081978344	-13.773	-15.177	-7.208	-3.665	3.100	5.420	0.000000	0.000000
1582081978369	1582081978369	-15.751	-13.208	-5.962	-3.814	3.069	5.130	0.000000	0.000000
1582081978385	1582081978385	-14.094	-12.600	-8.187	-3.570	3.183	4.742	0.000000	0.000000
1582081978406	1582081978404	-15.370	-10.291	-8.583	-3.491	3.121	4.333	0.000000	0.000000
1582081978426	1582081978424	-12.793	-8.151	-8.990	-4.092	2.250	3.822	0.000000	0.000000
1582081978445	1582081978445	-12.783	-6.839	-11.373	-3.981	2.129	3.533	0.000000	0.000000
1582081978468	1582081978468	-12.283	-7.538	-9.610	-3.339	2.033	3.335	0.000000	0.000000
1582081978488	1582081978484	-11.339	-3.473	-9.280	-3.810	1.957	2.921	0.000000	0.000000
1582081978512	1582081978505	-11.729	-2.774	-10.022	-4.305	2.007	2.237	0.000000	0.000000
1582081978525	1582081978523	-9.669	-1.128	-10.638	-4.490	1.387	1.805	0.000000	0.000000
1582081978545	1582081978544	-9.295	-0.160	-10.612	-4.055	0.933	1.736	0.000000	0.000000
1582081978567	1582081978567	-8.414	1.141	-9.713	-4.051	0.613	1.566	0.000000	0.000000
1582081978584	1582081978584	-8.380	1.898	-8.913	-4.441	0.755	1.256	0.000000	0.000000
1582081978603	1582081978602	-8.799	1.148	-9.718	-4.420	0.808	1.020	0.000000	0.000000
1582081978624	1582081978623	-8.603	1.596	-8.858	-3.912	0.427	1.006	0.000000	0.000000
1582081978644	1582081978643	-8.411	2.410	-8.271	-2.948	-0.149	1.102	0.000000	0.000000
1582081978667	1582081978663	-8.215	2.168	-6.563	-2.342	-0.513	0.941	0.000000	0.000000
1582081978687	1582081978683	-9.446	2.760	-5.339	-2.115	-0.742	0.741	0.000000	0.000000
1582081978707	1582081978703	-9.070	3.280	-5.260	-2.160	-1.278	0.430	0.000000	0.000000
1582081978724	1582081978723	-7.803	4.116	-3.497	-1.688	-1.424	0.259	0.000000	0.000000
1582081978743	1582081978743	-8.529	4.756	-2.841	-1.720	-1.371	0.179	0.000000	0.000000
1582081978764	1582081978763	-9.044	5.295	-1.614	-2.073	-1.375	0.168	0.000000	0.000000
1582081978784	1582081978784	-10.517	5.651	0.022	-2.764	-1.272	0.251	0.000000	0.000000
1582081978804	1582081978803	-13.039	2.307	2.552	-2.148	-1.347	0.165	0.000000	0.000000
1582081978825	1582081978822	-13.732	-0.948	2.518	-0.915	-2.267	0.673	0.000000	0.000000
1582081978843	1582081978842	-12.709	2.382	1.744	-0.610	-3.562	1.488	0.000000	0.000000
1582081978863	1582081978863	-15.459	2.173	1.725	1.397	-4.755	0.845	0.000000	0.000000
1582081978884	1582081978882	-12.294	1.450	0.281	1.906	-6.076	0.342	0.000000	0.000000
1582081978919	1582081978907	-12.156	2.751	1.718	1.078	-6.428	0.428	0.000000	0.000000
1582081978927	1582081978924	-14.163	1.962	1.505	0.741	-6.904	-0.208	0.000000	0.000000
1582081978942	1582081978941	-12.814	-0.812	-0.256	1.409	-8.095	-0.848	0.000000	0.000000
1582081978963	1582081978962	-12.417	-3.478	-1.458	2.967	-9.432	-1.147	0.000000	0.000000
1582081978983	1582081978982	-11.722	-4.053	-3.538	4.311	-10.515	-1.433	0.000000	0.000000
1582081979003	1582081979002	-10.785	-6.697	-5.878	6.259	-10.853	-1.920	0.000000	0.000000
1582081979025	1582081979025	-7.848	-8.288	-8.678	8.337	-10.570	-2.347	0.000000	0.000000
1582081979043	1582081979042	-5.451	-3.729	-10.518	8.349	-9.004	-2.361	0.000000	0.000000
1582081979063	1582081979061	-6.215	-4.002	-9.982	7.978	-7.041	-2.410	0.000000	0.000000
1582081979084	1582081979081	-7.518	-7.562	-13.443	7.210	-5.888	-2.341	0.000000	0.000000
1582081979104	1582081979104	-6.366	-2.886	-17.980	5.820	-5.642	-2.434	0.000000	0.000000
1582081979127	1582081979121	-3.798	0.705	-18.215	5.296	-4.889	-2.371	0.000000	0.000000
1582081979142	1582081979141	-2.899	2.410	-17.053	4.185	-3.791	-1.699	0.000000	0.000000
1582081979163	1582081979161	-3.261	7.288	-12.174	0.862	-3.803	-1.577	0.000000	0.000000
1582081979184	1582081979180	-4.689	7.247	-3.998	-1.538	-4.582	-2.401	0.000000	0.000000
1582081979206	1582081979206	-7.985	-0.661	2.556	-0.918	-5.254	-2.529	0.000000	0.000000
1582081979223	1582081979221	-10.675	-2.088	7.745	-0.880	-5.265	-1.647	0.000000	0.000000
1582081979242	1582081979241	-7.235	1.795	10.802	-1.743	-6.220	-0.842	0.000000	0.000000
1582081979261	1582081979261	-10.697	1.574	12.330	-1.711	-5.752	0.014	0.000000	0.000000
1582081979281	1582081979280	-14.043	-0.194	10.100	-1.281	-4.702	-0.161	0.000000	0.000000
1582081979308	1582081979303	-14.077	-0.083	11.635	-0.520	-4.726	-0.120	0.000000	0.000000
1582081979325	1582081979322	-13.219	7.249	12.443	-0.527	-4.634	0.411	0.000000	0.000000
1582081979341	1582081979340	-13.720	6.011	10.818	-1.559	-3.204	0.929	0.000000	0.000000
1582081979361	1582081979360	-12.728	3.896	10.505	-1.540	-3.031	0.276	0.000000	0.000000
1582081979381	1582081979380	-7.616	6.435	11.901	0.007	-3.541	0.019	0.000000	0.000000
1582081979405	1582081979405	-7.721	5.719	12.886	0.617	-3.265	0.823	0.000000	0.000000
1582081979423	1582081979421	-7.844	6.351	11.707	0.483	-2.828	0.985	0.000000	0.000000
1582081979441	1582081979441	-5.896	5.647	11.295	0.549	-2.950	1.131	0.000000	0.000000
1582081979461	1582081979459	-4.241	3.414	11.992	1.303	-3.000	1.505	0.000000	0.000000
1582081979480	1582081979479	-2.993	4.099	12.610	1.213	-2.392	1.381	0.000000	0.000000
1582081979505	1582081979503	-2.885	5.587	11.964	0.544	-1.894	1.267	0.000000	0.000000
1582081979525	1582081979519	-1.680	4.935	10.780	0.089	-1.737	1.264	0.000000	0.000000
1582081979541	1582081979539	0.411	4.633	10.229	-0.196	-1.578	1.170	0.000000	0.000000
1582081979560	1582081979559	1.223	5.148	10.023	-0.317	-1.434	1.309	0.000000	0.000000
1582081979581	1582081979579	1.046	5.752	9.197	-0.465	-1.253	1.504	0.000000	0.000000
1582081979600	1582081979599	0.773	4.827	7.632	-0.885	-1.079	1.709	0.000000	0.000000
1582081979621	1582081979619	-0.310	4.389	6.363	-1.284	-0.858	1.780	0.000000	0.000000
1582081979647	1582081979640	-1.589	4.437	6.715	-1.686	-0.487	1.762	0.000000	0.000000
1582081979660	1582081979659	-0.818	4.820	6.317	-2.142	-0.238	1.638	0.000000	0.000000
1582081979709	1582081979709	-0.025	5.091	5.072	-1.971	-0.044	1.764	0.000000	0.000000
1582081979728	1582081979726	-1.524	5.065	4.645	-2.252	0.568	2.023	0.000000	0.000000
1582081979730	1582081979729	-2.998	2.724	4.252	-2.604	1.067	2.171	0.000000	0.000000
1582081979738	1582081979737	-2.322	0.580	3.709	-2.536	1.110	1.846	0.000000	0.000000
1582081979759	1582081979757	-2.126	0.343	4.497	-2.798	0.629	1.625	0.000000	0.000000
1582081979779	1582081979777	-2.324	-0.131	4.837	-2.771	0.278	1.378	0.000000	0.000000
1582081979801	1582081979798	-1.124	-0.208	5.397	-2.281	0.392	0.851	0.000000	0.000000
1582081979820	1582081979820	-0.710	-0.941	5.558	-1.915	0.516	0.712	0.000000	0.000000
1582081979840	1582081979840	-1.002	-1.767	5.290	-1.990	0.845	0.644	0.000000	0.000000
1582081979858	1582081979856	-2.219	-1.961	6.425	-2.038	0.765	0.409	0.000000	0.000000
1582081979879	1582081979878	-1.148	-3.521	6.413	-1.692	0.135	0.335	0.000000	0.000000
1582081979899	1582081979897	0.627	-3.569	5.977	-1.489	0.264	0.397	0.000000	0.000000
1582081979917	1582081979916	-1.189	-2.352	8.313	-0.752	1.318	0.608	0.000000	0.000000
1582081979937	1582081979936	-4.660	-1.593	10.696	-0.457	1.589	0.762	0.000000	0.000000
1582081979957	1582081979956	-4.389	-1.559	8.691	-1.434	0.582	0.671	0.000000	0.000000
1582081979978	1582081979976	-2.181	-0.776	7.292	-1.778	-0.233	0.369	0.000000	0.000000
1582081979998	1582081979997	-0.149	-1.518	8.114	-1.793	-0.499	0.437	0.000000	0.000000
1582081980019	1582081980017	-0.437	-3.883	8.052	-2.050	0.095	0.808	0.000000	0.000000
1582081980046	1582081980046	-2.835	-4.522	8.313	-2.263	0.927	0.873	0.000000	0.000000
1582081980061	1582081980059	-4.272	-3.689	8.296	-2.238	0.409	0.861	0.000000	0.000000
1582081980078	1582081980077	-2.959	-3.586	8.052	-1.406	-0.348	0.768	0.000000	0.000000
1582081980097	1582081980097	-2.015	-4.704	8.344	-1.477	-0.437	0.808	0.000000	0.000000
1582081980117	1582081980117	-1.838	-4.208	6.514	-1.853	-0.132	0.767	0.000000	0.000000
1582081980137	1582081980136	-1.570	-3.080	5.953	-0.869	0.158	0.830	0.000000	0.000000
1582081980157	1582081980157	-2.226	-3.226	6.909	-0.382	0.353	1.102	0.000000	0.000000
1582081980178	1582081980176	-2.689	-5.406	7.352	-0.279	0.535	1.288	0.000000	0.000000
1582081980196	1582081980196	-3.110	-6.784	7.395	-0.577	0.854	1.308	0.000000	0.000000
1582081980217	1582081980216	-3.565	-6.439	6.667	-0.909	1.158	1.347	0.000000	0.000000
1582081980244	1582081980238	-4.727	-5.756	7.256	-1.136	1.318	1.381	0.000000	0.000000
1582081980257	1582081980257	-5.781	-7.148	5.898	-2.109	1.389	1.220	0.000000	0.000000
1582081980276	1582081980276	-5.987	-7.152	4.612	-2.572	0.986	1.068	0.000000	0.000000
1582081980297	1582081980296	-5.585	-7.660	4.643	-2.284	0.547	0.925	0.000000	0.000000
1582081980320	1582081980317	-5.369	-8.731	4.159	-2.183	0.351	0.668	0.000000	0.000000
1582081980340	1582081980340	-4.907	-8.963	3.608	-2.607	0.416	0.485	0.000000	0.000000
1582081980358	1582081980357	-5.501	-8.585	3.206	-3.350	0.652	0.403	0.000000	0.000000
1582081980382	1582081980375	-7.362	-8.698	2.789	-3.739	0.933	0.360	0.000000	0.000000
1582081980397	1582081980395	-8.179	-10.207	1.289	-3.428	0.875	0.207	0.000000	0.000000
1582081980416	1582081980415	-7.448	-13.009	-0.342	-3.151	0.563	-0.088	0.000000	0.000000
1582081980437	1582081980437	-6.315	-14.205	-2.817	-3.884	0.253	-0.864	0.000000	0.000000
1582081980461	1582081980457	-6.826	-12.451	-6.741	-6.610	-0.036	-1.844	0.000000	0.000000
1582081980476	1582081980475	-11.118	-10.882	-11.323	-8.925	-0.387	-2.491	0.000000	0.000000
1582081980497	1582081980495	-11.906	-16.775	-13.666	-9.224	-0.903	-2.240	0.000000	0.000000
1582081980516	1582081980515	-9.650	-21.557	-11.503	-9.728	0.488	-1.498	0.000000	0.000000
1582081980538	1582081980538	-11.782	-17.834	-13.750	-8.865	3.871	-0.354	0.000000	0.000000
1582081980559	1582081980555	-16.755	-13.536	-16.881	-4.364	6.588	0.631	0.000000	0.000000
1582081980581	1582081980575	-19.016	-13.759	-11.678	0.227	7.042	0.753	0.000000	0.000000
1582081980596	1582081980594	-15.030	-13.259	-3.638	1.531	6.524	0.407	0.000000	0.000000
1582081980616	1582081980614	-11.118	-12.288	-0.045	1.994	6.446	1.130	0.000000	0.000000
1582081980637	1582081980636	-9.643	-3.753	-2.539	2.288	6.026	3.277	0.000000	0.000000
1582081980657	1582081980657	-6.342	4.516	2.027	5.188	4.200	4.169	0.000000	0.000000
1582081980676	1582081980674	-7.606	-0.620	5.314	4.749	3.720	4.758	0.000000	0.000000
1582081980694	1582081980694	-4.782	2.099	4.341	1.755	2.363	5.573	0.000000	0.000000
1582081980715	1582081980714	-3.640	5.189	3.618	1.592	1.405	6.764	0.000000	0.000000
1582081980736	1582081980734	-11.940	-12.502	5.587	1.632	2.118	7.496	0.000000	0.000000
1582081980760	1582081980754	-11.324	-10.985	-0.062	-0.996	2.346	7.025	0.000000	0.000000
1582081980780	1582081980780	-11.020	-8.650	-2.951	-2.012	2.415	6.153	0.000000	0.000000
1582081980795	1582081980793	-13.339	-16.852	-5.960	-2.827	3.050	5.856	0.000000	0.000000
1582081980815	1582081980814	-14.736	-10.717	-7.672	-3.850	3.125	5.477	0.000000	0.000000
1582081980837	1582081980836	-16.396	-9.311	-8.223	-4.327	3.091	4.701	0.000000	0.000000
1582081980864	1582081980859	-15.751	-11.146	-8.619	-4.229	2.779	4.237	0.000000	0.000000
1582081980874	1582081980874	-14.242	-10.494	-9.239	-3.597	2.456	4.209	0.000000	0.000000
1582081980894	1582081980894	-13.820	-8.118	-9.828	-4.184	2.453	3.847	0.000000	0.000000
1582081980919	1582081980918	-14.680	-6.407	-9.641	-4.706	2.164	3.309	0.000000	0.000000
1582081980935	1582081980933	-13.011	-7.162	-10.252	-4.621	1.694	2.804	0.000000	0.000000
1582081980956	1582081980953	-11.027	-6.709	-11.014	-4.432	1.334	3.016	0.000000	0.000000
1582081980980	1582081980974	-10.287	-3.171	-11.000	-3.732	1.297	3.099	0.000000	0.000000
1582081980993	1582081980993	-10.294	-0.677	-8.834	-3.810	1.199	2.609	0.000000	0.000000
1582081981015	1582081981013	-8.289	0.975	-9.045	-4.462	0.650	2.066	0.000000	0.000000
1582081981033	1582081981033	-6.957	-1.293	-10.135	-4.311	0.842	2.179	0.000000	0.000000
1582081981058	1582081981058	-10.074	0.820	-8.247	-3.308	1.130	2.149	0.000000	0.000000
1582081981074	1582081981073	-7.487	2.614	-7.670	-3.443	0.223	1.465	0.000000	0.000000
1582081981094	1582081981092	-6.533	2.851	-6.580	-3.749	0.289	1.034	0.000000	0.000000
1582081981113	1582081981113	-8.052	3.069	-5.825	-3.709	0.608	0.909	0.000000	0.000000
