1582081752148	1582081752146	-20.765	-9.505	-10.305	-4.648	3.441	5.409	0.000000	0.000000
1582081752166	1582081752164	-16.185	-10.094	-12.209	-4.433	2.703	4.437	0.000000	0.000000
1582081752185	1582081752184	-13.820	-8.949	-10.918	-4.770	2.793	3.780	0.000000	0.000000
1582081752206	1582081752204	-14.264	-5.842	-10.549	-4.875	2.342	3.659	0.000000	0.000000
1582081752225	1582081752224	-11.164	-6.884	-10.952	-3.761	1.774	3.122	0.000000	0.000000
1582081752245	1582081752244	-10.402	-3.562	-9.416	-3.942	1.747	2.461	0.000000	0.000000
1582081752265	1582081752264	-9.849	-2.486	-8.499	-3.873	1.475	2.110	0.000000	0.000000
1582081752285	1582081752284	-8.646	-0.620	-8.190	-3.727	1.064	1.734	0.000000	0.000000
1582081752305	1582081752303	-7.527	0.190	-7.596	-3.523	0.684	1.416	0.000000	0.000000
1582081752331	1582081752329	-7.034	4.272	-6.451	-3.125	0.578	1.159	0.000000	0.000000
1582081752346	1582081752344	-7.669	1.241	-4.908	-3.108	0.815	0.912	0.000000	0.000000
1582081752365	1582081752363	-8.644	3.999	-3.020	-2.792	0.618	0.890	0.000000	0.000000
1582081752385	1582081752383	-6.243	5.929	-3.787	-2.394	-0.337	0.805	0.000000	0.000000
1582081752405	1582081752404	-6.318	4.264	-3.107	-2.167	-0.227	0.619	0.000000	0.000000
1582081752424	1582081752423	-8.301	5.110	-2.948	-2.396	-0.345	0.675	0.000000	0.000000
1582081752445	1582081752443	-7.171	6.468	-1.712	-2.078	-1.159	0.586	0.000000	0.000000
1582081752464	1582081752463	-8.826	4.583	-0.615	-1.699	-1.138	0.545	0.000000	0.000000
1582081752484	1582081752483	-12.014	3.967	0.010	-1.507	-1.400	0.185	0.000000	0.000000
1582081752506	1582081752505	-9.607	2.346	0.602	-1.990	-2.792	0.230	0.000000	0.000000
1582081752527	1582081752524	-12.395	5.120	-0.469	-1.314	-2.953	-0.047	0.000000	0.000000
1582081752546	1582081752544	-12.898	8.495	-0.124	-0.126	-3.622	-0.965	0.000000	0.000000
1582081752564	1582081752562	-10.924	5.206	0.190	-0.441	-4.102	-1.217	0.000000	0.000000
1582081752585	1582081752584	-13.006	3.860	1.433	-0.725	-4.187	-0.920	0.000000	0.000000
1582081752608	1582081752604	-14.776	4.597	-0.038	0.024	-4.706	-1.009	0.000000	0.000000
1582081752624	1582081752622	-15.368	2.204	-1.367	1.316	-6.017	-1.110	0.000000	0.000000
1582081752644	1582081752642	-16.676	-1.379	-2.707	2.402	-7.615	-0.874	0.000000	0.000000
1582081752663	1582081752662	-16.525	-3.142	-4.467	3.980	-9.329	-0.526	0.000000	0.000000
1582081752683	1582081752682	-14.019	-2.845	-6.649	5.656	-10.874	-0.388	0.000000	0.000000
1582081752703	1582081752702	-12.702	-4.568	-8.657	7.589	-11.588	-0.344	0.000000	0.000000
1582081752727	1582081752723	-10.151	-7.490	-9.879	9.519	-11.594	-0.386	0.000000	0.000000
1582081752744	1582081752742	-5.654	-6.312	-11.474	9.800	-10.142	-0.317	0.000000	0.000000
1582081752763	1582081752762	-4.440	-5.440	-10.760	9.634	-7.764	-0.228	0.000000	0.000000
1582081752783	1582081752781	-6.243	-8.460	-12.296	9.349	-6.095	-0.159	0.000000	0.000000
1582081752803	1582081752801	-5.585	-6.120	-15.910	8.099	-5.660	0.095	0.000000	0.000000
1582081752823	1582081752821	-3.062	-1.434	-18.074	6.889	-5.254	0.157	0.000000	0.000000
1582081752843	1582081752842	-1.999	-1.571	-16.933	5.527	-4.431	0.248	0.000000	0.000000
1582081752865	1582081752865	-1.591	1.898	-14.435	2.304	-4.001	0.357	0.000000	0.000000
1582081752882	1582081752881	-2.564	4.818	-9.855	-0.576	-3.941	-0.040	0.000000	0.000000
1582081752904	1582081752901	-4.564	4.962	-5.615	-2.434	-4.268	-0.645	0.000000	0.000000
1582081752923	1582081752923	-6.282	2.719	-1.051	-3.010	-4.451	-1.016	0.000000	0.000000
1582081752943	1582081752940	-14.592	0.702	4.046	-2.053	-4.674	-0.795	0.000000	0.000000
1582081752962	1582081752961	-10.855	2.022	7.146	-0.302	-5.602	0.164	0.000000	0.000000
1582081752983	1582081752983	-11.803	4.080	7.724	-0.073	-5.988	0.788	0.000000	0.000000
1582081753002	1582081753002	-16.403	6.679	6.823	-1.465	-5.810	0.966	0.000000	0.000000
1582081753026	1582081753026	-16.398	4.952	8.385	-0.975	-6.006	1.244	0.000000	0.000000
1582081753045	1582081753043	-15.033	4.897	10.850	-1.022	-5.980	1.509	0.000000	0.000000
1582081753065	1582081753062	-12.259	10.991	13.691	-1.437	-5.539	1.451	0.000000	0.000000
1582081753083	1582081753081	-11.415	14.500	9.841	-1.830	-3.832	1.705	0.000000	0.000000
1582081753102	1582081753101	-11.518	8.754	10.469	-2.584	-2.954	1.983	0.000000	0.000000
1582081753123	1582081753122	-7.568	6.353	10.462	-2.167	-3.500	2.068	0.000000	0.000000
1582081753146	1582081753146	-5.302	7.927	9.757	-1.997	-3.019	1.807	0.000000	0.000000
1582081753163	1582081753162	-4.377	6.864	8.543	-2.298	-2.830	1.919	0.000000	0.000000
1582081753183	1582081753181	-4.476	3.996	5.529	-2.030	-3.195	2.239	0.000000	0.000000
1582081753202	1582081753201	-1.740	3.431	4.219	-1.971	-2.563	1.989	0.000000	0.000000
1582081753224	1582081753222	-1.280	3.117	4.813	-2.462	-1.561	2.157	0.000000	0.000000
1582081753247	1582081753243	-1.361	4.521	4.494	-2.642	-0.859	1.995	0.000000	0.000000
1582081753262	1582081753261	-1.941	3.716	4.243	-2.642	-0.637	2.094	0.000000	0.000000
1582081753282	1582081753280	-1.944	3.325	4.010	-3.182	-0.259	1.889	0.000000	0.000000
1582081753302	1582081753301	-2.411	2.113	4.480	-3.167	-0.344	1.783	0.000000	0.000000
1582081753322	1582081753321	-1.412	0.307	4.748	-2.881	-0.300	1.572	0.000000	0.000000
1582081753346	1582081753340	-1.040	-0.414	4.588	-2.598	0.022	1.360	0.000000	0.000000
1582081753361	1582081753360	-0.995	-0.637	4.926	-2.393	0.185	0.965	0.000000	0.000000
1582081753383	1582081753383	-1.493	-0.737	6.037	-2.358	0.420	0.697	0.000000	0.000000
1582081753401	1582081753400	-1.565	-2.383	6.301	-2.631	0.326	0.714	0.000000	0.000000
1582081753421	1582081753420	-0.719	-1.355	6.583	-3.043	0.163	0.421	0.000000	0.000000
1582081753447	1582081753445	-0.291	-1.066	7.958	-1.745	0.275	0.731	0.000000	0.000000
1582081753464	1582081753460	-2.174	-2.891	7.630	-1.791	1.018	1.046	0.000000	0.000000
1582081753484	1582081753480	-3.958	-4.012	7.680	-1.970	1.254	0.683	0.000000	0.000000
1582081753501	1582081753500	-3.371	-2.874	8.349	-1.407	0.607	0.503	0.000000	0.000000
1582081753522	1582081753519	-3.033	-0.630	7.565	-1.553	0.415	0.517	0.000000	0.000000
1582081753541	1582081753540	-3.525	-1.351	6.619	-1.532	0.376	0.502	0.000000	0.000000
1582081753561	1582081753559	-2.025	-2.455	8.866	-0.909	0.087	0.595	0.000000	0.000000
1582081753582	1582081753579	-3.022	-3.286	10.066	-1.018	0.369	0.889	0.000000	0.000000
1582081753600	1582081753599	-3.848	-3.324	10.497	-1.623	0.720	0.844	0.000000	0.000000
1582081753620	1582081753619	-3.822	-1.607	9.266	-2.775	0.681	0.771	0.000000	0.000000
1582081753640	1582081753639	-3.814	0.101	7.599	-2.743	0.218	0.936	0.000000	0.000000
1582081753666	1582081753659	-3.177	-2.587	7.884	-1.794	-0.146	1.192	0.000000	0.000000
1582081753684	1582081753681	-3.201	-6.728	7.259	-1.667	0.230	1.507	0.000000	0.000000
1582081753700	1582081753699	-4.497	-7.560	6.332	-1.723	0.550	1.465	0.000000	0.000000
1582081753720	1582081753719	-4.761	-5.876	5.898	-2.034	0.076	1.200	0.000000	0.000000
1582081753740	1582081753740	-3.232	-4.613	5.407	-1.901	-0.477	0.999	0.000000	0.000000
1582081753760	1582081753759	-2.617	-4.812	4.985	-1.705	-0.092	1.060	0.000000	0.000000
1582081753783	1582081753783	-3.690	-6.642	4.269	-1.195	0.521	1.270	0.000000	0.000000
1582081753799	1582081753798	-5.170	-7.224	4.434	-1.012	0.854	1.227	0.000000	0.000000
1582081753823	1582081753821	-5.712	-7.241	4.475	-1.835	0.744	1.054	0.000000	0.000000
1582081753839	1582081753839	-5.597	-7.675	4.049	-2.518	0.570	0.899	0.000000	0.000000
1582081753860	1582081753860	-5.472	-9.112	2.784	-2.526	0.264	0.823	0.000000	0.000000
1582081753885	1582081753880	-4.768	-9.083	1.946	-2.382	0.105	0.713	0.000000	0.000000
1582081753900	1582081753898	-4.799	-7.859	1.668	-2.459	0.348	0.651	0.000000	0.000000
1582081753919	1582081753917	-5.096	-7.184	1.141	-2.973	0.750	0.554	0.000000	0.000000
1582081753939	1582081753937	-5.774	-8.942	0.781	-2.807	0.984	0.536	0.000000	0.000000
1582081753962	1582081753960	-6.200	-11.824	-0.627	-2.896	1.103	0.306	0.000000	0.000000
1582081753980	1582081753977	-6.938	-13.879	-2.546	-3.431	1.152	-0.241	0.000000	0.000000
1582081754004	1582081753998	-9.300	-15.019	-3.408	-3.671	1.108	-0.930	0.000000	0.000000
1582081754019	1582081754017	-10.881	-14.401	-5.883	-4.769	0.786	-1.847	0.000000	0.000000
1582081754038	1582081754037	-11.566	-12.557	-10.329	-7.660	0.481	-2.734	0.000000	0.000000
1582081754065	1582081754065	-12.036	-14.198	-13.194	-10.018	0.674	-2.603	0.000000	0.000000
1582081754082	1582081754079	-11.137	-19.937	-16.409	-10.634	2.348	-2.016	0.000000	0.000000
1582081754099	1582081754097	-12.093	-17.793	-19.101	-11.465	4.806	-1.631	0.000000	0.000000
1582081754117	1582081754117	-13.538	-10.964	-20.690	-7.315	6.255	-0.261	0.000000	0.000000
1582081754138	1582081754137	-19.035	-16.375	-12.403	-1.193	7.023	0.156	0.000000	0.000000
1582081754158	1582081754158	-16.259	-11.369	-3.234	-0.923	6.640	0.785	0.000000	0.000000
1582081754180	1582081754177	-12.374	-7.085	-3.298	1.043	5.508	2.566	0.000000	0.000000
1582081754199	1582081754197	-10.318	-2.029	-1.197	3.806	4.148	4.991	0.000000	0.000000
1582081754218	1582081754216	-10.148	0.398	1.931	5.174	2.820	7.145	0.000000	0.000000
1582081754237	1582081754236	-8.363	7.503	5.417	5.016	1.496	8.189	0.000000	0.000000
1582081754257	1582081754257	-12.905	2.664	8.904	4.312	0.884	9.849	0.000000	0.000000
1582081754282	1582081754282	-17.574	-13.043	2.429	2.009	1.334	9.609	0.000000	0.000000
1582081754297	1582081754297	-12.294	-9.011	-4.697	-1.371	1.683	8.013	0.000000	0.000000
1582081754317	1582081754316	-15.037	-17.043	-9.603	-2.130	2.119	7.400	0.000000	0.000000
1582081754336	1582081754336	-12.215	-15.034	-9.603	-2.631	1.680	7.062	0.000000	0.000000
1582081754359	1582081754356	-14.273	-12.114	-12.312	-3.516	2.429	6.690	0.000000	0.000000
1582081754377	1582081754376	-16.482	-10.310	-12.006	-4.262	2.773	5.805	0.000000	0.000000
1582081754403	1582081754396	-17.040	-15.302	-12.957	-4.691	2.634	5.153	0.000000	0.000000
1582081754417	1582081754416	-16.417	-9.938	-10.341	-4.065	2.104	5.575	0.000000	0.000000
1582081754436	1582081754435	-16.022	-10.607	-9.807	-3.646	2.040	5.104	0.000000	0.000000
1582081754456	1582081754455	-14.141	-7.478	-11.129	-4.603	2.469	3.914	0.000000	0.000000
1582081754481	1582081754480	-13.495	-6.635	-11.297	-4.887	2.230	3.146	0.000000	0.000000
1582081754496	1582081754495	-11.082	-4.156	-10.961	-4.903	1.707	2.792	0.000000	0.000000
1582081754516	1582081754516	-11.712	-3.715	-9.749	-4.411	1.488	2.289	0.000000	0.000000
1582081754536	1582081754535	-8.014	-1.923	-9.004	-3.668	0.953	2.066	0.000000	0.000000
1582081754555	1582081754555	-7.099	1.134	-7.727	-3.426	1.413	1.990	0.000000	0.000000
1582081754576	1582081754575	-8.474	0.118	-6.901	-3.682	1.663	1.630	0.000000	0.000000
1582081754599	1582081754599	-7.012	3.208	-6.015	-3.698	1.232	1.394	0.000000	0.000000
1582081754618	1582081754617	-7.362	4.023	-5.370	-3.112	0.809	1.021	0.000000	0.000000
1582081754636	1582081754635	-8.862	4.631	-3.056	-1.995	0.180	0.871	0.000000	0.000000
1582081754656	1582081754655	-7.868	5.304	-2.517	-2.089	-0.279	0.729	0.000000	0.000000
1582081754680	1582081754675	-9.530	7.975	-3.313	-1.919	-0.530	0.782	0.000000	0.000000
1582081754695	1582081754695	-10.067	6.406	-2.611	-1.738	-1.072	0.279	0.000000	0.000000
1582081754716	1582081754714	-8.265	2.729	-1.880	-2.014	-1.631	0.068	0.000000	0.000000
1582081754734	1582081754734	-9.949	1.615	-1.696	-2.276	-1.710	0.202	0.000000	0.000000
1582081754755	1582081754754	-12.611	3.903	-0.862	-2.115	-2.913	0.224	0.000000	0.000000
1582081754775	1582081754774	-10.606	5.333	0.870	-1.700	-4.271	0.315	0.000000	0.000000
1582081754804	1582081754802	-10.124	3.127	0.262	-0.833	-4.067	-0.229	0.000000	0.000000
1582081754834	1582081754826	-11.250	2.080	-0.869	-0.707	-3.527	-0.347	0.000000	0.000000
1582081754836	1582081754834	-14.259	3.793	0.202	-0.904	-3.916	-0.190	0.000000	0.000000
1582081754856	1582081754855	-14.812	3.416	0.669	-0.386	-4.911	-0.400	0.000000	0.000000
1582081754882	1582081754875	-16.015	0.674	-0.213	0.523	-5.617	-0.531	0.000000	0.000000
1582081754894	1582081754894	-17.646	-1.137	-2.314	1.607	-6.721	-0.676	0.000000	0.000000
1582081754915	1582081754914	-16.283	-2.093	-4.585	2.728	-8.300	-0.689	0.000000	0.000000
1582081754935	1582081754934	-14.403	-2.661	-6.681	3.906	-9.543	-0.725	0.000000	0.000000
1582081754954	1582081754953	-12.697	-3.851	-8.801	5.589	-10.477	-0.646	0.000000	0.000000
1582081754974	1582081754973	-9.904	-7.095	-9.941	8.529	-10.911	-0.250	0.000000	0.000000
1582081754998	1582081754997	-7.000	-5.579	-11.381	10.104	-10.377	-0.018	0.000000	0.000000
1582081755016	1582081755013	-6.248	-3.471	-11.187	10.143	-9.022	-0.098	0.000000	0.000000
1582081755033	1582081755033	-5.815	-5.080	-10.178	9.756	-8.050	-0.546	0.000000	0.000000
1582081755054	1582081755053	-6.004	-8.784	-10.784	9.237	-6.951	-0.319	0.000000	0.000000
1582081755073	1582081755073	-6.545	-6.776	-13.678	7.893	-6.133	0.192	0.000000	0.000000
1582081755103	1582081755103	-5.084	-2.072	-17.046	5.721	-5.762	0.446	0.000000	0.000000
1582081755116	1582081755112	-2.806	-2.481	-18.982	4.065	-5.231	0.095	0.000000	0.000000
1582081755138	1582081755138	-1.520	-0.342	-19.104	1.862	-4.329	-0.042	0.000000	0.000000
1582081755153	1582081755152	-2.528	4.993	-13.989	-1.414	-4.128	-0.337	0.000000	0.000000
1582081755173	1582081755173	-3.606	4.286	-6.741	-3.162	-4.858	-1.254	0.000000	0.000000
1582081755201	1582081755193	-9.120	0.695	2.195	-3.117	-4.677	-1.231	0.000000	0.000000
1582081755217	1582081755213	-16.915	0.880	6.823	-2.952	-5.437	-0.955	0.000000	0.000000
1582081755232	1582081755232	-10.795	0.875	9.518	-1.421	-7.259	-0.265	0.000000	0.000000
1582081755253	1582081755252	-10.000	5.584	12.143	0.509	-6.207	0.397	0.000000	0.000000
1582081755273	1582081755272	-18.437	5.762	11.084	-0.557	-5.216	1.520	0.000000	0.000000
1582081755295	1582081755295	-17.421	7.077	10.974	-0.911	-5.071	1.233	0.000000	0.000000
1582081755315	1582081755315	-13.145	13.672	12.368	-0.677	-5.210	1.220	0.000000	0.000000
1582081755339	1582081755337	-11.255	14.536	9.810	-1.042	-3.772	1.824	0.000000	0.000000
1582081755353	1582081755352	-9.372	7.197	12.083	-0.938	-3.529	2.237	0.000000	0.000000
1582081755372	1582081755372	-6.025	7.484	11.949	-0.245	-4.185	2.331	0.000000	0.000000
1582081755394	1582081755393	-5.228	6.947	11.556	-0.264	-3.700	2.773	0.000000	0.000000
1582081755419	1582081755419	-5.913	4.705	9.345	-1.230	-3.013	2.909	0.000000	0.000000
1582081755435	1582081755431	-4.852	3.723	9.103	-2.016	-2.791	2.495	0.000000	0.000000
1582081755454	1582081755453	-3.690	5.683	6.602	-2.756	-2.143	2.147	0.000000	0.000000
1582081755473	1582081755471	-3.477	5.790	5.453	-2.916	-1.486	1.951	0.000000	0.000000
1582081755492	1582081755491	-3.582	5.814	4.799	-3.093	-1.460	1.834	0.000000	0.000000
1582081755517	1582081755516	-3.005	4.873	5.376	-2.772	-1.355	1.665	0.000000	0.000000
1582081755537	1582081755532	-2.176	3.754	4.861	-3.162	-1.227	1.576	0.000000	0.000000
1582081755552	1582081755551	-2.047	3.232	3.620	-3.600	-0.738	1.632	0.000000	0.000000
1582081755572	1582081755570	-2.329	2.875	2.820	-3.786	-0.423	1.645	0.000000	0.000000
1582081755591	1582081755590	-2.748	1.831	2.858	-3.885	-0.456	1.544	0.000000	0.000000
1582081755614	1582081755614	-3.798	-1.118	3.627	-3.409	-0.421	1.394	0.000000	0.000000
1582081755632	1582081755630	-2.784	-2.800	4.291	-2.623	-0.506	1.098	0.000000	0.000000
1582081755651	1582081755651	-0.715	-3.245	4.813	-2.047	-0.942	0.753	0.000000	0.000000
1582081755671	1582081755669	0.886	-0.179	4.878	-2.899	-0.862	-0.004	0.000000	0.000000
1582081755690	1582081755689	1.338	1.122	6.586	-3.357	0.239	0.045	0.000000	0.000000
1582081755712	1582081755710	0.073	-0.929	7.199	-3.046	0.923	0.616	0.000000	0.000000
1582081755735	1582081755734	-0.763	-2.817	7.067	-2.590	0.762	0.728	0.000000	0.000000
1582081755750	1582081755749	-1.170	-4.522	8.191	-1.398	0.546	1.100	0.000000	0.000000
1582081755769	1582081755769	-1.773	-4.496	8.591	-0.979	0.776	1.095	0.000000	0.000000
1582081755790	1582081755789	-2.674	-3.459	9.338	-1.384	0.890	0.977	0.000000	0.000000
1582081755812	1582081755809	-3.429	-3.126	10.426	-1.310	0.731	0.911	0.000000	0.000000
1582081755843	1582081755837	-3.944	-2.256	9.000	-1.542	0.156	0.958	0.000000	0.000000
1582081755850	1582081755848	-0.569	-2.802	7.661	-1.601	-0.661	0.802	0.000000	0.000000
1582081755870	1582081755869	0.277	-3.839	8.083	-0.969	-0.471	1.230	0.000000	0.000000
1582081755891	1582081755889	-1.088	-4.302	8.500	-1.444	0.477	1.383	0.000000	0.000000
1582081755914	1582081755909	-3.060	-5.032	7.247	-2.099	0.568	1.453	0.000000	0.000000
1582081755936	1582081755930	-3.160	-5.382	6.032	-1.920	0.089	1.433	0.000000	0.000000
1582081755950	1582081755949	-2.751	-5.758	5.977	-1.623	-0.089	1.400	0.000000	0.000000
1582081755970	1582081755969	-2.662	-7.145	5.072	-1.284	-0.063	1.426	0.000000	0.000000
1582081755990	1582081755989	-2.368	-7.409	4.933	-1.052	-0.050	1.330	0.000000	0.000000
1582081756010	1582081756008	-2.571	-7.847	5.055	-1.204	0.138	1.154	0.000000	0.000000
1582081756030	1582081756030	-2.545	-7.883	4.983	-1.819	0.327	0.986	0.000000	0.000000
1582081756050	1582081756049	-2.760	-7.900	4.621	-2.147	0.472	1.105	0.000000	0.000000
1582081756071	1582081756068	-3.096	-7.205	4.688	-1.893	0.764	1.034	0.000000	0.000000
1582081756089	1582081756088	-3.905	-6.645	4.947	-1.676	0.978	1.039	0.000000	0.000000
1582081756109	1582081756108	-5.125	-7.248	4.660	-2.086	0.825	1.000	0.000000	0.000000
1582081756129	1582081756129	-5.139	-8.084	3.785	-2.505	0.447	0.835	0.000000	0.000000
1582081756155	1582081756148	-4.140	-8.753	3.196	-2.692	0.075	0.759	0.000000	0.000000
1582081756172	1582081756168	-3.637	-9.146	2.197	-2.987	0.202	0.762	0.000000	0.000000
1582081756190	1582081756187	-4.085	-9.129	1.294	-3.061	0.644	0.762	0.000000	0.000000
1582081756210	1582081756208	-5.130	-9.740	0.427	-2.904	1.047	0.724	0.000000	0.000000
1582081756229	1582081756227	-6.485	-11.838	-0.802	-2.703	1.482	0.585	0.000000	0.000000
1582081756250	1582081756248	-8.778	-14.308	-2.671	-2.713	2.023	0.004	0.000000	0.000000
1582081756271	1582081756267	-11.078	-16.205	-4.362	-3.704	1.986	-0.993	0.000000	0.000000
1582081756288	1582081756288	-10.376	-16.035	-9.479	-6.521	0.753	-2.048	0.000000	0.000000
1582081756309	1582081756307	-10.007	-13.105	-17.257	-11.597	-0.005	-3.547	0.000000	0.000000
1582081756328	1582081756328	-15.392	-14.847	-23.928	-16.716	-0.754	-4.310	0.000000	0.000000
1582081756355	1582081756355	-9.444	-25.612	-19.013	-15.994	1.138	-3.197	0.000000	0.000000
1582081756371	1582081756367	-8.464	-12.595	-13.237	-10.325	5.334	-1.155	0.000000	0.000000
1582081756389	1582081756387	-15.404	2.533	-17.367	-3.330	7.089	2.161	0.000000	0.000000
1582081756409	1582081756407	-14.323	-8.360	-9.919	1.703	6.150	4.137	0.000000	0.000000
1582081756429	1582081756429	-12.127	-13.129	-4.326	4.005	6.315	5.175	0.000000	0.000000
1582081756447	1582081756447	-8.879	-2.692	-2.091	5.309	4.680	5.203	0.000000	0.000000
1582081756471	1582081756471	-6.337	3.546	1.660	5.274	2.995	5.378	0.000000	0.000000
1582081756488	1582081756486	-6.509	0.245	2.894	5.294	1.719	7.008	0.000000	0.000000
1582081756508	1582081756506	-6.148	8.653	5.817	5.040	-0.209	9.124	0.000000	0.000000
1582081756528	1582081756528	-10.881	-0.172	4.621	3.746	0.345	10.400	0.000000	0.000000
1582081756549	1582081756548	-19.309	-10.331	-0.855	1.773	1.796	10.210	0.000000	0.000000
1582081756571	1582081756567	-14.532	-16.823	-6.582	-1.248	2.038	8.277	0.000000	0.000000
1582081756587	1582081756586	-15.437	-13.376	-11.563	-3.357	3.115	7.105	0.000000	0.000000
1582081756608	1582081756606	-16.908	-13.225	-12.645	-4.518	3.410	6.227	0.000000	0.000000
1582081756626	1582081756625	-17.663	-12.964	-13.450	-4.473	3.256	5.949	0.000000	0.000000
1582081756646	1582081756646	-15.557	-13.251	-12.583	-4.277	2.967	5.531	0.000000	0.000000
1582081756666	1582081756666	-16.570	-10.638	-13.467	-5.227	3.308	4.752	0.000000	0.000000
1582081756688	1582081756687	-16.700	-11.996	-12.995	-5.016	2.606	4.273	0.000000	0.000000
1582081756707	1582081756706	-12.788	-9.169	-13.989	-5.125	2.118	4.208	0.000000	0.000000
1582081756727	1582081756725	-13.600	-9.387	-13.244	-4.493	2.606	3.442	0.000000	0.000000
1582081756753	1582081756747	-12.146	-6.499	-11.479	-5.247	2.082	2.305	0.000000	0.000000
1582081756767	1582081756767	-10.057	-3.760	-10.145	-5.583	1.584	1.652	0.000000	0.000000
1582081756786	1582081756785	-8.929	-1.628	-8.808	-4.770	0.863	1.693	0.000000	0.000000
1582081756806	1582081756805	-6.960	1.567	-9.622	-4.810	0.699	1.164	0.000000	0.000000
1582081756829	1582081756827	-10.124	-0.912	-7.119	-4.626	0.750	1.221	0.000000	0.000000
1582081756847	1582081756846	-8.421	4.629	-6.520	-4.798	-0.264	1.297	0.000000	0.000000
1582081756870	1582081756866	-7.309	5.956	-4.719	-4.032	-0.222	1.079	0.000000	0.000000
1582081756886	1582081756886	-7.688	4.181	-3.957	-4.010	0.073	0.631	0.000000	0.000000
1582081756906	1582081756905	-7.235	4.195	-2.357	-4.681	-0.136	0.360	0.000000	0.000000
1582081756925	1582081756925	-7.606	9.247	-2.388	-5.084	-0.255	0.115	0.000000	0.000000
1582081756949	1582081756946	-7.374	7.688	-3.923	-4.634	-0.684	-0.346	0.000000	0.000000
1582081756969	1582081756969	-6.979	3.761	-3.538	-4.040	-1.076	-0.463	0.000000	0.000000
1582081756986	1582081756984	-9.693	1.910	-1.252	-2.717	-1.222	-0.531	0.000000	0.000000
1582081757005	1582081757004	-12.043	-0.404	-0.153	-1.438	-1.586	-0.722	0.000000	0.000000
1582081757025	1582081757025	-13.507	-0.527	-0.103	0.231	-2.869	-0.353	0.000000	0.000000
1582081757045	1582081757044	-12.112	3.716	1.663	2.198	-4.177	-0.007	0.000000	0.000000
1582081757066	1582081757065	-11.954	3.920	2.458	2.874	-3.942	-0.245	0.000000	0.000000
1582081757086	1582081757085	-14.070	1.943	1.191	1.929	-3.728	-0.438	0.000000	0.000000
1582081757104	1582081757104	-15.821	1.481	0.182	1.351	-4.483	-0.728	0.000000	0.000000
1582081757125	1582081757123	-15.483	0.798	-1.123	1.544	-5.815	-0.848	0.000000	0.000000
1582081757143	1582081757143	-15.104	0.125	-2.936	1.900	-6.922	-1.024	0.000000	0.000000
1582081757169	1582081757170	-15.344	-1.295	-4.271	2.485	-8.114	-1.352	0.000000	0.000000
1582081757184	1582081757184	-14.182	-3.820	-5.672	3.679	-9.221	-1.789	0.000000	0.000000
1582081757205	1582081757203	-13.907	-6.487	-7.641	5.588	-10.060	-1.933	0.000000	0.000000
1582081757224	1582081757223	-13.159	-8.393	-9.701	8.402	-10.977	-1.659	0.000000	0.000000
1582081757244	1582081757243	-10.321	-8.080	-10.933	10.980	-11.058	-1.323	0.000000	0.000000
1582081757264	1582081757263	-8.138	-5.495	-12.574	11.079	-9.306	-1.154	0.000000	0.000000
1582081757292	1582081757283	-8.694	-5.399	-14.365	9.970	-7.409	-0.804	0.000000	0.000000
1582081757307	1582081757303	-8.740	-6.082	-15.697	9.123	-6.969	-0.712	0.000000	0.000000
1582081757324	1582081757323	-6.291	-4.120	-17.738	8.843	-6.797	-0.806	0.000000	0.000000
1582081757344	1582081757343	-2.938	-4.189	-21.904	9.200	-5.161	-0.208	0.000000	0.000000
1582081757369	1582081757364	-1.385	-0.541	-22.280	6.926	-3.388	0.987	0.000000	0.000000
1582081757385	1582081757383	-2.631	6.332	-15.752	1.703	-3.502	0.831	0.000000	0.000000
1582081757404	1582081757403	-3.896	6.444	-7.816	-1.591	-4.845	-0.739	0.000000	0.000000
1582081757423	1582081757422	-2.435	0.587	-3.056	-2.540	-5.342	-1.555	0.000000	0.000000
1582081757443	1582081757442	-10.215	-1.415	2.096	-2.267	-4.332	-0.855	0.000000	0.000000
1582081757465	1582081757465	-13.792	2.008	4.844	-1.528	-5.394	-0.381	0.000000	0.000000
1582081757486	1582081757484	-8.639	4.286	7.204	-1.146	-6.545	-0.560	0.000000	0.000000
1582081757506	1582081757504	-11.243	4.049	7.024	-1.112	-6.060	0.466	0.000000	0.000000
1582081757523	1582081757522	-14.642	4.444	8.991	-1.254	-5.432	0.746	0.000000	0.000000
1582081757543	1582081757542	-15.754	2.911	9.975	-1.482	-5.683	0.946	0.000000	0.000000
1582081757563	1582081757561	-14.266	8.121	13.283	-1.503	-5.605	0.783	0.000000	0.000000
1582081757583	1582081757583	-10.709	11.691	9.997	-0.851	-4.873	1.276	0.000000	0.000000
1582081757604	1582081757602	-11.523	7.501	10.483	-1.150	-3.309	1.539	0.000000	0.000000
1582081757628	1582081757627	-7.810	6.068	12.064	0.016	-4.088	1.880	0.000000	0.000000
1582081757642	1582081757642	-6.497	6.073	11.314	0.734	-3.867	2.461	0.000000	0.000000
1582081757664	1582081757661	-5.649	6.885	10.584	0.433	-2.988	2.673	0.000000	0.000000
1582081757688	1582081757688	-5.922	5.565	10.371	0.224	-2.775	2.881	0.000000	0.000000
1582081757705	1582081757703	-4.828	4.887	10.521	0.236	-2.528	2.792	0.000000	0.000000
1582081757721	1582081757721	-4.650	5.192	8.938	-0.528	-1.835	2.407	0.000000	0.000000
1582081757742	1582081757740	-3.493	7.446	7.563	-1.662	-1.418	2.056	0.000000	0.000000
1582081757762	1582081757761	-2.976	8.423	6.265	-2.723	-1.273	2.217	0.000000	0.000000
1582081757781	1582081757781	-1.853	6.320	5.065	-3.111	-1.098	2.138	0.000000	0.000000
1582081757804	1582081757803	-1.440	4.099	4.959	-2.580	-0.898	2.104	0.000000	0.000000
1582081757823	1582081757821	-0.578	3.783	4.638	-2.462	-0.596	1.955	0.000000	0.000000
1582081757841	1582081757840	-0.248	2.897	3.462	-2.622	-0.188	2.090	0.000000	0.000000
1582081757862	1582081757860	-1.678	1.112	3.752	-2.865	0.508	2.215	0.000000	0.000000
1582081757882	1582081757880	-2.435	0.504	3.785	-2.885	0.780	1.821	0.000000	0.000000
1582081757908	1582081757904	-1.714	0.111	3.752	-2.771	0.750	0.948	0.000000	0.000000
1582081757925	1582081757920	-1.575	-0.989	3.198	-3.261	0.935	0.423	0.000000	0.000000
1582081757941	1582081757940	-1.366	-2.857	3.548	-3.805	0.780	0.150	0.000000	0.000000
1582081757960	1582081757960	-0.178	-2.781	5.378	-3.079	0.454	-0.019	0.000000	0.000000
1582081757985	1582081757982	0.162	-1.906	7.249	-1.315	0.820	0.316	0.000000	0.000000
1582081758000	1582081758000	-1.191	-1.485	8.157	-1.040	1.254	0.578	0.000000	0.000000
1582081758020	1582081758019	-3.220	-2.043	9.084	-1.409	1.435	0.567	0.000000	0.000000
1582081758041	1582081758039	-3.767	-0.349	9.075	-2.047	1.053	0.361	0.000000	0.000000
1582081758060	1582081758059	-2.808	-0.376	9.139	-2.344	0.314	0.396	0.000000	0.000000
1582081758080	1582081758081	-2.756	-2.235	8.677	-2.296	0.271	0.482	0.000000	0.000000
1582081758110	1582081758104	-3.187	-1.703	7.838	-1.910	0.050	0.639	0.000000	0.000000
1582081758122	1582081758119	-1.110	-2.845	8.114	-1.885	-0.458	0.724	0.000000	0.000000
1582081758139	1582081758139	-1.318	-4.903	8.023	-2.257	-0.137	0.980	0.000000	0.000000
1582081758161	1582081758158	-2.614	-4.527	8.262	-2.216	0.289	1.003	0.000000	0.000000
1582081758181	1582081758178	-2.935	-3.463	8.284	-2.049	0.251	1.037	0.000000	0.000000
1582081758201	1582081758198	-2.698	-3.133	8.124	-1.870	0.212	1.024	0.000000	0.000000
1582081758225	1582081758220	-2.741	-5.380	7.120	-1.582	0.369	1.187	0.000000	0.000000
1582081758240	1582081758240	-3.091	-6.975	6.816	-1.283	0.390	1.263	0.000000	0.000000
1582081758259	1582081758259	-3.565	-6.630	6.701	-1.702	0.320	1.126	0.000000	0.000000
1582081758280	1582081758278	-2.919	-5.052	5.156	-2.092	-0.032	0.854	0.000000	0.000000
1582081758302	1582081758302	-2.439	-4.640	4.959	-1.854	-0.096	0.795	0.000000	0.000000
1582081758319	1582081758318	-2.799	-5.907	4.724	-1.762	0.126	0.986	0.000000	0.000000
1582081758339	1582081758338	-3.247	-7.435	4.571	-1.761	0.524	1.086	0.000000	0.000000
1582081758359	1582081758358	-4.083	-8.695	4.226	-1.779	0.986	0.884	0.000000	0.000000
1582081758379	1582081758378	-4.775	-9.272	4.221	-2.012	0.977	0.725	0.000000	0.000000
1582081758400	1582081758398	-4.610	-9.433	3.737	-2.223	0.644	0.565	0.000000	0.000000
1582081758423	1582081758420	-4.241	-9.062	3.428	-1.860	0.561	0.483	0.000000	0.000000
1582081758446	1582081758439	-4.035	-8.995	3.608	-1.462	0.732	0.512	0.000000	0.000000
1582081758459	1582081758458	-4.310	-8.734	3.277	-1.499	1.098	0.357	0.000000	0.000000
1582081758479	1582081758477	-5.563	-8.906	2.973	-1.832	1.285	0.172	0.000000	0.000000
1582081758502	1582081758499	-6.670	-10.070	2.286	-2.404	1.052	-0.071	0.000000	0.000000
1582081758526	1582081758526	-6.739	-12.147	0.259	-2.941	0.662	-0.581	0.000000	0.000000
1582081758540	1582081758538	-7.650	-14.248	-3.296	-4.036	0.756	-1.493	0.000000	0.000000
1582081758559	1582081758559	-9.485	-15.412	-6.388	-6.341	0.790	-2.568	0.000000	0.000000
1582081758579	1582081758578	-10.481	-14.195	-11.484	-10.961	0.343	-3.544	0.000000	0.000000
1582081758598	1582081758597	-11.636	-19.324	-14.301	-12.649	0.782	-3.045	0.000000	0.000000
1582081758625	1582081758617	-9.269	-26.443	-15.213	-11.206	3.114	-2.292	0.000000	0.000000
1582081758640	1582081758638	-9.885	-15.290	-19.240	-9.842	5.499	-1.262	0.000000	0.000000
1582081758658	1582081758657	-13.588	-8.774	-19.647	-2.815	6.412	0.248	0.000000	0.000000
1582081758678	1582081758676	-16.226	-12.200	-10.087	0.058	6.953	0.636	0.000000	0.000000
1582081758698	1582081758696	-12.050	-6.458	-3.717	0.840	6.163	2.079	0.000000	0.000000
1582081758726	1582081758725	-11.094	0.398	-1.111	3.680	5.102	4.212	0.000000	0.000000
1582081758738	1582081758737	-11.360	1.778	-0.242	5.687	3.889	5.832	0.000000	0.000000
1582081758759	1582081758756	-9.274	0.331	3.761	5.290	1.905	7.271	0.000000	0.000000
1582081758778	1582081758776	-5.501	7.106	5.134	3.628	0.459	8.597	0.000000	0.000000
1582081758798	1582081758796	-13.387	-0.756	7.589	2.164	0.869	9.090	0.000000	0.000000
1582081758816	1582081758816	-16.824	-9.694	0.774	-0.343	1.241	8.844	0.000000	0.000000
1582081758839	1582081758839	-15.234	-14.794	-3.440	-1.670	1.440	8.155	0.000000	0.000000
1582081758858	1582081758858	-16.887	-18.177	-8.106	-3.378	2.457	7.332	0.000000	0.000000
1582081758876	1582081758874	-14.946	-14.753	-10.319	-4.577	2.957	6.405	0.000000	0.000000
1582081758900	1582081758897	-17.902	-14.329	-11.376	-4.506	3.081	5.851	0.000000	0.000000
1582081758917	1582081758916	-14.374	-13.714	-8.803	-3.964	2.957	5.616	0.000000	0.000000
1582081758936	1582081758936	-17.406	-9.107	-9.562	-4.529	3.299	5.542	0.000000	0.000000
1582081758959	1582081758955	-16.978	-10.178	-10.978	-4.499	2.990	4.629	0.000000	0.000000
1582081758976	1582081758976	-14.843	-9.177	-10.878	-4.063	2.560	4.514	0.000000	0.000000
1582081758997	1582081758995	-15.370	-5.169	-9.256	-4.421	2.672	4.106	0.000000	0.000000
1582081759017	1582081759017	-15.864	-6.158	-9.876	-4.599	2.200	3.339	0.000000	0.000000
1582081759038	1582081759037	-9.877	-3.787	-9.486	-4.043	1.256	2.676	0.000000	0.000000
1582081759058	1582081759055	-11.025	-1.190	-8.449	-4.407	1.845	2.069	0.000000	0.000000
1582081759076	1582081759075	-10.189	-2.754	-7.689	-3.515	1.134	1.928	0.000000	0.000000
1582081759096	1582081759095	-7.959	3.714	-6.832	-3.437	0.350	1.856	0.000000	0.000000
1582081759120	1582081759118	-8.749	2.734	-6.590	-3.279	0.397	1.165	0.000000	0.000000
1582081759138	1582081759134	-7.563	2.815	-4.953	-3.841	-0.007	0.833	0.000000	0.000000
1582081759159	1582081759158	-8.002	5.445	-6.051	-3.769	-0.311	0.852	0.000000	0.000000
1582081759175	1582081759174	-9.343	5.390	-4.453	-3.116	-0.434	0.800	0.000000	0.000000
1582081759195	1582081759194	-9.096	5.412	-4.206	-3.416	-1.109	0.665	0.000000	0.000000
1582081759214	1582081759214	-7.937	5.479	-4.414	-3.249	-1.599	0.475	0.000000	0.000000
1582081759237	1582081759236	-8.876	3.991	-3.959	-3.008	-1.771	0.223	0.000000	0.000000
1582081759255	1582081759255	-9.544	1.622	-2.153	-2.717	-2.138	-0.031	0.000000	0.000000
1582081759275	1582081759274	-11.439	1.620	2.041	-1.499	-2.135	0.027	0.000000	0.000000
1582081759295	1582081759294	-13.729	1.486	2.564	-0.115	-2.641	-0.154	0.000000	0.000000
1582081759316	1582081759315	-11.561	0.930	3.021	1.456	-3.772	-0.045	0.000000	0.000000
1582081759340	1582081759340	-13.916	4.770	2.933	2.612	-4.215	-0.317	0.000000	0.000000
1582081759359	1582081759354	-14.745	4.037	2.403	2.895	-5.283	-0.727	0.000000	0.000000
1582081759381	1582081759381	-12.714	3.428	2.425	2.116	-6.201	-0.388	0.000000	0.000000
1582081759395	1582081759394	-12.515	3.761	3.215	1.263	-6.822	-0.379	0.000000	0.000000
1582081759414	1582081759413	-11.842	0.039	2.887	1.052	-7.176	-0.823	0.000000	0.000000
1582081759436	1582081759436	-11.521	-2.807	2.142	0.875	-7.120	-0.868	0.000000	0.000000
1582081759457	1582081759453	-12.218	-6.101	0.985	1.950	-7.196	-1.071	0.000000	0.000000
1582081759474	1582081759474	-12.191	-10.576	-0.598	5.280	-7.665	-1.311	0.000000	0.000000
1582081759494	1582081759493	-10.268	-9.780	-3.847	8.702	-7.973	-1.258	0.000000	0.000000
1582081759514	1582081759513	-9.245	-5.698	-8.322	10.056	-7.412	-0.949	0.000000	0.000000
1582081759533	1582081759533	-7.765	-5.368	-10.966	10.070	-7.093	-0.670	0.000000	0.000000
1582081759556	1582081759553	-5.781	-5.476	-10.360	9.128	-6.847	-0.726	0.000000	0.000000
1582081759574	1582081759574	-5.760	-6.848	-10.693	8.518	-5.890	-0.836	0.000000	0.000000
1582081759594	1582081759593	-6.809	-7.011	-12.866	8.127	-5.163	-0.625	0.000000	0.000000
1582081759613	1582081759612	-5.060	-4.846	-16.461	7.846	-4.624	-0.126	0.000000	0.000000
1582081759635	1582081759635	-3.208	-4.189	-18.910	7.178	-3.710	0.797	0.000000	0.000000
1582081759658	1582081759658	-2.684	0.317	-17.175	3.833	-3.463	1.571	0.000000	0.000000
1582081759674	1582081759673	-4.116	5.735	-10.559	-0.539	-4.290	0.928	0.000000	0.000000
1582081759694	1582081759692	-6.998	3.026	-1.938	-1.522	-5.453	-0.264	0.000000	0.000000
1582081759713	1582081759712	-10.943	1.543	3.730	-2.103	-6.117	-0.665	0.000000	0.000000
1582081759732	1582081759732	-13.746	1.704	6.123	-2.466	-6.629	0.177	0.000000	0.000000
1582081759757	1582081759756	-8.404	7.398	9.060	-0.532	-6.663	0.143	0.000000	0.000000
1582081759774	1582081759774	-12.249	7.347	9.345	-1.032	-5.253	1.467	0.000000	0.000000
1582081759794	1582081759792	-17.857	6.464	9.532	-2.347	-5.001	2.030	0.000000	0.000000
1582081759813	1582081759811	-15.900	5.903	10.215	-1.051	-5.466	1.958	0.000000	0.000000
1582081759845	1582081759832	-12.565	11.329	12.974	-1.004	-4.979	1.593	0.000000	0.000000
1582081759858	1582081759852	-8.754	16.053	9.058	-0.962	-3.823	2.088	0.000000	0.000000
1582081759872	1582081759871	-13.672	10.502	8.277	-1.219	-2.800	3.110	0.000000	0.000000
1582081759894	1582081759891	-9.698	8.222	9.808	-0.314	-3.337	2.438	0.000000	0.000000
1582081759913	1582081759912	-5.154	7.467	10.390	0.141	-3.634	2.390	0.000000	0.000000
1582081759932	1582081759932	-3.793	7.556	9.376	-0.701	-3.172	2.623	0.000000	0.000000
1582081759952	1582081759952	-3.992	5.098	8.023	-1.495	-2.504	2.910	0.000000	0.000000
1582081759976	1582081759971	-3.568	4.650	7.491	-2.226	-2.163	2.685	0.000000	0.000000
1582081759994	1582081759993	-2.070	5.692	6.384	-2.600	-1.857	2.262	0.000000	0.000000
1582081760012	1582081760011	-1.268	4.578	5.144	-2.366	-1.401	2.321	0.000000	0.000000
1582081760031	1582081760031	-2.895	5.345	5.493	-2.328	-0.910	2.273	0.000000	0.000000
1582081760051	1582081760051	-2.387	5.390	5.371	-2.581	-0.819	2.105	0.000000	0.000000
1582081760072	1582081760071	-0.885	3.517	3.630	-3.491	-0.695	1.953	0.000000	0.000000
1582081760093	1582081760090	-0.286	2.497	2.626	-3.594	-0.463	2.076	0.000000	0.000000
1582081760112	1582081760110	-1.790	0.561	3.220	-3.038	0.026	2.237	0.000000	0.000000
1582081760131	1582081760130	-3.017	-1.664	4.954	-2.791	0.602	1.891	0.000000	0.000000
1582081760152	1582081760152	-1.222	-2.170	5.788	-2.643	0.580	1.067	0.000000	0.000000
1582081760178	1582081760175	0.186	-1.806	5.788	-2.341	0.839	0.739	0.000000	0.000000
1582081760195	1582081760191	0.119	-0.203	5.179	-2.119	1.455	0.581	0.000000	0.000000
1582081760211	1582081760210	-0.633	1.637	6.018	-2.600	1.509	0.654	0.000000	0.000000
1582081760232	1582081760230	-1.680	-0.019	7.860	-2.351	1.062	0.692	0.000000	0.000000
1582081760251	1582081760250	-1.747	-2.012	9.352	-1.490	0.814	0.621	0.000000	0.000000
1582081760271	1582081760271	-1.306	-2.647	10.258	-0.526	0.898	0.520	0.000000	0.000000
1582081760292	1582081760290	-1.464	-0.814	10.301	-0.803	0.937	0.559	0.000000	0.000000
1582081760311	1582081760309	-2.284	1.251	10.165	-1.561	0.860	0.797	0.000000	0.000000
1582081760330	1582081760329	-3.366	0.791	8.631	-2.289	0.767	0.788	0.000000	0.000000
1582081760350	1582081760349	-3.850	-0.699	7.494	-2.609	0.384	0.483	0.000000	0.000000
1582081760376	1582081760369	-2.049	-2.649	8.049	-2.502	-0.753	0.333	0.000000	0.000000
1582081760393	1582081760389	-0.916	-3.578	7.862	-2.286	-0.923	0.577	0.000000	0.000000
1582081760410	1582081760409	-0.341	-3.693	7.922	-2.287	-0.387	0.812	0.000000	0.000000
1582081760431	1582081760429	-1.016	-4.340	7.326	-2.575	0.490	1.228	0.000000	0.000000
1582081760450	1582081760449	-2.765	-5.646	6.600	-2.139	1.130	1.379	0.000000	0.000000
1582081760479	1582081760479	-4.236	-5.926	6.832	-1.412	1.033	1.162	0.000000	0.000000
1582081760491	1582081760491	-4.119	-6.091	6.964	-1.515	0.351	1.081	0.000000	0.000000
1582081760511	1582081760509	-2.241	-5.785	6.210	-1.867	-0.169	0.971	0.000000	0.000000
1582081760530	1582081760528	-0.667	-4.795	5.215	-1.584	0.002	0.960	0.000000	0.000000
1582081760549	1582081760548	-1.738	-4.755	5.338	-1.149	0.736	0.977	0.000000	0.000000
1582081760569	1582081760568	-3.388	-5.665	5.462	-1.025	1.256	0.996	0.000000	0.000000
1582081760596	1582081760593	-4.732	-7.691	5.678	-1.193	1.312	0.932	0.000000	0.000000
1582081760611	1582081760609	-5.465	-8.487	5.455	-1.784	1.027	0.698	0.000000	0.000000
1582081760628	1582081760628	-5.221	-8.743	4.739	-2.216	0.476	0.594	0.000000	0.000000
1582081760649	1582081760648	-4.567	-8.357	4.149	-2.399	0.005	0.483	0.000000	0.000000
1582081760669	1582081760669	-4.104	-8.300	3.792	-2.487	-0.276	0.346	0.000000	0.000000
1582081760689	1582081760688	-3.048	-9.071	3.642	-2.197	0.082	0.267	0.000000	0.000000
1582081760709	1582081760709	-3.546	-8.199	3.642	-2.151	0.697	0.364	0.000000	0.000000
1582081760729	1582081760728	-4.638	-7.929	3.031	-2.466	0.679	0.642	0.000000	0.000000
1582081760748	1582081760747	-5.345	-9.397	2.779	-2.765	0.629	0.436	0.000000	0.000000
1582081760768	1582081760767	-5.307	-10.006	1.356	-3.283	0.508	0.116	0.000000	0.000000
1582081760793	1582081760793	-6.002	-12.394	-0.316	-3.480	0.761	-0.089	0.000000	0.000000
1582081760811	1582081760808	-8.021	-16.033	-2.649	-4.372	1.188	-0.749	0.000000	0.000000
1582081760828	1582081760827	-10.682	-16.327	-5.572	-6.605	1.022	-1.981	0.000000	0.000000
1582081760849	1582081760849	-12.570	-12.183	-11.294	-10.773	0.199	-2.898	0.000000	0.000000
1582081760868	1582081760867	-12.242	-14.705	-15.736	-12.645	-0.054	-2.471	0.000000	0.000000
1582081760888	1582081760888	-9.556	-22.522	-15.872	-10.751	1.963	-1.547	0.000000	0.000000
1582081760912	1582081760907	-9.738	-19.928	-17.657	-8.444	5.030	-0.828	0.000000	0.000000
1582081760927	1582081760927	-13.032	-12.449	-19.659	-3.552	6.716	0.702	0.000000	0.000000
1582081760948	1582081760947	-16.453	-10.786	-11.718	0.946	6.908	1.409	0.000000	0.000000
1582081760967	1582081760967	-13.360	-13.062	-2.841	1.964	6.678	1.682	0.000000	0.000000
1582081760991	1582081760991	-12.005	-3.950	-0.800	2.209	6.282	2.940	0.000000	0.000000
1582081761008	1582081761006	-9.894	5.754	-1.547	3.759	5.065	4.372	0.000000	0.000000
1582081761028	1582081761027	-8.792	8.179	3.656	5.188	2.442	5.884	0.000000	0.000000
1582081761047	1582081761046	-5.582	8.174	6.344	3.688	0.657	7.581	0.000000	0.000000
1582081761067	1582081761066	-11.173	2.624	5.500	2.671	0.673	9.410	0.000000	0.000000
1582081761088	1582081761088	-14.477	-12.212	2.025	1.315	0.491	9.799	0.000000	0.000000
1582081761110	1582081761106	-13.727	-12.928	-5.521	-1.373	1.094	8.616	0.000000	0.000000
1582081761129	1582081761127	-15.416	-21.614	-9.356	-2.819	2.076	7.207	0.000000	0.000000
1582081761147	1582081761146	-10.886	-14.222	-9.596	-3.120	2.618	6.836	0.000000	0.000000
1582081761166	1582081761166	-17.373	-13.223	-10.619	-4.583	3.990	5.925	0.000000	0.000000
1582081761187	1582081761187	-16.764	-13.122	-10.516	-4.502	3.581	5.111	0.000000	0.000000
1582081761207	1582081761207	-18.104	-12.358	-9.881	-5.131	3.421	4.532	0.000000	0.000000
1582081761227	1582081761225	-18.175	-9.366	-9.996	-4.765	2.884	4.590	0.000000	0.000000
1582081761248	1582081761248	-15.500	-10.643	-10.396	-4.440	2.087	4.123	0.000000	0.000000
1582081761266	1582081761265	-14.163	-8.427	-10.583	-4.218	1.867	4.015	0.000000	0.000000
1582081761290	1582081761285	-13.430	-4.084	-10.676	-4.334	1.530	3.437	0.000000	0.000000
1582081761308	1582081761305	-10.663	-3.401	-10.969	-4.867	0.950	2.422	0.000000	0.000000
1582081761335	1582081761326	-10.038	-3.214	-9.596	-4.562	0.851	2.327	0.000000	0.000000
1582081761346	1582081761345	-9.985	1.340	-8.863	-4.277	0.354	2.111	0.000000	0.000000
1582081761366	1582081761364	-7.899	0.906	-8.453	-4.262	-0.180	1.720	0.000000	0.000000
1582081761386	1582081761385	-9.087	2.008	-7.969	-3.978	-0.228	1.667	0.000000	0.000000
1582081761408	1582081761408	-9.267	2.863	-6.879	-4.038	-0.508	1.243	0.000000	0.000000
1582081761426	1582081761427	-6.969	4.226	-6.712	-4.210	-1.029	0.953	0.000000	0.000000
1582081761450	1582081761450	-8.335	4.219	-5.162	-4.466	-0.987	0.772	0.000000	0.000000
1582081761465	1582081761465	-9.794	6.049	-4.862	-5.227	-1.107	0.266	0.000000	0.000000
1582081761486	1582081761484	-8.004	3.697	-4.529	-4.831	-1.360	-0.173	0.000000	0.000000
1582081761505	1582081761504	-7.789	2.111	-4.482	-4.062	-1.490	0.037	0.000000	0.000000
1582081761531	1582081761526	-9.034	2.509	-2.601	-2.675	-1.585	0.041	0.000000	0.000000
1582081761550	1582081761547	-9.916	1.179	1.658	-1.089	-1.883	-0.479	0.000000	0.000000
1582081761565	1582081761564	-10.440	-1.039	6.241	0.687	-1.665	-0.540	0.000000	0.000000
1582081761585	1582081761584	-11.054	-0.318	4.221	1.553	-1.766	-0.154	0.000000	0.000000
1582081761605	1582081761604	-12.273	1.807	3.615	1.520	-2.437	1.209	0.000000	0.000000
1582081761626	1582081761624	-12.781	4.245	3.395	2.221	-3.125	0.555	0.000000	0.000000
1582081761650	1582081761649	-13.169	1.907	2.638	3.248	-3.791	-0.455	0.000000	0.000000
1582081761664	1582081761664	-14.374	-0.292	1.735	2.409	-4.269	-0.294	0.000000	0.000000
1582081761684	1582081761684	-15.605	-0.158	-0.258	1.447	-5.542	-0.520	0.000000	0.000000
1582081761706	1582081761704	-15.092	-0.560	-1.571	1.758	-6.935	-1.013	0.000000	0.000000
1582081761726	1582081761725	-15.183	-3.753	-2.275	3.034	-7.833	-1.265	0.000000	0.000000
1582081761747	1582081761743	-15.756	-5.943	-3.916	4.230	-8.586	-1.352	0.000000	0.000000
1582081761764	1582081761763	-15.109	-5.145	-6.757	5.250	-9.222	-1.221	0.000000	0.000000
1582081761784	1582081761783	-13.370	-4.549	-10.592	6.683	-9.663	-1.246	0.000000	0.000000
1582081761807	1582081761803	-10.268	-4.266	-13.934	8.061	-9.774	-1.359	0.000000	0.000000
1582081761825	1582081761822	-7.300	-2.740	-13.862	8.717	-9.144	-1.531	0.000000	0.000000
1582081761850	1582081761850	-5.637	-1.566	-12.617	8.532	-7.463	-1.429	0.000000	0.000000
1582081761864	1582081761864	-6.823	-3.006	-13.010	8.393	-6.096	-1.099	0.000000	0.000000
1582081761885	1582081761882	-6.073	-2.175	-15.781	7.685	-5.807	-0.705	0.000000	0.000000
1582081761903	1582081761903	-3.620	2.652	-16.675	5.807	-5.692	-0.277	0.000000	0.000000
1582081761926	1582081761926	-2.176	5.043	-15.137	3.685	-5.192	-0.393	0.000000	0.000000
1582081761945	1582081761945	-1.934	4.772	-13.177	1.506	-4.575	-0.806	0.000000	0.000000
1582081761964	1582081761962	-2.741	6.785	-8.789	-1.123	-4.318	-1.269	0.000000	0.000000
1582081761983	1582081761982	-3.618	7.443	-4.108	-3.110	-4.470	-2.020	0.000000	0.000000
1582081762003	1582081762002	-7.156	0.142	2.161	-2.510	-4.339	-1.904	0.000000	0.000000
1582081762024	1582081762023	-14.642	-2.261	8.136	-1.234	-4.790	-1.303	0.000000	0.000000
1582081762046	1582081762044	-13.169	3.091	8.622	-1.539	-6.225	-0.419	0.000000	0.000000
1582081762063	1582081762062	-10.246	2.822	10.720	-1.211	-6.387	-0.264	0.000000	0.000000
1582081762084	1582081762082	-13.607	1.903	11.060	-1.264	-5.592	0.158	0.000000	0.000000
