1582081533115	1582081533115	-4.212	-8.619	4.336	-1.786	0.268	0.609	0.000000	0.000000
1582081533136	1582081533135	-4.689	-9.725	4.020	-1.882	0.471	0.570	0.000000	0.000000
1582081533154	1582081533153	-5.285	-11.050	3.349	-2.036	0.614	0.327	0.000000	0.000000
1582081533174	1582081533173	-6.090	-12.729	1.876	-2.708	0.864	-0.267	0.000000	0.000000
1582081533194	1582081533193	-7.769	-15.415	-1.590	-3.937	1.483	-1.236	0.000000	0.000000
1582081533214	1582081533213	-9.482	-18.531	-6.178	-6.011	1.811	-2.348	0.000000	0.000000
1582081533234	1582081533233	-11.027	-17.297	-9.610	-9.637	1.229	-3.300	0.000000	0.000000
1582081533256	1582081533256	-10.879	-15.623	-11.941	-12.656	1.159	-3.660	0.000000	0.000000
1582081533274	1582081533273	-5.896	-18.943	-13.522	-13.092	2.931	-3.166	0.000000	0.000000
1582081533294	1582081533292	-7.985	-12.672	-15.994	-10.933	5.250	-2.098	0.000000	0.000000
1582081533313	1582081533312	-8.256	-3.954	-18.941	-6.001	5.488	0.156	0.000000	0.000000
1582081533333	1582081533332	-10.912	-10.640	-12.990	1.230	5.801	2.460	0.000000	0.000000
1582081533354	1582081533353	-12.366	-9.505	-6.487	2.783	6.020	4.026	0.000000	0.000000
1582081533373	1582081533372	-11.844	-3.780	-5.591	2.438	5.345	4.178	0.000000	0.000000
1582081533399	1582081533392	-10.196	-9.800	-2.213	3.970	3.785	4.913	0.000000	0.000000
1582081533413	1582081533412	-8.711	-4.692	-0.625	3.747	3.022	5.857	0.000000	0.000000
1582081533433	1582081533432	-7.865	4.214	3.364	1.711	1.179	6.564	0.000000	0.000000
1582081533454	1582081533452	-7.987	5.738	4.233	0.877	0.488	7.910	0.000000	0.000000
1582081533473	1582081533472	-16.690	-8.968	5.057	1.008	0.234	9.347	0.000000	0.000000
1582081533493	1582081533491	-14.898	-16.586	-3.114	-0.684	0.683	9.154	0.000000	0.000000
1582081533513	1582081533511	-11.435	-18.665	-5.193	-2.138	1.526	8.145	0.000000	0.000000
1582081533533	1582081533531	-16.738	-11.790	-9.471	-4.672	3.342	7.357	0.000000	0.000000
1582081533553	1582081533551	-19.182	-9.251	-11.994	-4.993	3.047	6.124	0.000000	0.000000
1582081533573	1582081533571	-15.823	-16.957	-11.242	-4.406	2.646	5.619	0.000000	0.000000
1582081533593	1582081533591	-16.475	-9.737	-11.730	-5.015	3.412	5.532	0.000000	0.000000
1582081533612	1582081533611	-17.948	-10.880	-10.717	-4.988	3.358	4.825	0.000000	0.000000
1582081533632	1582081533631	-16.029	-6.934	-10.339	-5.126	2.569	4.625	0.000000	0.000000
1582081533654	1582081533652	-13.202	-7.318	-11.639	-5.046	2.567	3.954	0.000000	0.000000
1582081533675	1582081533672	-13.844	-3.267	-12.047	-5.123	2.393	3.279	0.000000	0.000000
1582081533692	1582081533690	-13.150	-6.604	-9.723	-4.248	1.614	2.898	0.000000	0.000000
1582081533712	1582081533710	-9.317	-6.139	-8.372	-3.902	1.148	3.158	0.000000	0.000000
1582081533731	1582081533730	-13.061	-1.638	-5.979	-4.089	1.924	3.032	0.000000	0.000000
1582081533751	1582081533750	-9.738	3.840	-5.962	-3.357	1.157	2.231	0.000000	0.000000
1582081533772	1582081533771	-7.755	2.774	-3.734	-2.901	0.977	1.267	0.000000	0.000000
1582081533804	1582081533790	-9.609	4.097	-4.266	-3.909	0.927	0.589	0.000000	0.000000
1582081533812	1582081533811	-8.040	5.654	-3.226	-1.842	-0.602	1.013	0.000000	0.000000
1582081533833	1582081533831	-5.594	5.467	-2.548	-1.342	-1.111	1.329	0.000000	0.000000
1582081533851	1582081533850	-5.762	6.123	-3.404	-1.527	-0.636	1.442	0.000000	0.000000
1582081533871	1582081533870	-7.513	6.174	-2.050	-0.750	-0.728	1.683	0.000000	0.000000
1582081533891	1582081533889	-9.650	4.605	-1.815	-0.429	-1.337	1.093	0.000000	0.000000
1582081533911	1582081533910	-10.321	2.798	-0.395	-1.144	-1.882	0.051	0.000000	0.000000
1582081533931	1582081533930	-9.992	1.965	-0.024	-2.470	-2.985	-0.307	0.000000	0.000000
1582081533951	1582081533950	-9.346	3.709	-0.553	-1.941	-3.373	-0.346	0.000000	0.000000
1582081533974	1582081533974	-9.717	5.611	-0.618	-0.655	-3.376	-0.427	0.000000	0.000000
1582081533993	1582081533992	-8.414	4.291	-1.111	-0.218	-3.369	-0.861	0.000000	0.000000
1582081534013	1582081534013	-8.280	4.734	-1.576	-0.286	-3.557	-0.795	0.000000	0.000000
1582081534032	1582081534031	-8.807	5.857	-2.158	-0.237	-4.151	-0.749	0.000000	0.000000
1582081534050	1582081534050	-9.082	4.971	-0.400	0.102	-4.835	-0.950	0.000000	0.000000
1582081534072	1582081534070	-9.396	4.099	2.286	-0.029	-5.005	-1.029	0.000000	0.000000
1582081534092	1582081534092	-11.341	2.473	3.043	-0.415	-4.735	-0.951	0.000000	0.000000
1582081534114	1582081534110	-13.260	-0.711	1.888	0.498	-4.701	-1.181	0.000000	0.000000
1582081534131	1582081534130	-14.609	-4.338	-0.345	2.670	-5.444	-1.024	0.000000	0.000000
1582081534151	1582081534150	-14.259	-4.261	-3.344	4.373	-6.636	-0.734	0.000000	0.000000
1582081534173	1582081534173	-13.253	-2.771	-5.574	6.018	-8.071	-0.653	0.000000	0.000000
1582081534204	1582081534192	-12.091	-4.879	-8.381	8.349	-9.095	-0.689	0.000000	0.000000
1582081534217	1582081534211	-9.398	-5.279	-10.782	10.442	-9.461	-0.438	0.000000	0.000000
1582081534230	1582081534230	-6.143	-0.548	-11.869	10.109	-8.303	-0.168	0.000000	0.000000
1582081534251	1582081534249	-4.823	-0.124	-10.746	9.232	-6.748	-0.392	0.000000	0.000000
1582081534270	1582081534269	-3.304	-5.387	-10.818	8.858	-5.653	-0.799	0.000000	0.000000
1582081534295	1582081534295	-3.290	-8.036	-14.974	9.169	-4.032	-0.349	0.000000	0.000000
1582081534313	1582081534313	-2.966	-3.281	-17.051	8.167	-3.385	0.504	0.000000	0.000000
1582081534331	1582081534330	-2.418	-0.143	-15.182	6.279	-3.442	0.901	0.000000	0.000000
1582081534349	1582081534349	-3.168	2.113	-11.079	3.468	-3.638	0.523	0.000000	0.000000
1582081534369	1582081534368	-4.114	4.461	-7.062	-0.513	-4.501	-0.389	0.000000	0.000000
1582081534392	1582081534392	-5.276	0.813	-3.519	-2.490	-5.144	-1.159	0.000000	0.000000
1582081534412	1582081534409	-10.737	-1.734	1.009	-3.036	-5.182	-0.613	0.000000	0.000000
1582081534429	1582081534428	-11.528	1.136	3.026	-2.592	-5.853	0.289	0.000000	0.000000
1582081534449	1582081534449	-9.715	6.068	6.428	-0.675	-6.014	0.435	0.000000	0.000000
1582081534469	1582081534468	-13.315	5.045	6.658	-1.577	-5.431	0.768	0.000000	0.000000
1582081534494	1582081534494	-16.338	4.650	7.735	-1.263	-5.222	0.889	0.000000	0.000000
1582081534511	1582081534509	-15.215	6.988	9.412	-0.679	-5.726	0.919	0.000000	0.000000
1582081534536	1582081534529	-13.995	10.311	11.750	-1.233	-5.277	1.081	0.000000	0.000000
1582081534549	1582081534548	-13.269	13.626	8.540	-1.433	-4.277	1.404	0.000000	0.000000
1582081534568	1582081534568	-12.958	9.113	9.702	-0.759	-4.045	1.527	0.000000	0.000000
1582081534590	1582081534588	-7.254	7.479	12.067	-0.787	-4.758	1.785	0.000000	0.000000
1582081534617	1582081534615	-6.715	5.968	11.913	-1.582	-4.228	2.331	0.000000	0.000000
1582081534629	1582081534629	-5.642	5.060	12.395	-1.571	-3.942	2.624	0.000000	0.000000
1582081534649	1582081534649	-4.547	5.170	11.266	-2.032	-3.483	2.643	0.000000	0.000000
1582081534668	1582081534668	-4.349	4.274	9.506	-2.063	-2.966	2.405	0.000000	0.000000
1582081534689	1582081534688	-3.347	4.104	8.267	-1.532	-2.316	2.084	0.000000	0.000000
1582081534712	1582081534712	-2.873	3.369	7.508	-1.012	-1.764	2.079	0.000000	0.000000
1582081534729	1582081534729	-1.747	4.633	6.042	-0.601	-1.482	1.897	0.000000	0.000000
1582081534748	1582081534747	-0.595	4.272	6.092	-0.171	-1.269	1.782	0.000000	0.000000
1582081534768	1582081534768	-0.317	3.460	5.742	-0.482	-0.890	1.854	0.000000	0.000000
1582081534792	1582081534787	-0.892	3.714	5.110	-1.152	-0.298	2.150	0.000000	0.000000
1582081534822	1582081534820	-1.814	2.794	5.592	-1.705	0.205	2.339	0.000000	0.000000
1582081534850	1582081534830	-2.042	1.553	5.673	-2.169	0.142	2.425	0.000000	0.000000
1582081534850	1582081534850	-1.862	0.741	5.968	-2.314	0.087	2.208	0.000000	0.000000
1582081534868	1582081534867	-1.244	0.518	6.372	-2.671	0.336	1.938	0.000000	0.000000
1582081534887	1582081534886	-1.543	-0.438	6.044	-2.919	0.725	1.656	0.000000	0.000000
1582081534908	1582081534908	-1.649	-2.084	5.845	-2.494	0.897	1.162	0.000000	0.000000
1582081534933	1582081534930	-1.251	-1.509	5.654	-1.655	0.811	0.704	0.000000	0.000000
1582081534952	1582081534948	-1.187	-0.424	6.142	-1.211	0.729	0.548	0.000000	0.000000
1582081534968	1582081534967	-0.777	1.359	6.353	-1.176	0.624	0.387	0.000000	0.000000
1582081534988	1582081534986	-0.188	1.577	6.607	-1.097	0.540	0.300	0.000000	0.000000
1582081535007	1582081535006	-0.604	-0.718	7.046	-1.560	0.667	0.435	0.000000	0.000000
1582081535028	1582081535027	-1.383	-0.891	7.973	-1.478	0.576	0.546	0.000000	0.000000
1582081535048	1582081535045	-1.333	-0.529	10.083	-0.793	0.502	0.646	0.000000	0.000000
1582081535066	1582081535066	-1.488	-1.576	9.961	-0.992	0.668	0.781	0.000000	0.000000
1582081535087	1582081535087	-2.619	-0.402	8.631	-1.017	1.033	0.615	0.000000	0.000000
1582081535106	1582081535105	-3.666	-0.244	7.561	-0.732	0.639	0.578	0.000000	0.000000
1582081535132	1582081535125	-1.668	-1.437	7.908	-1.169	-0.175	0.687	0.000000	0.000000
1582081535150	1582081535147	-2.039	-2.132	8.837	-1.642	0.105	0.791	0.000000	0.000000
1582081535166	1582081535165	-2.020	-1.794	9.132	-1.972	0.379	0.807	0.000000	0.000000
1582081535186	1582081535185	-2.154	-2.040	8.845	-2.003	0.635	0.846	0.000000	0.000000
1582081535208	1582081535205	-2.703	-2.836	7.781	-1.762	0.895	1.001	0.000000	0.000000
1582081535226	1582081535225	-3.132	-3.507	6.727	-1.555	0.875	1.083	0.000000	0.000000
1582081535247	1582081535245	-3.570	-3.926	7.196	-1.295	0.777	1.062	0.000000	0.000000
1582081535267	1582081535265	-3.544	-3.866	7.963	-1.162	0.513	0.974	0.000000	0.000000
1582081535286	1582081535285	-2.806	-4.237	8.128	-1.060	0.319	0.942	0.000000	0.000000
1582081535308	1582081535308	-2.358	-5.358	7.824	-1.052	0.299	0.931	0.000000	0.000000
1582081535331	1582081535326	-2.047	-5.504	6.957	-1.183	0.448	0.936	0.000000	0.000000
1582081535351	1582081535345	-2.753	-4.774	6.665	-1.170	0.748	0.974	0.000000	0.000000
1582081535366	1582081535365	-3.414	-4.541	6.938	-1.320	0.877	0.912	0.000000	0.000000
1582081535386	1582081535384	-4.586	-4.359	6.969	-1.950	0.966	0.768	0.000000	0.000000
1582081535405	1582081535404	-5.276	-4.508	6.487	-2.547	0.605	0.580	0.000000	0.000000
1582081535426	1582081535426	-3.788	-5.773	5.249	-2.717	0.146	0.403	0.000000	0.000000
1582081535446	1582081535444	-3.220	-8.384	4.013	-2.412	0.389	0.496	0.000000	0.000000
1582081535470	1582081535469	-4.181	-10.808	3.574	-1.859	1.316	0.557	0.000000	0.000000
1582081535485	1582081535484	-6.464	-9.895	4.485	-1.527	1.730	0.280	0.000000	0.000000
1582081535506	1582081535504	-7.721	-7.857	5.112	-2.044	1.452	0.100	0.000000	0.000000
1582081535536	1582081535526	-7.218	-9.179	4.482	-2.298	0.795	-0.253	0.000000	0.000000
1582081535545	1582081535545	-6.009	-11.718	3.009	-2.387	0.668	-0.859	0.000000	0.000000
1582081535565	1582081535564	-6.948	-13.639	1.409	-3.383	1.368	-1.643	0.000000	0.000000
1582081535584	1582081535583	-11.049	-14.785	-0.761	-5.739	2.469	-2.993	0.000000	0.000000
1582081535604	1582081535603	-15.603	-15.728	-6.443	-9.552	2.421	-4.437	0.000000	0.000000
1582081535625	1582081535623	-13.257	-17.628	-13.599	-13.808	1.479	-5.466	0.000000	0.000000
1582081535648	1582081535644	-8.766	-24.386	-16.227	-13.942	2.179	-5.752	0.000000	0.000000
1582081535664	1582081535664	-7.434	-20.632	-12.600	-9.360	3.646	-4.765	0.000000	0.000000
1582081535684	1582081535683	-6.002	-1.420	-18.488	-6.098	5.209	-2.030	0.000000	0.000000
1582081535703	1582081535703	-8.893	0.717	-19.631	-1.581	5.728	0.903	0.000000	0.000000
1582081535724	1582081535723	-9.609	-3.346	-6.103	3.420	4.741	3.062	0.000000	0.000000
1582081535753	1582081535749	-11.588	2.087	0.226	3.253	3.828	4.456	0.000000	0.000000
1582081535764	1582081535762	-12.338	1.677	-0.232	2.903	3.929	4.997	0.000000	0.000000
1582081535784	1582081535783	-16.046	-4.522	4.363	4.583	1.891	7.614	0.000000	0.000000
1582081535804	1582081535802	-10.170	-0.524	8.478	2.923	0.662	8.848	0.000000	0.000000
1582081535827	1582081535828	-18.712	-6.029	4.116	0.627	0.977	9.761	0.000000	0.000000
1582081535847	1582081535847	-16.384	-10.952	-0.225	-0.492	0.691	9.218	0.000000	0.000000
1582081535864	1582081535864	-16.460	-15.556	-5.279	-2.251	1.403	7.951	0.000000	0.000000
1582081535883	1582081535882	-16.717	-14.856	-5.960	-3.345	2.138	7.588	0.000000	0.000000
1582081535903	1582081535902	-16.729	-11.912	-8.293	-3.481	2.696	7.493	0.000000	0.000000
1582081535923	1582081535922	-18.393	-14.408	-9.629	-4.063	3.254	6.627	0.000000	0.000000
1582081535948	1582081535948	-18.254	-12.559	-10.660	-4.507	3.425	6.208	0.000000	0.000000
1582081535962	1582081535962	-18.087	-11.359	-12.439	-4.625	3.198	5.752	0.000000	0.000000
1582081535983	1582081535982	-15.974	-9.649	-12.552	-4.268	3.015	5.054	0.000000	0.000000
1582081536002	1582081536002	-15.148	-11.000	-12.334	-4.869	3.192	4.038	0.000000	0.000000
1582081536022	1582081536021	-14.882	-6.748	-11.124	-4.573	2.924	3.854	0.000000	0.000000
1582081536042	1582081536042	-13.593	-8.077	-10.020	-4.015	2.389	3.126	0.000000	0.000000
1582081536066	1582081536066	-13.262	-3.063	-7.268	-3.355	1.749	2.761	0.000000	0.000000
1582081536086	1582081536082	-11.142	-3.356	-7.291	-3.485	1.287	2.058	0.000000	0.000000
1582081536103	1582081536101	-9.600	-2.457	-5.061	-4.103	1.169	1.860	0.000000	0.000000
1582081536122	1582081536121	-10.730	4.942	-5.457	-3.690	1.313	1.486	0.000000	0.000000
1582081536147	1582081536141	-8.852	2.542	-4.149	-3.360	0.225	0.935	0.000000	0.000000
1582081536161	1582081536161	-4.880	4.207	-4.240	-2.356	-0.688	0.918	0.000000	0.000000
1582081536183	1582081536183	-5.228	4.969	-4.187	-1.414	-0.077	1.201	0.000000	0.000000
1582081536201	1582081536200	-7.856	5.680	-1.823	-1.676	0.458	1.160	0.000000	0.000000
1582081536221	1582081536221	-9.295	6.305	-2.620	-2.385	-0.285	0.800	0.000000	0.000000
1582081536245	1582081536245	-7.609	5.091	-2.999	-1.710	-1.350	0.395	0.000000	0.000000
1582081536265	1582081536261	-5.082	4.485	-3.468	-1.695	-1.367	0.396	0.000000	0.000000
1582081536285	1582081536282	-6.557	7.393	-2.072	-1.132	-0.647	0.655	0.000000	0.000000
1582081536301	1582081536300	-11.159	5.860	-0.797	-0.438	-0.440	0.477	0.000000	0.000000
1582081536321	1582081536320	-11.954	3.191	-1.904	-0.190	-1.439	0.014	0.000000	0.000000
1582081536346	1582081536346	-11.121	5.604	-3.622	0.559	-3.498	-0.007	0.000000	0.000000
1582081536361	1582081536360	-9.525	7.036	-0.606	0.754	-4.383	0.341	0.000000	0.000000
1582081536382	1582081536380	-9.786	5.472	0.463	0.136	-3.735	0.021	0.000000	0.000000
1582081536400	1582081536400	-12.146	2.925	0.769	-0.650	-3.324	-0.266	0.000000	0.000000
1582081536420	1582081536420	-13.600	2.722	1.639	-1.017	-3.986	-0.235	0.000000	0.000000
1582081536443	1582081536443	-13.698	1.100	2.113	-0.294	-4.978	0.003	0.000000	0.000000
1582081536466	1582081536465	-15.696	-1.497	1.184	0.922	-5.834	-0.042	0.000000	0.000000
1582081536484	1582081536481	-17.292	-2.769	-0.445	1.708	-6.994	-0.081	0.000000	0.000000
1582081536500	1582081536499	-16.489	-4.113	-2.417	3.226	-8.486	-0.206	0.000000	0.000000
1582081536520	1582081536519	-15.569	-4.462	-4.942	4.687	-9.694	-0.134	0.000000	0.000000
1582081536541	1582081536539	-14.340	-5.018	-7.680	6.520	-10.275	0.154	0.000000	0.000000
1582081536560	1582081536560	-12.093	-4.975	-10.152	8.383	-10.321	0.425	0.000000	0.000000
1582081536581	1582081536580	-10.337	-3.178	-12.118	8.691	-9.602	0.564	0.000000	0.000000
1582081536604	1582081536604	-8.409	-4.910	-13.426	8.413	-8.620	0.473	0.000000	0.000000
1582081536620	1582081536619	-5.381	-5.897	-13.814	7.892	-7.722	0.061	0.000000	0.000000
1582081536639	1582081536638	-3.704	-4.443	-13.577	7.599	-6.488	-0.307	0.000000	0.000000
1582081536661	1582081536661	-3.493	-2.898	-13.632	6.917	-5.414	-0.185	0.000000	0.000000
1582081536684	1582081536683	-2.710	-1.959	-14.995	5.463	-4.790	-0.080	0.000000	0.000000
1582081536701	1582081536701	-1.445	-1.257	-15.748	3.806	-4.022	-0.151	0.000000	0.000000
1582081536719	1582081536719	-1.984	1.701	-14.270	1.631	-3.248	-0.195	0.000000	0.000000
1582081536739	1582081536738	-3.735	5.045	-9.522	-0.893	-3.564	-0.658	0.000000	0.000000
1582081536760	1582081536760	-5.434	4.784	-4.019	-2.556	-4.134	-1.384	0.000000	0.000000
1582081536782	1582081536778	-10.572	1.383	2.659	-2.621	-4.146	-1.409	0.000000	0.000000
1582081536804	1582081536798	-15.095	-0.258	5.630	-2.033	-4.989	-0.555	0.000000	0.000000
1582081536825	1582081536823	-12.465	5.462	7.577	-1.772	-5.973	0.525	0.000000	0.000000
1582081536838	1582081536838	-11.973	9.259	8.869	-0.641	-5.422	0.697	0.000000	0.000000
1582081536859	1582081536858	-15.066	5.357	8.770	-0.848	-4.447	1.103	0.000000	0.000000
1582081536887	1582081536886	-14.994	6.004	6.868	-1.789	-4.507	1.244	0.000000	0.000000
1582081536901	1582081536898	-13.200	7.108	11.113	-1.327	-4.912	1.080	0.000000	0.000000
1582081536919	1582081536918	-8.835	12.050	8.521	-0.591	-4.791	1.461	0.000000	0.000000
1582081536939	1582081536937	-10.864	8.497	8.780	-0.769	-2.986	1.541	0.000000	0.000000
1582081536960	1582081536960	-7.738	7.546	9.970	-0.258	-3.711	1.704	0.000000	0.000000
1582081536981	1582081536979	-4.739	6.943	9.853	0.656	-4.252	1.828	0.000000	0.000000
1582081536999	1582081536997	-2.978	6.418	10.169	0.749	-3.681	1.880	0.000000	0.000000
1582081537017	1582081537016	-4.114	6.938	11.619	0.358	-2.845	2.142	0.000000	0.000000
1582081537037	1582081537036	-3.987	6.737	11.791	-0.544	-2.311	2.141	0.000000	0.000000
1582081537057	1582081537056	-3.977	5.901	9.628	-1.985	-1.833	2.163	0.000000	0.000000
1582081537082	1582081537079	-3.525	5.170	7.201	-2.639	-1.384	2.085	0.000000	0.000000
1582081537097	1582081537095	-3.283	6.284	6.356	-2.429	-0.982	1.833	0.000000	0.000000
1582081537116	1582081537115	-2.509	5.491	6.286	-2.204	-0.987	1.621	0.000000	0.000000
1582081537137	1582081537135	-0.993	4.394	4.691	-2.044	-0.850	1.586	0.000000	0.000000
1582081537156	1582081537155	-1.074	3.445	4.056	-1.868	-0.360	1.686	0.000000	0.000000
1582081537184	1582081537182	-1.663	2.906	4.262	-1.696	0.054	1.739	0.000000	0.000000
1582081537203	1582081537202	-1.778	2.671	4.370	-1.503	0.307	1.680	0.000000	0.000000
1582081537219	1582081537216	-2.130	2.415	5.043	-1.608	0.483	1.634	0.000000	0.000000
1582081537237	1582081537237	-2.545	1.965	5.596	-1.835	0.461	1.430	0.000000	0.000000
1582081537257	1582081537256	-2.360	2.492	5.742	-2.286	0.369	1.070	0.000000	0.000000
1582081537280	1582081537280	-1.635	2.882	5.905	-2.097	0.233	0.733	0.000000	0.000000
1582081537297	1582081537296	-0.964	2.504	6.720	-1.627	0.240	0.297	0.000000	0.000000
1582081537317	1582081537316	-0.351	2.870	7.082	-1.852	0.122	0.068	0.000000	0.000000
1582081537336	1582081537336	0.406	2.686	7.707	-2.180	0.040	0.212	0.000000	0.000000
1582081537356	1582081537355	-0.195	0.353	8.550	-2.358	0.281	0.401	0.000000	0.000000
1582081537378	1582081537375	-1.548	-0.874	8.607	-2.705	0.453	0.524	0.000000	0.000000
1582081537396	1582081537396	-1.785	-0.639	8.246	-2.666	0.272	0.279	0.000000	0.000000
1582081537418	1582081537418	-1.275	-0.649	8.593	-2.660	0.078	0.204	0.000000	0.000000
1582081537436	1582081537436	-0.703	-1.614	9.453	-2.122	-0.196	0.577	0.000000	0.000000
1582081537456	1582081537455	-0.377	-2.359	8.948	-1.601	0.050	0.713	0.000000	0.000000
1582081537476	1582081537475	-0.451	-1.442	8.167	-1.724	0.534	0.488	0.000000	0.000000
1582081537496	1582081537496	-0.892	-0.862	8.845	-1.166	0.745	0.588	0.000000	0.000000
1582081537516	1582081537515	-1.838	-1.322	10.018	-0.744	0.738	0.806	0.000000	0.000000
1582081537537	1582081537537	-2.121	-3.262	10.646	-1.186	0.561	0.878	0.000000	0.000000
1582081537557	1582081537554	-2.377	-5.339	9.824	-1.943	0.566	0.884	0.000000	0.000000
1582081537580	1582081537577	-2.794	-4.652	8.315	-2.221	0.433	0.849	0.000000	0.000000
1582081537595	1582081537595	-2.538	-2.539	8.076	-2.048	0.019	0.828	0.000000	0.000000
1582081537617	1582081537616	-1.582	-0.965	8.068	-1.557	-0.318	0.623	0.000000	0.000000
1582081537635	1582081537634	-0.710	-1.727	7.716	-1.247	-0.285	0.734	0.000000	0.000000
1582081537656	1582081537654	-0.777	-3.298	6.674	-1.603	0.002	1.002	0.000000	0.000000
1582081537675	1582081537674	-1.819	-4.455	6.703	-1.554	0.193	1.117	0.000000	0.000000
1582081537695	1582081537695	-2.322	-5.639	7.129	-1.179	-0.056	1.122	0.000000	0.000000
1582081537716	1582081537715	-1.601	-6.043	7.201	-0.959	-0.148	1.011	0.000000	0.000000
1582081537738	1582081537734	-1.187	-5.516	6.928	-1.729	0.246	0.934	0.000000	0.000000
1582081537756	1582081537754	-2.535	-5.126	6.451	-2.269	0.705	0.917	0.000000	0.000000
1582081537776	1582081537774	-3.496	-5.191	6.042	-2.115	0.610	0.884	0.000000	0.000000
1582081537799	1582081537799	-2.942	-6.149	5.910	-2.049	0.128	0.750	0.000000	0.000000
1582081537842	1582081537842	-2.221	-7.804	5.163	-2.378	-0.001	0.698	0.000000	0.000000
1582081537842	1582081537842	-2.952	-9.222	4.348	-2.233	0.396	0.758	0.000000	0.000000
1582081537854	1582081537852	-4.047	-9.900	5.036	-1.574	0.703	0.656	0.000000	0.000000
1582081537873	1582081537872	-4.373	-10.379	5.259	-1.513	0.689	0.423	0.000000	0.000000
1582081537895	1582081537894	-4.418	-11.146	4.621	-1.758	0.603	0.066	0.000000	0.000000
1582081537914	1582081537914	-4.502	-12.035	3.529	-2.027	0.609	-0.396	0.000000	0.000000
1582081537938	1582081537933	-5.772	-13.402	1.531	-2.799	1.123	-1.068	0.000000	0.000000
1582081537955	1582081537953	-8.160	-14.476	-0.321	-4.733	1.936	-2.105	0.000000	0.000000
1582081537974	1582081537974	-8.989	-14.181	-4.930	-8.256	1.491	-3.473	0.000000	0.000000
1582081537994	1582081537994	-7.144	-13.103	-11.445	-13.043	0.369	-4.440	0.000000	0.000000
1582081538016	1582081538015	-7.384	-16.404	-13.081	-15.024	1.074	-4.594	0.000000	0.000000
1582081538037	1582081538034	-8.711	-21.022	-13.719	-10.207	3.523	-3.565	0.000000	0.000000
1582081538055	1582081538052	-9.154	-10.379	-17.369	-6.048	5.823	-1.614	0.000000	0.000000
1582081538073	1582081538073	-11.451	4.772	-19.350	-3.804	5.747	0.920	0.000000	0.000000
1582081538094	1582081538092	-10.972	-4.225	-9.306	1.234	5.559	2.170	0.000000	0.000000
1582081538114	1582081538114	-14.453	-7.021	-1.348	3.708	6.008	4.157	0.000000	0.000000
1582081538137	1582081538137	-13.531	-0.225	0.786	3.032	4.347	5.108	0.000000	0.000000
1582081538153	1582081538153	-10.177	-11.103	0.561	4.393	3.018	6.522	0.000000	0.000000
1582081538173	1582081538171	-12.172	-4.726	1.066	4.949	2.477	7.779	0.000000	0.000000
1582081538194	1582081538191	-7.930	-1.099	4.760	1.937	1.246	7.530	0.000000	0.000000
1582081538217	1582081538211	-11.935	-6.453	4.145	-0.221	1.710	8.050	0.000000	0.000000
1582081538233	1582081538230	-18.187	-11.426	1.752	-0.874	1.896	9.078	0.000000	0.000000
1582081538252	1582081538251	-17.361	-16.734	-0.373	-0.382	1.956	9.238	0.000000	0.000000
1582081538274	1582081538271	-17.584	-16.950	-5.241	-2.458	3.329	8.141	0.000000	0.000000
1582081538292	1582081538292	-17.648	-12.918	-8.367	-4.192	4.024	6.553	0.000000	0.000000
1582081538314	1582081538314	-16.748	-10.739	-8.678	-5.157	4.180	5.444	0.000000	0.000000
1582081538334	1582081538335	-16.942	-12.660	-10.355	-5.309	3.939	5.088	0.000000	0.000000
1582081538354	1582081538352	-16.314	-9.261	-9.160	-3.768	3.461	5.656	0.000000	0.000000
1582081538372	1582081538371	-19.273	-10.597	-8.355	-3.726	3.379	5.296	0.000000	0.000000
1582081538393	1582081538391	-15.845	-8.949	-8.930	-4.531	3.245	4.718	0.000000	0.000000
1582081538414	1582081538414	-17.469	-2.726	-10.245	-5.033	3.402	3.670	0.000000	0.000000
1582081538434	1582081538431	-13.998	-6.659	-10.904	-4.613	2.599	2.875	0.000000	0.000000
1582081538451	1582081538451	-15.255	-8.202	-8.101	-3.541	2.890	2.681	0.000000	0.000000
1582081538472	1582081538471	-14.302	-1.286	-6.882	-2.999	1.894	2.568	0.000000	0.000000
1582081538492	1582081538490	-8.639	-0.893	-4.692	-2.784	0.876	1.704	0.000000	0.000000
1582081538516	1582081538516	-10.031	3.630	-5.344	-3.557	1.501	1.253	0.000000	0.000000
1582081538537	1582081538532	-11.020	3.924	-5.401	-2.949	0.649	0.953	0.000000	0.000000
1582081538552	1582081538552	-8.354	4.058	-4.961	-2.825	-0.280	0.537	0.000000	0.000000
1582081538571	1582081538570	-6.833	6.258	-4.553	-3.002	-0.394	0.435	0.000000	0.000000
1582081538591	1582081538590	-7.369	5.120	-4.254	-3.527	-0.011	0.510	0.000000	0.000000
1582081538612	1582081538610	-9.497	5.589	-4.352	-3.396	-0.092	0.670	0.000000	0.000000
1582081538644	1582081538644	-7.896	6.068	-4.604	-3.141	-1.003	0.945	0.000000	0.000000
1582081538651	1582081538651	-8.117	7.017	-4.539	-2.085	-1.402	0.658	0.000000	0.000000
1582081538672	1582081538671	-6.569	3.335	-3.313	-1.480	-1.773	0.169	0.000000	0.000000
1582081538691	1582081538690	-8.737	3.357	-0.733	-1.799	-1.515	0.021	0.000000	0.000000
1582081538711	1582081538710	-12.615	2.183	-0.754	-1.916	-2.173	-0.201	0.000000	0.000000
1582081538735	1582081538735	-9.183	0.899	-0.754	-1.597	-4.014	-0.101	0.000000	0.000000
1582081538752	1582081538750	-6.574	3.076	1.320	-1.308	-3.592	0.285	0.000000	0.000000
1582081538770	1582081538769	-11.207	5.822	1.203	-1.235	-2.796	-0.068	0.000000	0.000000
1582081538791	1582081538789	-10.670	4.207	2.360	0.364	-3.400	-1.236	0.000000	0.000000
1582081538814	1582081538809	-9.147	0.405	5.156	0.997	-4.176	-1.038	0.000000	0.000000
1582081538845	1582081538835	-11.902	1.922	4.861	0.011	-3.768	-0.341	0.000000	0.000000
1582081538869	1582081538869	-15.926	2.676	3.361	0.406	-4.242	0.167	0.000000	0.000000
1582081538869	1582081538869	-18.130	-0.256	1.311	2.248	-5.937	-0.106	0.000000	0.000000
1582081538889	1582081538888	-17.349	-2.108	-1.540	3.901	-7.905	-0.257	0.000000	0.000000
1582081538910	1582081538909	-16.513	-1.372	-4.786	4.870	-9.399	0.037	0.000000	0.000000
1582081538935	1582081538935	-14.575	-0.447	-8.880	5.923	-10.949	-0.360	0.000000	0.000000
1582081538951	1582081538951	-11.435	-2.498	-11.939	6.765	-11.953	-1.074	0.000000	0.000000
1582081538970	1582081538968	-7.561	-5.231	-12.890	7.954	-11.777	-1.632	0.000000	0.000000
1582081538989	1582081538988	-4.253	-3.341	-11.987	8.553	-10.036	-1.809	0.000000	0.000000
1582081539011	1582081539010	-3.790	-3.519	-10.528	9.420	-7.409	-1.864	0.000000	0.000000
1582081539030	1582081539030	-5.738	-7.586	-12.883	9.221	-5.668	-1.542	0.000000	0.000000
1582081539049	1582081539049	-4.947	-4.072	-16.208	7.062	-5.300	-1.051	0.000000	0.000000
1582081539072	1582081539072	-3.637	3.325	-14.437	4.055	-5.222	-0.939	0.000000	0.000000
1582081539089	1582081539088	-2.741	1.934	-12.940	2.471	-4.689	-1.194	0.000000	0.000000
1582081539108	1582081539108	-2.626	1.778	-11.733	0.419	-4.080	-1.423	0.000000	0.000000
1582081539131	1582081539131	-3.465	4.571	-8.005	-1.904	-3.785	-1.574	0.000000	0.000000
1582081539154	1582081539152	-7.010	4.679	-1.502	-3.104	-4.019	-1.768	0.000000	0.000000
1582081539172	1582081539172	-11.264	3.198	5.237	-2.512	-4.793	-1.807	0.000000	0.000000
1582081539188	1582081539188	-12.366	3.198	8.294	-2.310	-5.342	-0.889	0.000000	0.000000
1582081539208	1582081539208	-11.882	1.974	9.932	-0.967	-5.050	0.406	0.000000	0.000000
1582081539229	1582081539227	-10.409	7.750	8.859	0.102	-4.502	0.807	0.000000	0.000000
1582081539249	1582081539248	-16.482	6.418	8.033	-0.370	-4.359	1.567	0.000000	0.000000
1582081539269	1582081539267	-15.116	3.472	8.957	-0.521	-5.205	1.473	0.000000	0.000000
1582081539288	1582081539288	-12.663	4.205	11.523	-0.530	-5.128	1.469	0.000000	0.000000
1582081539308	1582081539307	-9.609	9.973	14.764	0.020	-4.743	1.291	0.000000	0.000000
1582081539330	1582081539330	-7.832	9.863	10.706	0.807	-3.340	1.545	0.000000	0.000000
1582081539349	1582081539347	-7.695	7.472	10.251	-0.402	-2.458	1.867	0.000000	0.000000
1582081539372	1582081539367	-6.838	7.376	9.678	0.073	-2.585	2.348	0.000000	0.000000
1582081539387	1582081539387	-5.901	6.114	9.190	-0.206	-2.495	2.391	0.000000	0.000000
1582081539407	1582081539407	-2.976	7.530	9.525	-0.616	-2.113	2.117	0.000000	0.000000
1582081539428	1582081539426	-3.407	5.553	8.866	-1.306	-1.542	2.214	0.000000	0.000000
1582081539450	1582081539450	-3.759	5.556	7.970	-1.812	-1.095	1.993	0.000000	0.000000
1582081539471	1582081539471	-3.417	5.045	7.180	-1.692	-0.943	1.909	0.000000	0.000000
1582081539489	1582081539487	-3.206	5.000	7.053	-1.601	-0.602	1.700	0.000000	0.000000
1582081539507	1582081539507	-2.288	5.546	6.995	-1.582	-0.607	1.424	0.000000	0.000000
1582081539527	1582081539526	-1.548	5.139	6.485	-2.080	-0.448	1.433	0.000000	0.000000
1582081539559	1582081539553	-2.221	3.943	5.934	-2.775	0.177	1.390	0.000000	0.000000
1582081539568	1582081539568	-1.658	3.179	4.391	-3.044	0.379	1.250	0.000000	0.000000
1582081539587	1582081539586	-1.730	3.163	3.855	-2.831	0.340	1.313	0.000000	0.000000
1582081539606	1582081539605	-2.638	2.588	4.264	-2.434	0.156	1.214	0.000000	0.000000
1582081539627	1582081539625	-2.262	1.349	4.732	-2.467	-0.195	0.919	0.000000	0.000000
1582081539647	1582081539648	-1.309	0.628	5.017	-2.757	-0.180	0.573	0.000000	0.000000
1582081539668	1582081539666	-0.693	1.023	4.988	-2.758	-0.040	0.344	0.000000	0.000000
1582081539692	1582081539692	-1.040	1.668	5.251	-2.178	0.004	0.261	0.000000	0.000000
1582081539706	1582081539705	-1.400	1.040	6.629	-1.696	0.058	0.298	0.000000	0.000000
1582081539725	1582081539725	-1.160	-0.182	7.446	-1.914	0.318	0.456	0.000000	0.000000
1582081539746	1582081539746	-2.126	-1.760	7.568	-2.309	0.627	0.501	0.000000	0.000000
1582081539775	1582081539770	-1.879	-1.959	7.817	-2.261	0.241	0.204	0.000000	0.000000
1582081539788	1582081539785	-0.518	-1.319	8.330	-1.991	0.158	0.255	0.000000	0.000000
1582081539805	1582081539805	-1.340	-0.745	9.455	-1.725	0.819	0.298	0.000000	0.000000
1582081539826	1582081539825	-2.744	-0.977	10.423	-1.956	0.965	0.410	0.000000	0.000000
1582081539850	1582081539848	-3.534	-0.589	8.586	-2.004	0.779	0.562	0.000000	0.000000
1582081539866	1582081539865	-2.844	-0.831	9.738	-0.993	0.188	0.620	0.000000	0.000000
1582081539891	1582081539885	-1.807	-2.072	9.518	-0.858	-0.376	0.850	0.000000	0.000000
1582081539905	1582081539904	-2.023	-3.607	8.912	-1.772	0.086	0.893	0.000000	0.000000
1582081539925	1582081539924	-3.129	-4.302	8.413	-2.440	0.262	0.845	0.000000	0.000000
1582081539944	1582081539944	-3.012	-2.630	7.961	-1.968	-0.111	0.912	0.000000	0.000000
1582081539970	1582081539970	-1.910	-2.110	9.527	-1.014	-0.159	0.934	0.000000	0.000000
1582081539985	1582081539984	-2.253	-3.396	8.854	-1.290	0.127	1.243	0.000000	0.000000
1582081540005	1582081540004	-3.400	-3.564	7.168	-1.805	0.346	1.180	0.000000	0.000000
1582081540025	1582081540023	-3.743	-3.748	6.897	-1.654	-0.044	1.004	0.000000	0.000000
1582081540044	1582081540044	-2.672	-4.010	7.539	-1.477	-0.550	0.920	0.000000	0.000000
1582081540064	1582081540064	-1.524	-5.049	6.885	-1.498	-0.538	0.977	0.000000	0.000000
1582081540088	1582081540084	-1.687	-5.423	5.766	-1.359	-0.110	1.129	0.000000	0.000000
1582081540107	1582081540106	-2.844	-5.282	5.946	-1.369	0.514	1.205	0.000000	0.000000
1582081540124	1582081540123	-4.358	-6.563	5.417	-2.200	0.661	1.127	0.000000	0.000000
1582081540144	1582081540144	-4.835	-7.100	4.612	-2.441	0.286	0.899	0.000000	0.000000
1582081540169	1582081540168	-3.695	-6.973	3.658	-2.782	-0.278	0.687	0.000000	0.000000
1582081540184	1582081540183	-3.007	-7.648	2.985	-2.782	-0.217	0.577	0.000000	0.000000
1582081540206	1582081540203	-3.956	-7.691	3.634	-2.590	0.408	0.485	0.000000	0.000000
1582081540223	1582081540223	-4.871	-8.681	3.728	-3.045	0.677	0.354	0.000000	0.000000
1582081540245	1582081540242	-4.792	-9.510	2.209	-3.704	0.744	0.105	0.000000	0.000000
1582081540263	1582081540263	-5.058	-10.001	1.169	-3.711	0.845	-0.102	0.000000	0.000000
1582081540288	1582081540283	-5.776	-11.311	-0.088	-3.422	0.991	-0.290	0.000000	0.000000
1582081540307	1582081540303	-7.341	-13.146	-0.586	-3.155	1.373	-0.675	0.000000	0.000000
1582081540323	1582081540322	-8.670	-13.256	-1.617	-3.347	1.520	-1.175	0.000000	0.000000
1582081540343	1582081540343	-8.114	-12.032	-5.581	-4.782	1.644	-1.700	0.000000	0.000000
1582081540365	1582081540365	-8.481	-10.643	-11.412	-7.652	2.196	-2.172	0.000000	0.000000
1582081540383	1582081540384	-10.634	-16.114	-17.750	-9.853	2.571	-2.137	0.000000	0.000000
1582081540405	1582081540402	-9.767	-26.939	-19.767	-7.525	3.309	-1.837	0.000000	0.000000
1582081540427	1582081540422	-6.790	-21.523	-18.658	-3.687	4.653	-1.155	0.000000	0.000000
1582081540444	1582081540442	-12.419	-7.909	-17.080	-4.037	6.071	-0.268	0.000000	0.000000
1582081540463	1582081540462	-14.312	-11.749	-10.727	-1.224	6.716	-0.110	0.000000	0.000000
1582081540491	1582081540482	-8.419	-12.104	-3.411	1.407	5.577	1.175	0.000000	0.000000
1582081540506	1582081540503	-11.389	2.789	-3.075	2.042	5.025	3.549	0.000000	0.000000
1582081540523	1582081540522	-11.765	2.446	1.428	4.230	3.440	4.786	0.000000	0.000000
1582081540543	1582081540541	-12.374	7.288	2.786	3.404	2.414	6.606	0.000000	0.000000
1582081540563	1582081540561	-11.037	10.775	8.222	2.746	0.659	8.207	0.000000	0.000000
1582081540583	1582081540581	-20.176	-8.930	6.574	1.678	0.900	9.488	0.000000	0.000000
1582081540602	1582081540600	-16.978	-12.003	0.060	-0.931	1.158	9.008	0.000000	0.000000
1582081540622	1582081540622	-15.133	-23.219	-7.495	-2.531	2.060	7.667	0.000000	0.000000
1582081540642	1582081540641	-13.404	-13.628	-7.636	-3.384	3.031	7.188	0.000000	0.000000
1582081540662	1582081540661	-19.095	-12.607	-9.603	-4.849	3.780	6.066	0.000000	0.000000
1582081540682	1582081540682	-18.789	-11.007	-8.348	-4.733	3.545	5.849	0.000000	0.000000
1582081540712	1582081540709	-19.651	-12.092	-10.008	-4.999	3.530	5.651	0.000000	0.000000
1582081540727	1582081540727	-18.116	-7.735	-10.240	-4.772	3.227	5.330	0.000000	0.000000
1582081540740	1582081540740	-18.990	-8.530	-10.497	-5.056	3.183	4.640	0.000000	0.000000
1582081540762	1582081540761	-16.762	-10.430	-10.576	-4.279	2.768	4.436	0.000000	0.000000
1582081540782	1582081540780	-13.205	-6.316	-10.521	-4.001	2.579	4.042	0.000000	0.000000
1582081540801	1582081540801	-13.943	-6.472	-9.618	-3.556	2.655	3.480	0.000000	0.000000
1582081540826	1582081540826	-10.955	-4.144	-8.362	-3.827	2.175	2.869	0.000000	0.000000
1582081540849	1582081540848	-11.648	-2.572	-8.741	-3.782	2.217	2.015	0.000000	0.000000
1582081540861	1582081540860	-7.573	-3.399	-7.411	-3.204	1.282	1.683	0.000000	0.000000
1582081540882	1582081540882	-8.716	1.814	-5.382	-3.703	1.364	1.622	0.000000	0.000000
1582081540904	1582081540904	-7.089	3.321	-5.866	-2.526	0.938	1.264	0.000000	0.000000
1582081540924	1582081540920	-6.205	1.452	-3.535	-2.295	0.550	1.088	0.000000	0.000000
1582081540940	1582081540940	-6.653	6.332	-3.392	-2.318	0.375	0.990	0.000000	0.000000
1582081540962	1582081540960	-7.527	5.565	-3.842	-2.030	-0.318	0.980	0.000000	0.000000
1582081540984	1582081540980	-6.375	6.595	-2.455	-1.508	-1.178	0.742	0.000000	0.000000
1582081541003	1582081541003	-5.697	6.713	-3.674	-1.691	-1.306	0.602	0.000000	0.000000
1582081541025	1582081541025	-7.027	6.174	-4.072	-1.820	-1.542	0.646	0.000000	0.000000
1582081541040	1582081541039	-9.374	4.784	-2.211	-1.817	-1.783	0.344	0.000000	0.000000
1582081541061	1582081541059	-10.687	4.298	-1.439	-1.797	-2.217	-0.089	0.000000	0.000000
1582081541080	1582081541079	-10.522	3.591	-1.715	-1.450	-3.340	-0.601	0.000000	0.000000
1582081541103	1582081541103	-8.280	3.421	-1.154	-1.523	-3.923	-0.342	0.000000	0.000000
1582081541120	1582081541119	-11.013	4.842	-0.951	-0.593	-3.420	-0.713	0.000000	0.000000
1582081541140	1582081541139	-9.453	4.696	-0.251	-0.145	-3.769	-1.244	0.000000	0.000000
1582081541161	1582081541159	-8.740	4.200	1.280	-0.313	-3.561	-0.743	0.000000	0.000000
1582081541180	1582081541179	-9.362	5.347	1.723	-0.059	-3.112	-0.378	0.000000	0.000000
1582081541204	1582081541204	-11.767	4.933	1.797	0.314	-2.940	-0.228	0.000000	0.000000
1582081541220	1582081541220	-14.230	3.333	1.557	0.484	-3.814	-0.303	0.000000	0.000000
1582081541240	1582081541240	-15.191	0.731	1.596	1.209	-5.346	-0.435	0.000000	0.000000
1582081541260	1582081541258	-16.067	-1.118	0.187	2.221	-6.582	-0.346	0.000000	0.000000
1582081541280	1582081541278	-15.483	-1.504	-2.177	3.482	-7.925	-0.047	0.000000	0.000000
1582081541305	1582081541302	-14.312	-1.806	-4.757	4.836	-9.052	0.142	0.000000	0.000000
1582081541320	1582081541319	-13.054	-4.458	-8.089	6.518	-9.952	0.028	0.000000	0.000000
1582081541339	1582081541338	-9.576	-7.284	-11.074	8.795	-10.529	0.057	0.000000	0.000000
1582081541360	1582081541358	-6.241	-3.820	-13.045	9.517	-9.877	0.177	0.000000	0.000000
1582081541378	1582081541378	-4.061	-1.209	-12.394	9.102	-8.366	-0.413	0.000000	0.000000
1582081541398	1582081541398	-3.419	-4.515	-11.819	8.166	-6.826	-0.822	0.000000	0.000000
1582081541421	1582081541418	-3.292	-6.007	-13.441	6.604	-5.767	-0.894	0.000000	0.000000
1582081541440	1582081541439	-3.024	-1.523	-14.361	4.652	-5.208	-0.949	0.000000	0.000000
1582081541458	1582081541457	-3.122	2.530	-13.077	2.862	-4.797	-0.956	0.000000	0.000000
1582081541478	1582081541477	-2.928	2.743	-12.516	1.912	-4.465	-1.214	0.000000	0.000000
1582081541499	1582081541499	-2.471	3.146	-11.611	0.854	-4.210	-1.488	0.000000	0.000000
1582081541518	1582081541517	-3.053	4.025	-8.015	-0.343	-3.966	-1.489	0.000000	0.000000
1582081541538	1582081541538	-6.124	3.927	-1.286	-1.907	-4.106	-1.497	0.000000	0.000000
1582081541559	1582081541557	-10.965	-1.633	5.309	-0.878	-4.816	-1.405	0.000000	0.000000
1582081541578	1582081541577	-12.441	1.241	10.009	0.102	-5.302	-0.694	0.000000	0.000000
1582081541597	1582081541597	-11.437	3.230	10.783	0.216	-5.631	0.282	0.000000	0.000000
1582081541625	1582081541617	-12.934	4.430	9.484	0.363	-5.058	0.375	0.000000	0.000000
1582081541639	1582081541638	-16.120	5.237	7.338	-0.130	-5.293	1.231	0.000000	0.000000
1582081541658	1582081541657	-16.285	4.224	9.367	-0.324	-5.405	1.294	0.000000	0.000000
1582081541678	1582081541677	-11.001	8.040	15.224	0.120	-5.275	0.945	0.000000	0.000000
1582081541698	1582081541696	-9.456	12.596	11.611	-0.853	-3.548	1.520	0.000000	0.000000
1582081541718	1582081541718	-11.686	10.802	9.429	-0.616	-2.496	1.908	0.000000	0.000000
1582081541738	1582081541737	-7.336	8.917	10.327	0.312	-2.929	1.736	0.000000	0.000000
1582081541759	1582081541758	-3.735	6.665	11.070	0.916	-3.008	2.115	0.000000	0.000000
1582081541777	1582081541776	-4.226	6.667	9.810	-0.167	-2.314	2.460	0.000000	0.000000
1582081541797	1582081541796	-5.046	6.399	8.083	-1.514	-1.714	2.357	0.000000	0.000000
1582081541817	1582081541816	-4.538	5.192	7.326	-1.404	-1.513	2.489	0.000000	0.000000
1582081541849	1582081541842	-4.902	5.886	7.261	-1.007	-1.356	2.327	0.000000	0.000000
1582081541874	1582081541864	-3.148	6.447	7.817	-0.947	-1.183	1.991	0.000000	0.000000
1582081541877	1582081541877	-2.576	5.766	7.640	-1.152	-0.769	1.750	0.000000	0.000000
1582081541898	1582081541896	-2.998	6.356	7.606	-1.259	-0.350	1.570	0.000000	0.000000
1582081541918	1582081541915	-2.873	6.284	7.036	-1.268	-0.400	1.584	0.000000	0.000000
1582081541936	1582081541935	-3.331	5.666	6.303	-1.853	-0.317	1.518	0.000000	0.000000
1582081541961	1582081541960	-2.758	5.225	5.378	-2.514	-0.468	1.487	0.000000	0.000000
1582081541976	1582081541975	-2.006	4.344	5.019	-2.825	-0.714	1.449	0.000000	0.000000
1582081541996	1582081541995	-1.438	2.523	4.607	-3.123	-0.601	1.511	0.000000	0.000000
1582081542017	1582081542015	-1.450	1.256	4.348	-3.400	-0.126	1.434	0.000000	0.000000
1582081542037	1582081542037	-1.455	1.064	5.091	-2.977	0.150	1.226	0.000000	0.000000
1582081542061	1582081542056	-1.354	1.076	5.706	-2.570	0.214	1.015	0.000000	0.000000
1582081542076	1582081542075	-0.957	1.294	6.193	-2.310	0.244	0.633	0.000000	0.000000
1582081542096	1582081542095	-0.906	1.632	5.845	-2.039	0.362	0.419	0.000000	0.000000
1582081542118	1582081542114	-0.973	2.319	5.886	-1.669	0.525	0.272	0.000000	0.000000
1582081542136	1582081542135	-1.445	1.586	7.374	-1.531	0.629	0.513	0.000000	0.000000
1582081542158	1582081542158	-2.363	0.230	7.970	-1.890	0.788	0.623	0.000000	0.000000
1582081542180	1582081542180	-2.617	-0.021	7.659	-2.136	0.649	0.349	0.000000	0.000000
1582081542196	1582081542194	-1.613	-0.843	7.137	-2.150	0.207	0.209	0.000000	0.000000
1582081542216	1582081542214	-0.818	-2.031	7.534	-1.886	0.127	0.205	0.000000	0.000000
1582081542238	1582081542238	-0.901	-2.673	8.730	-1.399	0.465	0.331	0.000000	0.000000
1582081542258	1582081542254	-1.567	-2.184	8.883	-1.654	0.749	0.538	0.000000	0.000000
1582081542275	1582081542274	-2.197	-1.406	8.984	-1.900	0.725	0.572	0.000000	0.000000
1582081542295	1582081542294	-2.705	-1.291	8.916	-1.972	0.484	0.511	0.000000	0.000000
1582081542314	1582081542314	-2.660	-1.607	8.337	-1.995	0.016	0.491	0.000000	0.000000
1582081542339	1582081542339	-1.088	-2.613	8.327	-2.029	-0.271	0.551	0.000000	0.000000
1582081542358	1582081542358	-1.057	-4.093	7.740	-2.160	0.001	0.813	0.000000	0.000000
1582081542375	1582081542375	-2.346	-4.673	7.438	-2.055	0.245	1.013	0.000000	0.000000
1582081542393	1582081542393	-3.019	-4.381	7.716	-1.693	0.085	1.072	0.000000	0.000000
1582081542414	1582081542413	-2.255	-4.879	7.884	-1.563	-0.203	0.943	0.000000	0.000000
1582081542437	1582081542437	-0.964	-5.782	6.947	-1.871	-0.148	0.921	0.000000	0.000000
1582081542455	1582081542455	-1.745	-6.027	5.948	-1.775	0.252	1.006	0.000000	0.000000
1582081542474	1582081542473	-2.830	-5.363	6.303	-1.406	0.316	1.018	0.000000	0.000000
1582081542494	1582081542493	-2.784	-5.318	6.705	-1.512	0.210	0.938	0.000000	0.000000
1582081542514	1582081542513	-3.192	-6.300	6.214	-1.967	0.208	0.890	0.000000	0.000000
1582081542534	1582081542533	-3.184	-7.251	5.201	-2.454	0.176	0.826	0.000000	0.000000
1582081542559	1582081542559	-2.969	-7.576	4.746	-2.573	0.188	0.814	0.000000	0.000000
1582081542576	1582081542575	-2.919	-7.488	4.293	-2.335	0.235	0.900	0.000000	0.000000
1582081542594	1582081542592	-3.462	-7.888	3.922	-2.054	0.346	0.857	0.000000	0.000000
1582081542613	1582081542613	-3.556	-9.153	3.512	-1.814	0.420	0.849	0.000000	0.000000
1582081542636	1582081542636	-3.843	-9.685	3.452	-1.668	0.477	0.747	0.000000	0.000000
1582081542660	1582081542660	-4.327	-9.804	3.328	-1.739	0.615	0.667	0.000000	0.000000
1582081542673	1582081542673	-4.765	-10.367	3.045	-2.139	0.812	0.446	0.000000	0.000000
1582081542693	1582081542692	-5.494	-11.536	2.166	-2.544	0.978	-0.008	0.000000	0.000000
1582081542713	1582081542712	-6.006	-12.665	0.326	-2.940	1.204	-0.708	0.000000	0.000000
1582081542733	1582081542732	-6.342	-14.102	-2.280	-3.766	1.496	-1.715	0.000000	0.000000
1582081542754	1582081542754	-7.851	-14.552	-5.500	-5.795	1.853	-2.748	0.000000	0.000000
1582081542774	1582081542773	-10.160	-13.340	-7.972	-8.934	2.257	-3.249	0.000000	0.000000
1582081542792	1582081542792	-9.008	-10.624	-12.645	-11.541	2.188	-3.029	0.000000	0.000000
1582081542812	1582081542812	-5.324	-15.345	-16.981	-10.981	2.710	-2.217	0.000000	0.000000
1582081542833	1582081542831	-7.087	-19.719	-19.597	-8.865	4.102	-1.016	0.000000	0.000000
1582081542858	1582081542858	-9.441	-15.616	-19.961	-3.887	4.911	0.265	0.000000	0.000000
1582081542875	1582081542873	-9.966	-12.082	-15.245	-0.960	5.047	0.569	0.000000	0.000000
1582081542892	1582081542890	-11.585	-12.023	-8.719	-0.517	5.522	0.994	0.000000	0.000000
1582081542913	1582081542911	-10.345	-6.182	-4.932	0.739	5.515	1.723	0.000000	0.000000
1582081542933	1582081542933	-10.016	1.179	-4.712	1.793	4.960	3.132	0.000000	0.000000
1582081542957	1582081542956	-10.234	-1.669	-0.812	4.931	3.699	4.445	0.000000	0.000000
1582081542977	1582081542971	-8.732	-5.701	0.880	5.935	3.036	5.435	0.000000	0.000000
1582081542995	1582081542995	-5.978	-1.660	-0.258	3.541	2.091	6.050	0.000000	0.000000
1582081543012	1582081543011	-6.320	2.770	5.266	2.551	1.527	6.673	0.000000	0.000000
1582081543031	1582081543031	-9.075	-6.666	5.551	0.105	1.433	7.032	0.000000	0.000000
1582081543051	1582081543051	-8.184	-2.941	0.518	-1.200	0.930	7.488	0.000000	0.000000
