1582081791972	1582081791969	0.847	-0.268	5.718	-2.874	-0.427	0.195	0.000000	0.000000
1582081791990	1582081791988	-0.113	-3.339	6.816	-2.408	0.469	0.414	0.000000	0.000000
1582081792009	1582081792008	-1.766	-4.189	7.431	-2.031	1.018	0.364	0.000000	0.000000
1582081792029	1582081792028	-2.102	-2.668	7.884	-2.227	0.872	0.262	0.000000	0.000000
1582081792049	1582081792047	-2.401	-1.192	9.067	-2.196	0.445	0.468	0.000000	0.000000
1582081792069	1582081792067	-1.867	0.573	9.729	-1.939	0.008	0.444	0.000000	0.000000
1582081792089	1582081792088	-1.862	0.851	9.166	-1.942	0.070	0.340	0.000000	0.000000
1582081792109	1582081792108	-1.790	-0.591	9.012	-2.211	-0.062	0.532	0.000000	0.000000
1582081792128	1582081792127	-1.618	-2.218	8.401	-2.562	-0.243	0.734	0.000000	0.000000
1582081792149	1582081792147	-1.460	-3.878	7.534	-2.677	-0.182	0.961	0.000000	0.000000
1582081792169	1582081792168	-1.402	-5.586	7.261	-2.060	-0.206	1.229	0.000000	0.000000
1582081792194	1582081792190	-0.966	-7.105	7.201	-1.691	-0.088	1.346	0.000000	0.000000
1582081792208	1582081792207	-1.321	-6.091	7.436	-1.825	0.266	1.217	0.000000	0.000000
1582081792228	1582081792227	-2.217	-3.856	7.316	-1.683	0.316	1.179	0.000000	0.000000
1582081792248	1582081792247	-1.625	-3.358	6.945	-1.225	0.142	1.227	0.000000	0.000000
1582081792268	1582081792267	-1.493	-4.903	6.717	-1.342	0.084	1.411	0.000000	0.000000
1582081792288	1582081792287	-2.332	-6.182	6.332	-1.674	0.191	1.414	0.000000	0.000000
1582081792311	1582081792310	-2.746	-6.199	6.521	-1.630	0.018	1.371	0.000000	0.000000
1582081792328	1582081792326	-2.420	-6.424	5.960	-1.779	0.093	1.319	0.000000	0.000000
1582081792347	1582081792346	-3.580	-6.834	5.297	-1.776	0.406	1.337	0.000000	0.000000
1582081792370	1582081792369	-4.744	-5.974	5.285	-1.821	0.495	1.291	0.000000	0.000000
1582081792390	1582081792389	-5.094	-6.592	5.067	-2.575	0.278	1.271	0.000000	0.000000
1582081792407	1582081792406	-4.562	-8.343	3.036	-3.370	-0.033	1.254	0.000000	0.000000
1582081792427	1582081792426	-3.989	-9.467	2.022	-3.024	-0.070	1.207	0.000000	0.000000
1582081792447	1582081792446	-3.949	-9.019	2.422	-2.815	-0.004	1.064	0.000000	0.000000
1582081792467	1582081792466	-4.145	-8.664	2.276	-2.864	0.236	1.141	0.000000	0.000000
1582081792487	1582081792486	-5.144	-10.521	1.466	-2.662	0.805	1.199	0.000000	0.000000
1582081792511	1582081792510	-6.634	-13.021	-0.366	-2.598	1.608	0.846	0.000000	0.000000
1582081792527	1582081792526	-10.155	-15.053	-1.600	-2.744	2.205	-0.087	0.000000	0.000000
1582081792547	1582081792545	-13.459	-15.235	-3.147	-4.498	1.691	-1.372	0.000000	0.000000
1582081792567	1582081792565	-12.498	-11.927	-9.541	-8.420	0.605	-2.651	0.000000	0.000000
1582081792590	1582081792585	-12.857	-11.606	-14.524	-11.203	0.186	-3.317	0.000000	0.000000
1582081792606	1582081792605	-10.139	-21.473	-17.412	-11.401	1.798	-2.944	0.000000	0.000000
1582081792626	1582081792625	-10.570	-20.850	-15.748	-9.400	4.409	-2.106	0.000000	0.000000
1582081792646	1582081792645	-14.805	-8.568	-17.230	-4.974	5.420	0.076	0.000000	0.000000
1582081792666	1582081792665	-17.378	-4.295	-13.855	1.174	6.177	2.049	0.000000	0.000000
1582081792686	1582081792685	-15.368	-12.873	-4.237	3.439	6.503	3.199	0.000000	0.000000
1582081792709	1582081792708	-12.256	-0.936	-3.310	3.830	5.783	3.896	0.000000	0.000000
1582081792726	1582081792725	-10.730	-9.938	2.302	4.483	3.926	4.347	0.000000	0.000000
1582081792746	1582081792745	-7.142	-4.817	4.228	3.306	2.211	6.284	0.000000	0.000000
1582081792766	1582081792765	-1.673	9.166	4.624	3.048	1.551	7.007	0.000000	0.000000
1582081792792	1582081792786	-9.336	-1.882	4.176	1.693	1.978	7.482	0.000000	0.000000
1582081792807	1582081792806	-13.581	-8.386	2.415	0.603	1.449	8.652	0.000000	0.000000
1582081792829	1582081792826	-16.357	-13.412	-0.469	-0.032	1.281	8.534	0.000000	0.000000
1582081792847	1582081792845	-12.620	-14.785	-4.113	-2.226	2.026	6.818	0.000000	0.000000
1582081792866	1582081792865	-15.112	-14.737	-8.278	-4.661	3.365	5.768	0.000000	0.000000
1582081792886	1582081792885	-16.544	-10.844	-8.525	-3.947	2.984	5.938	0.000000	0.000000
1582081792909	1582081792905	-16.079	-12.760	-8.760	-3.947	2.918	5.574	0.000000	0.000000
1582081792928	1582081792928	-17.210	-12.308	-9.117	-4.416	3.464	5.071	0.000000	0.000000
1582081792945	1582081792945	-15.696	-5.334	-8.611	-4.701	2.874	4.893	0.000000	0.000000
1582081792966	1582081792965	-16.458	-6.360	-10.396	-4.417	2.650	4.316	0.000000	0.000000
1582081792998	1582081792998	-14.623	-8.724	-10.406	-4.276	2.410	3.900	0.000000	0.000000
1582081793005	1582081793005	-15.097	-2.663	-11.019	-4.575	2.222	3.547	0.000000	0.000000
1582081793025	1582081793025	-13.186	-5.895	-10.027	-4.252	1.643	2.657	0.000000	0.000000
1582081793045	1582081793045	-11.334	-3.935	-8.611	-4.409	1.413	2.171	0.000000	0.000000
1582081793066	1582081793064	-10.699	0.743	-8.468	-4.322	1.167	1.814	0.000000	0.000000
1582081793087	1582081793087	-9.779	-0.713	-5.916	-4.002	0.559	1.463	0.000000	0.000000
1582081793107	1582081793107	-8.258	4.997	-6.305	-4.006	0.316	1.320	0.000000	0.000000
1582081793128	1582081793124	-8.294	2.782	-4.721	-3.133	0.221	1.392	0.000000	0.000000
1582081793146	1582081793144	-9.853	2.276	-3.008	-3.242	-0.116	1.463	0.000000	0.000000
1582081793164	1582081793164	-8.066	5.709	-3.063	-2.996	-0.745	1.326	0.000000	0.000000
1582081793185	1582081793184	-8.148	6.202	-4.187	-2.575	-0.889	1.079	0.000000	0.000000
1582081793214	1582081793214	-9.013	5.177	-4.216	-2.333	-1.222	0.446	0.000000	0.000000
1582081793227	1582081793225	-7.221	2.082	-3.217	-1.761	-1.836	0.364	0.000000	0.000000
1582081793245	1582081793244	-9.324	3.462	0.166	-2.017	-1.828	0.715	0.000000	0.000000
1582081793266	1582081793264	-12.572	3.428	2.803	-1.266	-2.507	0.182	0.000000	0.000000
1582081793285	1582081793283	-9.997	0.516	3.105	-1.161	-3.417	0.288	0.000000	0.000000
1582081793313	1582081793304	-11.849	3.215	3.016	-0.644	-3.177	0.520	0.000000	0.000000
1582081793328	1582081793324	-12.103	4.736	3.057	-0.309	-3.294	-0.182	0.000000	0.000000
1582081793344	1582081793344	-13.286	1.100	3.440	-0.601	-3.658	-0.426	0.000000	0.000000
1582081793364	1582081793363	-15.354	1.256	1.809	-0.235	-4.501	-0.621	0.000000	0.000000
1582081793384	1582081793383	-15.037	0.657	0.175	0.848	-5.774	-0.887	0.000000	0.000000
1582081793404	1582081793404	-15.653	-1.173	-0.529	1.914	-6.871	-0.999	0.000000	0.000000
1582081793427	1582081793423	-15.155	-0.735	-2.371	2.556	-7.934	-1.122	0.000000	0.000000
1582081793445	1582081793444	-14.290	0.058	-4.623	2.985	-8.792	-1.322	0.000000	0.000000
1582081793464	1582081793463	-13.408	-0.771	-6.532	4.028	-9.589	-1.767	0.000000	0.000000
1582081793484	1582081793483	-12.352	-4.393	-8.410	6.272	-10.083	-1.921	0.000000	0.000000
1582081793503	1582081793503	-10.024	-7.232	-10.849	9.071	-10.141	-1.727	0.000000	0.000000
1582081793527	1582081793527	-6.866	-2.649	-13.084	9.694	-9.000	-1.339	0.000000	0.000000
1582081793546	1582081793543	-6.093	0.463	-12.346	9.276	-7.405	-1.242	0.000000	0.000000
1582081793563	1582081793562	-6.004	-1.667	-11.175	8.251	-6.709	-1.538	0.000000	0.000000
1582081793583	1582081793583	-5.209	-4.335	-12.818	7.030	-6.063	-1.527	0.000000	0.000000
1582081793605	1582081793604	-4.085	-1.312	-15.949	5.792	-5.240	-1.280	0.000000	0.000000
1582081793624	1582081793624	-3.096	1.433	-15.573	4.785	-4.365	-0.991	0.000000	0.000000
1582081793644	1582081793642	-3.192	3.273	-13.192	3.040	-3.867	-0.700	0.000000	0.000000
1582081793663	1582081793662	-4.310	5.783	-9.227	1.140	-3.749	-0.852	0.000000	0.000000
1582081793683	1582081793683	-5.484	6.562	-5.009	-1.147	-4.036	-1.285	0.000000	0.000000
1582081793703	1582081793702	-7.714	2.547	0.082	-1.194	-4.207	-1.488	0.000000	0.000000
1582081793726	1582081793726	-12.826	1.292	5.369	-0.598	-4.920	-1.163	0.000000	0.000000
1582081793745	1582081793742	-14.036	1.747	7.103	-0.724	-6.059	-0.287	0.000000	0.000000
1582081793763	1582081793761	-10.239	3.711	8.294	0.307	-6.268	0.052	0.000000	0.000000
1582081793782	1582081793782	-12.232	6.665	8.600	0.108	-5.204	0.536	0.000000	0.000000
1582081793803	1582081793801	-16.520	5.445	8.148	-0.224	-4.772	1.011	0.000000	0.000000
1582081793826	1582081793826	-13.837	3.294	8.198	-0.381	-4.948	0.967	0.000000	0.000000
1582081793845	1582081793841	-13.329	6.305	13.619	-0.512	-4.578	0.895	0.000000	0.000000
1582081793863	1582081793862	-10.014	12.828	11.650	-0.127	-4.080	1.154	0.000000	0.000000
1582081793882	1582081793882	-10.970	11.020	8.241	-1.096	-2.464	1.715	0.000000	0.000000
1582081793902	1582081793901	-9.554	8.442	9.182	-1.083	-2.838	1.884	0.000000	0.000000
1582081793925	1582081793925	-5.764	6.868	10.361	-0.314	-3.319	1.998	0.000000	0.000000
1582081793946	1582081793940	-3.714	5.975	9.681	-0.522	-3.211	2.161	0.000000	0.000000
1582081793962	1582081793961	-3.889	3.551	9.352	-0.799	-3.005	2.512	0.000000	0.000000
1582081793982	1582081793981	-5.012	4.435	8.485	-1.103	-2.340	2.675	0.000000	0.000000
1582081794002	1582081794001	-4.722	6.892	6.559	-1.502	-1.759	2.363	0.000000	0.000000
1582081794022	1582081794022	-3.005	5.678	5.795	-1.655	-1.677	1.865	0.000000	0.000000
1582081794044	1582081794041	-2.087	4.904	4.808	-2.060	-1.669	1.616	0.000000	0.000000
1582081794062	1582081794062	-1.699	5.505	4.013	-2.813	-1.202	1.510	0.000000	0.000000
1582081794080	1582081794080	-0.636	6.384	4.331	-3.397	-0.744	1.376	0.000000	0.000000
1582081794101	1582081794100	-1.237	4.073	4.554	-3.357	-0.395	1.796	0.000000	0.000000
1582081794123	1582081794120	-1.797	2.037	4.236	-3.213	0.092	1.867	0.000000	0.000000
1582081794147	1582081794147	-1.553	1.090	3.651	-3.127	0.305	1.587	0.000000	0.000000
1582081794160	1582081794160	-1.872	0.441	4.149	-2.955	0.387	1.242	0.000000	0.000000
1582081794183	1582081794183	-2.451	0.199	5.656	-2.535	0.180	0.964	0.000000	0.000000
1582081794200	1582081794199	-1.498	-0.701	5.857	-2.146	0.034	0.513	0.000000	0.000000
1582081794220	1582081794220	-0.815	-0.476	6.423	-2.080	-0.078	0.298	0.000000	0.000000
1582081794247	1582081794247	0.112	0.590	7.216	-1.860	-0.096	0.473	0.000000	0.000000
1582081794262	1582081794262	0.181	0.520	6.624	-2.962	0.412	0.413	0.000000	0.000000
1582081794281	1582081794279	-0.861	-1.444	6.837	-3.227	0.799	0.593	0.000000	0.000000
1582081794300	1582081794299	-1.917	-3.562	7.503	-2.553	0.803	0.692	0.000000	0.000000
1582081794320	1582081794319	-1.946	-3.562	8.433	-1.785	0.368	0.691	0.000000	0.000000
1582081794346	1582081794346	-1.045	-3.516	9.443	-1.200	0.042	0.826	0.000000	0.000000
1582081794361	1582081794359	-1.838	-3.528	10.378	-1.258	0.273	0.832	0.000000	0.000000
1582081794382	1582081794378	-3.623	-2.153	10.045	-1.727	0.416	0.769	0.000000	0.000000
1582081794400	1582081794399	-5.168	0.281	7.453	-2.056	-0.305	0.625	0.000000	0.000000
1582081794419	1582081794419	0.085	-2.544	7.685	-2.547	-1.502	0.414	0.000000	0.000000
1582081794444	1582081794444	-0.018	-5.684	8.330	-1.920	-1.153	0.994	0.000000	0.000000
1582081794466	1582081794459	0.061	-5.464	8.732	-1.035	-0.118	1.272	0.000000	0.000000
1582081794483	1582081794480	-0.988	-5.349	8.873	-1.107	0.875	1.358	0.000000	0.000000
1582081794499	1582081794498	-3.151	-5.298	8.624	-1.523	1.328	1.380	0.000000	0.000000
1582081794518	1582081794518	-4.440	-3.954	8.394	-1.434	0.965	1.274	0.000000	0.000000
1582081794539	1582081794538	-4.030	-3.974	7.046	-1.573	0.097	1.140	0.000000	0.000000
1582081794559	1582081794558	-3.086	-5.377	6.799	-1.091	-0.656	1.046	0.000000	0.000000
1582081794582	1582081794577	-1.476	-5.210	6.861	-1.078	-1.112	0.886	0.000000	0.000000
1582081794599	1582081794598	0.004	-4.917	7.074	-0.802	-0.899	0.959	0.000000	0.000000
1582081794619	1582081794618	-0.418	-5.715	6.998	-0.691	0.126	1.243	0.000000	0.000000
1582081794640	1582081794640	-2.377	-6.443	5.814	-1.448	0.805	1.334	0.000000	0.000000
1582081794659	1582081794659	-3.089	-6.290	5.397	-1.402	0.967	1.080	0.000000	0.000000
1582081794683	1582081794679	-4.126	-5.514	5.683	-1.808	0.778	0.972	0.000000	0.000000
1582081794698	1582081794698	-4.804	-6.245	5.184	-2.687	0.166	0.887	0.000000	0.000000
1582081794719	1582081794717	-3.620	-8.228	3.749	-3.243	-0.262	0.556	0.000000	0.000000
1582081794740	1582081794737	-3.031	-9.668	2.461	-3.608	-0.147	0.494	0.000000	0.000000
1582081794758	1582081794757	-3.929	-9.294	2.365	-3.701	0.199	0.375	0.000000	0.000000
1582081794779	1582081794777	-4.483	-8.671	1.958	-3.938	0.326	0.212	0.000000	0.000000
1582081794803	1582081794803	-4.200	-10.046	-0.016	-3.942	0.383	0.176	0.000000	0.000000
1582081794818	1582081794817	-3.908	-11.891	-2.326	-3.608	0.838	0.013	0.000000	0.000000
1582081794837	1582081794837	-5.654	-14.511	-4.589	-3.674	1.711	-0.608	0.000000	0.000000
1582081794864	1582081794859	-9.197	-17.353	-6.690	-5.183	2.443	-1.864	0.000000	0.000000
1582081794883	1582081794880	-12.992	-16.612	-11.431	-9.624	1.902	-3.116	0.000000	0.000000
1582081794898	1582081794897	-10.953	-17.036	-17.966	-12.624	1.215	-3.218	0.000000	0.000000
1582081794917	1582081794916	-6.593	-23.183	-19.609	-10.747	2.911	-2.831	0.000000	0.000000
1582081794938	1582081794936	-6.830	-16.387	-18.498	-7.923	5.141	-2.667	0.000000	0.000000
1582081794958	1582081794956	-10.948	-9.272	-19.135	-4.345	5.901	-0.796	0.000000	0.000000
1582081794980	1582081794978	-13.408	-8.489	-12.289	-0.030	6.225	1.145	0.000000	0.000000
1582081794998	1582081794997	-9.662	-4.570	-4.565	1.673	5.876	2.551	0.000000	0.000000
1582081795017	1582081795016	-8.890	-0.903	-2.031	2.942	4.850	3.397	0.000000	0.000000
1582081795036	1582081795036	-8.260	1.505	-0.404	4.870	3.730	4.343	0.000000	0.000000
1582081795059	1582081795059	-6.303	-1.542	3.000	3.844	2.658	5.507	0.000000	0.000000
1582081795080	1582081795078	-10.234	1.692	3.507	3.093	0.898	8.261	0.000000	0.000000
1582081795096	1582081795096	-10.134	-4.158	8.243	3.195	0.558	8.868	0.000000	0.000000
1582081795117	1582081795115	-13.023	-5.948	-0.313	-0.981	1.342	8.331	0.000000	0.000000
1582081795139	1582081795137	-14.259	-13.424	-3.277	-2.490	1.159	6.964	0.000000	0.000000
1582081795156	1582081795155	-11.056	-19.899	-6.865	-3.483	1.296	6.897	0.000000	0.000000
1582081795182	1582081795175	-15.274	-10.310	-8.058	-4.220	2.167	7.165	0.000000	0.000000
1582081795203	1582081795196	-16.729	-16.931	-11.261	-4.581	2.337	6.060	0.000000	0.000000
1582081795216	1582081795215	-16.130	-12.708	-10.770	-4.796	2.377	5.976	0.000000	0.000000
1582081795237	1582081795235	-17.802	-16.006	-10.887	-4.383	2.662	5.621	0.000000	0.000000
1582081795259	1582081795256	-15.136	-9.804	-10.583	-4.340	2.500	5.525	0.000000	0.000000
1582081795281	1582081795280	-16.757	-9.354	-10.528	-4.338	2.633	4.951	0.000000	0.000000
1582081795296	1582081795295	-15.325	-7.569	-9.804	-4.592	2.002	4.309	0.000000	0.000000
1582081795316	1582081795314	-14.690	-6.860	-10.765	-4.770	1.695	3.569	0.000000	0.000000
1582081795337	1582081795334	-11.794	-5.337	-10.437	-4.561	1.281	3.011	0.000000	0.000000
1582081795359	1582081795354	-11.312	-4.108	-10.260	-4.541	1.560	2.805	0.000000	0.000000
1582081795377	1582081795377	-12.014	-0.895	-8.504	-4.034	1.319	2.638	0.000000	0.000000
1582081795402	1582081795395	-8.843	-0.191	-7.675	-3.775	0.390	2.287	0.000000	0.000000
1582081795415	1582081795414	-7.865	1.342	-8.266	-3.624	0.372	2.023	0.000000	0.000000
1582081795435	1582081795434	-7.386	4.415	-6.659	-3.654	0.370	1.462	0.000000	0.000000
1582081795455	1582081795454	-8.510	2.492	-6.352	-3.849	0.113	1.061	0.000000	0.000000
1582081795480	1582081795480	-9.027	2.128	-5.179	-2.860	-0.108	1.340	0.000000	0.000000
1582081795495	1582081795495	-8.282	2.604	-4.532	-2.398	-0.553	1.323	0.000000	0.000000
1582081795517	1582081795516	-6.188	2.755	-4.922	-2.373	-0.935	1.159	0.000000	0.000000
1582081795535	1582081795534	-6.095	2.386	-4.879	-1.662	-1.151	1.059	0.000000	0.000000
1582081795555	1582081795553	-7.647	2.782	-4.139	-1.199	-0.947	0.740	0.000000	0.000000
1582081795575	1582081795574	-10.234	3.702	-1.952	-0.834	-0.976	0.164	0.000000	0.000000
1582081795599	1582081795594	-9.233	1.663	-0.843	-0.826	-1.989	-0.284	0.000000	0.000000
1582081795616	1582081795616	-8.807	3.060	-0.378	-0.386	-2.451	-0.354	0.000000	0.000000
1582081795635	1582081795633	-10.388	4.181	0.741	-0.195	-3.137	-0.190	0.000000	0.000000
1582081795654	1582081795653	-10.615	5.860	1.871	0.146	-3.774	0.176	0.000000	0.000000
1582081795674	1582081795674	-9.820	7.601	2.147	0.403	-3.854	-0.098	0.000000	0.000000
1582081795695	1582081795693	-9.564	5.443	2.267	0.060	-3.393	-0.014	0.000000	0.000000
1582081795715	1582081795713	-13.301	4.257	3.153	0.084	-3.373	0.208	0.000000	0.000000
1582081795734	1582081795733	-14.937	3.826	2.197	0.508	-4.384	0.321	0.000000	0.000000
1582081795755	1582081795752	-16.520	0.789	1.191	1.542	-5.527	0.385	0.000000	0.000000
1582081795774	1582081795772	-16.961	-0.852	-1.391	2.409	-7.040	0.194	0.000000	0.000000
1582081795798	1582081795794	-15.013	-1.818	-3.866	3.466	-8.640	0.076	0.000000	0.000000
1582081795817	1582081795813	-13.660	-4.719	-5.366	5.023	-9.674	-0.164	0.000000	0.000000
1582081795833	1582081795833	-12.508	-6.906	-6.985	6.360	-10.433	-0.389	0.000000	0.000000
1582081795854	1582081795852	-10.608	-9.531	-8.760	8.360	-10.680	-0.547	0.000000	0.000000
1582081795875	1582081795875	-6.229	-9.251	-10.382	10.285	-9.692	-0.301	0.000000	0.000000
1582081795895	1582081795892	-5.012	-7.632	-11.402	10.548	-7.283	0.292	0.000000	0.000000
1582081795912	1582081795911	-7.087	-8.389	-13.069	9.731	-5.871	0.653	0.000000	0.000000
1582081795934	1582081795931	-5.863	-6.551	-16.581	8.553	-5.989	0.585	0.000000	0.000000
1582081795953	1582081795952	-3.632	-0.970	-17.518	6.520	-6.037	0.446	0.000000	0.000000
1582081795973	1582081795973	-2.102	1.052	-17.326	4.185	-5.490	0.173	0.000000	0.000000
1582081795995	1582081795992	-1.139	0.482	-15.769	1.973	-4.917	-0.155	0.000000	0.000000
1582081796025	1582081796018	-2.466	4.700	-10.521	-1.181	-4.659	-0.464	0.000000	0.000000
1582081796032	1582081796032	-4.847	6.708	-4.719	-3.106	-5.191	-1.112	0.000000	0.000000
1582081796053	1582081796052	-9.025	1.083	2.638	-2.733	-5.265	-1.084	0.000000	0.000000
1582081796072	1582081796072	-15.265	-2.323	7.570	-2.180	-5.039	-0.381	0.000000	0.000000
1582081796097	1582081796097	-11.648	2.688	8.986	-0.939	-6.056	0.634	0.000000	0.000000
1582081796116	1582081796111	-12.079	6.277	9.293	0.051	-5.168	1.142	0.000000	0.000000
1582081796134	1582081796132	-18.367	6.694	7.817	-0.308	-4.421	1.604	0.000000	0.000000
1582081796151	1582081796151	-16.465	4.571	6.835	0.696	-5.400	1.935	0.000000	0.000000
1582081796171	1582081796171	-14.005	6.476	11.178	1.043	-5.434	1.942	0.000000	0.000000
1582081796191	1582081796191	-8.198	17.040	13.439	0.830	-5.066	1.647	0.000000	0.000000
1582081796214	1582081796214	-11.914	13.854	8.540	0.390	-3.564	2.952	0.000000	0.000000
1582081796233	1582081796230	-8.538	9.944	9.592	-0.504	-3.246	2.717	0.000000	0.000000
1582081796251	1582081796250	-3.604	8.095	11.913	-0.353	-3.661	2.795	0.000000	0.000000
1582081796271	1582081796271	-2.226	5.604	10.210	-1.134	-2.861	3.307	0.000000	0.000000
1582081796291	1582081796291	-3.069	4.427	7.256	-2.034	-1.955	3.258	0.000000	0.000000
1582081796312	1582081796310	-3.263	7.046	5.117	-2.582	-1.580	2.637	0.000000	0.000000
1582081796337	1582081796331	-3.328	6.919	4.676	-2.816	-1.360	2.407	0.000000	0.000000
1582081796351	1582081796351	-3.115	5.295	4.808	-2.441	-1.086	2.156	0.000000	0.000000
1582081796372	1582081796370	-1.769	4.808	4.902	-2.129	-0.930	1.767	0.000000	0.000000
1582081796392	1582081796392	-0.461	4.787	4.782	-2.315	-0.581	1.700	0.000000	0.000000
1582081796415	1582081796414	-0.382	4.365	4.593	-2.635	0.192	1.908	0.000000	0.000000
1582081796433	1582081796430	-1.476	4.209	5.309	-2.785	0.857	1.985	0.000000	0.000000
1582081796451	1582081796449	-2.598	3.330	5.527	-2.593	0.951	2.029	0.000000	0.000000
1582081796470	1582081796470	-3.125	2.525	5.896	-2.668	0.836	1.723	0.000000	0.000000
1582081796491	1582081796489	-2.851	1.519	6.210	-3.108	0.626	1.171	0.000000	0.000000
1582081796515	1582081796515	-2.166	1.306	5.697	-3.452	0.481	0.672	0.000000	0.000000
1582081796533	1582081796529	-1.373	1.632	5.409	-3.382	0.453	0.352	0.000000	0.000000
1582081796550	1582081796550	-1.292	1.263	4.954	-3.099	0.517	0.234	0.000000	0.000000
1582081796570	1582081796569	-1.608	0.159	5.781	-2.631	0.402	0.155	0.000000	0.000000
1582081796590	1582081796589	-1.254	-0.946	7.046	-2.171	-0.012	0.051	0.000000	0.000000
1582081796614	1582081796614	0.349	-1.432	8.298	-1.559	-0.092	0.113	0.000000	0.000000
1582081796629	1582081796629	-0.204	-1.456	8.722	-1.258	0.265	0.499	0.000000	0.000000
1582081796649	1582081796649	-2.080	-0.644	9.240	-1.540	0.703	0.676	0.000000	0.000000
1582081796670	1582081796668	-3.127	-0.404	10.220	-1.840	0.877	0.483	0.000000	0.000000
1582081796689	1582081796689	-3.659	-0.984	8.754	-2.268	0.361	0.424	0.000000	0.000000
1582081796715	1582081796715	-2.942	-0.685	6.789	-2.569	-0.332	0.337	0.000000	0.000000
1582081796733	1582081796729	0.512	-2.460	7.182	-2.101	-1.211	0.623	0.000000	0.000000
1582081796751	1582081796751	0.284	-3.456	8.318	-1.326	-0.659	1.037	0.000000	0.000000
1582081796768	1582081796768	-0.521	-4.759	8.967	-1.396	0.296	0.939	0.000000	0.000000
1582081796788	1582081796788	-0.710	-5.294	7.700	-2.545	0.769	0.829	0.000000	0.000000
1582081796813	1582081796808	-1.900	-5.032	7.161	-2.338	0.973	1.002	0.000000	0.000000
1582081796828	1582081796828	-2.868	-4.216	7.604	-1.391	0.774	1.131	0.000000	0.000000
1582081796849	1582081796847	-2.746	-3.444	7.537	-1.594	0.461	0.970	0.000000	0.000000
1582081796869	1582081796867	-2.875	-4.860	6.768	-1.893	-0.108	0.997	0.000000	0.000000
1582081796888	1582081796888	-1.366	-6.101	5.956	-1.595	-0.526	0.946	0.000000	0.000000
1582081796910	1582081796907	-0.267	-6.108	6.169	-1.586	-0.276	1.093	0.000000	0.000000
1582081796932	1582081796927	-1.364	-5.983	6.504	-1.470	0.346	1.261	0.000000	0.000000
1582081796951	1582081796948	-2.770	-6.146	6.808	-1.191	0.908	1.343	0.000000	0.000000
1582081796969	1582081796967	-3.877	-6.621	6.655	-1.581	1.264	1.184	0.000000	0.000000
1582081796988	1582081796987	-4.595	-7.035	5.517	-2.489	1.205	0.835	0.000000	0.000000
1582081797021	1582081797021	-4.749	-7.485	3.900	-3.214	0.729	0.660	0.000000	0.000000
1582081797028	1582081797028	-4.358	-8.465	2.909	-3.297	0.139	0.669	0.000000	0.000000
1582081797048	1582081797048	-3.673	-9.490	2.262	-3.357	-0.153	0.641	0.000000	0.000000
1582081797069	1582081797066	-3.613	-10.418	2.288	-3.111	0.092	0.532	0.000000	0.000000
1582081797088	1582081797087	-3.802	-10.751	1.395	-3.049	0.579	0.302	0.000000	0.000000
1582081797108	1582081797107	-4.988	-11.649	0.163	-2.923	1.205	0.032	0.000000	0.000000
1582081797136	1582081797126	-7.111	-13.946	-0.661	-2.745	1.487	-0.829	0.000000	0.000000
1582081797150	1582081797149	-8.852	-15.822	-2.589	-3.758	1.471	-2.006	0.000000	0.000000
1582081797168	1582081797166	-10.220	-16.212	-6.206	-6.953	1.566	-2.970	0.000000	0.000000
1582081797187	1582081797187	-11.528	-12.588	-12.727	-11.946	1.575	-3.777	0.000000	0.000000
1582081797207	1582081797206	-11.911	-17.156	-18.292	-13.139	1.886	-3.474	0.000000	0.000000
1582081797236	1582081797236	-7.379	-23.178	-17.496	-9.736	3.856	-3.206	0.000000	0.000000
1582081797247	1582081797247	-9.480	-13.517	-18.924	-5.976	5.852	-1.707	0.000000	0.000000
1582081797272	1582081797272	-15.830	-3.923	-16.315	-2.946	6.572	0.257	0.000000	0.000000
1582081797287	1582081797286	-13.449	-5.813	-7.802	0.493	6.231	1.570	0.000000	0.000000
1582081797307	1582081797306	-11.435	-0.210	-3.432	2.623	5.343	3.161	0.000000	0.000000
1582081797327	1582081797325	-12.105	-5.097	-1.382	4.500	4.269	4.814	0.000000	0.000000
1582081797350	1582081797350	-9.113	-3.844	0.463	4.276	2.737	6.310	0.000000	0.000000
1582081797369	1582081797366	-7.178	0.496	3.666	3.166	1.438	7.406	0.000000	0.000000
1582081797387	1582081797385	-10.594	-1.346	5.924	2.069	0.812	8.348	0.000000	0.000000
1582081797406	1582081797405	-15.588	-7.164	5.699	0.503	0.844	8.438	0.000000	0.000000
1582081797427	1582081797425	-14.398	-13.496	0.815	-1.029	0.925	8.183	0.000000	0.000000
1582081797447	1582081797446	-14.460	-15.752	-5.665	-3.139	1.632	7.968	0.000000	0.000000
1582081797469	1582081797470	-15.557	-17.518	-9.112	-3.616	2.228	7.086	0.000000	0.000000
1582081797486	1582081797485	-14.189	-15.539	-9.579	-3.800	2.583	6.733	0.000000	0.000000
1582081797505	1582081797505	-16.954	-13.158	-10.056	-4.707	3.338	6.243	0.000000	0.000000
1582081797527	1582081797527	-18.837	-12.344	-10.619	-5.268	3.024	5.597	0.000000	0.000000
1582081797548	1582081797548	-17.493	-11.402	-11.189	-5.311	2.545	5.235	0.000000	0.000000
1582081797569	1582081797567	-17.509	-12.964	-9.833	-4.051	2.436	5.322	0.000000	0.000000
1582081797585	1582081797585	-15.433	-9.380	-9.783	-3.485	2.097	5.253	0.000000	0.000000
1582081797605	1582081797605	-14.302	-8.642	-9.517	-3.852	2.098	4.068	0.000000	0.000000
1582081797626	1582081797624	-12.400	-6.051	-9.318	-4.024	1.607	3.488	0.000000	0.000000
1582081797650	1582081797650	-10.833	-2.014	-10.504	-4.530	1.614	2.652	0.000000	0.000000
1582081797667	1582081797665	-10.666	-4.925	-8.906	-4.440	1.257	1.815	0.000000	0.000000
1582081797685	1582081797685	-8.165	-1.545	-6.645	-3.920	0.603	2.093	0.000000	0.000000
1582081797705	1582081797704	-8.910	1.677	-5.943	-3.878	0.972	1.996	0.000000	0.000000
1582081797724	1582081797724	-8.785	3.462	-4.891	-3.318	0.823	1.653	0.000000	0.000000
1582081797748	1582081797747	-8.644	5.690	-4.391	-3.478	0.350	0.994	0.000000	0.000000
1582081797768	1582081797763	-8.620	4.188	-3.899	-3.110	0.099	0.509	0.000000	0.000000
1582081797785	1582081797784	-9.748	4.293	-3.138	-2.711	-0.138	0.389	0.000000	0.000000
1582081797805	1582081797804	-10.225	5.410	-2.450	-2.728	-0.601	0.392	0.000000	0.000000
1582081797824	1582081797824	-8.926	4.813	-2.915	-2.423	-1.286	0.261	0.000000	0.000000
1582081797848	1582081797848	-7.297	4.217	-2.860	-2.475	-1.893	0.079	0.000000	0.000000
1582081797870	1582081797869	-8.033	4.346	-1.389	-2.602	-1.825	-0.025	0.000000	0.000000
1582081797885	1582081797884	-11.427	2.592	-1.118	-2.137	-1.747	-0.230	0.000000	0.000000
1582081797906	1582081797905	-12.649	0.942	-1.482	-0.993	-2.749	-0.196	0.000000	0.000000
1582081797924	1582081797923	-7.465	2.796	-0.960	-0.791	-3.986	-0.005	0.000000	0.000000
1582081797948	1582081797947	-8.054	5.704	-0.706	0.078	-3.680	-0.416	0.000000	0.000000
1582081797964	1582081797964	-9.595	2.176	-0.040	1.037	-3.434	-0.647	0.000000	0.000000
1582081797983	1582081797983	-11.672	1.397	0.683	0.666	-3.568	-0.249	0.000000	0.000000
1582081798016	1582081798003	-12.872	3.196	0.446	0.898	-4.250	-0.188	0.000000	0.000000
1582081798024	1582081798024	-14.640	1.490	-0.551	1.920	-5.152	-0.327	0.000000	0.000000
1582081798048	1582081798047	-15.715	-1.054	-1.518	2.966	-6.608	-0.447	0.000000	0.000000
1582081798064	1582081798062	-16.487	-2.014	-2.088	4.092	-7.961	-0.514	0.000000	0.000000
1582081798082	1582081798081	-17.253	-1.406	-3.531	5.207	-9.421	-0.445	0.000000	0.000000
1582081798102	1582081798101	-15.833	-1.042	-6.170	6.081	-10.832	-0.506	0.000000	0.000000
1582081798123	1582081798121	-12.980	-4.470	-8.123	6.859	-11.156	-0.697	0.000000	0.000000
1582081798142	1582081798141	-8.696	-9.275	-10.439	8.635	-10.253	-0.778	0.000000	0.000000
1582081798162	1582081798161	-6.612	-7.174	-12.942	9.772	-8.286	-0.144	0.000000	0.000000
1582081798182	1582081798180	-5.522	-4.886	-14.308	10.217	-6.901	0.057	0.000000	0.000000
1582081798203	1582081798202	-4.732	-4.908	-15.980	9.070	-6.478	-0.242	0.000000	0.000000
1582081798224	1582081798222	-2.514	-2.455	-18.004	7.275	-6.152	-0.747	0.000000	0.000000
1582081798243	1582081798241	-0.954	-0.004	-16.962	4.965	-5.435	-1.177	0.000000	0.000000
1582081798273	1582081798268	-1.385	0.961	-14.854	2.901	-4.419	-0.966	0.000000	0.000000
1582081798282	1582081798280	-3.714	4.377	-9.670	0.716	-4.219	-0.878	0.000000	0.000000
1582081798301	1582081798300	-5.031	4.902	-4.982	-0.635	-4.902	-1.448	0.000000	0.000000
1582081798321	1582081798320	-5.889	1.874	-0.783	-0.665	-5.126	-1.437	0.000000	0.000000
1582081798343	1582081798341	-12.151	0.894	5.568	-0.707	-5.050	-0.740	0.000000	0.000000
1582081798363	1582081798362	-13.131	2.075	7.426	-1.136	-6.264	-0.277	0.000000	0.000000
1582081798382	1582081798381	-7.487	5.510	9.249	-0.976	-6.422	-0.077	0.000000	0.000000
1582081798404	1582081798404	-14.208	5.841	7.733	-2.682	-4.821	0.669	0.000000	0.000000
1582081798422	1582081798421	-16.185	3.191	7.700	-2.237	-4.940	0.905	0.000000	0.000000
1582081798442	1582081798441	-15.612	1.198	9.479	-0.610	-4.789	0.941	0.000000	0.000000
1582081798463	1582081798463	-13.643	6.967	14.450	-0.402	-4.588	0.818	0.000000	0.000000
1582081798482	1582081798482	-10.395	12.306	9.839	0.364	-4.010	1.216	0.000000	0.000000
1582081798505	1582081798503	-11.159	7.951	9.465	-0.892	-2.255	1.271	0.000000	0.000000
1582081798522	1582081798521	-7.417	7.113	10.524	-0.037	-3.399	1.478	0.000000	0.000000
1582081798542	1582081798540	-6.311	6.114	10.895	0.592	-3.642	1.838	0.000000	0.000000
1582081798562	1582081798560	-5.098	5.302	11.420	-0.048	-2.803	1.805	0.000000	0.000000
1582081798581	1582081798580	-4.150	5.673	10.838	-0.418	-2.485	1.891	0.000000	0.000000
1582081798604	1582081798604	-4.842	6.691	9.348	-0.901	-1.896	1.979	0.000000	0.000000
1582081798621	1582081798620	-6.404	6.286	7.846	-1.575	-1.187	2.231	0.000000	0.000000
1582081798641	1582081798640	-5.915	5.453	6.202	-2.161	-1.267	2.129	0.000000	0.000000
1582081798663	1582081798663	-4.399	5.069	5.012	-2.499	-1.604	1.704	0.000000	0.000000
1582081798687	1582081798681	-3.065	6.078	4.765	-3.126	-1.842	1.343	0.000000	0.000000
1582081798704	1582081798704	-0.856	4.839	4.892	-3.516	-1.773	1.432	0.000000	0.000000
1582081798722	1582081798719	0.210	2.128	4.518	-3.357	-0.977	1.671	0.000000	0.000000
1582081798740	1582081798740	-1.699	1.409	4.423	-3.054	-0.208	1.968	0.000000	0.000000
1582081798761	1582081798759	-3.069	1.407	5.153	-2.114	0.009	1.819	0.000000	0.000000
1582081798781	1582081798780	-1.646	1.323	6.686	-1.327	-0.239	1.528	0.000000	0.000000
1582081798800	1582081798800	-1.160	0.987	6.365	-1.674	-0.198	1.414	0.000000	0.000000
1582081798826	1582081798820	-1.201	0.753	5.807	-1.718	-0.077	1.185	0.000000	0.000000
1582081798839	1582081798839	-0.374	0.470	5.857	-1.515	-0.136	1.011	0.000000	0.000000
1582081798860	1582081798859	0.172	0.880	6.128	-2.119	0.073	0.731	0.000000	0.000000
1582081798881	1582081798880	-0.305	0.465	6.504	-2.832	0.380	0.886	0.000000	0.000000
1582081798904	1582081798899	-1.579	-1.363	6.600	-2.822	0.615	0.927	0.000000	0.000000
1582081798921	1582081798919	-1.994	-1.775	5.891	-2.614	0.469	0.755	0.000000	0.000000
1582081798940	1582081798938	-1.476	-2.005	6.658	-1.924	-0.060	0.810	0.000000	0.000000
1582081798960	1582081798958	-0.724	-2.958	8.272	-1.642	0.024	0.856	0.000000	0.000000
1582081798980	1582081798980	-1.340	-3.593	9.249	-1.393	0.526	0.962	0.000000	0.000000
1582081799001	1582081798998	-3.331	-2.673	10.047	-1.169	0.618	0.830	0.000000	0.000000
1582081799026	1582081799024	-4.626	-0.639	9.031	-2.146	0.045	0.415	0.000000	0.000000
1582081799038	1582081799038	-1.364	-1.552	7.338	-3.066	-0.955	0.289	0.000000	0.000000
1582081799059	1582081799058	1.717	-4.551	6.535	-2.319	-1.128	0.896	0.000000	0.000000
1582081799080	1582081799078	-0.061	-5.739	7.477	-1.314	0.148	1.378	0.000000	0.000000
1582081799113	1582081799105	-2.883	-4.618	8.691	-1.311	0.870	1.467	0.000000	0.000000
1582081799117	1582081799116	-3.841	-4.853	8.363	-1.789	0.530	1.244	0.000000	0.000000
1582081799139	1582081799138	-3.043	-5.032	7.800	-1.949	-0.168	1.064	0.000000	0.000000
1582081799159	1582081799157	-1.515	-4.913	6.401	-2.023	-0.506	0.997	0.000000	0.000000
1582081799181	1582081799177	-0.971	-5.327	6.035	-1.522	-0.222	1.160	0.000000	0.000000
1582081799200	1582081799200	-1.709	-5.351	6.626	-1.278	0.206	1.339	0.000000	0.000000
1582081799219	1582081799219	-2.641	-5.538	7.007	-1.612	0.335	1.321	0.000000	0.000000
1582081799239	1582081799237	-2.830	-6.774	5.884	-2.076	0.262	1.204	0.000000	0.000000
1582081799258	1582081799257	-3.134	-6.602	5.261	-2.153	0.273	1.172	0.000000	0.000000
1582081799280	1582081799280	-3.958	-6.245	4.818	-2.163	0.236	1.248	0.000000	0.000000
1582081799305	1582081799305	-4.365	-7.232	3.654	-2.295	-0.012	1.114	0.000000	0.000000
1582081799319	1582081799317	-3.733	-8.578	2.652	-2.564	-0.203	0.860	0.000000	0.000000
1582081799338	1582081799337	-2.962	-9.550	1.775	-2.879	-0.137	0.813	0.000000	0.000000
1582081799357	1582081799357	-3.180	-10.092	1.181	-2.516	0.201	0.902	0.000000	0.000000
1582081799377	1582081799376	-3.886	-10.494	1.627	-1.799	0.610	0.898	0.000000	0.000000
1582081799398	1582081799398	-4.519	-11.498	1.663	-1.761	0.991	0.648	0.000000	0.000000
1582081799422	1582081799417	-4.684	-13.045	1.081	-2.037	1.291	0.198	0.000000	0.000000
1582081799439	1582081799438	-5.829	-13.944	-1.027	-2.346	1.610	-0.612	0.000000	0.000000
1582081799457	1582081799456	-7.664	-15.424	-3.674	-3.507	2.555	-1.774	0.000000	0.000000
1582081799477	1582081799476	-10.946	-16.524	-7.521	-7.294	3.698	-3.539	0.000000	0.000000
1582081799497	1582081799496	-15.794	-16.251	-16.145	-12.565	2.826	-4.815	0.000000	0.000000
1582081799517	1582081799517	-10.692	-22.809	-20.385	-13.349	0.837	-5.129	0.000000	0.000000
1582081799537	1582081799536	-3.625	-24.292	-16.270	-9.586	2.541	-4.134	0.000000	0.000000
1582081799557	1582081799557	-6.428	-14.176	-18.299	-4.409	5.988	-1.950	0.000000	0.000000
1582081799576	1582081799576	-14.220	-0.900	-14.145	-1.800	6.660	-0.184	0.000000	0.000000
1582081799596	1582081799595	-9.422	0.904	-6.920	0.450	5.750	0.822	0.000000	0.000000
1582081799620	1582081799620	-10.160	-2.805	-3.883	3.868	5.695	3.256	0.000000	0.000000
1582081799639	1582081799638	-11.602	0.132	-0.115	4.611	3.587	5.361	0.000000	0.000000
1582081799657	1582081799656	-10.804	2.648	2.959	4.001	2.266	6.870	0.000000	0.000000
1582081799676	1582081799675	-10.536	6.442	7.743	2.690	1.103	7.899	0.000000	0.000000
1582081799702	1582081799696	-18.748	-3.631	8.845	1.620	1.408	9.063	0.000000	0.000000
1582081799717	1582081799715	-19.989	-14.353	2.243	0.806	1.400	9.479	0.000000	0.000000
1582081799737	1582081799737	-12.666	-13.266	-3.890	-2.704	1.273	7.872	0.000000	0.000000
1582081799756	1582081799755	-16.726	-18.852	-8.741	-4.077	2.490	7.052	0.000000	0.000000
1582081799775	1582081799775	-13.665	-18.754	-8.935	-3.411	2.391	7.067	0.000000	0.000000
1582081799799	1582081799799	-15.919	-16.936	-9.143	-3.949	3.190	6.621	0.000000	0.000000
1582081799822	1582081799815	-15.957	-17.705	-10.085	-4.487	3.621	5.947	0.000000	0.000000
1582081799839	1582081799835	-17.974	-13.738	-10.068	-4.663	3.697	5.601	0.000000	0.000000
1582081799856	1582081799854	-16.228	-15.371	-9.129	-3.889	3.238	5.110	0.000000	0.000000
1582081799876	1582081799875	-15.746	-9.189	-8.317	-3.886	3.047	4.965	0.000000	0.000000
1582081799896	1582081799894	-16.489	-8.769	-7.541	-3.843	3.185	4.162	0.000000	0.000000
1582081799924	1582081799924	-13.257	-5.155	-8.791	-4.476	2.372	3.306	0.000000	0.000000
1582081799938	1582081799934	-12.611	-3.547	-10.513	-4.794	2.170	2.657	0.000000	0.000000
1582081799958	1582081799958	-11.784	-3.669	-9.481	-4.542	1.539	2.118	0.000000	0.000000
1582081799974	1582081799974	-10.373	-0.572	-8.353	-3.710	0.825	2.106	0.000000	0.000000
1582081799995	1582081799995	-8.591	0.202	-6.707	-3.379	0.289	1.830	0.000000	0.000000
1582081800050	1582081800048	-8.280	2.791	-6.702	-4.146	0.105	1.260	0.000000	0.000000
1582081800053	1582081800051	-7.700	2.746	-6.951	-4.159	-0.039	0.715	0.000000	0.000000
1582081800055	1582081800053	-6.854	1.732	-5.552	-3.535	-0.358	0.931	0.000000	0.000000
1582081800075	1582081800073	-6.684	3.587	-4.975	-3.667	-0.383	1.309	0.000000	0.000000
1582081800094	1582081800094	-8.304	5.534	-5.037	-2.798	-0.519	1.569	0.000000	0.000000
1582081800115	1582081800113	-8.732	2.894	-4.937	-1.932	-1.161	1.041	0.000000	0.000000
1582081800135	1582081800134	-6.155	1.498	-5.052	-2.658	-1.660	0.773	0.000000	0.000000
1582081800155	1582081800154	-8.153	4.705	-4.951	-2.615	-1.532	0.696	0.000000	0.000000
1582081800175	1582081800173	-9.659	4.217	-3.586	-1.905	-1.778	-0.015	0.000000	0.000000
1582081800194	1582081800193	-9.921	1.893	-1.022	-1.717	-2.094	-0.526	0.000000	0.000000
1582081800216	1582081800216	-11.030	1.201	-0.567	-1.570	-2.546	-0.299	0.000000	0.000000
1582081800237	1582081800236	-8.646	4.229	0.072	-1.456	-3.827	0.444	0.000000	0.000000
1582081800255	1582081800255	-9.961	7.812	2.470	-0.695	-3.762	0.223	0.000000	0.000000
1582081800273	1582081800273	-10.069	6.095	3.907	0.044	-3.781	-1.103	0.000000	0.000000
1582081800293	1582081800292	-10.627	0.482	4.542	0.066	-3.310	-1.169	0.000000	0.000000
1582081800314	1582081800314	-15.057	0.367	3.792	0.459	-3.198	-0.582	0.000000	0.000000
1582081800336	1582081800336	-18.520	0.865	2.580	1.854	-4.567	-0.226	0.000000	0.000000
1582081800359	1582081800353	-18.094	0.022	1.833	3.502	-6.383	-0.141	0.000000	0.000000
1582081800373	1582081800372	-17.622	-0.093	0.087	4.226	-7.789	0.014	0.000000	0.000000
1582081800393	1582081800393	-16.372	-0.721	-2.249	4.968	-9.017	-0.131	0.000000	0.000000
1582081800414	1582081800412	-15.502	-2.800	-5.073	5.630	-9.986	-0.281	0.000000	0.000000
1582081800437	1582081800437	-13.799	-6.808	-7.335	7.169	-10.886	-0.595	0.000000	0.000000
1582081800455	1582081800452	-9.772	-10.928	-8.005	9.462	-10.540	-0.482	0.000000	0.000000
1582081800472	1582081800472	-7.654	-11.124	-9.663	11.222	-8.402	0.292	0.000000	0.000000
1582081800492	1582081800492	-8.294	-11.730	-12.643	11.385	-6.424	1.240	0.000000	0.000000
1582081800513	1582081800512	-6.907	-10.959	-15.642	9.786	-6.153	1.417	0.000000	0.000000
1582081800536	1582081800536	-4.255	-6.506	-15.748	7.701	-6.555	0.649	0.000000	0.000000
1582081800559	1582081800552	-3.436	-3.123	-14.684	5.185	-6.517	-0.226	0.000000	0.000000
1582081800574	1582081800572	-1.218	-6.072	-16.430	3.871	-6.232	-1.156	0.000000	0.000000
1582081800592	1582081800591	-0.197	-4.434	-17.223	2.990	-4.715	-0.901	0.000000	0.000000
1582081800612	1582081800611	-5.544	4.506	-12.332	0.490	-3.683	-0.297	0.000000	0.000000
1582081800636	1582081800636	-7.312	5.026	-5.143	-1.275	-4.829	-1.051	0.000000	0.000000
1582081800652	1582081800651	-11.193	3.704	2.535	-2.126	-5.467	-1.414	0.000000	0.000000
1582081800674	1582081800671	-14.982	0.432	5.290	-2.804	-5.594	-0.792	0.000000	0.000000
1582081800691	1582081800691	-11.387	1.929	7.783	-2.421	-6.447	0.498	0.000000	0.000000
1582081800713	1582081800710	-14.611	8.071	8.600	-2.004	-5.725	1.244	0.000000	0.000000
1582081800732	1582081800732	-16.602	5.687	9.422	-0.801	-4.965	1.360	0.000000	0.000000
1582081800759	1582081800759	-15.919	3.814	8.845	-0.927	-4.622	1.522	0.000000	0.000000
1582081800773	1582081800772	-13.437	9.405	13.166	-0.679	-4.438	1.505	0.000000	0.000000
1582081800791	1582081800791	-10.893	12.134	8.564	-0.149	-3.546	2.001	0.000000	0.000000
1582081800812	1582081800810	-11.923	8.816	8.322	-0.253	-2.733	2.114	0.000000	0.000000
1582081800834	1582081800830	-8.766	5.196	11.211	0.614	-3.756	2.319	0.000000	0.000000
1582081800852	1582081800852	-5.982	5.165	12.026	0.352	-3.501	2.537	0.000000	0.000000
1582081800872	1582081800870	-3.781	6.097	9.420	-0.825	-2.602	2.684	0.000000	0.000000
1582081800892	1582081800889	-5.678	7.383	7.671	-1.507	-1.995	2.623	0.000000	0.000000
1582081800911	1582081800910	-4.988	5.606	7.146	-1.637	-2.006	2.292	0.000000	0.000000
1582081800930	1582081800929	-3.354	5.647	6.301	-1.422	-1.885	2.083	0.000000	0.000000
1582081800957	1582081800957	-3.417	6.576	6.701	-1.496	-1.299	1.815	0.000000	0.000000
1582081800974	1582081800972	-3.410	6.600	7.441	-1.954	-1.189	1.654	0.000000	0.000000
1582081800990	1582081800990	-2.444	5.673	7.242	-2.092	-1.195	1.581	0.000000	0.000000
1582081801011	1582081801009	-1.989	3.848	6.861	-2.283	-0.908	1.643	0.000000	0.000000
1582081801044	1582081801031	-2.243	3.632	6.363	-2.671	-0.557	1.695	0.000000	0.000000
1582081801050	1582081801050	-3.026	3.572	6.485	-2.902	-0.381	1.679	0.000000	0.000000
1582081801072	1582081801071	-2.487	2.992	5.884	-3.190	-0.487	1.654	0.000000	0.000000
1582081801092	1582081801091	-1.721	2.233	5.414	-3.671	-0.371	1.419	0.000000	0.000000
1582081801110	1582081801109	-1.311	1.119	5.474	-3.935	-0.273	1.039	0.000000	0.000000
1582081801129	1582081801129	-0.952	0.647	4.844	-3.711	-0.473	0.702	0.000000	0.000000
1582081801150	1582081801150	-0.334	0.683	4.523	-2.666	-0.538	0.546	0.000000	0.000000
1582081801172	1582081801172	-0.109	0.559	4.660	-2.099	-0.336	0.537	0.000000	0.000000
1582081801194	1582081801191	-0.257	0.206	5.081	-2.791	-0.026	0.537	0.000000	0.000000
1582081801211	1582081801208	-0.456	-1.724	5.750	-3.286	0.076	0.485	0.000000	0.000000
1582081801230	1582081801228	-0.271	-3.974	6.087	-2.703	0.074	0.422	0.000000	0.000000
1582081801249	1582081801248	0.409	-3.650	6.938	-2.226	0.069	0.335	0.000000	0.000000
1582081801269	1582081801268	0.315	-2.630	7.652	-1.375	0.393	0.582	0.000000	0.000000
1582081801293	1582081801293	-1.716	-2.445	9.237	-0.637	1.320	0.881	0.000000	0.000000
1582081801309	1582081801308	-4.195	-2.953	9.580	-1.457	1.146	0.633	0.000000	0.000000
1582081801329	1582081801329	-3.359	-1.202	8.193	-2.600	-0.129	0.286	0.000000	0.000000
1582081801352	1582081801352	-1.052	-0.828	7.735	-2.765	-0.908	0.234	0.000000	0.000000
1582081801371	1582081801371	-0.145	-2.481	7.331	-2.394	-0.744	0.458	0.000000	0.000000
1582081801395	1582081801389	-0.279	-4.589	7.719	-1.958	-0.209	0.899	0.000000	0.000000
1582081801410	1582081801408	-1.644	-6.410	7.745	-1.737	0.240	1.093	0.000000	0.000000
1582081801428	1582081801427	-1.975	-6.405	7.652	-1.830	0.395	1.140	0.000000	0.000000
1582081801448	1582081801447	-2.217	-5.056	7.522	-1.670	0.296	1.236	0.000000	0.000000
1582081801469	1582081801469	-1.963	-4.400	6.957	-1.309	0.090	1.253	0.000000	0.000000
1582081801490	1582081801488	-1.891	-4.812	7.062	-1.173	-0.159	1.225	0.000000	0.000000
1582081801509	1582081801508	-1.680	-5.871	6.571	-0.847	-0.404	1.306	0.000000	0.000000
1582081801527	1582081801527	-1.285	-6.122	6.375	-0.814	-0.214	1.327	0.000000	0.000000
1582081801547	1582081801547	-1.333	-6.843	5.563	-1.283	0.271	1.373	0.000000	0.000000
1582081801576	1582081801569	-2.499	-6.963	4.712	-1.428	0.786	1.237	0.000000	0.000000
1582081801587	1582081801587	-3.826	-6.954	4.451	-1.548	0.813	1.199	0.000000	0.000000
1582081801608	1582081801607	-4.358	-6.978	3.816	-2.044	0.275	1.094	0.000000	0.000000
1582081801629	1582081801627	-3.287	-7.394	3.383	-2.695	-0.096	0.878	0.000000	0.000000
1582081801647	1582081801647	-2.756	-8.980	3.100	-2.607	0.013	0.995	0.000000	0.000000
1582081801668	1582081801668	-3.378	-10.626	2.815	-2.380	0.470	0.988	0.000000	0.000000
1582081801691	1582081801689	-4.619	-10.233	2.707	-2.858	0.758	0.793	0.000000	0.000000
1582081801708	1582081801707	-5.185	-9.541	1.649	-3.584	0.723	0.506	0.000000	0.000000
1582081801728	1582081801728	-4.983	-11.198	-0.179	-3.855	0.676	0.224	0.000000	0.000000
1582081801747	1582081801746	-6.210	-13.939	-2.807	-3.942	1.088	-0.227	0.000000	0.000000
1582081801767	1582081801767	-9.257	-15.371	-4.865	-4.817	1.791	-1.078	0.000000	0.000000
1582081801791	1582081801792	-11.545	-16.013	-8.985	-7.140	1.954	-1.962	0.000000	0.000000
1582081801808	1582081801807	-13.406	-16.380	-13.491	-9.648	1.597	-2.563	0.000000	0.000000
1582081801826	1582081801826	-11.688	-20.979	-16.042	-10.149	1.874	-2.686	0.000000	0.000000
1582081801846	1582081801846	-8.541	-19.477	-15.884	-10.613	4.106	-2.328	0.000000	0.000000
1582081801871	1582081801868	-9.935	-9.064	-19.731	-6.611	6.513	0.115	0.000000	0.000000
1582081801889	1582081801889	-15.533	-5.147	-15.731	-0.749	7.766	2.095	0.000000	0.000000
1582081801913	1582081801906	-13.770	-6.599	-6.702	1.450	7.019	2.680	0.000000	0.000000
