1582081582900	1582081582899	-13.296	2.286	1.761	-0.071	-4.180	-0.457	0.000000	0.000000
1582081582915	1582081582914	-16.592	0.206	0.393	1.228	-4.982	-0.410	0.000000	0.000000
1582081582934	1582081582933	-18.626	-0.836	-2.484	2.799	-6.681	-0.084	0.000000	0.000000
1582081582954	1582081582953	-17.006	-1.410	-4.712	4.474	-9.231	0.196	0.000000	0.000000
1582081582974	1582081582972	-15.243	-2.100	-6.108	6.164	-10.871	0.222	0.000000	0.000000
1582081582996	1582081582994	-13.521	-4.664	-6.295	7.855	-11.351	0.338	0.000000	0.000000
1582081583015	1582081583014	-10.814	-5.797	-7.751	8.598	-10.466	0.522	0.000000	0.000000
1582081583042	1582081583040	-9.698	-4.400	-8.602	8.377	-9.083	0.398	0.000000	0.000000
1582081583055	1582081583053	-6.945	-8.333	-8.956	8.602	-7.734	0.044	0.000000	0.000000
1582081583076	1582081583074	-5.470	-13.354	-12.626	8.289	-6.000	0.414	0.000000	0.000000
1582081583093	1582081583092	-4.186	-6.788	-14.650	7.251	-5.132	0.573	0.000000	0.000000
1582081583114	1582081583112	-2.056	-0.855	-14.186	6.468	-4.837	0.249	0.000000	0.000000
1582081583133	1582081583132	-1.294	-1.779	-12.863	5.005	-4.518	-0.031	0.000000	0.000000
1582081583153	1582081583153	-1.184	0.070	-11.400	1.703	-4.113	0.038	0.000000	0.000000
1582081583173	1582081583172	-2.130	4.169	-9.831	-1.202	-3.440	-0.139	0.000000	0.000000
1582081583193	1582081583192	-4.346	6.195	-7.586	-3.087	-2.990	-0.786	0.000000	0.000000
1582081583215	1582081583211	-6.526	3.268	-2.695	-3.201	-3.177	-1.532	0.000000	0.000000
1582081583238	1582081583235	-11.408	-1.739	3.000	-2.038	-3.659	-1.296	0.000000	0.000000
1582081583254	1582081583251	-15.327	-1.475	6.372	-0.887	-4.098	0.093	0.000000	0.000000
1582081583273	1582081583271	-7.870	5.105	6.166	-0.277	-5.292	-0.395	0.000000	0.000000
1582081583293	1582081583291	-11.217	3.850	6.808	-0.711	-4.945	0.373	0.000000	0.000000
1582081583312	1582081583311	-14.494	1.143	6.837	-1.441	-3.266	0.836	0.000000	0.000000
1582081583332	1582081583331	-15.519	3.182	6.344	-1.255	-3.586	0.848	0.000000	0.000000
1582081583358	1582081583351	-15.492	4.923	11.142	-0.156	-4.428	1.026	0.000000	0.000000
1582081583372	1582081583371	-9.940	9.678	9.218	0.536	-4.658	1.473	0.000000	0.000000
1582081583392	1582081583391	-15.653	12.158	8.713	-0.036	-2.793	1.527	0.000000	0.000000
1582081583412	1582081583411	-12.781	9.961	11.144	0.355	-3.053	1.594	0.000000	0.000000
1582081583438	1582081583434	-8.780	7.209	10.701	0.911	-2.962	1.851	0.000000	0.000000
1582081583452	1582081583450	-6.955	8.950	9.925	0.643	-2.288	1.667	0.000000	0.000000
1582081583472	1582081583470	-4.674	10.066	8.718	-0.270	-2.377	1.815	0.000000	0.000000
1582081583491	1582081583490	-4.289	7.007	7.300	-1.901	-2.554	2.359	0.000000	0.000000
1582081583511	1582081583510	-3.125	4.140	5.936	-2.399	-2.216	2.358	0.000000	0.000000
1582081583531	1582081583530	-2.293	3.721	5.570	-1.361	-1.740	2.123	0.000000	0.000000
1582081583553	1582081583552	-3.489	5.314	6.257	-0.876	-1.077	2.074	0.000000	0.000000
1582081583572	1582081583570	-3.539	5.572	7.668	-1.132	-0.783	1.833	0.000000	0.000000
1582081583591	1582081583590	-2.157	6.279	7.218	-1.922	-0.706	1.500	0.000000	0.000000
1582081583611	1582081583610	-2.008	6.303	6.641	-1.996	-0.577	1.617	0.000000	0.000000
1582081583635	1582081583629	-2.368	4.533	6.016	-2.229	-0.409	1.833	0.000000	0.000000
1582081583651	1582081583649	-2.257	4.449	5.328	-2.667	0.026	1.638	0.000000	0.000000
1582081583671	1582081583669	-2.729	4.152	6.408	-2.663	0.318	1.616	0.000000	0.000000
1582081583690	1582081583689	-3.347	4.478	6.856	-2.621	0.336	1.414	0.000000	0.000000
1582081583710	1582081583709	-2.854	3.215	5.553	-2.819	0.217	1.089	0.000000	0.000000
1582081583733	1582081583733	-1.644	2.185	4.863	-2.786	0.043	0.681	0.000000	0.000000
1582081583760	1582081583754	-0.233	3.036	4.250	-2.620	-0.236	0.406	0.000000	0.000000
1582081583772	1582081583772	0.354	3.069	4.336	-2.767	0.036	0.388	0.000000	0.000000
1582081583791	1582081583790	-0.729	0.611	5.170	-2.536	0.533	0.722	0.000000	0.000000
1582081583811	1582081583810	-1.342	-0.840	5.656	-1.815	0.747	0.934	0.000000	0.000000
1582081583832	1582081583832	-1.500	-1.300	6.459	-1.055	0.780	0.934	0.000000	0.000000
1582081583851	1582081583851	-2.049	-1.521	6.928	-1.167	0.991	0.708	0.000000	0.000000
1582081583871	1582081583871	-2.887	-2.196	7.127	-1.552	1.115	0.520	0.000000	0.000000
1582081583892	1582081583891	-2.655	-1.890	7.383	-1.931	1.286	0.342	0.000000	0.000000
1582081583911	1582081583909	-4.123	-0.704	8.327	-1.995	1.217	0.303	0.000000	0.000000
1582081583931	1582081583929	-3.841	-1.688	8.327	-1.625	0.741	0.332	0.000000	0.000000
1582081583957	1582081583949	-3.338	-3.267	7.594	-1.414	0.495	0.210	0.000000	0.000000
1582081583973	1582081583973	-1.697	-1.602	7.424	-1.634	0.600	0.262	0.000000	0.000000
1582081583990	1582081583990	-3.388	-1.250	8.136	-1.550	0.720	0.551	0.000000	0.000000
1582081584011	1582081584009	-4.037	-2.076	8.066	-1.607	0.514	0.538	0.000000	0.000000
1582081584030	1582081584029	-3.527	-2.750	7.958	-1.552	0.414	0.482	0.000000	0.000000
1582081584050	1582081584049	-3.563	-2.742	8.572	-1.476	0.324	0.607	0.000000	0.000000
1582081584070	1582081584070	-3.414	-1.727	7.994	-1.990	0.377	0.644	0.000000	0.000000
1582081584098	1582081584096	-3.510	-0.883	7.388	-2.090	0.471	0.813	0.000000	0.000000
1582081584110	1582081584110	-4.193	-1.834	6.976	-1.694	0.356	0.977	0.000000	0.000000
1582081584130	1582081584129	-3.893	-2.927	6.555	-1.672	0.353	0.933	0.000000	0.000000
1582081584150	1582081584150	-5.139	-3.780	6.564	-1.706	0.520	1.124	0.000000	0.000000
1582081584173	1582081584169	-5.827	-4.922	6.416	-2.076	0.566	1.144	0.000000	0.000000
1582081584194	1582081584189	-5.417	-6.281	5.714	-2.425	0.647	1.014	0.000000	0.000000
1582081584210	1582081584208	-5.451	-6.975	5.364	-2.231	0.679	0.936	0.000000	0.000000
1582081584229	1582081584228	-4.809	-7.030	4.777	-2.074	0.846	0.838	0.000000	0.000000
1582081584249	1582081584248	-6.124	-7.461	4.205	-1.575	1.334	0.876	0.000000	0.000000
1582081584269	1582081584268	-7.813	-8.010	4.303	-1.350	1.367	0.540	0.000000	0.000000
1582081584290	1582081584289	-7.755	-7.965	4.264	-2.113	1.035	0.008	0.000000	0.000000
1582081584308	1582081584308	-6.912	-7.897	3.745	-3.856	0.785	-0.359	0.000000	0.000000
1582081584329	1582081584327	-6.507	-10.315	2.564	-4.792	0.932	-0.796	0.000000	0.000000
1582081584349	1582081584348	-6.780	-12.926	-1.284	-5.311	1.198	-1.474	0.000000	0.000000
1582081584371	1582081584371	-9.252	-16.064	-6.681	-6.445	1.777	-2.289	0.000000	0.000000
1582081584392	1582081584390	-15.984	-22.031	-11.203	-7.718	1.501	-3.281	0.000000	0.000000
1582081584411	1582081584410	-15.387	-26.091	-11.096	-8.996	-0.125	-3.544	0.000000	0.000000
1582081584431	1582081584428	-8.938	-23.717	-10.648	-9.666	1.442	-3.336	0.000000	0.000000
1582081584450	1582081584450	-14.460	-19.554	-12.418	-8.589	4.542	-3.209	0.000000	0.000000
1582081584471	1582081584471	-16.017	-11.155	-10.672	-8.210	4.627	-2.476	0.000000	0.000000
1582081584490	1582081584490	-12.769	-10.142	-9.831	-3.591	5.979	-0.973	0.000000	0.000000
1582081584509	1582081584507	-13.507	-7.289	-8.487	-0.259	6.701	0.571	0.000000	0.000000
1582081584527	1582081584527	-12.745	4.310	-3.348	1.528	4.951	2.621	0.000000	0.000000
1582081584548	1582081584547	-10.251	2.063	-1.367	4.559	5.120	3.733	0.000000	0.000000
1582081584572	1582081584570	-11.003	0.341	2.365	4.560	3.489	5.865	0.000000	0.000000
1582081584591	1582081584587	-7.918	5.398	6.665	4.810	1.642	8.855	0.000000	0.000000
1582081584607	1582081584607	-17.212	-2.956	6.578	3.551	2.444	10.080	0.000000	0.000000
1582081584628	1582081584626	-16.087	-9.783	2.638	-0.195	2.825	8.677	0.000000	0.000000
1582081584648	1582081584646	-15.059	-11.486	-3.612	-2.313	2.825	7.640	0.000000	0.000000
1582081584668	1582081584668	-14.089	-16.114	-7.787	-3.707	2.736	7.147	0.000000	0.000000
1582081584692	1582081584692	-17.452	-14.037	-9.927	-3.909	3.254	6.925	0.000000	0.000000
1582081584708	1582081584708	-15.854	-17.808	-11.606	-4.002	3.254	6.133	0.000000	0.000000
1582081584727	1582081584726	-16.836	-10.461	-12.320	-5.455	3.779	5.862	0.000000	0.000000
1582081584747	1582081584746	-19.148	-10.224	-14.478	-6.118	3.536	4.738	0.000000	0.000000
1582081584769	1582081584769	-15.665	-11.457	-11.153	-4.988	2.623	4.846	0.000000	0.000000
1582081584789	1582081584786	-19.071	-8.527	-9.788	-4.724	2.756	4.695	0.000000	0.000000
1582081584811	1582081584811	-16.891	-8.767	-8.753	-4.717	2.608	3.695	0.000000	0.000000
1582081584827	1582081584826	-11.878	-5.380	-9.229	-4.519	2.051	3.573	0.000000	0.000000
1582081584846	1582081584846	-12.843	-3.130	-9.004	-4.353	2.385	3.130	0.000000	0.000000
1582081584866	1582081584866	-12.769	-2.227	-7.751	-3.548	1.935	2.899	0.000000	0.000000
1582081584892	1582081584892	-10.903	-0.031	-6.278	-3.198	1.368	2.451	0.000000	0.000000
1582081584907	1582081584905	-9.913	-0.876	-5.893	-2.807	1.380	1.635	0.000000	0.000000
1582081584926	1582081584925	-6.392	2.439	-5.248	-3.208	0.865	1.346	0.000000	0.000000
1582081584946	1582081584945	-5.664	4.648	-5.246	-3.017	1.000	1.157	0.000000	0.000000
1582081584967	1582081584967	-5.177	2.882	-3.535	-2.955	0.858	1.168	0.000000	0.000000
1582081584991	1582081584991	-6.723	5.335	-3.581	-2.564	0.512	1.517	0.000000	0.000000
1582081585006	1582081585005	-7.463	7.062	-4.041	-2.085	-0.275	1.150	0.000000	0.000000
1582081585032	1582081585025	-6.596	4.178	-4.855	-2.209	-1.314	0.556	0.000000	0.000000
1582081585045	1582081585044	-5.154	4.593	-3.974	-2.231	-1.833	0.367	0.000000	0.000000
1582081585066	1582081585064	-6.950	3.826	-2.508	-2.295	-1.328	-0.056	0.000000	0.000000
1582081585101	1582081585098	-9.880	1.174	-2.407	-2.731	-2.304	-0.296	0.000000	0.000000
1582081585108	1582081585107	-8.651	3.848	0.194	-2.025	-3.216	-0.343	0.000000	0.000000
1582081585125	1582081585123	-9.061	7.283	1.172	-0.520	-3.101	-0.325	0.000000	0.000000
1582081585145	1582081585144	-9.738	7.259	0.980	-0.953	-2.905	-0.759	0.000000	0.000000
1582081585166	1582081585165	-11.046	5.889	1.392	-1.946	-2.989	-1.105	0.000000	0.000000
1582081585186	1582081585186	-12.309	6.516	1.771	-2.231	-3.465	-1.279	0.000000	0.000000
1582081585205	1582081585205	-12.867	5.285	0.616	-1.560	-3.975	-1.346	0.000000	0.000000
1582081585231	1582081585230	-14.503	2.877	-0.701	-0.695	-4.375	-1.248	0.000000	0.000000
1582081585245	1582081585243	-17.816	0.832	-1.348	0.499	-5.348	-1.143	0.000000	0.000000
1582081585265	1582081585264	-18.547	-0.105	-2.821	1.986	-7.112	-1.176	0.000000	0.000000
1582081585285	1582081585284	-16.697	0.022	-4.898	3.489	-8.702	-1.142	0.000000	0.000000
1582081585310	1582081585310	-14.925	-1.657	-6.630	5.191	-9.796	-1.032	0.000000	0.000000
1582081585329	1582081585324	-13.452	-3.552	-9.304	6.929	-10.655	-0.782	0.000000	0.000000
1582081585345	1582081585343	-9.580	-6.094	-11.862	9.482	-11.125	-0.577	0.000000	0.000000
1582081585365	1582081585363	-4.624	-5.164	-13.893	10.866	-10.067	-0.345	0.000000	0.000000
1582081585384	1582081585383	-2.425	-1.861	-13.053	10.578	-7.956	-0.399	0.000000	0.000000
1582081585404	1582081585404	-3.213	-5.459	-11.745	9.956	-6.040	-0.238	0.000000	0.000000
1582081585425	1582081585425	-4.406	-9.313	-15.510	8.780	-5.079	0.140	0.000000	0.000000
1582081585443	1582081585443	-2.820	-2.572	-17.345	6.422	-4.989	0.390	0.000000	0.000000
1582081585464	1582081585463	-2.224	2.664	-15.781	4.285	-5.015	0.029	0.000000	0.000000
1582081585486	1582081585484	-1.002	-1.365	-15.034	3.450	-4.727	-0.576	0.000000	0.000000
1582081585509	1582081585503	-0.600	0.142	-13.628	1.016	-4.035	-0.280	0.000000	0.000000
1582081585530	1582081585524	-3.335	7.098	-9.035	-2.007	-3.729	-0.254	0.000000	0.000000
1582081585544	1582081585543	-6.591	6.327	-4.326	-2.465	-4.251	-1.135	0.000000	0.000000
1582081585563	1582081585562	-13.104	-1.552	1.790	-1.619	-4.651	-1.150	0.000000	0.000000
1582081585583	1582081585583	-14.870	-0.761	5.606	-1.786	-5.412	-0.325	0.000000	0.000000
1582081585613	1582081585613	-8.215	5.227	8.025	-0.593	-6.850	-0.079	0.000000	0.000000
1582081585626	1582081585626	-13.322	6.581	5.968	-2.311	-4.649	0.780	0.000000	0.000000
1582081585644	1582081585644	-17.268	4.176	6.095	-2.519	-4.283	0.910	0.000000	0.000000
1582081585663	1582081585662	-14.477	4.662	5.536	-1.640	-4.600	0.832	0.000000	0.000000
1582081585682	1582081585682	-13.490	6.224	10.076	-1.120	-4.362	0.987	0.000000	0.000000
1582081585707	1582081585703	-10.412	12.591	9.721	-0.022	-4.386	1.215	0.000000	0.000000
1582081585725	1582081585725	-9.379	10.428	9.075	0.738	-3.236	1.565	0.000000	0.000000
1582081585743	1582081585743	-8.728	6.591	10.093	0.144	-3.171	2.155	0.000000	0.000000
1582081585762	1582081585762	-6.974	7.551	10.601	-0.067	-3.401	2.248	0.000000	0.000000
1582081585782	1582081585782	-5.048	7.930	10.763	-0.962	-2.807	2.264	0.000000	0.000000
1582081585806	1582081585806	-6.576	6.068	10.124	-1.786	-2.288	2.524	0.000000	0.000000
1582081585822	1582081585822	-6.337	5.891	8.883	-2.312	-2.098	2.273	0.000000	0.000000
1582081585844	1582081585842	-5.118	6.478	7.795	-2.307	-2.060	1.904	0.000000	0.000000
1582081585862	1582081585861	-3.927	6.289	6.451	-1.931	-2.017	1.774	0.000000	0.000000
1582081585882	1582081585881	-3.376	5.594	5.999	-1.745	-1.778	1.822	0.000000	0.000000
1582081585902	1582081585901	-3.366	5.132	5.462	-2.281	-1.399	1.917	0.000000	0.000000
1582081585926	1582081585926	-3.311	5.184	4.961	-2.597	-0.848	1.768	0.000000	0.000000
1582081585942	1582081585941	-3.010	4.760	4.382	-2.596	-0.693	1.682	0.000000	0.000000
1582081585963	1582081585963	-2.633	3.263	4.423	-2.642	-0.558	1.616	0.000000	0.000000
1582081585981	1582081585981	-2.099	2.705	4.648	-3.051	-0.253	1.418	0.000000	0.000000
1582081586003	1582081586001	-1.867	2.046	4.264	-2.968	-0.225	1.308	0.000000	0.000000
1582081586025	1582081586025	-1.342	2.430	4.329	-2.634	-0.092	1.103	0.000000	0.000000
1582081586042	1582081586042	-1.656	2.533	5.120	-2.335	0.137	1.015	0.000000	0.000000
1582081586061	1582081586060	-1.603	1.994	5.757	-2.215	0.141	0.860	0.000000	0.000000
1582081586081	1582081586081	-0.930	1.526	6.154	-2.229	-0.169	0.654	0.000000	0.000000
1582081586107	1582081586107	-0.868	0.087	6.583	-2.070	-0.176	0.821	0.000000	0.000000
1582081586133	1582081586126	-1.642	-1.930	7.314	-2.270	0.176	0.829	0.000000	0.000000
1582081586141	1582081586140	-1.939	-3.104	7.771	-2.422	0.422	0.721	0.000000	0.000000
1582081586166	1582081586166	-1.529	-2.302	7.417	-2.275	0.591	0.659	0.000000	0.000000
1582081586180	1582081586179	-2.463	-0.689	8.370	-1.645	0.753	0.807	0.000000	0.000000
1582081586200	1582081586200	-2.801	0.535	8.730	-1.702	0.830	0.848	0.000000	0.000000
1582081586224	1582081586224	-3.316	-0.788	8.581	-1.491	0.616	0.777	0.000000	0.000000
1582081586241	1582081586241	-2.921	-2.774	8.792	-1.329	0.036	0.793	0.000000	0.000000
1582081586260	1582081586259	-2.003	-3.346	8.365	-2.099	-0.172	0.732	0.000000	0.000000
1582081586280	1582081586279	-2.401	-4.357	7.630	-2.204	-0.290	0.881	0.000000	0.000000
1582081586300	1582081586299	-1.402	-5.066	7.283	-1.905	-0.279	1.057	0.000000	0.000000
1582081586325	1582081586325	-1.397	-5.538	7.443	-1.450	0.184	1.226	0.000000	0.000000
1582081586340	1582081586339	-2.197	-5.392	7.199	-1.461	0.824	1.257	0.000000	0.000000
1582081586364	1582081586364	-3.798	-4.220	6.852	-1.505	1.022	1.196	0.000000	0.000000
1582081586380	1582081586378	-3.577	-2.774	7.070	-1.470	0.575	1.045	0.000000	0.000000
1582081586399	1582081586399	-2.418	-4.160	6.919	-1.253	0.261	1.059	0.000000	0.000000
1582081586423	1582081586423	-1.912	-5.950	6.332	-1.639	0.602	1.081	0.000000	0.000000
1582081586442	1582081586442	-3.211	-5.830	6.063	-2.017	1.089	1.110	0.000000	0.000000
1582081586461	1582081586459	-4.267	-4.850	5.505	-1.980	1.042	1.053	0.000000	0.000000
1582081586480	1582081586478	-4.667	-5.205	5.141	-1.834	0.573	0.920	0.000000	0.000000
1582081586499	1582081586498	-3.879	-6.515	5.179	-2.122	0.329	0.761	0.000000	0.000000
1582081586525	1582081586525	-3.654	-7.816	4.784	-2.442	0.515	0.608	0.000000	0.000000
1582081586539	1582081586539	-4.322	-8.767	3.862	-2.488	0.790	0.506	0.000000	0.000000
1582081586558	1582081586557	-5.084	-9.074	3.433	-2.216	0.946	0.485	0.000000	0.000000
1582081586578	1582081586577	-5.642	-8.954	3.579	-2.069	1.017	0.283	0.000000	0.000000
1582081586598	1582081586598	-5.510	-9.613	2.930	-2.414	1.097	0.043	0.000000	0.000000
1582081586620	1582081586619	-5.501	-11.052	2.322	-2.624	1.289	-0.216	0.000000	0.000000
1582081586644	1582081586638	-5.810	-13.659	1.351	-2.658	1.438	-0.768	0.000000	0.000000
1582081586662	1582081586658	-7.535	-15.884	-0.368	-3.118	1.792	-1.631	0.000000	0.000000
1582081586679	1582081586677	-11.851	-15.886	-3.157	-5.108	2.319	-2.935	0.000000	0.000000
1582081586698	1582081586698	-15.603	-15.534	-8.628	-9.424	2.392	-4.289	0.000000	0.000000
1582081586719	1582081586717	-13.423	-17.439	-16.617	-14.127	1.632	-5.461	0.000000	0.000000
1582081586739	1582081586739	-8.431	-24.362	-16.993	-13.387	2.153	-5.787	0.000000	0.000000
1582081586760	1582081586757	-5.961	-16.593	-14.555	-9.600	3.962	-4.881	0.000000	0.000000
1582081586781	1582081586781	-8.929	-1.815	-18.383	-6.824	5.468	-2.402	0.000000	0.000000
1582081586797	1582081586797	-9.681	-3.380	-14.188	-1.969	6.018	0.280	0.000000	0.000000
1582081586818	1582081586817	-11.111	-3.828	-3.071	2.440	5.283	3.607	0.000000	0.000000
1582081586843	1582081586843	-10.826	4.128	-0.313	2.880	4.640	4.648	0.000000	0.000000
1582081586859	1582081586859	-14.374	-8.551	-0.151	3.664	2.854	6.187	0.000000	0.000000
1582081586878	1582081586876	-8.282	-8.695	-0.733	4.557	1.284	7.672	0.000000	0.000000
1582081586897	1582081586897	-6.890	-1.276	4.530	3.701	1.181	8.308	0.000000	0.000000
1582081586917	1582081586916	-12.417	-5.785	1.859	1.254	1.591	9.038	0.000000	0.000000
1582081586946	1582081586946	-15.926	-7.936	3.321	-0.435	1.518	8.599	0.000000	0.000000
1582081586958	1582081586957	-15.869	-10.216	-2.651	-2.393	1.320	8.256	0.000000	0.000000
1582081586979	1582081586978	-15.905	-15.170	-5.021	-2.187	1.571	7.924	0.000000	0.000000
1582081586996	1582081586996	-13.995	-18.792	-10.348	-3.436	2.699	7.165	0.000000	0.000000
1582081587016	1582081587016	-17.174	-12.116	-12.133	-4.084	3.479	6.626	0.000000	0.000000
1582081587037	1582081587037	-15.495	-12.159	-12.267	-4.831	3.098	5.419	0.000000	0.000000
1582081587060	1582081587060	-15.768	-15.975	-13.848	-4.805	3.402	4.943	0.000000	0.000000
1582081587082	1582081587076	-14.922	-10.017	-11.105	-3.888	3.173	5.236	0.000000	0.000000
1582081587109	1582081587108	-15.128	-9.380	-10.928	-4.625	3.162	4.536	0.000000	0.000000
1582081587117	1582081587115	-13.169	-8.024	-11.486	-4.302	2.841	3.945	0.000000	0.000000
1582081587139	1582081587139	-15.787	-6.958	-9.661	-5.410	2.639	3.206	0.000000	0.000000
1582081587156	1582081587156	-12.400	-2.740	-10.794	-5.908	1.771	2.543	0.000000	0.000000
1582081587178	1582081587177	-10.469	-2.079	-10.425	-4.787	1.458	1.822	0.000000	0.000000
1582081587196	1582081587195	-8.579	-2.158	-7.210	-4.027	1.322	1.583	0.000000	0.000000
1582081587215	1582081587215	-8.354	0.664	-7.687	-3.944	1.405	1.643	0.000000	0.000000
1582081587236	1582081587235	-8.157	-0.642	-6.724	-3.920	0.772	1.362	0.000000	0.000000
1582081587260	1582081587260	-6.454	1.807	-5.572	-3.904	0.003	1.122	0.000000	0.000000
1582081587276	1582081587275	-5.455	8.128	-6.017	-3.727	0.029	0.714	0.000000	0.000000
1582081587297	1582081587297	-6.174	3.519	-3.880	-2.601	0.257	0.580	0.000000	0.000000
1582081587316	1582081587315	-7.142	0.496	-2.781	-2.479	0.173	0.772	0.000000	0.000000
1582081587336	1582081587334	-6.138	6.588	-3.238	-2.097	-0.488	1.122	0.000000	0.000000
1582081587356	1582081587354	-6.375	6.063	-3.006	-0.878	-0.987	0.883	0.000000	0.000000
1582081587377	1582081587377	-6.998	5.378	-1.981	-0.543	-1.350	0.354	0.000000	0.000000
1582081587395	1582081587395	-8.584	7.786	-0.234	-0.786	-1.767	0.040	0.000000	0.000000
1582081587415	1582081587414	-11.435	4.626	1.220	-0.702	-2.063	-0.694	0.000000	0.000000
1582081587435	1582081587434	-11.236	0.717	0.626	-0.484	-3.060	-1.070	0.000000	0.000000
1582081587458	1582081587458	-12.218	3.531	1.179	0.042	-3.494	-0.508	0.000000	0.000000
1582081587477	1582081587474	-12.378	5.735	0.360	0.647	-3.243	-0.220	0.000000	0.000000
1582081587498	1582081587498	-11.921	5.963	-0.112	0.713	-3.073	0.144	0.000000	0.000000
1582081587515	1582081587514	-12.946	6.305	-0.335	-0.005	-3.715	0.529	0.000000	0.000000
1582081587535	1582081587534	-13.622	5.915	-0.678	-0.384	-4.794	0.192	0.000000	0.000000
1582081587559	1582081587559	-14.383	3.069	-1.113	-0.183	-5.777	-0.350	0.000000	0.000000
1582081587576	1582081587575	-14.688	-0.325	-1.832	0.447	-6.736	-0.664	0.000000	0.000000
1582081587594	1582081587594	-14.927	-2.850	-2.541	1.664	-7.753	-0.695	0.000000	0.000000
1582081587615	1582081587613	-14.759	-4.786	-3.959	3.591	-8.781	-0.632	0.000000	0.000000
1582081587634	1582081587633	-13.713	-6.103	-6.029	5.767	-9.698	-0.501	0.000000	0.000000
1582081587664	1582081587658	-13.538	-7.986	-7.809	8.106	-10.297	-0.342	0.000000	0.000000
1582081587675	1582081587674	-11.710	-8.729	-8.896	10.178	-10.519	-0.344	0.000000	0.000000
1582081587693	1582081587693	-9.568	-5.883	-9.989	10.315	-9.316	-0.178	0.000000	0.000000
1582081587714	1582081587713	-9.092	-6.707	-10.842	10.035	-7.524	0.194	0.000000	0.000000
1582081587733	1582081587733	-8.989	-8.367	-12.554	9.295	-6.410	0.551	0.000000	0.000000
1582081587756	1582081587756	-7.312	-7.057	-15.724	8.873	-5.933	0.467	0.000000	0.000000
1582081587776	1582081587775	-3.740	-6.590	-19.662	9.160	-4.736	0.537	0.000000	0.000000
1582081587796	1582081587794	-1.769	-3.554	-19.540	6.994	-3.321	1.144	0.000000	0.000000
1582081587813	1582081587813	-1.618	0.954	-16.579	2.568	-3.350	0.908	0.000000	0.000000
1582081587833	1582081587832	-1.824	2.882	-11.577	-1.144	-3.876	-0.100	0.000000	0.000000
1582081587853	1582081587852	-4.409	3.254	-6.738	-3.578	-4.015	-0.939	0.000000	0.000000
1582081587874	1582081587874	-7.372	0.930	-1.526	-4.255	-4.013	-1.235	0.000000	0.000000
1582081587894	1582081587893	-13.770	-0.146	3.349	-2.505	-4.579	-0.565	0.000000	0.000000
1582081587914	1582081587914	-10.572	3.800	6.245	-0.711	-5.674	-0.002	0.000000	0.000000
1582081587932	1582081587932	-10.802	5.156	7.498	-0.150	-4.872	0.527	0.000000	0.000000
1582081587953	1582081587952	-15.033	5.453	5.800	-0.317	-4.528	1.173	0.000000	0.000000
1582081587973	1582081587972	-15.174	6.159	6.327	0.374	-4.618	1.252	0.000000	0.000000
1582081587994	1582081587994	-13.490	7.151	8.988	0.628	-4.957	1.414	0.000000	0.000000
1582081588014	1582081588014	-9.461	11.674	10.708	0.063	-4.759	1.633	0.000000	0.000000
1582081588032	1582081588032	-12.421	10.943	8.325	-1.013	-3.459	2.139	0.000000	0.000000
1582081588053	1582081588051	-10.958	8.265	7.846	-1.326	-3.228	2.325	0.000000	0.000000
1582081588073	1582081588071	-7.472	7.973	9.151	-0.969	-3.543	2.408	0.000000	0.000000
1582081588093	1582081588092	-5.072	7.072	9.580	-0.629	-3.501	2.409	0.000000	0.000000
1582081588120	1582081588120	-3.158	7.094	9.511	-0.662	-2.973	2.279	0.000000	0.000000
1582081588131	1582081588131	-4.296	6.861	9.307	-0.859	-2.152	2.334	0.000000	0.000000
1582081588152	1582081588152	-5.264	6.952	7.901	-1.058	-1.560	2.135	0.000000	0.000000
1582081588172	1582081588172	-4.267	6.900	7.462	-1.068	-1.502	1.954	0.000000	0.000000
1582081588196	1582081588196	-2.926	6.897	6.262	-2.098	-1.073	1.774	0.000000	0.000000
1582081588215	1582081588210	-2.657	6.461	5.625	-3.123	-0.619	1.904	0.000000	0.000000
1582081588232	1582081588231	-4.523	5.036	6.679	-2.973	-0.264	1.929	0.000000	0.000000
1582081588252	1582081588250	-3.824	4.506	6.708	-2.769	-0.262	1.684	0.000000	0.000000
1582081588273	1582081588272	-3.628	4.724	6.480	-2.541	-0.088	1.674	0.000000	0.000000
1582081588292	1582081588290	-3.352	3.242	6.243	-2.112	-0.085	1.688	0.000000	0.000000
1582081588319	1582081588312	-2.878	3.728	5.163	-2.293	0.199	1.424	0.000000	0.000000
1582081588331	1582081588330	-3.719	5.218	5.043	-2.669	0.542	1.192	0.000000	0.000000
1582081588351	1582081588350	-4.121	5.192	5.194	-2.822	0.231	0.938	0.000000	0.000000
1582081588371	1582081588371	-3.309	3.658	5.340	-2.736	-0.225	0.620	0.000000	0.000000
1582081588402	1582081588392	-1.970	2.497	5.627	-2.323	-0.649	0.346	0.000000	0.000000
1582081588413	1582081588410	-0.250	2.545	5.055	-2.040	-0.843	0.347	0.000000	0.000000
1582081588430	1582081588430	0.483	2.092	5.086	-2.117	-0.384	0.500	0.000000	0.000000
1582081588451	1582081588450	-0.154	0.278	5.642	-1.973	0.320	0.652	0.000000	0.000000
1582081588471	1582081588470	-1.733	-1.051	7.170	-1.496	0.709	0.567	0.000000	0.000000
1582081588490	1582081588490	-2.978	-1.679	8.742	-1.277	0.615	0.492	0.000000	0.000000
1582081588511	1582081588511	-2.181	-1.993	9.573	-1.712	0.467	0.378	0.000000	0.000000
1582081588531	1582081588531	-1.347	-1.897	9.096	-1.906	0.398	0.445	0.000000	0.000000
1582081588550	1582081588549	-1.654	-0.874	8.782	-2.215	0.513	0.460	0.000000	0.000000
1582081588570	1582081588569	-2.377	-0.031	8.914	-2.664	0.448	0.570	0.000000	0.000000
1582081588601	1582081588597	-2.717	0.343	8.718	-2.633	0.114	0.499	0.000000	0.000000
1582081588611	1582081588611	-2.473	-1.398	8.337	-2.247	-0.514	0.577	0.000000	0.000000
1582081588632	1582081588628	-0.976	-4.151	8.349	-1.808	-0.600	0.736	0.000000	0.000000
1582081588650	1582081588649	-1.354	-4.985	8.296	-1.953	-0.014	0.830	0.000000	0.000000
1582081588669	1582081588669	-2.447	-3.902	7.503	-2.264	0.200	0.865	0.000000	0.000000
1582081588689	1582081588688	-2.459	-2.831	6.873	-2.208	0.111	0.789	0.000000	0.000000
1582081588712	1582081588709	-2.154	-2.920	6.650	-2.118	-0.047	0.766	0.000000	0.000000
1582081588730	1582081588730	-1.687	-4.115	6.382	-1.844	-0.161	0.969	0.000000	0.000000
1582081588750	1582081588748	-1.371	-6.178	6.365	-1.746	0.130	1.002	0.000000	0.000000
1582081588769	1582081588768	-2.099	-6.475	6.770	-1.597	0.403	0.951	0.000000	0.000000
1582081588791	1582081588789	-2.380	-5.332	7.161	-1.374	0.312	0.908	0.000000	0.000000
1582081588816	1582081588816	-2.456	-4.894	6.313	-1.434	0.289	0.801	0.000000	0.000000
1582081588829	1582081588829	-2.842	-4.649	6.305	-1.580	0.444	0.748	0.000000	0.000000
1582081588850	1582081588848	-3.199	-5.174	6.420	-1.938	0.381	0.800	0.000000	0.000000
1582081588869	1582081588868	-3.505	-6.484	5.124	-2.497	0.293	0.817	0.000000	0.000000
1582081588888	1582081588888	-3.774	-7.682	4.212	-2.675	0.321	0.725	0.000000	0.000000
1582081588909	1582081588909	-4.193	-8.772	4.317	-2.719	0.416	0.701	0.000000	0.000000
1582081588929	1582081588929	-4.852	-9.287	3.816	-2.511	0.487	0.618	0.000000	0.000000
1582081588950	1582081588947	-5.012	-10.029	2.966	-2.311	0.271	0.516	0.000000	0.000000
1582081588968	1582081588968	-4.344	-10.858	2.073	-2.265	0.052	0.191	0.000000	0.000000
1582081588988	1582081588988	-3.695	-12.490	0.870	-3.035	0.469	-0.272	0.000000	0.000000
1582081589014	1582081589014	-5.532	-13.098	-0.903	-4.695	1.687	-1.065	0.000000	0.000000
1582081589028	1582081589028	-9.360	-12.892	-3.847	-7.021	2.811	-2.463	0.000000	0.000000
1582081589052	1582081589052	-11.545	-13.350	-11.256	-10.977	2.462	-3.899	0.000000	0.000000
1582081589067	1582081589066	-12.000	-19.310	-19.037	-14.016	1.513	-3.850	0.000000	0.000000
1582081589086	1582081589085	-8.045	-27.236	-19.058	-11.811	2.147	-2.988	0.000000	0.000000
1582081589109	1582081589109	-5.594	-15.697	-19.561	-6.119	4.313	-1.839	0.000000	0.000000
1582081589135	1582081589127	-11.674	3.649	-18.625	-3.083	5.908	-0.732	0.000000	0.000000
1582081589150	1582081589150	-10.062	-1.089	-12.339	-1.460	6.716	-0.365	0.000000	0.000000
1582081589168	1582081589166	-10.275	-13.994	-4.980	3.994	5.868	2.901	0.000000	0.000000
1582081589188	1582081589186	-11.760	0.523	-1.142	4.257	4.742	4.493	0.000000	0.000000
1582081589208	1582081589206	-11.324	0.245	1.888	4.624	3.473	5.160	0.000000	0.000000
1582081589227	1582081589226	-10.376	-6.312	2.973	4.766	3.460	5.575	0.000000	0.000000
1582081589248	1582081589246	-11.782	1.706	5.802	3.143	2.370	6.590	0.000000	0.000000
1582081589267	1582081589266	-8.953	-3.796	6.931	1.078	1.564	7.048	0.000000	0.000000
1582081589286	1582081589286	-15.389	-8.829	0.271	-0.925	2.518	7.488	0.000000	0.000000
1582081589306	1582081589306	-11.226	-15.779	-3.449	-2.090	2.082	6.717	0.000000	0.000000
1582081589333	1582081589326	-11.137	-13.846	-7.775	-4.367	3.148	6.227	0.000000	0.000000
1582081589352	1582081589347	-16.630	-16.442	-9.035	-4.393	3.397	6.073	0.000000	0.000000
1582081589367	1582081589365	-14.007	-15.141	-8.372	-4.323	3.017	5.779	0.000000	0.000000
1582081589386	1582081589385	-14.352	-15.685	-9.342	-4.819	4.024	5.500	0.000000	0.000000
1582081589407	1582081589407	-16.422	-14.308	-10.791	-5.392	4.261	4.962	0.000000	0.000000
1582081589427	1582081589426	-15.399	-7.984	-11.417	-5.001	3.692	4.572	0.000000	0.000000
1582081589447	1582081589447	-16.477	-10.846	-10.614	-4.892	3.270	3.738	0.000000	0.000000
1582081589467	1582081589465	-14.216	-9.950	-10.267	-4.610	2.634	3.796	0.000000	0.000000
1582081589486	1582081589485	-14.314	-4.733	-10.180	-5.287	2.434	3.600	0.000000	0.000000
1582081589506	1582081589505	-12.383	-6.630	-11.467	-3.933	2.081	3.116	0.000000	0.000000
1582081589531	1582081589525	-11.118	-4.043	-9.701	-3.833	1.762	2.757	0.000000	0.000000
1582081589550	1582081589545	-10.026	-0.642	-9.701	-3.860	1.471	1.948	0.000000	0.000000
1582081589567	1582081589564	-9.353	-6.812	-8.219	-4.181	1.140	1.360	0.000000	0.000000
1582081589585	1582081589584	-9.355	-0.649	-7.876	-5.078	0.580	1.536	0.000000	0.000000
1582081589606	1582081589604	-5.877	7.906	-7.818	-3.739	-0.502	0.932	0.000000	0.000000
1582081589636	1582081589635	-4.447	3.721	-8.516	-3.089	-0.110	0.559	0.000000	0.000000
1582081589649	1582081589649	-7.240	2.806	-5.627	-3.733	0.487	0.701	0.000000	0.000000
1582081589667	1582081589665	-7.321	6.150	-4.381	-3.232	-0.320	0.765	0.000000	0.000000
1582081589685	1582081589684	-5.920	7.103	-5.399	-2.924	-1.043	0.853	0.000000	0.000000
1582081589704	1582081589704	-5.628	7.810	-5.663	-2.527	-1.242	0.770	0.000000	0.000000
1582081589735	1582081589727	-6.380	5.733	-4.949	-2.338	-1.371	0.851	0.000000	0.000000
1582081589751	1582081589746	-8.229	7.680	-4.101	-2.227	-1.858	0.704	0.000000	0.000000
1582081589765	1582081589765	-6.744	4.279	-3.816	-1.730	-2.680	0.355	0.000000	0.000000
1582081589785	1582081589783	-8.821	1.153	-0.428	-1.090	-2.602	0.322	0.000000	0.000000
1582081589805	1582081589804	-10.879	1.433	1.246	-0.648	-2.439	0.297	0.000000	0.000000
1582081589825	1582081589825	-10.527	3.443	-0.043	-0.146	-3.447	0.084	0.000000	0.000000
1582081589847	1582081589847	-10.103	3.680	1.387	0.420	-3.465	-0.112	0.000000	0.000000
1582081589865	1582081589865	-10.761	3.424	1.316	0.527	-3.038	-0.530	0.000000	0.000000
1582081589884	1582081589884	-12.136	3.357	1.042	0.114	-3.063	-0.509	0.000000	0.000000
1582081589904	1582081589904	-12.256	4.466	1.596	-0.268	-3.697	-0.475	0.000000	0.000000
1582081589930	1582081589928	-12.103	3.002	2.243	0.195	-4.390	-0.561	0.000000	0.000000
1582081589948	1582081589948	-14.285	-0.138	0.762	1.375	-4.781	-0.635	0.000000	0.000000
1582081589963	1582081589962	-16.745	-2.158	-1.401	2.565	-6.018	-0.691	0.000000	0.000000
1582081589983	1582081589982	-16.875	-3.962	-2.675	4.158	-8.055	-0.673	0.000000	0.000000
1582081590004	1582081590003	-14.953	-4.479	-4.805	6.015	-9.599	-0.466	0.000000	0.000000
1582081590023	1582081590023	-13.703	-4.644	-7.016	7.525	-10.129	0.094	0.000000	0.000000
1582081590048	1582081590048	-12.383	-6.688	-8.918	9.439	-10.113	0.441	0.000000	0.000000
1582081590071	1582081590063	-9.971	-5.672	-10.851	10.175	-9.464	0.511	0.000000	0.000000
1582081590084	1582081590084	-8.500	-6.132	-11.548	9.890	-8.090	0.540	0.000000	0.000000
1582081590113	1582081590108	-8.076	-9.031	-12.190	9.186	-7.286	0.618	0.000000	0.000000
1582081590123	1582081590123	-6.598	-7.785	-13.771	8.195	-7.082	0.446	0.000000	0.000000
1582081590152	1582081590147	-4.102	-5.722	-17.233	7.833	-6.234	0.140	0.000000	0.000000
1582081590163	1582081590162	-2.368	-3.619	-16.552	6.153	-4.706	0.576	0.000000	0.000000
1582081590187	1582081590187	-2.993	1.800	-12.717	2.432	-4.092	0.968	0.000000	0.000000
1582081590203	1582081590202	-3.747	3.697	-8.096	0.122	-4.571	0.521	0.000000	0.000000
1582081590222	1582081590222	-5.851	2.487	-3.871	-1.134	-5.057	0.048	0.000000	0.000000
1582081590247	1582081590247	-10.658	-0.927	2.722	-1.563	-6.053	-0.259	0.000000	0.000000
1582081590265	1582081590262	-12.965	0.681	6.586	-2.155	-6.760	-0.310	0.000000	0.000000
1582081590285	1582081590282	-10.505	3.627	8.617	-1.658	-7.407	1.099	0.000000	0.000000
1582081590302	1582081590301	-10.927	5.572	10.474	-1.104	-6.404	1.253	0.000000	0.000000
1582081590322	1582081590322	-12.115	6.873	8.552	-2.107	-5.104	1.438	0.000000	0.000000
1582081590347	1582081590342	-15.246	9.197	10.972	-1.786	-5.276	2.074	0.000000	0.000000
1582081590362	1582081590361	-11.296	10.902	12.191	-1.080	-5.081	1.974	0.000000	0.000000
1582081590386	1582081590381	-10.764	10.117	9.477	-1.289	-3.128	2.100	0.000000	0.000000
1582081590401	1582081590401	-9.585	8.016	9.417	0.078	-2.386	1.876	0.000000	0.000000
1582081590421	1582081590421	-3.623	7.587	10.950	1.325	-2.939	1.960	0.000000	0.000000
1582081590446	1582081590445	-2.406	7.343	10.763	0.237	-2.479	2.590	0.000000	0.000000
1582081590464	1582081590461	-3.033	6.579	8.548	-1.962	-1.421	2.643	0.000000	0.000000
1582081590484	1582081590482	-4.368	6.844	7.046	-2.801	-1.020	2.503	0.000000	0.000000
1582081590501	1582081590501	-4.804	5.469	5.623	-2.833	-0.780	2.273	0.000000	0.000000
1582081590522	1582081590520	-4.224	3.579	6.818	-2.003	-0.440	1.836	0.000000	0.000000
1582081590541	1582081590540	-2.830	4.200	7.010	-0.596	-0.675	1.610	0.000000	0.000000
1582081590562	1582081590562	-2.315	5.479	7.139	-0.042	-0.430	1.354	0.000000	0.000000
1582081590581	1582081590581	-3.014	4.909	7.189	-0.414	-0.273	1.375	0.000000	0.000000
1582081590608	1582081590602	-3.973	4.758	6.451	-1.164	0.163	1.459	0.000000	0.000000
1582081590620	1582081590620	-4.950	5.869	7.882	-1.711	0.387	1.369	0.000000	0.000000
1582081590642	1582081590640	-3.604	4.990	6.816	-2.590	0.065	1.223	0.000000	0.000000
1582081590665	1582081590665	-2.576	3.785	5.706	-3.327	-0.014	0.978	0.000000	0.000000
1582081590685	1582081590682	-2.380	2.748	5.402	-3.428	-0.054	0.949	0.000000	0.000000
1582081590700	1582081590700	-2.104	2.267	5.172	-2.791	0.182	0.679	0.000000	0.000000
1582081590720	1582081590720	-1.460	3.630	5.342	-1.792	-0.118	0.430	0.000000	0.000000
1582081590741	1582081590739	-0.913	5.000	6.032	-1.539	-0.677	0.447	0.000000	0.000000
1582081590761	1582081590761	-0.185	3.929	6.852	-1.936	-0.737	0.636	0.000000	0.000000
1582081590780	1582081590780	-0.564	0.496	6.121	-2.426	-0.271	1.012	0.000000	0.000000
1582081590801	1582081590801	-1.373	-1.494	5.819	-2.172	0.344	1.199	0.000000	0.000000
1582081590819	1582081590819	-1.627	-1.461	6.420	-1.598	0.658	0.947	0.000000	0.000000
1582081590840	1582081590839	-2.277	-2.347	7.625	-1.234	0.825	0.756	0.000000	0.000000
1582081590860	1582081590859	-2.193	-3.013	7.592	-1.702	0.962	0.600	0.000000	0.000000
1582081590887	1582081590882	-2.341	-2.716	7.613	-2.319	1.132	0.568	0.000000	0.000000
1582081590902	1582081590902	-3.369	-1.145	7.326	-2.420	1.091	0.625	0.000000	0.000000
1582081590919	1582081590919	-3.168	0.563	7.379	-1.573	0.679	0.614	0.000000	0.000000
1582081590941	1582081590938	-2.919	0.034	9.302	-0.396	0.144	0.597	0.000000	0.000000
1582081590961	1582081590961	-2.583	-0.924	8.651	-1.110	0.094	0.430	0.000000	0.000000
1582081590979	1582081590978	-2.919	-2.462	8.619	-1.512	0.031	0.504	0.000000	0.000000
1582081591000	1582081591000	-2.288	-4.290	9.187	-1.546	-0.082	0.756	0.000000	0.000000
1582081591019	1582081591019	-1.924	-3.808	8.679	-2.256	0.302	0.732	0.000000	0.000000
1582081591039	1582081591038	-3.711	-2.927	8.251	-2.477	0.494	0.750	0.000000	0.000000
1582081591060	1582081591060	-3.805	-2.510	7.070	-3.005	0.009	0.636	0.000000	0.000000
1582081591084	1582081591082	-1.862	-2.826	6.341	-2.770	-0.495	0.597	0.000000	0.000000
1582081591103	1582081591098	-0.216	-4.764	6.835	-2.022	-0.256	0.791	0.000000	0.000000
1582081591120	1582081591118	-1.644	-6.031	6.729	-2.044	0.417	1.017	0.000000	0.000000
1582081591139	1582081591139	-4.188	-6.120	6.219	-1.937	0.795	1.051	0.000000	0.000000
1582081591158	1582081591157	-4.325	-5.634	5.790	-2.029	0.532	0.834	0.000000	0.000000
1582081591179	1582081591179	-3.366	-5.940	5.261	-2.276	0.384	0.782	0.000000	0.000000
1582081591203	1582081591199	-3.366	-6.575	4.746	-2.565	0.668	0.944	0.000000	0.000000
1582081591219	1582081591219	-4.270	-7.977	3.893	-2.420	0.963	0.991	0.000000	0.000000
1582081591237	1582081591237	-5.089	-8.513	3.795	-1.988	0.937	0.830	0.000000	0.000000
1582081591258	1582081591257	-5.146	-7.830	3.931	-2.290	0.733	0.598	0.000000	0.000000
1582081591282	1582081591282	-5.137	-7.924	3.821	-3.003	0.572	0.364	0.000000	0.000000
1582081591298	1582081591297	-5.149	-9.059	3.285	-3.454	0.502	0.232	0.000000	0.000000
1582081591321	1582081591320	-5.357	-11.290	2.099	-3.394	0.697	0.127	0.000000	0.000000
1582081591339	1582081591336	-6.042	-13.680	-0.083	-3.571	1.212	-0.442	0.000000	0.000000
1582081591358	1582081591357	-8.193	-15.829	-3.083	-4.947	1.963	-1.405	0.000000	0.000000
1582081591378	1582081591378	-10.934	-15.268	-8.817	-8.707	2.174	-2.777	0.000000	0.000000
1582081591399	1582081591399	-13.820	-17.067	-16.742	-12.001	1.637	-3.088	0.000000	0.000000
1582081591419	1582081591418	-13.459	-25.131	-18.991	-10.671	1.518	-3.024	0.000000	0.000000
1582081591437	1582081591437	-9.734	-20.910	-18.689	-8.938	3.147	-2.750	0.000000	0.000000
1582081591457	1582081591456	-12.261	-10.247	-19.774	-5.114	6.245	-1.274	0.000000	0.000000
1582081591479	1582081591479	-17.265	-9.316	-13.187	-1.996	7.719	-0.081	0.000000	0.000000
1582081591511	1582081591506	-14.515	-2.383	-3.107	-0.247	6.899	1.293	0.000000	0.000000
1582081591519	1582081591516	-14.197	4.334	1.270	2.058	5.784	2.558	0.000000	0.000000
1582081591541	1582081591541	-8.991	-1.439	1.260	4.113	4.392	4.662	0.000000	0.000000
1582081591557	1582081591556	-9.585	2.882	4.820	4.296	2.481	6.916	0.000000	0.000000
1582081591579	1582081591576	-9.401	5.699	4.815	3.269	1.064	8.413	0.000000	0.000000
1582081591600	1582081591597	-16.745	-6.899	5.800	2.928	1.277	8.897	0.000000	0.000000
1582081591617	1582081591617	-16.935	-9.907	0.719	0.650	2.370	8.303	0.000000	0.000000
1582081591637	1582081591635	-15.155	-14.720	-4.520	-1.515	2.735	7.201	0.000000	0.000000
1582081591656	1582081591655	-16.075	-10.271	-6.271	-3.233	3.015	6.798	0.000000	0.000000
1582081591676	1582081591676	-17.011	-12.322	-10.612	-3.862	2.965	5.989	0.000000	0.000000
1582081591705	1582081591705	-16.192	-14.511	-13.048	-4.881	3.377	5.163	0.000000	0.000000
1582081591718	1582081591717	-18.662	-16.298	-13.939	-5.517	3.686	4.835	0.000000	0.000000
1582081591738	1582081591736	-15.775	-14.301	-13.874	-5.049	3.163	5.022	0.000000	0.000000
1582081591756	1582081591755	-17.232	-11.184	-12.756	-4.299	3.282	4.768	0.000000	0.000000
1582081591776	1582081591775	-14.834	-11.127	-11.177	-4.178	2.992	4.041	0.000000	0.000000
1582081591797	1582081591794	-14.589	-7.196	-10.961	-4.581	2.920	3.392	0.000000	0.000000
1582081591819	1582081591816	-13.653	-8.029	-11.105	-4.436	2.556	2.978	0.000000	0.000000
1582081591838	1582081591838	-11.868	-4.793	-9.208	-4.219	1.952	2.907	0.000000	0.000000
1582081591857	1582081591856	-11.928	-5.066	-7.505	-3.883	1.962	2.792	0.000000	0.000000
1582081591875	1582081591875	-11.756	-1.942	-5.684	-3.975	1.258	2.689	0.000000	0.000000
1582081591895	1582081591895	-6.931	3.258	-7.399	-3.880	0.779	1.898	0.000000	0.000000
1582081591916	1582081591915	-7.496	1.711	-7.193	-2.922	0.970	1.158	0.000000	0.000000
1582081591942	1582081591936	-8.114	1.064	-6.264	-2.745	0.416	0.941	0.000000	0.000000
1582081591955	1582081591954	-6.967	6.147	-4.932	-2.653	-0.041	1.099	0.000000	0.000000
1582081591974	1582081591974	-6.028	4.420	-4.659	-2.874	0.104	0.896	0.000000	0.000000
1582081591998	1582081591995	-7.242	6.765	-5.167	-3.142	-0.206	0.829	0.000000	0.000000
1582081592020	1582081592014	-6.574	6.904	-6.144	-2.942	-1.025	0.536	0.000000	0.000000
1582081592036	1582081592036	-5.563	6.624	-5.581	-2.893	-1.554	0.340	0.000000	0.000000
1582081592056	1582081592053	-5.309	7.292	-5.030	-3.039	-1.537	0.221	0.000000	0.000000
1582081592074	1582081592073	-7.278	6.250	-3.291	-2.640	-1.536	-0.190	0.000000	0.000000
1582081592098	1582081592093	-7.475	4.504	-3.037	-2.461	-1.892	-0.401	0.000000	0.000000
1582081592125	1582081592124	-8.718	2.743	-1.205	-1.962	-2.185	-0.181	0.000000	0.000000
1582081592137	1582081592134	-10.373	2.202	0.388	-1.391	-2.189	0.082	0.000000	0.000000
1582081592155	1582081592153	-12.347	3.718	-1.727	-0.671	-3.417	-0.266	0.000000	0.000000
1582081592174	1582081592174	-10.608	4.473	-0.383	-0.116	-4.811	-0.669	0.000000	0.000000
1582081592193	1582081592193	-9.595	4.459	1.495	-0.505	-4.790	-1.351	0.000000	0.000000
1582081592220	1582081592213	-11.245	2.535	2.408	-0.999	-3.777	-1.519	0.000000	0.000000
1582081592236	1582081592235	-13.449	1.931	2.267	-1.008	-3.654	-1.419	0.000000	0.000000
1582081592256	1582081592254	-15.109	0.108	0.523	-0.070	-4.473	-1.520	0.000000	0.000000
1582081592274	1582081592272	-15.687	-1.202	-1.681	1.226	-5.676	-1.819	0.000000	0.000000
1582081592295	1582081592292	-14.740	-1.863	-2.963	2.408	-7.125	-1.986	0.000000	0.000000
1582081592317	1582081592317	-14.381	-2.754	-4.220	3.696	-8.205	-2.178	0.000000	0.000000
1582081592336	1582081592334	-13.938	-3.662	-6.597	5.324	-9.042	-2.187	0.000000	0.000000
1582081592355	1582081592355	-12.072	-5.061	-9.392	8.096	-9.901	-1.913	0.000000	0.000000
1582081592373	1582081592373	-9.631	-3.931	-12.018	10.149	-10.024	-1.556	0.000000	0.000000
1582081592393	1582081592392	-7.798	-0.505	-13.350	10.552	-9.203	-1.577	0.000000	0.000000
1582081592413	1582081592412	-5.877	-0.567	-11.900	10.105	-8.197	-1.837	0.000000	0.000000
1582081592436	1582081592436	-4.344	-3.423	-10.662	9.482	-6.792	-1.798	0.000000	0.000000
1582081592455	1582081592452	-4.219	-5.885	-14.497	9.740	-4.844	-1.267	0.000000	0.000000
1582081592475	1582081592471	-3.522	-3.111	-19.525	8.884	-3.096	0.159	0.000000	0.000000
1582081592492	1582081592491	-2.727	3.467	-18.081	5.628	-3.065	1.042	0.000000	0.000000
1582081592514	1582081592512	-1.903	5.369	-12.782	2.311	-3.822	0.568	0.000000	0.000000
1582081592535	1582081592532	-3.266	6.214	-7.241	-1.095	-4.158	-0.319	0.000000	0.000000
1582081592554	1582081592554	-5.865	3.594	-1.130	-3.034	-4.767	-1.156	0.000000	0.000000
1582081592573	1582081592572	-7.324	-0.124	3.347	-3.003	-5.156	-1.017	0.000000	0.000000
1582081592593	1582081592591	-12.668	2.547	6.935	-1.923	-4.561	0.113	0.000000	0.000000
1582081592615	1582081592611	-11.947	6.310	5.913	-1.360	-5.235	0.390	0.000000	0.000000
1582081592639	1582081592636	-11.207	5.323	7.283	-1.209	-5.730	0.641	0.000000	0.000000
1582081592653	1582081592651	-12.831	5.987	7.546	-1.528	-4.757	0.929	0.000000	0.000000
1582081592673	1582081592673	-14.314	5.992	7.565	-1.969	-4.743	1.252	0.000000	0.000000
1582081592693	1582081592691	-13.368	4.660	8.785	-1.548	-4.655	1.365	0.000000	0.000000
1582081592712	1582081592711	-12.580	8.217	14.524	-0.973	-4.657	1.228	0.000000	0.000000
1582081592736	1582081592736	-8.296	12.016	9.417	-0.100	-3.831	1.423	0.000000	0.000000
1582081592755	1582081592753	-9.231	8.100	10.224	-0.826	-2.205	1.572	0.000000	0.000000
1582081592772	1582081592771	-6.358	6.327	11.221	-0.122	-3.164	2.127	0.000000	0.000000
1582081592791	1582081592791	-4.859	6.128	10.941	0.501	-2.860	2.004	0.000000	0.000000
1582081592812	1582081592810	-3.048	7.918	9.985	-1.051	-2.474	1.609	0.000000	0.000000
1582081592836	1582081592836	-2.954	7.834	8.560	-2.296	-2.225	1.859	0.000000	0.000000
