1582082202714	1582082202770	-4.502	-3.880	8.435	0.157	-0.143	-0.332	0.000000	0.000000
1582082202735	1582082202790	-4.066	-3.126	8.140	0.077	-0.211	-0.235	0.000000	0.000000
1582082202752	1582082202810	-3.881	-2.127	8.030	-0.188	-0.205	-0.185	0.000000	0.000000
1582082202771	1582082202830	-4.071	-2.570	8.550	-0.215	-0.167	-0.257	0.000000	0.000000
1582082202791	1582082202850	-4.464	-1.410	9.858	0.043	-0.120	-0.137	0.000000	0.000000
1582082202814	1582082202873	-4.940	-2.627	9.889	0.190	-0.169	-0.068	0.000000	0.000000
1582082202835	1582082202889	-3.946	-3.593	9.357	0.092	-0.327	-0.148	0.000000	0.000000
1582082202850	1582082202910	-3.740	-3.456	8.179	-0.057	-0.306	-0.172	0.000000	0.000000
1582082202873	1582082202935	-4.279	-2.203	8.564	-0.193	-0.172	-0.113	0.000000	0.000000
1582082202890	1582082202951	-3.896	-1.221	8.478	0.052	-0.122	-0.026	0.000000	0.000000
1582082202911	1582082202969	-4.181	-2.419	8.698	0.244	-0.262	-0.126	0.000000	0.000000
1582082202936	1582082202989	-4.157	-2.721	9.075	0.344	-0.342	-0.117	0.000000	0.000000
1582082202951	1582082203010	-4.840	-2.975	9.947	0.382	-0.346	-0.091	0.000000	0.000000
1582082202970	1582082203036	-4.317	-2.206	10.071	0.356	-0.280	0.031	0.000000	0.000000
1582082202990	1582082203049	-3.970	-1.849	10.002	0.367	-0.190	0.030	0.000000	0.000000
1582082203010	1582082203070	-3.580	-1.796	10.268	0.517	-0.213	-0.007	0.000000	0.000000
1582082203036	1582082203089	-3.572	-2.369	10.097	0.466	-0.233	0.015	0.000000	0.000000
1582082203051	1582082203109	-3.553	-2.527	10.004	0.233	-0.341	0.050	0.000000	0.000000
1582082203076	1582082203131	-3.563	-2.407	9.803	0.181	-0.267	0.119	0.000000	0.000000
1582082203089	1582082203149	-3.556	-2.007	9.963	0.425	-0.245	0.093	0.000000	0.000000
1582082203110	1582082203172	-3.180	-1.104	9.891	0.376	-0.296	0.008	0.000000	0.000000
1582082203132	1582082203189	-3.244	-1.672	9.700	0.172	-0.331	-0.002	0.000000	0.000000
1582082203155	1582082203209	-3.089	-2.338	9.731	-0.066	-0.441	-0.083	0.000000	0.000000
1582082203172	1582082203229	-2.681	-1.997	10.224	0.019	-0.572	-0.129	0.000000	0.000000
1582082203190	1582082203248	-2.732	-2.333	10.481	0.423	-0.622	-0.101	0.000000	0.000000
1582082203210	1582082203269	-2.562	-2.357	10.366	0.836	-0.749	-0.247	0.000000	0.000000
1582082203229	1582082203289	-2.145	-2.421	10.220	0.756	-0.911	-0.344	0.000000	0.000000
1582082203249	1582082203308	-2.106	-2.857	10.045	0.477	-0.968	-0.411	0.000000	0.000000
1582082203276	1582082203331	-2.051	-2.431	9.891	0.513	-0.959	-0.466	0.000000	0.000000
1582082203289	1582082203349	-1.694	-1.825	9.870	0.697	-0.840	-0.524	0.000000	0.000000
1582082203311	1582082203374	-1.572	-2.019	10.059	0.841	-0.963	-0.601	0.000000	0.000000
1582082203332	1582082203389	-1.644	-2.817	10.229	0.929	-1.049	-0.569	0.000000	0.000000
1582082203359	1582082203407	-2.030	-2.740	10.217	0.997	-0.951	-0.428	0.000000	0.000000
1582082203374	1582082203427	-1.797	-1.511	10.457	0.988	-0.877	-0.365	0.000000	0.000000
1582082203390	1582082203448	-1.570	-1.648	10.943	1.093	-0.874	-0.381	0.000000	0.000000
1582082203408	1582082203470	-1.524	-1.394	11.583	0.962	-0.883	-0.419	0.000000	0.000000
1582082203428	1582082203490	-1.340	-0.550	11.552	0.735	-0.884	-0.423	0.000000	0.000000
1582082203450	1582082203507	-1.275	-0.689	11.633	0.621	-0.899	-0.430	0.000000	0.000000
1582082203470	1582082203527	-1.146	-0.704	11.995	0.647	-0.909	-0.381	0.000000	0.000000
1582082203491	1582082203551	-0.837	-0.218	12.404	0.649	-0.910	-0.316	0.000000	0.000000
1582082203508	1582082203567	-0.561	0.202	11.954	0.628	-0.960	-0.272	0.000000	0.000000
1582082203527	1582082203589	-0.458	0.235	11.597	0.590	-1.029	-0.306	0.000000	0.000000
1582082203559	1582082203607	-0.487	0.072	11.211	0.310	-0.921	-0.261	0.000000	0.000000
1582082203569	1582082203626	-0.466	0.386	11.123	-0.180	-0.738	-0.186	0.000000	0.000000
1582082203591	1582082203649	0.102	1.162	11.305	-0.890	-0.437	0.038	0.000000	0.000000
1582082203608	1582082203666	0.308	1.126	11.492	-1.450	0.225	0.400	0.000000	0.000000
1582082203628	1582082203691	0.945	1.500	11.657	-2.049	0.848	0.974	0.000000	0.000000
1582082203649	1582082203706	1.410	1.931	11.858	-3.223	0.974	1.449	0.000000	0.000000
1582082203668	1582082203726	1.058	1.191	11.254	-3.913	0.921	1.297	0.000000	0.000000
1582082203691	1582082203746	-0.384	0.872	9.455	-2.330	1.018	0.933	0.000000	0.000000
1582082203707	1582082203771	-0.925	1.359	3.572	-0.121	1.303	0.881	0.000000	0.000000
1582082203727	1582082203789	-1.555	0.118	-1.861	0.099	2.075	1.334	0.000000	0.000000
1582082203747	1582082203810	0.165	0.894	-3.593	-0.097	2.099	1.291	0.000000	0.000000
1582082203772	1582082203826	1.005	1.603	-2.503	0.340	1.967	1.256	0.000000	0.000000
1582082203789	1582082203848	-1.608	0.825	0.118	0.197	1.674	1.040	0.000000	0.000000
1582082203810	1582082203866	-2.806	0.734	1.174	-0.065	1.595	0.816	0.000000	0.000000
1582082203826	1582082203887	-1.934	-0.069	2.271	-0.466	1.463	0.484	0.000000	0.000000
1582082203849	1582082203905	-0.087	1.488	3.776	-0.706	1.428	0.193	0.000000	0.000000
1582082203868	1582082203925	0.957	1.241	5.249	-0.752	1.790	0.043	0.000000	0.000000
1582082203891	1582082203945	1.381	-0.855	6.363	-1.014	1.840	0.168	0.000000	0.000000
1582082203907	1582082203969	0.768	-1.336	6.967	-1.424	1.397	0.021	0.000000	0.000000
1582082203926	1582082203987	-0.087	0.389	8.191	-0.952	0.315	-0.236	0.000000	0.000000
1582082203946	1582082204009	-2.219	-2.165	9.573	-0.575	0.245	-0.163	0.000000	0.000000
1582082203971	1582082204024	-4.042	-5.001	9.180	-0.362	0.675	-0.121	0.000000	0.000000
1582082203994	1582082204044	-2.114	-3.231	9.336	0.172	0.265	-0.425	0.000000	0.000000
1582082204009	1582082204064	-1.251	-3.540	10.256	0.790	-0.262	-0.503	0.000000	0.000000
1582082204027	1582082204089	-4.773	-4.402	10.883	1.257	-0.589	-0.641	0.000000	0.000000
1582082204046	1582082204105	-5.973	-3.633	10.442	1.820	-1.060	-1.046	0.000000	0.000000
1582082204066	1582082204124	-6.509	-3.945	11.808	2.237	-0.910	-1.201	0.000000	0.000000
1582082204089	1582082204143	-7.595	-6.082	14.479	1.824	-0.587	-0.931	0.000000	0.000000
1582082204107	1582082204169	-5.058	-6.163	15.899	1.746	-0.525	-0.533	0.000000	0.000000
1582082204126	1582082204186	-1.697	-2.556	16.683	1.731	-0.407	-0.393	0.000000	0.000000
1582082204145	1582082204205	-1.115	-0.311	17.612	1.248	-0.164	-0.347	0.000000	0.000000
1582082204169	1582082204224	-1.694	-0.984	16.800	1.261	-0.262	-0.293	0.000000	0.000000
1582082204192	1582082204243	-1.687	-0.213	15.904	1.508	-0.635	-0.283	0.000000	0.000000
1582082204211	1582082204264	-1.812	-1.140	14.886	1.452	-0.956	-0.257	0.000000	0.000000
1582082204225	1582082204286	-2.291	-2.520	14.359	1.581	-1.048	-0.283	0.000000	0.000000
1582082204244	1582082204305	-2.047	-1.593	14.280	1.486	-0.890	-0.250	0.000000	0.000000
1582082204266	1582082204323	-1.893	-0.838	13.307	1.237	-0.875	-0.064	0.000000	0.000000
1582082204294	1582082204344	-2.027	-0.069	12.531	0.987	-1.126	0.095	0.000000	0.000000
1582082204306	1582082204365	-2.461	0.623	12.110	0.941	-1.363	0.164	0.000000	0.000000
1582082204325	1582082204392	-2.947	0.736	11.504	0.970	-1.375	0.034	0.000000	0.000000
1582082204345	1582082204403	-3.019	0.551	10.953	0.538	-1.201	-0.036	0.000000	0.000000
1582082204366	1582082204425	-2.576	0.384	10.864	0.293	-0.964	0.024	0.000000	0.000000
1582082204392	1582082204443	-1.668	1.426	11.070	0.511	-0.889	-0.029	0.000000	0.000000
1582082204404	1582082204463	-1.146	1.905	10.979	0.897	-0.913	-0.116	0.000000	0.000000
1582082204425	1582082204489	-1.630	1.838	10.886	1.228	-0.858	-0.111	0.000000	0.000000
1582082204443	1582082204506	-1.879	1.840	11.118	1.298	-0.820	-0.160	0.000000	0.000000
1582082204464	1582082204522	-1.819	1.725	11.209	1.135	-0.803	-0.159	0.000000	0.000000
1582082204489	1582082204543	-1.623	1.847	11.195	1.072	-0.750	-0.006	0.000000	0.000000
1582082204506	1582082204562	-1.143	2.815	10.993	1.262	-0.671	-0.011	0.000000	0.000000
1582082204524	1582082204586	-0.276	3.373	10.850	1.393	-0.669	-0.019	0.000000	0.000000
1582082204544	1582082204605	-0.032	2.001	10.622	1.340	-0.716	0.036	0.000000	0.000000
1582082204563	1582082204624	-0.001	1.646	10.215	1.183	-0.734	0.083	0.000000	0.000000
1582082204586	1582082204641	0.148	2.168	10.002	0.797	-0.722	0.177	0.000000	0.000000
1582082204605	1582082204664	0.198	2.384	9.784	0.601	-0.737	0.200	0.000000	0.000000
1582082204625	1582082204682	0.423	2.957	9.755	0.488	-0.737	0.173	0.000000	0.000000
1582082204643	1582082204703	0.687	2.727	9.707	0.312	-0.695	0.164	0.000000	0.000000
1582082204666	1582082204723	0.605	2.473	9.163	0.059	-0.628	0.144	0.000000	0.000000
1582082204685	1582082204743	0.646	3.043	9.067	-0.283	-0.522	0.214	0.000000	0.000000
1582082204703	1582082204762	0.816	3.555	8.926	-0.573	-0.368	0.289	0.000000	0.000000
1582082204729	1582082204782	1.264	3.893	8.933	-1.085	-0.224	0.389	0.000000	0.000000
1582082204745	1582082204801	1.631	3.455	8.991	-1.801	-0.085	0.521	0.000000	0.000000
1582082204762	1582082204823	1.755	3.452	8.893	-2.604	0.165	0.615	0.000000	0.000000
1582082204783	1582082204841	1.683	4.126	8.260	-3.235	0.650	0.883	0.000000	0.000000
1582082204802	1582082204861	1.547	3.639	7.618	-3.384	1.122	1.200	0.000000	0.000000
1582082204825	1582082204884	2.440	3.239	6.880	-3.360	1.212	1.128	0.000000	0.000000
1582082204842	1582082204905	1.705	2.825	5.148	-3.490	1.251	1.122	0.000000	0.000000
1582082204862	1582082204922	-0.008	2.844	3.610	-3.352	1.578	1.125	0.000000	0.000000
1582082204885	1582082204939	0.102	2.638	1.907	-2.285	1.961	1.047	0.000000	0.000000
1582082204913	1582082204961	0.375	3.004	0.003	-1.870	1.889	0.725	0.000000	0.000000
1582082204924	1582082204980	-0.034	3.107	-0.632	-2.639	1.689	0.626	0.000000	0.000000
1582082204940	1582082205006	-0.600	1.435	-1.090	-2.095	1.427	0.769	0.000000	0.000000
1582082204961	1582082205025	-1.012	-0.234	-0.536	-0.916	1.600	0.924	0.000000	0.000000
1582082204982	1582082205042	-0.374	-0.098	0.760	-0.558	2.367	1.012	0.000000	0.000000
1582082205006	1582082205060	1.547	0.197	2.017	-0.960	2.911	0.816	0.000000	0.000000
1582082205026	1582082205079	2.529	-0.354	2.841	-2.002	2.676	0.297	0.000000	0.000000
1582082205043	1582082205104	1.544	-0.730	5.084	-2.209	2.315	0.455	0.000000	0.000000
1582082205062	1582082205120	-0.698	0.592	8.315	-1.785	2.114	0.618	0.000000	0.000000
1582082205082	1582082205143	-0.274	2.132	9.673	-0.995	1.757	0.570	0.000000	0.000000
1582082205104	1582082205160	-1.335	-2.522	9.343	-0.372	0.612	0.200	0.000000	0.000000
1582082205122	1582082205180	-3.369	-6.522	9.077	-0.077	0.156	0.015	0.000000	0.000000
1582082205143	1582082205203	-5.185	-6.829	10.660	0.522	1.135	0.330	0.000000	0.000000
1582082205160	1582082205222	-3.985	-5.159	11.525	1.308	1.656	0.358	0.000000	0.000000
1582082205180	1582082205241	-2.605	-5.112	10.217	1.456	1.093	0.351	0.000000	0.000000
1582082205203	1582082205259	-4.392	-6.633	8.725	1.254	0.213	0.286	0.000000	0.000000
1582082205222	1582082205279	-6.718	-5.768	9.570	0.978	-0.345	0.141	0.000000	0.000000
1582082205242	1582082205299	-7.978	-5.246	10.596	1.673	0.376	0.032	0.000000	0.000000
1582082205260	1582082205320	-6.385	-3.911	10.538	1.960	0.791	-0.015	0.000000	0.000000
1582082205280	1582082205339	-3.515	-4.477	9.822	1.687	0.229	-0.102	0.000000	0.000000
1582082205300	1582082205360	-3.822	-6.623	11.108	1.883	-0.289	-0.231	0.000000	0.000000
1582082205325	1582082205379	-6.608	-5.595	13.763	1.992	-0.736	-0.394	0.000000	0.000000
1582082205342	1582082205401	-7.348	-4.259	13.729	1.467	-1.131	-0.450	0.000000	0.000000
1582082205364	1582082205425	-7.214	-3.684	13.015	0.750	-1.157	-0.354	0.000000	0.000000
1582082205380	1582082205441	-6.102	-1.652	13.082	0.685	-0.989	-0.298	0.000000	0.000000
1582082205401	1582082205458	-4.143	-0.196	12.958	1.156	-0.993	-0.375	0.000000	0.000000
1582082205425	1582082205479	-3.927	-1.382	12.191	1.487	-1.104	-0.457	0.000000	0.000000
1582082205443	1582082205498	-4.689	-2.527	12.045	1.232	-1.085	-0.519	0.000000	0.000000
1582082205460	1582082205520	-4.325	-1.880	12.325	0.728	-0.971	-0.393	0.000000	0.000000
1582082205481	1582082205538	-3.771	-0.026	12.114	0.832	-0.912	-0.285	0.000000	0.000000
1582082205499	1582082205564	-3.457	0.614	12.088	1.254	-0.951	-0.252	0.000000	0.000000
1582082205525	1582082205578	-3.747	-0.222	11.357	1.571	-0.892	-0.271	0.000000	0.000000
1582082205539	1582082205598	-3.683	-0.706	10.830	1.535	-0.787	-0.336	0.000000	0.000000
1582082205564	1582082205622	-3.465	-0.680	10.881	1.239	-0.734	-0.271	0.000000	0.000000
1582082205578	1582082205640	-3.570	0.130	11.293	1.091	-0.671	-0.130	0.000000	0.000000
1582082205598	1582082205658	-3.297	1.462	11.587	1.358	-0.593	-0.091	0.000000	0.000000
1582082205624	1582082205677	-2.648	1.443	11.441	1.582	-0.636	-0.101	0.000000	0.000000
1582082205641	1582082205697	-2.902	0.640	11.264	1.276	-0.759	-0.072	0.000000	0.000000
1582082205658	1582082205719	-2.954	0.705	11.154	0.927	-0.837	0.016	0.000000	0.000000
1582082205680	1582082205737	-2.854	1.744	11.015	0.920	-0.837	0.048	0.000000	0.000000
1582082205697	1582082205758	-2.533	2.056	10.847	0.936	-0.844	0.099	0.000000	0.000000
1582082205724	1582082205777	-2.207	1.222	10.198	0.780	-0.850	0.154	0.000000	0.000000
1582082205739	1582082205796	-1.896	1.253	9.609	0.605	-0.803	0.181	0.000000	0.000000
1582082205764	1582082205817	-1.881	1.646	9.360	0.424	-0.744	0.208	0.000000	0.000000
1582082205777	1582082205843	-1.702	1.653	9.264	0.237	-0.780	0.200	0.000000	0.000000
1582082205798	1582082205859	-1.512	1.723	9.443	0.064	-0.858	0.173	0.000000	0.000000
1582082205819	1582082205877	-1.402	1.898	9.494	-0.214	-0.915	0.258	0.000000	0.000000
1582082205843	1582082205896	-1.316	2.116	9.331	-0.612	-0.999	0.340	0.000000	0.000000
1582082205863	1582082205918	-0.961	2.875	9.134	-1.250	-1.068	0.498	0.000000	0.000000
1582082205879	1582082205936	-1.246	3.163	8.916	-1.568	-0.987	0.895	0.000000	0.000000
1582082205898	1582082205957	-1.613	3.076	8.598	-1.578	-1.163	1.199	0.000000	0.000000
1582082205924	1582082205977	-1.292	2.142	7.429	-2.423	-1.338	1.457	0.000000	0.000000
1582082205937	1582082205996	-1.508	1.210	5.810	-4.298	-1.156	1.847	0.000000	0.000000
1582082205959	1582082206016	-2.226	3.198	4.772	-6.210	-0.793	2.094	0.000000	0.000000
1582082205977	1582082206036	-1.721	4.964	4.279	-7.981	-0.016	1.930	0.000000	0.000000
1582082205996	1582082206057	-1.405	2.487	4.468	-8.878	1.258	1.909	0.000000	0.000000
1582082206016	1582082206075	-2.403	-0.507	3.455	-8.553	3.003	1.717	0.000000	0.000000
1582082206036	1582082206095	-2.942	-0.380	1.766	-6.598	4.988	1.051	0.000000	0.000000
1582082206058	1582082206115	-3.884	-0.349	-0.424	-4.572	6.680	-0.184	0.000000	0.000000
1582082206077	1582082206137	-7.365	0.290	-4.422	-4.085	5.895	-0.973	0.000000	0.000000
1582082206096	1582082206156	-12.505	0.664	-11.098	-2.063	4.475	0.064	0.000000	0.000000
1582082206117	1582082206177	-19.632	-6.652	-17.614	0.606	4.640	1.179	0.000000	0.000000
1582082206138	1582082206195	-20.504	-10.892	-13.196	2.343	3.790	3.343	0.000000	0.000000
1582082206158	1582082206215	-16.743	-1.157	-3.593	2.940	2.325	5.264	0.000000	0.000000
1582082206178	1582082206239	-14.807	-0.368	2.324	-0.005	2.305	5.517	0.000000	0.000000
1582082206196	1582082206257	-15.687	-5.821	6.866	-2.355	3.263	6.108	0.000000	0.000000
1582082206216	1582082206275	-18.350	-9.469	7.767	-3.082	3.685	6.632	0.000000	0.000000
1582082206240	1582082206320	-10.469	-10.511	7.242	-2.903	4.197	6.636	0.000000	0.000000
1582082206257	1582082206320	-15.109	-13.783	5.019	-3.057	4.254	6.521	0.000000	0.000000
1582082206275	1582082206341	-19.119	-10.607	6.171	-2.981	5.263	5.489	0.000000	0.000000
1582082206341	1582082206354	-21.026	-17.204	0.709	-3.433	5.479	5.486	0.000000	0.000000
1582082206354	1582082206376	-22.015	-12.660	2.374	-2.839	5.348	5.081	0.000000	0.000000
1582082206378	1582082206397	-22.528	-4.539	3.414	-3.584	4.862	4.644	0.000000	0.000000
1582082206397	1582082206413	-24.205	-2.369	1.541	-2.750	4.383	4.079	0.000000	0.000000
1582082206449	1582082206449	-21.184	-9.443	-1.830	-2.057	4.476	4.090	0.000000	0.000000
1582082206461	1582082206458	-18.355	0.451	-2.651	-2.614	4.011	3.867	0.000000	0.000000
1582082206480	1582082206475	-15.267	-2.294	-3.787	-1.826	3.925	3.146	0.000000	0.000000
1582082206499	1582082206499	-16.175	-3.851	-3.222	-1.684	4.015	2.889	0.000000	0.000000
1582082206513	1582082206512	-13.540	1.519	-2.230	-1.214	2.724	3.005	0.000000	0.000000
1582082206533	1582082206532	-10.627	0.825	-3.401	-1.347	2.238	2.389	0.000000	0.000000
1582082206553	1582082206552	-11.605	1.637	-3.128	-1.732	2.744	2.180	0.000000	0.000000
1582082206574	1582082206574	-12.306	2.283	-2.038	-1.716	2.363	2.123	0.000000	0.000000
1582082206592	1582082206591	-10.124	4.818	-2.879	-1.419	1.551	1.903	0.000000	0.000000
1582082206613	1582082206611	-8.229	3.893	-4.105	-1.350	1.301	1.501	0.000000	0.000000
1582082206633	1582082206631	-7.678	3.742	-3.825	-1.049	1.422	1.551	0.000000	0.000000
1582082206655	1582082206651	-9.461	5.108	-2.342	-0.269	1.539	1.454	0.000000	0.000000
1582082206672	1582082206671	-9.178	6.097	-2.711	-0.463	1.202	0.585	0.000000	0.000000
1582082206693	1582082206691	-7.053	9.142	-2.455	-1.034	0.439	-0.019	0.000000	0.000000
1582082206715	1582082206711	-6.150	9.997	-1.799	-1.361	0.214	0.037	0.000000	0.000000
1582082206733	1582082206732	-6.744	6.274	0.120	-0.624	0.477	0.453	0.000000	0.000000
1582082206752	1582082206752	-7.772	4.037	0.726	0.413	0.758	1.002	0.000000	0.000000
1582082206772	1582082206771	-8.344	6.926	-0.050	0.902	0.265	1.027	0.000000	0.000000
1582082206792	1582082206791	-6.636	5.663	-0.512	0.401	-0.238	0.489	0.000000	0.000000
1582082206812	1582082206810	-7.690	1.514	0.216	-0.153	-0.187	0.299	0.000000	0.000000
1582082206832	1582082206832	-7.932	5.062	-3.332	-0.079	-0.831	0.227	0.000000	0.000000
1582082206858	1582082206852	-11.042	7.724	-3.102	0.286	-2.110	-0.053	0.000000	0.000000
1582082206873	1582082206871	-8.708	6.717	-1.820	0.853	-3.177	-0.563	0.000000	0.000000
1582082206891	1582082206890	-5.074	6.828	-3.411	-0.175	-3.052	-0.407	0.000000	0.000000
1582082206911	1582082206910	-9.228	7.431	-1.418	-0.017	-2.234	0.376	0.000000	0.000000
1582082206931	1582082206929	-13.121	7.218	-0.189	0.093	-2.748	0.325	0.000000	0.000000
1582082206953	1582082206951	-11.298	6.610	-0.309	-0.288	-3.982	0.008	0.000000	0.000000
1582082206972	1582082206970	-10.963	4.942	-0.752	-0.423	-4.278	0.239	0.000000	0.000000
1582082206991	1582082206990	-14.438	0.686	-0.860	0.224	-4.589	0.479	0.000000	0.000000
1582082207012	1582082207010	-17.184	-2.376	-0.445	1.634	-5.874	0.706	0.000000	0.000000
1582082207032	1582082207030	-16.458	-2.510	-2.076	3.161	-7.421	1.180	0.000000	0.000000
1582082207050	1582082207049	-15.864	-3.904	-3.588	4.975	-8.677	1.480	0.000000	0.000000
1582082207071	1582082207070	-15.617	-5.286	-5.931	6.343	-9.494	1.854	0.000000	0.000000
1582082207090	1582082207089	-13.236	-6.292	-8.676	7.634	-10.011	2.147	0.000000	0.000000
1582082207110	1582082207109	-8.797	-7.260	-9.663	8.735	-9.609	2.249	0.000000	0.000000
1582082207130	1582082207129	-5.767	-8.230	-8.868	9.435	-8.139	2.233	0.000000	0.000000
1582082207150	1582082207148	-3.426	-9.979	-9.007	9.677	-6.393	2.065	0.000000	0.000000
1582082207172	1582082207170	-2.760	-8.350	-10.501	8.991	-5.329	1.647	0.000000	0.000000
1582082207191	1582082207189	-2.815	-3.748	-10.839	7.548	-5.277	1.133	0.000000	0.000000
1582082207210	1582082207208	-1.769	-1.454	-9.733	5.352	-5.452	0.911	0.000000	0.000000
1582082207229	1582082207228	-1.388	-1.825	-9.713	3.494	-5.134	0.506	0.000000	0.000000
1582082207249	1582082207248	-2.135	-0.208	-9.227	1.420	-4.514	0.275	0.000000	0.000000
1582082207269	1582082207268	-3.587	1.558	-8.403	-0.218	-4.244	0.131	0.000000	0.000000
1582082207289	1582082207288	-4.900	2.075	-5.957	-1.343	-4.417	-0.062	0.000000	0.000000
1582082207309	1582082207308	-7.827	0.726	-0.325	-2.008	-5.070	-0.261	0.000000	0.000000
1582082207329	1582082207328	-13.140	-2.539	6.145	-1.605	-5.656	-0.071	0.000000	0.000000
1582082207349	1582082207348	-9.597	4.875	8.248	-1.128	-6.566	0.717	0.000000	0.000000
1582082207371	1582082207370	-11.173	10.119	9.034	-1.461	-5.119	0.800	0.000000	0.000000
1582082207393	1582082207392	-16.139	5.587	7.747	-2.522	-4.087	1.549	0.000000	0.000000
1582082207413	1582082207411	-16.966	4.202	7.271	-1.364	-4.345	1.858	0.000000	0.000000
1582082207432	1582082207428	-14.906	5.901	7.738	-1.322	-4.987	1.959	0.000000	0.000000
1582082207450	1582082207449	-12.879	6.396	12.438	-2.276	-4.792	2.055	0.000000	0.000000
1582082207473	1582082207471	-8.728	14.469	12.220	-2.864	-4.225	2.274	0.000000	0.000000
1582082207490	1582082207489	-14.005	10.119	8.282	-3.019	-2.192	2.217	0.000000	0.000000
1582082207512	1582082207510	-8.615	6.308	12.069	-1.573	-2.582	1.889	0.000000	0.000000
1582082207529	1582082207529	-7.015	6.739	13.906	-0.299	-2.553	2.239	0.000000	0.000000
1582082207549	1582082207549	-5.776	8.351	10.936	-1.098	-2.038	2.121	0.000000	0.000000
1582082207571	1582082207569	-5.549	6.564	7.728	-1.490	-2.187	2.605	0.000000	0.000000
1582082207601	1582082207593	-4.535	2.652	7.747	-1.158	-2.283	2.826	0.000000	0.000000
1582082207611	1582082207608	-2.849	1.122	8.313	-1.062	-1.590	2.541	0.000000	0.000000
1582082207628	1582082207628	-3.793	4.818	7.460	-1.561	-1.192	1.974	0.000000	0.000000
1582082207649	1582082207648	-1.824	5.611	6.761	-1.488	-1.512	1.580	0.000000	0.000000
1582082207668	1582082207668	-0.779	3.965	6.042	-1.860	-1.167	1.389	0.000000	0.000000
1582082207689	1582082207689	-0.703	3.984	4.693	-2.281	-0.835	1.351	0.000000	0.000000
1582082207712	1582082207711	-0.662	3.040	4.034	-1.965	-0.612	1.350	0.000000	0.000000
1582082207729	1582082207729	-2.023	1.749	4.918	-1.831	0.029	1.324	0.000000	0.000000
1582082207748	1582082207748	-2.832	2.178	6.243	-2.175	0.257	1.056	0.000000	0.000000
1582082207768	1582082207768	-1.395	2.973	6.487	-2.490	0.184	0.663	0.000000	0.000000
1582082207793	1582082207792	-0.145	3.440	6.401	-2.057	0.193	0.461	0.000000	0.000000
1582082207809	1582082207808	0.035	2.820	7.034	-1.430	0.199	0.553	0.000000	0.000000
1582082207829	1582082207829	0.064	2.338	7.297	-1.228	0.197	0.715	0.000000	0.000000
1582082207848	1582082207847	-0.676	2.626	7.285	-1.399	0.296	0.800	0.000000	0.000000
1582082207869	1582082207866	-1.393	1.481	7.539	-1.943	0.201	0.787	0.000000	0.000000
1582082207891	1582082207891	-0.940	-0.943	7.307	-2.358	-0.017	0.690	0.000000	0.000000
1582082207914	1582082207908	-0.042	-2.872	7.216	-2.305	-0.044	0.586	0.000000	0.000000
1582082207929	1582082207929	-0.049	-3.154	6.710	-2.105	0.190	0.474	0.000000	0.000000
1582082207951	1582082207951	-1.136	-3.444	6.708	-1.675	0.454	0.461	0.000000	0.000000
1582082207971	1582082207971	-0.988	-3.372	6.818	-1.383	0.501	0.288	0.000000	0.000000
1582082207988	1582082207987	-0.957	-3.296	8.397	-1.261	0.552	0.182	0.000000	0.000000
1582082208013	1582082208013	-1.254	-3.547	9.549	-1.575	0.624	-0.022	0.000000	0.000000
1582082208028	1582082208027	-1.400	-2.886	9.475	-1.834	0.379	-0.177	0.000000	0.000000
1582082208048	1582082208048	-0.509	-1.873	8.993	-1.642	-0.023	-0.208	0.000000	0.000000
1582082208067	1582082208067	-0.137	-1.755	8.425	-1.358	-0.004	-0.122	0.000000	0.000000
1582082208087	1582082208087	-2.432	-2.900	8.514	-1.406	0.275	-0.066	0.000000	0.000000
1582082208107	1582082208107	-0.942	-1.741	8.629	-1.484	-0.427	0.175	0.000000	0.000000
1582082208128	1582082208128	1.259	-2.781	8.445	-0.991	-0.272	0.428	0.000000	0.000000
1582082208148	1582082208145	-0.454	-3.686	7.731	-1.077	0.337	0.531	0.000000	0.000000
1582082208167	1582082208165	-1.452	-3.298	8.766	-0.925	0.256	0.635	0.000000	0.000000
1582082208186	1582082208186	-1.400	-2.867	8.526	-1.532	0.153	0.624	0.000000	0.000000
1582082208213	1582082208206	-1.658	-3.365	7.767	-1.610	0.094	0.623	0.000000	0.000000
1582082208228	1582082208226	-1.599	-3.557	7.256	-1.748	0.119	0.621	0.000000	0.000000
1582082208252	1582082208247	-2.023	-3.198	6.535	-2.565	0.158	0.648	0.000000	0.000000
1582082208267	1582082208265	-3.259	-4.733	6.372	-2.929	-0.010	0.633	0.000000	0.000000
1582082208286	1582082208285	-2.945	-6.918	6.784	-2.841	-0.308	0.552	0.000000	0.000000
1582082208312	1582082208305	-1.567	-8.815	5.477	-2.898	-0.331	0.582	0.000000	0.000000
1582082208331	1582082208327	-0.880	-8.714	4.439	-2.197	-0.100	0.720	0.000000	0.000000
1582082208350	1582082208346	-2.051	-7.775	3.979	-1.641	0.409	0.784	0.000000	0.000000
1582082208366	1582082208365	-3.395	-8.269	4.171	-1.746	0.819	0.766	0.000000	0.000000
1582082208387	1582082208385	-4.629	-9.905	3.668	-2.508	1.049	0.446	0.000000	0.000000
1582082208406	1582082208405	-6.021	-10.255	3.165	-3.088	0.852	0.005	0.000000	0.000000
1582082208426	1582082208426	-6.241	-9.639	1.457	-4.040	0.462	-0.591	0.000000	0.000000
1582082208447	1582082208445	-6.603	-10.600	-3.044	-6.002	0.891	-1.250	0.000000	0.000000
1582082208467	1582082208466	-9.341	-13.362	-10.082	-8.411	2.127	-2.211	0.000000	0.000000
1582082208485	1582082208484	-15.761	-18.002	-15.367	-9.780	2.109	-3.267	0.000000	0.000000
1582082208505	1582082208504	-15.500	-19.676	-17.159	-9.547	0.396	-3.670	0.000000	0.000000
1582082208524	1582082208524	-12.874	-12.499	-20.036	-9.322	1.645	-3.378	0.000000	0.000000
1582082208549	1582082208548	-15.512	-0.390	-25.097	-8.853	4.561	-2.289	0.000000	0.000000
1582082208568	1582082208565	-12.874	-10.662	-19.628	-2.920	5.545	-0.149	0.000000	0.000000
1582082208585	1582082208585	-16.348	-20.182	-2.992	1.257	5.553	2.565	0.000000	0.000000
1582082208605	1582082208604	-11.176	-6.218	3.807	0.682	4.873	3.819	0.000000	0.000000
1582082208627	1582082208627	-7.995	-7.150	2.473	1.179	3.808	5.160	0.000000	0.000000
1582082208645	1582082208644	-3.822	0.748	4.216	2.074	1.901	7.626	0.000000	0.000000
1582082208667	1582082208666	-15.174	-10.137	7.331	3.128	1.488	10.285	0.000000	0.000000
1582082208685	1582082208683	-22.425	-16.430	3.146	0.795	2.255	10.336	0.000000	0.000000
1582082208704	1582082208703	-15.274	-13.834	-0.701	-1.899	2.360	8.677	0.000000	0.000000
1582082208724	1582082208723	-17.660	-11.773	-2.798	-1.712	2.190	9.049	0.000000	0.000000
1582082208748	1582082208748	-19.910	-20.043	-3.075	-2.651	2.137	8.176	0.000000	0.000000
1582082208764	1582082208764	-15.900	-21.760	-8.427	-3.539	3.088	7.859	0.000000	0.000000
1582082208787	1582082208787	-19.402	-19.928	-14.317	-4.841	3.932	6.748	0.000000	0.000000
1582082208804	1582082208803	-16.043	-16.284	-12.540	-4.412	3.585	5.985	0.000000	0.000000
1582082208824	1582082208822	-20.777	-15.848	-10.432	-6.076	3.980	5.215	0.000000	0.000000
1582082208844	1582082208844	-18.841	-12.780	-9.646	-4.960	2.864	4.855	0.000000	0.000000
1582082208866	1582082208864	-11.538	-6.314	-9.368	-3.644	2.777	4.029	0.000000	0.000000
1582082208885	1582082208884	-14.522	-7.114	-9.721	-4.226	3.845	3.007	0.000000	0.000000
1582082208904	1582082208902	-14.247	-6.082	-7.747	-4.371	2.761	2.555	0.000000	0.000000
1582082208924	1582082208923	-12.330	-4.747	-7.550	-3.671	1.724	2.110	0.000000	0.000000
1582082208947	1582082208947	-9.022	-5.588	-5.265	-2.726	1.355	1.763	0.000000	0.000000
1582082208966	1582082208963	-7.235	4.384	-4.953	-3.757	1.151	1.621	0.000000	0.000000
1582082208987	1582082208987	-8.289	0.858	-5.603	-2.580	1.206	1.573	0.000000	0.000000
1582082209004	1582082209002	-8.593	-0.112	-3.511	-1.171	0.652	1.807	0.000000	0.000000
1582082209024	1582082209022	-8.088	4.279	-3.166	-1.205	0.121	1.888	0.000000	0.000000
1582082209046	1582082209046	-7.923	1.404	-2.577	-1.273	-0.267	1.613	0.000000	0.000000
1582082209065	1582082209062	-4.746	3.915	-3.593	-1.399	-0.444	1.379	0.000000	0.000000
1582082209084	1582082209083	-6.337	10.488	-4.175	-1.868	-0.380	0.852	0.000000	0.000000
1582082209103	1582082209102	-7.125	6.842	-5.385	-2.551	-1.244	-0.186	0.000000	0.000000
1582082209124	1582082209123	-7.877	2.406	-4.824	-3.000	-2.068	-0.312	0.000000	0.000000
1582082209142	1582082209141	-6.167	2.628	-4.091	-2.330	-2.456	0.248	0.000000	0.000000
1582082209163	1582082209163	-10.709	4.655	-0.831	-1.951	-1.886	0.643	0.000000	0.000000
1582082209184	1582082209182	-13.428	4.351	-1.660	-0.921	-2.426	0.010	0.000000	0.000000
1582082209208	1582082209202	-10.074	3.347	-3.269	0.122	-3.326	-0.554	0.000000	0.000000
1582082209223	1582082209221	-10.201	4.356	-1.521	0.495	-3.277	-0.448	0.000000	0.000000
1582082209242	1582082209241	-11.669	6.502	-0.316	-0.056	-3.578	-0.161	0.000000	0.000000
1582082209262	1582082209261	-10.943	4.149	-0.551	0.244	-3.943	-0.112	0.000000	0.000000
1582082209288	1582082209282	-12.405	3.060	0.755	0.668	-4.367	0.259	0.000000	0.000000
1582082209304	1582082209304	-15.459	0.978	0.999	2.051	-5.083	0.631	0.000000	0.000000
1582082209322	1582082209321	-15.897	-1.358	-1.451	3.307	-6.490	0.772	0.000000	0.000000
1582082209342	1582082209340	-15.957	-3.650	-3.969	4.273	-8.062	1.372	0.000000	0.000000
1582082209372	1582082209368	-14.800	-5.694	-7.220	6.105	-9.598	1.978	0.000000	0.000000
1582082209382	1582082209380	-12.239	-5.797	-9.261	7.727	-10.371	2.596	0.000000	0.000000
1582082209405	1582082209405	-10.948	-5.207	-9.649	8.669	-9.859	2.948	0.000000	0.000000
1582082209421	1582082209419	-9.676	-7.196	-9.591	9.266	-8.684	3.121	0.000000	0.000000
1582082209440	1582082209439	-7.008	-10.880	-11.826	9.700	-7.338	3.549	0.000000	0.000000
1582082209464	1582082209459	-5.137	-9.292	-13.810	9.315	-6.554	3.517	0.000000	0.000000
1582082209484	1582082209482	-4.135	-4.192	-13.934	7.918	-6.434	2.974	0.000000	0.000000
1582082209502	1582082209499	-2.396	-1.705	-13.153	5.524	-6.404	2.440	0.000000	0.000000
1582082209520	1582082209519	-0.863	-3.253	-14.823	3.623	-5.896	1.700	0.000000	0.000000
1582082209540	1582082209538	-1.290	-1.691	-14.020	1.132	-5.165	1.215	0.000000	0.000000
1582082209561	1582082209559	-4.392	3.115	-10.370	-1.249	-4.850	0.970	0.000000	0.000000
1582082209581	1582082209580	-6.270	3.840	-5.454	-2.189	-5.448	0.297	0.000000	0.000000
1582082209601	1582082209600	-8.028	-0.483	-0.055	-1.962	-5.679	0.042	0.000000	0.000000
1582082209619	1582082209618	-12.563	0.197	4.961	-1.283	-5.479	0.483	0.000000	0.000000
1582082209639	1582082209638	-8.754	8.960	9.182	-0.843	-5.628	0.510	0.000000	0.000000
1582082209661	1582082209659	-13.169	9.877	9.836	-2.029	-4.406	1.000	0.000000	0.000000
1582082209690	1582082209682	-15.406	6.497	7.110	-2.719	-3.746	1.778	0.000000	0.000000
1582082209701	1582082209698	-13.916	8.885	5.529	-1.619	-4.024	2.006	0.000000	0.000000
1582082209719	1582082209718	-14.026	8.900	4.617	-1.312	-4.245	2.308	0.000000	0.000000
1582082209739	1582082209738	-10.972	5.869	7.153	-1.351	-4.378	2.428	0.000000	0.000000
1582082209759	1582082209758	-6.852	9.139	10.881	-1.897	-4.155	2.426	0.000000	0.000000
1582082209783	1582082209780	-7.583	10.795	7.029	-2.098	-2.787	2.636	0.000000	0.000000
1582082209799	1582082209799	-8.428	7.290	7.273	-2.538	-2.294	2.467	0.000000	0.000000
1582082209822	1582082209820	-5.918	5.498	9.736	-1.573	-2.607	2.402	0.000000	0.000000
1582082209840	1582082209838	-4.042	6.828	9.000	-0.647	-1.906	2.147	0.000000	0.000000
1582082209860	1582082209859	-3.364	8.619	6.535	-1.162	-1.113	2.155	0.000000	0.000000
1582082209880	1582082209878	-5.058	6.456	5.110	-1.946	-0.983	2.268	0.000000	0.000000
1582082209905	1582082209903	-4.495	4.135	5.592	-2.282	-1.221	1.889	0.000000	0.000000
1582082209920	1582082209918	-2.887	3.991	4.688	-2.467	-1.234	1.620	0.000000	0.000000
1582082209942	1582082209941	-2.178	5.151	5.151	-3.142	-0.761	1.307	0.000000	0.000000
1582082209959	1582082209958	-2.035	4.451	5.218	-3.769	-0.276	1.178	0.000000	0.000000
1582082209979	1582082209978	-2.267	2.882	5.271	-3.092	-0.161	1.214	0.000000	0.000000
1582082209999	1582082209999	-2.281	2.032	6.617	-2.213	-0.148	1.198	0.000000	0.000000
1582082210027	1582082210019	-1.385	1.823	6.830	-1.728	-0.227	1.044	0.000000	0.000000
1582082210041	1582082210040	-0.190	2.616	5.747	-1.627	-0.214	0.654	0.000000	0.000000
1582082210058	1582082210057	-0.085	2.533	5.855	-1.627	-0.260	0.595	0.000000	0.000000
1582082210078	1582082210077	-1.153	0.611	6.667	-2.043	-0.304	0.669	0.000000	0.000000
1582082210102	1582082210102	-0.767	-0.735	6.952	-2.820	-0.142	0.356	0.000000	0.000000
1582082210118	1582082210117	-0.535	-1.609	7.199	-3.221	-0.010	0.351	0.000000	0.000000
1582082210142	1582082210137	0.066	-2.352	6.650	-2.957	0.095	0.297	0.000000	0.000000
1582082210159	1582082210157	-0.291	-2.505	7.256	-2.852	0.595	0.072	0.000000	0.000000
1582082210178	1582082210177	-2.269	-1.772	8.282	-2.692	0.628	0.057	0.000000	0.000000
1582082210201	1582082210200	-2.114	-2.242	8.684	-1.926	0.364	-0.086	0.000000	0.000000
1582082210222	1582082210221	-1.117	-1.336	9.180	-1.808	0.397	-0.284	0.000000	0.000000
1582082210241	1582082210239	-0.775	-1.159	8.861	-1.930	0.508	-0.168	0.000000	0.000000
1582082210258	1582082210257	-2.344	-1.140	8.885	-1.853	0.704	-0.372	0.000000	0.000000
1582082210278	1582082210276	-3.211	-2.558	8.598	-2.214	0.066	-0.389	0.000000	0.000000
1582082210298	1582082210296	0.028	-2.872	7.958	-2.505	-0.673	-0.320	0.000000	0.000000
1582082210318	1582082210318	0.883	-2.421	8.514	-2.194	-0.251	0.225	0.000000	0.000000
1582082210337	1582082210337	-1.589	-2.958	8.670	-1.548	0.639	0.648	0.000000	0.000000
1582082210364	1582082210357	-2.693	-2.472	8.169	-2.311	0.837	0.467	0.000000	0.000000
1582082210377	1582082210376	-2.772	-2.608	6.911	-2.516	0.191	0.475	0.000000	0.000000
1582082210398	1582082210396	-1.675	-3.111	7.185	-2.019	-0.407	0.593	0.000000	0.000000
1582082210417	1582082210416	-0.559	-4.546	7.300	-1.644	-0.352	0.832	0.000000	0.000000
1582082210444	1582082210438	-1.033	-5.739	7.597	-1.226	0.181	1.026	0.000000	0.000000
1582082210458	1582082210458	-1.740	-5.385	7.398	-1.466	0.405	1.045	0.000000	0.000000
1582082210477	1582082210476	-2.138	-4.953	6.360	-1.833	0.463	0.939	0.000000	0.000000
1582082210497	1582082210496	-2.758	-4.374	5.869	-1.834	0.432	0.926	0.000000	0.000000
1582082210518	1582082210515	-3.733	-5.373	5.443	-2.031	0.379	0.905	0.000000	0.000000
1582082210536	1582082210536	-4.401	-7.169	4.106	-2.335	0.403	0.717	0.000000	0.000000
1582082210557	1582082210556	-4.615	-7.037	2.815	-2.699	0.256	0.489	0.000000	0.000000
1582082210575	1582082210575	-4.432	-7.320	2.693	-2.917	0.082	0.314	0.000000	0.000000
1582082210597	1582082210595	-3.953	-8.226	2.635	-3.021	0.175	0.339	0.000000	0.000000
1582082210620	1582082210615	-4.464	-9.979	2.252	-3.441	0.783	0.291	0.000000	0.000000
1582082210637	1582082210637	-5.041	-12.626	0.468	-3.960	1.315	-0.133	0.000000	0.000000
1582082210659	1582082210657	-5.503	-14.109	-2.261	-4.963	1.542	-0.873	0.000000	0.000000
1582082210677	1582082210677	-7.678	-14.777	-8.123	-7.581	1.891	-2.115	0.000000	0.000000
1582082210697	1582082210695	-14.300	-14.200	-13.417	-11.318	2.768	-3.230	0.000000	0.000000
1582082210715	1582082210714	-18.214	-13.136	-17.872	-13.372	2.393	-3.335	0.000000	0.000000
1582082210736	1582082210736	-8.603	-16.112	-21.384	-11.274	2.137	-3.177	0.000000	0.000000
1582082210757	1582082210755	-7.417	-16.940	-26.297	-7.905	3.721	-2.128	0.000000	0.000000
1582082210777	1582082210775	-11.549	-5.181	-27.402	-3.043	4.757	0.033	0.000000	0.000000
1582082210795	1582082210794	-14.295	-12.128	-14.540	0.878	4.625	1.749	0.000000	0.000000
1582082210815	1582082210814	-14.678	-11.611	-1.018	2.391	4.114	3.494	0.000000	0.000000
1582082210837	1582082210836	-10.457	-1.657	-0.155	3.735	4.058	4.934	0.000000	0.000000
1582082210860	1582082210857	-9.686	-9.074	-0.076	4.291	3.334	6.041	0.000000	0.000000
1582082210876	1582082210874	-5.228	5.115	2.765	2.235	0.663	7.691	0.000000	0.000000
1582082210895	1582082210894	-10.325	-3.291	6.705	1.698	0.258	8.459	0.000000	0.000000
1582082210914	1582082210914	-14.369	-8.908	2.671	0.749	1.328	9.346	0.000000	0.000000
1582082210937	1582082210937	-16.019	-15.007	-0.620	-0.893	1.588	9.437	0.000000	0.000000
1582082210959	1582082210955	-14.362	-16.459	-6.630	-2.491	2.145	8.307	0.000000	0.000000
1582082210975	1582082210975	-15.162	-14.361	-9.086	-3.852	3.276	6.824	0.000000	0.000000
1582082210995	1582082210993	-17.929	-17.980	-10.497	-4.318	3.710	6.153	0.000000	0.000000
1582082211014	1582082211013	-16.235	-17.357	-12.401	-5.152	3.857	5.695	0.000000	0.000000
1582082211034	1582082211033	-20.681	-18.948	-13.520	-5.239	4.395	5.264	0.000000	0.000000
1582082211058	1582082211058	-18.362	-11.016	-9.917	-5.392	3.231	4.780	0.000000	0.000000
1582082211075	1582082211073	-16.638	-9.055	-10.957	-5.126	2.822	4.190	0.000000	0.000000
1582082211096	1582082211096	-14.522	-9.855	-10.858	-4.317	2.639	3.601	0.000000	0.000000
1582082211113	1582082211113	-12.493	-3.243	-11.153	-4.203	2.280	2.992	0.000000	0.000000
1582082211134	1582082211133	-11.195	-6.031	-9.869	-3.818	1.658	2.118	0.000000	0.000000
1582082211154	1582082211154	-11.030	-8.080	-7.445	-4.284	1.402	2.161	0.000000	0.000000
1582082211177	1582082211173	-10.105	-3.090	-6.000	-3.286	1.464	2.621	0.000000	0.000000
1582082211196	1582082211193	-8.486	7.041	-5.028	-2.986	1.100	1.881	0.000000	0.000000
1582082211213	1582082211213	-6.526	4.315	-5.895	-2.879	0.578	1.113	0.000000	0.000000
1582082211234	1582082211232	-8.617	-2.462	-4.819	-2.081	0.416	1.220	0.000000	0.000000
1582082211257	1582082211257	-7.923	-2.448	-3.236	-0.840	-0.186	1.511	0.000000	0.000000
1582082211276	1582082211275	-7.805	1.364	-2.738	-0.408	-0.235	1.480	0.000000	0.000000
1582082211294	1582082211292	-7.535	5.951	-2.855	-1.722	-0.617	0.925	0.000000	0.000000
1582082211313	1582082211312	-8.967	6.739	-3.835	-2.354	-1.040	-0.024	0.000000	0.000000
1582082211334	1582082211332	-7.341	2.413	-2.752	-1.530	-1.953	-0.598	0.000000	0.000000
1582082211356	1582082211356	-6.581	2.988	-1.911	-0.885	-2.321	-0.492	0.000000	0.000000
1582082211376	1582082211372	-7.381	1.790	-1.717	-2.491	-2.921	0.739	0.000000	0.000000
1582082211414	1582082211411	-9.710	9.374	-0.745	-1.863	-2.748	0.674	0.000000	0.000000
1582082211415	1582082211414	-8.869	8.018	-1.526	0.045	-3.428	0.065	0.000000	0.000000
1582082211433	1582082211432	-7.077	3.843	-3.193	0.313	-3.423	0.051	0.000000	0.000000
1582082211451	1582082211450	-9.291	3.673	-3.710	-0.241	-3.079	0.606	0.000000	0.000000
1582082211474	1582082211474	-10.924	4.815	-2.489	0.015	-3.550	0.865	0.000000	0.000000
1582082211493	1582082211493	-9.810	5.525	-0.982	0.546	-4.354	0.834	0.000000	0.000000
1582082211513	1582082211514	-10.460	3.999	-0.400	0.890	-4.569	0.730	0.000000	0.000000
1582082211531	1582082211530	-13.722	0.549	-1.046	0.855	-4.825	0.832	0.000000	0.000000
1582082211551	1582082211549	-16.242	-3.375	-2.817	2.240	-6.001	1.075	0.000000	0.000000
1582082211571	1582082211569	-15.195	-5.191	-5.116	4.434	-7.983	1.390	0.000000	0.000000
1582082211594	1582082211590	-12.812	-2.333	-7.232	5.321	-9.266	1.824	0.000000	0.000000
1582082211617	1582082211609	-11.842	-4.256	-8.566	6.737	-9.649	1.900	0.000000	0.000000
1582082211644	1582082211642	-9.509	-6.743	-10.530	8.140	-9.614	2.028	0.000000	0.000000
1582082211655	1582082211649	-7.729	-3.226	-10.315	8.621	-9.125	1.917	0.000000	0.000000
1582082211670	1582082211669	-6.471	-4.896	-10.789	8.841	-8.001	1.625	0.000000	0.000000
1582082211690	1582082211689	-6.270	-8.527	-11.445	8.480	-7.206	1.593	0.000000	0.000000
1582082211710	1582082211709	-5.496	-5.023	-13.359	7.387	-7.040	1.352	0.000000	0.000000
1582082211730	1582082211728	-2.494	-2.577	-17.278	6.464	-6.298	0.698	0.000000	0.000000
1582082211750	1582082211748	-0.046	-2.100	-18.299	4.065	-4.868	0.583	0.000000	0.000000
1582082211772	1582082211770	-1.129	1.469	-14.794	0.262	-4.128	0.445	0.000000	0.000000
1582082211796	1582082211795	-2.952	3.349	-9.431	-2.164	-4.603	-0.217	0.000000	0.000000
1582082211813	1582082211808	-3.616	2.449	-3.449	-2.897	-5.081	-0.560	0.000000	0.000000
1582082211830	1582082211828	-10.498	0.966	3.218	-2.025	-5.118	-0.500	0.000000	0.000000
1582082211850	1582082211849	-9.410	2.017	5.867	-0.417	-6.186	-0.707	0.000000	0.000000
1582082211869	1582082211868	-8.701	4.595	8.131	-0.585	-6.646	-0.080	0.000000	0.000000
1582082211889	1582082211888	-12.747	6.128	9.216	-0.822	-5.869	0.609	0.000000	0.000000
1582082211910	1582082211910	-14.906	3.663	9.930	-0.562	-5.368	0.913	0.000000	0.000000
1582082211930	1582082211930	-14.127	5.960	9.887	-0.459	-5.279	0.971	0.000000	0.000000
1582082211953	1582082211952	-12.929	8.368	11.056	-0.393	-5.191	1.286	0.000000	0.000000
1582082211969	1582082211968	-9.283	8.809	13.137	-0.475	-5.112	1.960	0.000000	0.000000
1582082211996	1582082211994	-10.402	8.600	10.543	-1.122	-4.037	2.321	0.000000	0.000000
1582082212010	1582082212007	-7.595	9.611	11.027	-1.640	-3.420	1.851	0.000000	0.000000
1582082212029	1582082212027	-5.659	9.317	11.257	-2.018	-2.803	2.187	0.000000	0.000000
1582082212049	1582082212047	-6.172	5.560	8.984	-2.387	-2.019	2.628	0.000000	0.000000
1582082212068	1582082212067	-4.636	5.587	8.205	-1.530	-1.921	2.395	0.000000	0.000000
1582082212088	1582082212087	-4.612	4.768	7.949	-0.978	-1.791	2.425	0.000000	0.000000
1582082212108	1582082212107	-5.338	2.887	7.793	-0.910	-1.377	2.322	0.000000	0.000000
1582082212129	1582082212127	-4.102	4.075	8.090	-0.723	-1.336	1.978	0.000000	0.000000
1582082212148	1582082212147	-3.366	3.749	7.874	-0.762	-1.267	2.026	0.000000	0.000000
1582082212168	1582082212167	-3.156	3.325	7.084	-1.209	-0.819	2.045	0.000000	0.000000
1582082212193	1582082212192	-2.636	4.401	7.074	-1.464	-0.713	1.872	0.000000	0.000000
1582082212209	1582082212208	-1.785	4.169	6.772	-1.772	-0.720	1.698	0.000000	0.000000
1582082212232	1582082212231	-1.584	4.056	5.953	-2.187	-0.487	1.701	0.000000	0.000000
1582082212249	1582082212248	-1.898	2.580	4.657	-2.217	-0.267	1.816	0.000000	0.000000
1582082212269	1582082212267	-1.388	1.440	3.816	-2.095	-0.353	1.553	0.000000	0.000000
1582082212289	1582082212288	-1.342	1.344	4.842	-2.393	-0.306	1.291	0.000000	0.000000
1582082212315	1582082212315	-1.084	1.488	5.776	-2.677	-0.336	1.249	0.000000	0.000000
1582082212329	1582082212329	-0.662	0.935	6.253	-2.668	-0.164	1.061	0.000000	0.000000
1582082212348	1582082212347	-1.127	0.017	7.017	-2.880	0.169	0.801	0.000000	0.000000
1582082212368	1582082212367	-0.854	-0.464	7.539	-3.197	0.077	0.537	0.000000	0.000000
1582082212393	1582082212387	-0.142	-1.387	7.403	-2.922	-0.094	0.463	0.000000	0.000000
1582082212413	1582082212413	-0.796	-3.897	7.668	-2.137	0.141	0.524	0.000000	0.000000
1582082212428	1582082212427	-1.268	-3.296	8.960	-1.908	0.147	0.474	0.000000	0.000000
1582082212449	1582082212448	-0.396	-2.589	9.496	-1.599	-0.275	0.505	0.000000	0.000000
1582082212467	1582082212467	1.226	-2.924	8.660	-1.459	-0.080	0.455	0.000000	0.000000
1582082212488	1582082212486	0.687	-0.953	8.828	-1.533	0.821	0.345	0.000000	0.000000
1582082212508	1582082212508	-2.787	0.115	10.006	-1.725	0.993	0.468	0.000000	0.000000
1582082212534	1582082212527	-2.890	-2.141	8.912	-1.847	0.346	0.454	0.000000	0.000000
1582082212550	1582082212548	-1.103	-3.001	7.007	-1.959	-0.301	0.309	0.000000	0.000000
1582082212568	1582082212566	-0.775	-4.283	7.141	-1.741	-0.432	0.453	0.000000	0.000000
1582082212587	1582082212587	-0.274	-3.919	7.604	-1.679	-0.442	0.548	0.000000	0.000000
1582082212607	1582082212606	-0.197	-3.538	7.376	-1.989	-0.207	0.664	0.000000	0.000000
1582082212627	1582082212626	-0.885	-3.459	6.737	-2.303	0.438	0.619	0.000000	0.000000
1582082212648	1582082212647	-1.788	-3.183	6.277	-2.103	0.462	0.669	0.000000	0.000000
1582082212667	1582082212666	-1.752	-3.111	6.993	-1.454	-0.154	0.679	0.000000	0.000000
1582082212687	1582082212686	-0.370	-4.132	6.919	-0.925	-0.648	0.803	0.000000	0.000000
1582082212708	1582082212706	0.512	-4.989	6.550	-0.807	-0.346	1.041	0.000000	0.000000
