1582082060783	1582082060781	-12.814	3.663	-5.100	2.731	6.321	3.616	0.000000	0.000000
1582082060800	1582082060800	-11.178	-2.553	0.420	5.199	4.446	4.421	0.000000	0.000000
1582082060820	1582082060818	-7.621	4.823	6.976	3.885	3.301	5.940	0.000000	0.000000
1582082060839	1582082060838	-8.569	6.140	7.539	4.303	2.000	8.442	0.000000	0.000000
1582082060860	1582082060859	-9.379	-1.686	9.352	2.914	1.294	10.078	0.000000	0.000000
1582082060880	1582082060878	-18.298	-8.554	4.767	-0.378	2.048	9.361	0.000000	0.000000
1582082060901	1582082060899	-14.343	-13.956	-2.517	-3.950	1.576	7.374	0.000000	0.000000
1582082060919	1582082060918	-12.170	-19.592	-8.192	-4.723	1.668	6.865	0.000000	0.000000
1582082060939	1582082060938	-13.887	-15.266	-9.009	-3.524	2.821	7.170	0.000000	0.000000
1582082060960	1582082060957	-16.520	-12.279	-8.360	-4.532	3.543	6.594	0.000000	0.000000
1582082060979	1582082060978	-17.742	-11.984	-9.953	-5.327	3.265	5.603	0.000000	0.000000
1582082060999	1582082060997	-16.405	-12.490	-9.687	-4.940	2.825	5.434	0.000000	0.000000
1582082061019	1582082061017	-17.253	-7.771	-11.429	-4.781	2.984	5.290	0.000000	0.000000
1582082061038	1582082061037	-18.048	-9.752	-10.473	-4.563	2.456	4.424	0.000000	0.000000
1582082061059	1582082061057	-14.553	-8.041	-11.201	-4.938	1.965	3.732	0.000000	0.000000
1582082061089	1582082061087	-14.800	-6.170	-11.328	-4.818	2.257	3.158	0.000000	0.000000
1582082061105	1582082061098	-13.176	-5.595	-10.420	-4.363	1.708	2.694	0.000000	0.000000
1582082061118	1582082061117	-12.199	-1.806	-8.190	-4.002	1.599	2.052	0.000000	0.000000
1582082061140	1582082061137	-9.226	0.362	-6.992	-4.125	1.257	1.308	0.000000	0.000000
1582082061158	1582082061157	-8.900	2.310	-6.094	-4.161	0.771	1.105	0.000000	0.000000
1582082061178	1582082061177	-7.693	0.362	-5.809	-3.442	-0.174	1.436	0.000000	0.000000
1582082061198	1582082061197	-7.537	3.218	-4.338	-2.373	-0.569	1.906	0.000000	0.000000
1582082061218	1582082061216	-8.282	4.085	-4.541	-2.817	-0.722	1.870	0.000000	0.000000
1582082061237	1582082061236	-10.237	5.613	-4.774	-3.224	-1.189	1.640	0.000000	0.000000
1582082061257	1582082061256	-9.511	4.514	-4.084	-3.336	-1.700	1.092	0.000000	0.000000
1582082061282	1582082061278	-9.300	6.329	-6.031	-4.117	-2.020	0.651	0.000000	0.000000
1582082061298	1582082061296	-9.844	5.766	-5.337	-4.250	-2.263	0.092	0.000000	0.000000
1582082061317	1582082061316	-7.472	4.873	-3.892	-4.462	-2.478	-0.348	0.000000	0.000000
1582082061337	1582082061336	-7.333	2.168	-1.454	-3.800	-2.053	-0.427	0.000000	0.000000
1582082061357	1582082061356	-9.767	-1.787	2.022	-2.069	-1.432	-0.181	0.000000	0.000000
1582082061377	1582082061376	-11.641	2.017	1.268	-0.418	-2.086	0.310	0.000000	0.000000
1582082061399	1582082061397	-9.755	4.573	3.395	0.916	-3.563	0.379	0.000000	0.000000
1582082061421	1582082061421	-8.062	3.599	4.514	1.060	-3.143	0.195	0.000000	0.000000
1582082061437	1582082061435	-9.628	1.685	4.094	1.060	-2.192	0.065	0.000000	0.000000
1582082061457	1582082061457	-13.231	0.343	3.507	1.932	-1.961	0.131	0.000000	0.000000
1582082061478	1582082061478	-14.647	1.900	1.795	2.121	-3.071	0.150	0.000000	0.000000
1582082061497	1582082061495	-14.405	2.202	0.144	2.024	-4.547	0.150	0.000000	0.000000
1582082061516	1582082061515	-13.947	0.024	-1.693	2.882	-6.117	-0.270	0.000000	0.000000
1582082061536	1582082061535	-12.951	0.422	-3.969	3.329	-7.972	-0.775	0.000000	0.000000
1582082061556	1582082061555	-11.475	0.731	-5.560	3.907	-9.576	-1.214	0.000000	0.000000
1582082061576	1582082061576	-10.802	-1.341	-5.931	5.113	-10.584	-1.687	0.000000	0.000000
1582082061599	1582082061595	-9.307	-4.223	-6.774	6.612	-10.920	-2.167	0.000000	0.000000
1582082061617	1582082061616	-5.640	-5.976	-8.422	8.691	-10.120	-2.309	0.000000	0.000000
1582082061637	1582082061636	-3.740	-3.741	-10.293	10.473	-7.633	-1.902	0.000000	0.000000
1582082061656	1582082061656	-6.612	-3.174	-11.510	10.581	-5.636	-1.053	0.000000	0.000000
1582082061679	1582082061676	-7.065	-3.408	-13.965	8.630	-5.905	-0.503	0.000000	0.000000
1582082061702	1582082061702	-4.382	0.051	-15.197	5.889	-6.656	-0.901	0.000000	0.000000
1582082061716	1582082061716	-2.825	0.120	-15.625	4.262	-5.744	-1.184	0.000000	0.000000
1582082061738	1582082061735	-3.148	0.216	-15.654	2.614	-4.560	-0.686	0.000000	0.000000
1582082061756	1582082061756	-4.193	4.746	-11.740	-0.012	-4.479	-0.426	0.000000	0.000000
1582082061778	1582082061775	-4.229	6.492	-5.409	-2.395	-5.615	-1.349	0.000000	0.000000
1582082061799	1582082061797	-6.255	-0.874	1.931	-1.415	-5.552	-1.437	0.000000	0.000000
1582082061818	1582082061817	-12.673	-3.645	7.300	0.074	-5.363	-1.053	0.000000	0.000000
1582082061836	1582082061835	-10.610	2.425	8.330	1.170	-7.132	-0.265	0.000000	0.000000
1582082061857	1582082061855	-8.457	6.514	10.078	1.426	-6.588	-0.006	0.000000	0.000000
1582082061875	1582082061875	-12.793	4.926	9.223	-0.508	-5.191	0.748	0.000000	0.000000
1582082061902	1582082061902	-16.111	6.485	11.978	-1.202	-5.416	1.259	0.000000	0.000000
1582082061916	1582082061916	-11.260	8.447	12.213	-1.041	-5.042	1.227	0.000000	0.000000
1582082061938	1582082061934	-11.480	8.964	10.430	-1.894	-3.695	1.395	0.000000	0.000000
1582082061955	1582082061954	-9.707	8.406	12.879	-0.758	-3.232	1.721	0.000000	0.000000
1582082061976	1582082061974	-5.189	6.768	12.989	-0.195	-3.022	1.527	0.000000	0.000000
1582082061995	1582082061994	-6.921	6.830	13.077	0.123	-2.838	1.863	0.000000	0.000000
1582082062015	1582082062015	-4.416	6.063	10.763	-0.437	-2.734	1.704	0.000000	0.000000
1582082062037	1582082062034	-4.507	5.371	9.549	-0.717	-2.592	1.908	0.000000	0.000000
1582082062056	1582082062054	-4.023	4.844	8.186	-0.394	-2.181	2.193	0.000000	0.000000
1582082062075	1582082062074	-4.617	5.393	8.466	-0.152	-1.793	2.208	0.000000	0.000000
1582082062096	1582082062095	-4.696	6.277	7.886	0.181	-1.747	1.948	0.000000	0.000000
1582082062115	1582082062114	-1.536	6.638	8.519	0.125	-1.443	1.274	0.000000	0.000000
1582082062137	1582082062137	0.629	6.595	8.219	0.081	-1.177	1.345	0.000000	0.000000
1582082062154	1582082062154	0.258	7.462	7.223	-0.111	-0.659	1.671	0.000000	0.000000
1582082062175	1582082062175	-1.721	6.298	6.919	-0.746	-0.172	1.903	0.000000	0.000000
1582082062194	1582082062193	-2.782	4.602	7.304	-1.502	0.061	1.802	0.000000	0.000000
1582082062215	1582082062215	-2.770	2.801	6.669	-1.673	0.067	1.780	0.000000	0.000000
1582082062234	1582082062234	-2.346	3.963	6.705	-1.831	0.337	1.679	0.000000	0.000000
1582082062254	1582082062254	-2.363	5.359	5.874	-2.542	0.439	1.571	0.000000	0.000000
1582082062274	1582082062273	-0.638	4.631	5.304	-2.697	0.344	1.250	0.000000	0.000000
1582082062297	1582082062295	-0.171	3.706	4.078	-2.654	0.411	1.193	0.000000	0.000000
1582082062314	1582082062313	-1.024	2.930	4.315	-2.260	0.820	1.260	0.000000	0.000000
1582082062347	1582082062345	-3.062	1.823	5.546	-1.946	0.993	1.414	0.000000	0.000000
1582082062354	1582082062353	-3.479	0.492	6.104	-2.332	0.442	1.105	0.000000	0.000000
1582082062374	1582082062373	-1.230	0.197	5.917	-2.520	-0.392	0.686	0.000000	0.000000
1582082062393	1582082062392	0.428	0.032	5.939	-2.577	-0.540	0.457	0.000000	0.000000
1582082062417	1582082062414	1.116	-1.272	5.821	-2.940	-0.113	0.389	0.000000	0.000000
1582082062438	1582082062433	0.488	-2.000	5.910	-3.006	0.668	0.357	0.000000	0.000000
1582082062455	1582082062452	-1.052	-2.385	6.226	-2.863	1.175	0.182	0.000000	0.000000
1582082062473	1582082062472	-2.569	-3.633	7.647	-2.540	0.992	0.131	0.000000	0.000000
1582082062493	1582082062492	-1.570	-2.814	7.446	-2.520	0.222	0.107	0.000000	0.000000
1582082062514	1582082062513	-0.580	-1.439	7.038	-2.097	0.082	0.271	0.000000	0.000000
1582082062534	1582082062532	-0.858	-1.523	6.979	-1.903	0.137	0.336	0.000000	0.000000
1582082062558	1582082062557	-0.947	-3.655	7.414	-2.128	-0.013	0.357	0.000000	0.000000
1582082062573	1582082062572	-1.222	-4.932	7.587	-2.138	0.217	0.513	0.000000	0.000000
1582082062593	1582082062592	-1.218	-5.155	7.692	-2.017	0.354	0.634	0.000000	0.000000
1582082062621	1582082062615	-0.245	-4.060	7.884	-1.976	0.466	0.768	0.000000	0.000000
1582082062636	1582082062631	-0.815	-2.829	7.894	-1.942	0.551	0.958	0.000000	0.000000
1582082062652	1582082062652	-2.011	-3.111	8.059	-1.879	0.887	1.042	0.000000	0.000000
1582082062672	1582082062671	-2.710	-4.740	8.746	-1.601	0.869	1.190	0.000000	0.000000
1582082062692	1582082062691	-2.380	-5.634	7.824	-1.777	0.596	1.225	0.000000	0.000000
1582082062712	1582082062712	-2.442	-5.337	7.513	-1.711	0.603	1.244	0.000000	0.000000
1582082062734	1582082062734	-3.366	-6.022	7.350	-1.448	0.642	1.392	0.000000	0.000000
1582082062758	1582082062752	-3.872	-6.987	6.713	-1.536	0.731	1.379	0.000000	0.000000
1582082062772	1582082062771	-4.409	-7.248	5.934	-1.810	0.792	1.293	0.000000	0.000000
1582082062791	1582082062790	-4.706	-7.533	4.928	-2.005	0.654	1.292	0.000000	0.000000
1582082062814	1582082062811	-4.698	-7.622	4.197	-2.322	0.449	1.114	0.000000	0.000000
1582082062838	1582082062838	-4.509	-7.670	3.479	-2.410	0.367	0.849	0.000000	0.000000
1582082062852	1582082062851	-4.440	-8.870	3.040	-2.273	0.426	0.632	0.000000	0.000000
1582082062872	1582082062870	-4.411	-10.142	2.518	-2.376	0.643	0.428	0.000000	0.000000
1582082062892	1582082062890	-4.914	-9.277	2.132	-2.862	0.876	0.265	0.000000	0.000000
1582082062911	1582082062910	-5.146	-8.978	1.505	-3.038	0.994	0.243	0.000000	0.000000
1582082062934	1582082062931	-5.379	-9.783	0.678	-2.244	1.263	0.177	0.000000	0.000000
1582082062952	1582082062952	-6.909	-11.127	-0.086	-1.568	1.602	-0.058	0.000000	0.000000
1582082062971	1582082062970	-7.939	-11.886	-1.502	-1.412	1.574	-0.632	0.000000	0.000000
1582082062990	1582082062990	-8.165	-12.442	-3.590	-2.348	1.338	-1.535	0.000000	0.000000
1582082063015	1582082063015	-9.233	-13.489	-6.702	-5.135	1.327	-2.333	0.000000	0.000000
1582082063036	1582082063036	-9.571	-17.353	-10.085	-7.796	1.492	-2.516	0.000000	0.000000
1582082063052	1582082063050	-9.820	-22.716	-11.567	-8.859	2.298	-2.032	0.000000	0.000000
1582082063071	1582082063069	-12.462	-24.086	-14.176	-8.218	4.271	-1.818	0.000000	0.000000
1582082063090	1582082063089	-15.660	-19.714	-17.024	-5.994	5.335	-1.951	0.000000	0.000000
1582082063110	1582082063109	-14.695	-16.543	-11.953	-3.049	4.990	-1.938	0.000000	0.000000
1582082063133	1582082063133	-11.911	-10.406	-7.117	-0.742	5.452	-0.451	0.000000	0.000000
1582082063155	1582082063155	-13.413	-7.347	-4.561	3.173	6.275	1.877	0.000000	0.000000
1582082063174	1582082063169	-10.713	-0.438	-3.531	3.608	5.425	3.753	0.000000	0.000000
1582082063190	1582082063189	-7.374	2.420	0.458	4.052	3.856	5.077	0.000000	0.000000
1582082063210	1582082063209	-10.239	-0.788	5.714	3.106	3.395	5.818	0.000000	0.000000
1582082063229	1582082063228	-7.269	5.156	6.408	1.508	1.750	6.469	0.000000	0.000000
1582082063250	1582082063248	-6.655	2.808	6.662	0.422	1.402	6.950	0.000000	0.000000
1582082063270	1582082063268	-16.046	-9.038	1.306	-1.292	1.658	7.434	0.000000	0.000000
1582082063289	1582082063288	-13.456	-14.904	-1.276	-2.053	1.313	6.582	0.000000	0.000000
1582082063308	1582082063308	-10.534	-15.712	-5.310	-3.714	2.256	5.936	0.000000	0.000000
1582082063328	1582082063327	-15.957	-11.373	-5.713	-4.455	3.255	5.436	0.000000	0.000000
1582082063350	1582082063349	-16.197	-12.612	-6.578	-4.108	2.748	5.091	0.000000	0.000000
1582082063369	1582082063367	-13.689	-12.866	-7.124	-3.380	2.377	4.860	0.000000	0.000000
1582082063388	1582082063387	-13.387	-7.287	-8.041	-4.144	2.732	4.584	0.000000	0.000000
1582082063408	1582082063407	-16.374	-6.786	-9.752	-5.485	2.736	3.733	0.000000	0.000000
1582082063429	1582082063428	-13.562	-10.947	-11.055	-5.193	1.846	3.246	0.000000	0.000000
1582082063450	1582082063450	-11.312	-7.042	-12.300	-4.834	1.791	3.325	0.000000	0.000000
1582082063470	1582082063468	-13.303	-4.982	-10.947	-4.143	1.918	3.252	0.000000	0.000000
1582082063489	1582082063487	-10.709	-5.394	-11.335	-3.900	1.138	2.785	0.000000	0.000000
1582082063508	1582082063507	-7.798	-3.336	-10.461	-4.341	1.077	2.059	0.000000	0.000000
1582082063528	1582082063527	-8.708	0.120	-9.692	-5.215	1.667	1.526	0.000000	0.000000
1582082063553	1582082063551	-8.402	0.566	-9.919	-5.305	1.133	1.238	0.000000	0.000000
1582082063572	1582082063570	-8.543	2.276	-7.701	-4.417	0.818	1.294	0.000000	0.000000
1582082063587	1582082063586	-9.679	3.845	-5.528	-4.278	0.668	1.247	0.000000	0.000000
1582082063607	1582082063606	-8.778	4.106	-6.206	-4.190	0.265	0.846	0.000000	0.000000
1582082063628	1582082063627	-8.962	5.175	-6.398	-4.241	-0.148	0.626	0.000000	0.000000
1582082063649	1582082063649	-9.712	4.648	-5.282	-3.428	-0.754	0.627	0.000000	0.000000
1582082063670	1582082063669	-8.220	4.109	-4.486	-3.363	-1.386	0.356	0.000000	0.000000
1582082063693	1582082063693	-7.573	6.679	-4.153	-3.377	-1.606	-0.001	0.000000	0.000000
1582082063707	1582082063707	-7.470	6.399	-3.708	-3.016	-1.904	-0.089	0.000000	0.000000
1582082063727	1582082063726	-7.381	5.656	-2.821	-3.202	-2.118	-0.014	0.000000	0.000000
1582082063747	1582082063747	-7.743	3.955	-1.269	-2.892	-2.199	0.074	0.000000	0.000000
1582082063770	1582082063770	-7.954	-1.118	2.909	-1.162	-1.826	0.413	0.000000	0.000000
1582082063791	1582082063789	-11.708	0.631	4.061	0.305	-1.590	0.783	0.000000	0.000000
1582082063807	1582082063807	-12.838	5.893	2.650	0.505	-2.397	0.805	0.000000	0.000000
1582082063828	1582082063826	-12.357	2.966	3.488	0.990	-3.408	0.419	0.000000	0.000000
1582082063848	1582082063848	-12.287	2.877	1.881	1.254	-3.724	-0.573	0.000000	0.000000
1582082063867	1582082063866	-13.133	1.811	0.113	1.285	-4.138	-0.483	0.000000	0.000000
1582082063888	1582082063886	-15.203	0.837	-0.239	1.195	-4.840	-0.258	0.000000	0.000000
1582082063906	1582082063906	-14.865	0.080	-0.972	2.043	-5.804	-0.216	0.000000	0.000000
1582082063926	1582082063926	-13.806	-0.814	-2.045	3.282	-6.829	0.050	0.000000	0.000000
1582082063946	1582082063946	-12.501	-0.083	-3.313	4.259	-7.953	0.024	0.000000	0.000000
1582082063970	1582082063970	-10.680	0.640	-4.977	5.048	-8.856	-0.437	0.000000	0.000000
1582082063987	1582082063986	-9.156	0.719	-6.963	5.491	-9.360	-0.891	0.000000	0.000000
1582082064007	1582082064005	-8.529	-4.012	-7.922	7.296	-9.560	-0.915	0.000000	0.000000
1582082064026	1582082064025	-5.072	-6.903	-10.437	9.588	-9.459	-0.574	0.000000	0.000000
1582082064047	1582082064045	-2.720	-0.606	-12.245	9.566	-8.137	-0.100	0.000000	0.000000
1582082064065	1582082064065	-3.865	1.682	-10.557	8.966	-6.484	-0.021	0.000000	0.000000
1582082064089	1582082064085	-5.736	-3.677	-10.250	7.651	-6.184	0.061	0.000000	0.000000
1582082064107	1582082064107	-4.229	-4.036	-13.632	5.770	-6.742	-0.095	0.000000	0.000000
1582082064126	1582082064125	-1.258	-0.615	-15.903	4.429	-6.318	-0.421	0.000000	0.000000
1582082064146	1582082064145	-2.047	0.276	-14.787	3.387	-4.880	0.129	0.000000	0.000000
1582082064170	1582082064170	-4.025	4.892	-11.589	1.160	-4.900	0.290	0.000000	0.000000
1582082064186	1582082064184	-4.806	7.793	-6.688	-1.550	-5.996	-0.631	0.000000	0.000000
1582082064205	1582082064205	-5.839	1.804	-0.771	-1.901	-6.494	-1.040	0.000000	0.000000
1582082064225	1582082064224	-10.064	-0.687	5.134	-1.343	-5.794	-0.540	0.000000	0.000000
1582082064246	1582082064244	-12.065	3.716	7.776	-0.445	-6.583	0.171	0.000000	0.000000
1582082064265	1582082064264	-9.983	5.886	10.112	-0.603	-6.744	0.493	0.000000	0.000000
1582082064288	1582082064288	-11.145	5.937	9.470	-0.982	-5.532	1.096	0.000000	0.000000
1582082064306	1582082064306	-14.659	6.828	7.175	-1.736	-4.729	1.770	0.000000	0.000000
1582082064325	1582082064324	-16.008	7.527	8.114	-1.291	-5.035	1.757	0.000000	0.000000
1582082064351	1582082064349	-10.812	11.053	13.751	-0.761	-5.351	1.289	0.000000	0.000000
1582082064365	1582082064364	-7.944	9.901	10.902	-0.913	-3.531	1.695	0.000000	0.000000
1582082064385	1582082064385	-11.034	9.913	10.569	0.534	-2.652	2.388	0.000000	0.000000
1582082064405	1582082064405	-7.180	7.889	11.683	1.053	-2.826	2.373	0.000000	0.000000
1582082064427	1582082064423	-3.994	6.468	10.105	0.502	-2.445	2.376	0.000000	0.000000
1582082064445	1582082064444	-1.692	7.788	9.379	-0.091	-2.443	2.435	0.000000	0.000000
1582082064467	1582082064466	-1.570	6.131	7.846	-1.309	-1.958	2.847	0.000000	0.000000
1582082064489	1582082064487	-2.962	6.454	6.566	-2.488	-0.980	2.484	0.000000	0.000000
1582082064507	1582082064504	-4.018	6.775	5.896	-2.773	-0.540	2.149	0.000000	0.000000
1582082064524	1582082064523	-5.410	6.394	5.984	-2.256	-0.185	1.878	0.000000	0.000000
1582082064545	1582082064543	-1.989	6.864	6.253	-1.865	-0.253	1.395	0.000000	0.000000
1582082064564	1582082064563	0.021	5.802	5.905	-2.166	-0.090	1.485	0.000000	0.000000
1582082064584	1582082064584	-1.440	4.983	4.672	-3.018	0.514	1.716	0.000000	0.000000
1582082064604	1582082064604	-3.410	5.843	4.502	-3.496	0.762	1.747	0.000000	0.000000
1582082064627	1582082064627	-2.825	4.511	3.999	-3.602	0.314	1.502	0.000000	0.000000
1582082064643	1582082064643	-1.644	0.786	3.884	-3.683	0.064	1.330	0.000000	0.000000
1582082064663	1582082064663	-2.403	-0.361	4.046	-3.512	0.302	1.243	0.000000	0.000000
1582082064683	1582082064683	-2.715	1.737	4.863	-3.273	0.164	0.903	0.000000	0.000000
1582082064704	1582082064704	-1.230	2.616	4.909	-3.096	-0.076	0.382	0.000000	0.000000
1582082064728	1582082064723	-0.583	0.120	5.065	-2.624	0.430	0.101	0.000000	0.000000
1582082064743	1582082064743	-0.868	-2.900	5.369	-2.401	0.693	0.146	0.000000	0.000000
1582082064763	1582082064762	-0.767	-4.412	5.364	-2.506	0.459	0.227	0.000000	0.000000
1582082064784	1582082064782	-1.385	-3.133	6.823	-1.851	0.688	0.240	0.000000	0.000000
1582082064803	1582082064802	-3.414	-2.603	8.952	-0.803	1.049	0.425	0.000000	0.000000
1582082064826	1582082064824	-3.199	-0.618	8.639	-1.218	0.835	0.232	0.000000	0.000000
1582082064844	1582082064841	-2.830	0.233	8.476	-1.498	0.486	0.240	0.000000	0.000000
1582082064863	1582082064862	-3.472	-1.672	9.249	-1.328	0.059	0.302	0.000000	0.000000
1582082064883	1582082064882	-3.165	-2.697	8.787	-1.521	-0.054	0.276	0.000000	0.000000
1582082064907	1582082064907	-1.153	-3.059	9.242	-2.103	-0.271	0.391	0.000000	0.000000
1582082064926	1582082064923	-1.388	-3.648	8.809	-2.454	-0.060	0.516	0.000000	0.000000
1582082064943	1582082064941	-2.044	-3.257	8.440	-2.572	0.220	0.454	0.000000	0.000000
1582082064962	1582082064962	-1.956	-2.951	8.274	-2.630	-0.078	0.570	0.000000	0.000000
1582082064985	1582082064981	-1.721	-4.062	8.274	-2.053	-0.270	0.775	0.000000	0.000000
1582082065003	1582082065001	-1.623	-5.241	7.973	-1.635	-0.003	0.890	0.000000	0.000000
1582082065027	1582082065021	-2.353	-6.089	7.867	-1.667	0.268	0.844	0.000000	0.000000
1582082065042	1582082065041	-2.207	-4.553	7.300	-1.942	0.021	0.784	0.000000	0.000000
1582082065062	1582082065061	-1.426	-3.986	6.171	-1.847	-0.200	0.869	0.000000	0.000000
1582082065083	1582082065081	-1.443	-5.531	5.711	-1.615	0.270	1.036	0.000000	0.000000
1582082065109	1582082065105	-3.089	-6.743	5.601	-1.939	0.816	1.076	0.000000	0.000000
1582082065124	1582082065120	-4.150	-7.073	4.504	-2.430	0.837	0.884	0.000000	0.000000
1582082065141	1582082065140	-4.008	-7.126	3.299	-2.280	0.256	0.771	0.000000	0.000000
1582082065161	1582082065160	-3.414	-8.008	2.626	-1.917	0.061	0.763	0.000000	0.000000
1582082065184	1582082065181	-3.819	-9.179	2.324	-2.010	0.593	0.697	0.000000	0.000000
1582082065206	1582082065206	-4.938	-9.670	2.429	-2.396	0.988	0.571	0.000000	0.000000
1582082065223	1582082065221	-5.379	-9.244	2.199	-3.011	0.829	0.299	0.000000	0.000000
1582082065248	1582082065241	-4.559	-8.827	1.584	-3.491	0.444	0.105	0.000000	0.000000
1582082065261	1582082065259	-3.757	-10.051	0.980	-3.636	0.299	0.017	0.000000	0.000000
1582082065280	1582082065280	-3.659	-11.740	-0.488	-3.592	0.575	-0.042	0.000000	0.000000
1582082065308	1582082065305	-5.745	-13.563	-1.818	-2.957	0.984	-0.088	0.000000	0.000000
1582082065321	1582082065320	-9.147	-15.836	-2.489	-2.514	1.168	-0.632	0.000000	0.000000
1582082065340	1582082065340	-11.449	-16.267	-3.564	-4.569	1.200	-1.366	0.000000	0.000000
1582082065360	1582082065360	-11.006	-13.074	-7.033	-8.611	1.001	-1.814	0.000000	0.000000
1582082065381	1582082065379	-9.786	-13.201	-11.917	-11.089	1.549	-1.552	0.000000	0.000000
1582082065400	1582082065399	-10.448	-18.284	-16.624	-11.219	3.468	-1.262	0.000000	0.000000
1582082065426	1582082065426	-13.205	-18.083	-19.779	-8.605	5.635	-0.908	0.000000	0.000000
1582082065440	1582082065439	-16.309	-14.157	-20.908	-3.608	6.087	0.037	0.000000	0.000000
1582082065460	1582082065459	-15.236	-13.462	-12.382	-0.803	6.305	0.756	0.000000	0.000000
1582082065480	1582082065479	-13.696	-9.093	-5.655	0.112	6.619	1.406	0.000000	0.000000
1582082065501	1582082065500	-11.262	-7.315	-1.636	2.570	5.883	2.258	0.000000	0.000000
1582082065525	1582082065525	-9.604	-8.355	-0.309	3.412	5.009	3.576	0.000000	0.000000
1582082065541	1582082065539	-4.936	0.034	0.353	4.289	3.174	5.750	0.000000	0.000000
1582082065559	1582082065559	-3.220	5.766	5.191	4.032	1.353	6.703	0.000000	0.000000
1582082065580	1582082065578	-2.068	8.526	6.368	1.311	0.447	7.236	0.000000	0.000000
1582082065599	1582082065598	-11.756	1.102	5.565	0.676	0.699	9.240	0.000000	0.000000
1582082065623	1582082065621	-16.297	-13.201	-1.205	-0.135	1.132	9.307	0.000000	0.000000
1582082065646	1582082065639	-12.632	-11.369	-7.126	-2.754	1.400	7.873	0.000000	0.000000
1582082065659	1582082065658	-17.030	-14.155	-11.215	-3.807	2.640	7.005	0.000000	0.000000
1582082065679	1582082065678	-15.890	-11.862	-12.629	-3.888	2.302	6.597	0.000000	0.000000
1582082065698	1582082065698	-15.550	-16.890	-12.566	-4.243	2.919	5.931	0.000000	0.000000
1582082065724	1582082065724	-17.380	-13.309	-11.773	-4.498	3.427	5.838	0.000000	0.000000
1582082065739	1582082065738	-19.668	-8.681	-9.838	-4.834	3.284	5.251	0.000000	0.000000
1582082065759	1582082065757	-17.763	-8.990	-10.715	-4.932	2.564	4.025	0.000000	0.000000
1582082065778	1582082065778	-15.102	-8.851	-11.917	-4.300	2.049	3.830	0.000000	0.000000
1582082065799	1582082065797	-15.574	-5.246	-10.305	-4.391	2.077	3.630	0.000000	0.000000
1582082065821	1582082065821	-12.594	-6.019	-10.643	-4.332	1.582	2.828	0.000000	0.000000
1582082065841	1582082065839	-8.466	-1.499	-11.038	-4.532	1.380	2.123	0.000000	0.000000
1582082065862	1582082065857	-10.505	-0.653	-8.238	-4.927	1.380	1.397	0.000000	0.000000
1582082065879	1582082065877	-9.456	3.294	-8.535	-5.576	0.607	0.693	0.000000	0.000000
1582082065898	1582082065897	-7.808	2.530	-7.869	-5.092	-0.088	0.515	0.000000	0.000000
1582082065918	1582082065917	-8.019	2.571	-7.814	-5.030	-0.284	0.823	0.000000	0.000000
1582082065940	1582082065937	-8.117	4.791	-7.191	-4.160	-0.734	0.864	0.000000	0.000000
1582082065959	1582082065956	-6.694	3.951	-8.398	-3.389	-1.309	0.944	0.000000	0.000000
1582082065978	1582082065976	-9.125	3.723	-5.358	-2.587	-1.068	1.079	0.000000	0.000000
1582082065998	1582082065997	-10.563	4.142	-4.834	-2.527	-1.711	0.652	0.000000	0.000000
1582082066019	1582082066019	-7.048	4.506	-4.973	-2.377	-2.535	-0.038	0.000000	0.000000
1582082066043	1582082066038	-8.229	5.141	-2.611	-2.613	-2.466	-0.348	0.000000	0.000000
1582082066062	1582082066060	-9.176	2.554	0.937	-2.289	-2.543	-0.835	0.000000	0.000000
1582082066077	1582082066076	-8.766	3.100	4.205	-1.480	-1.850	-0.791	0.000000	0.000000
1582082066097	1582082066096	-11.753	2.128	3.280	-1.541	-1.535	-0.457	0.000000	0.000000
1582082066117	1582082066116	-13.545	1.347	3.915	-0.229	-2.312	0.129	0.000000	0.000000
1582082066141	1582082066141	-14.115	1.524	4.993	1.401	-3.720	0.114	0.000000	0.000000
1582082066158	1582082066158	-12.323	1.354	3.692	2.790	-4.781	-0.193	0.000000	0.000000
1582082066182	1582082066176	-9.973	-0.055	3.445	3.579	-5.304	0.271	0.000000	0.000000
1582082066197	1582082066196	-12.680	1.617	3.184	2.440	-5.271	1.031	0.000000	0.000000
1582082066216	1582082066216	-13.914	3.067	1.462	1.604	-6.077	0.708	0.000000	0.000000
1582082066237	1582082066237	-12.656	-1.092	0.199	1.899	-7.374	-0.136	0.000000	0.000000
1582082066259	1582082066258	-12.604	-4.546	-0.481	2.772	-8.229	-0.632	0.000000	0.000000
1582082066278	1582082066275	-11.741	-5.603	-1.847	4.097	-8.951	-1.100	0.000000	0.000000
1582082066297	1582082066295	-10.675	-8.092	-3.576	6.184	-9.121	-1.325	0.000000	0.000000
1582082066316	1582082066315	-8.696	-9.512	-7.289	9.027	-8.844	-1.232	0.000000	0.000000
1582082066339	1582082066339	-7.367	-6.053	-9.922	10.272	-8.069	-0.899	0.000000	0.000000
1582082066364	1582082066364	-6.929	-4.340	-10.796	9.401	-7.050	-0.606	0.000000	0.000000
1582082066380	1582082066380	-7.906	-4.743	-12.267	8.163	-6.725	-0.880	0.000000	0.000000
1582082066396	1582082066395	-6.615	-4.889	-14.799	7.732	-6.546	-1.158	0.000000	0.000000
1582082066416	1582082066414	-4.543	-3.497	-18.706	7.566	-5.115	-0.372	0.000000	0.000000
1582082066436	1582082066435	-2.595	0.702	-21.092	6.136	-3.643	0.794	0.000000	0.000000
1582082066459	1582082066459	-1.503	4.499	-16.648	2.722	-3.227	1.012	0.000000	0.000000
1582082066476	1582082066475	-3.211	7.034	-10.271	-1.098	-3.777	0.174	0.000000	0.000000
1582082066495	1582082066495	-5.280	3.905	-5.351	-1.876	-4.457	-1.078	0.000000	0.000000
1582082066515	1582082066514	-9.916	-1.763	1.234	-1.643	-4.859	-1.312	0.000000	0.000000
1582082066536	1582082066536	-15.437	-0.625	5.584	-0.853	-5.853	-0.909	0.000000	0.000000
1582082066555	1582082066555	-8.311	7.170	7.431	-1.105	-7.393	-0.545	0.000000	0.000000
1582082066575	1582082066575	-11.291	4.780	9.470	-0.750	-6.113	-0.122	0.000000	0.000000
1582082066595	1582082066594	-14.113	2.784	8.847	-1.336	-5.035	0.376	0.000000	0.000000
1582082066614	1582082066614	-14.465	4.463	9.690	-1.301	-4.561	0.754	0.000000	0.000000
1582082066638	1582082066633	-14.113	9.906	10.680	-1.176	-3.920	0.958	0.000000	0.000000
1582082066659	1582082066658	-16.012	13.030	6.866	-1.353	-3.012	1.265	0.000000	0.000000
1582082066674	1582082066674	-13.967	8.888	9.460	-0.328	-3.234	1.197	0.000000	0.000000
1582082066694	1582082066693	-8.076	7.225	11.374	0.751	-3.784	1.691	0.000000	0.000000
1582082066714	1582082066714	-7.604	8.028	10.548	0.475	-3.289	2.435	0.000000	0.000000
1582082066735	1582082066734	-7.305	6.674	9.997	-0.120	-2.713	2.514	0.000000	0.000000
1582082066756	1582082066756	-6.538	5.096	9.024	-0.847	-2.782	2.628	0.000000	0.000000
1582082066777	1582082066774	-6.140	5.560	8.162	-1.216	-2.635	2.326	0.000000	0.000000
1582082066796	1582082066794	-4.313	5.889	7.316	-1.258	-2.418	2.160	0.000000	0.000000
1582082066815	1582082066813	-3.335	5.881	6.981	-1.336	-1.884	2.253	0.000000	0.000000
1582082066835	1582082066833	-2.480	5.958	6.981	-1.914	-1.129	2.078	0.000000	0.000000
1582082066858	1582082066858	-2.102	6.404	6.315	-2.576	-0.575	1.798	0.000000	0.000000
1582082066874	1582082066873	-2.638	5.620	5.026	-2.815	-0.278	1.746	0.000000	0.000000
1582082066899	1582082066899	-4.382	3.984	5.479	-2.827	-0.246	1.764	0.000000	0.000000
1582082066913	1582082066912	-4.387	2.885	5.072	-3.393	-0.504	1.672	0.000000	0.000000
1582082066934	1582082066933	-3.170	2.077	4.058	-3.592	-0.525	1.433	0.000000	0.000000
1582082066954	1582082066954	-1.944	2.099	3.838	-3.597	-0.434	1.123	0.000000	0.000000
1582082066981	1582082066981	-1.388	1.673	3.967	-3.245	-0.422	0.877	0.000000	0.000000
1582082066994	1582082066992	-1.304	2.149	4.648	-2.999	-0.309	0.590	0.000000	0.000000
1582082067013	1582082067012	-1.450	1.989	5.716	-2.775	-0.072	0.483	0.000000	0.000000
1582082067033	1582082067032	-1.735	0.254	6.238	-2.381	0.418	0.455	0.000000	0.000000
1582082067055	1582082067055	-1.941	0.683	5.881	-2.355	0.469	0.409	0.000000	0.000000
1582082067074	1582082067074	-1.311	1.146	6.305	-2.679	0.167	0.407	0.000000	0.000000
1582082067093	1582082067092	-2.032	-0.361	7.185	-2.078	0.338	0.548	0.000000	0.000000
1582082067114	1582082067114	-1.534	-2.167	8.140	-0.995	0.327	0.438	0.000000	0.000000
1582082067133	1582082067132	-1.263	-1.008	8.787	-1.657	0.422	0.285	0.000000	0.000000
1582082067155	1582082067151	-2.236	-0.263	8.955	-1.959	0.624	0.409	0.000000	0.000000
1582082067181	1582082067171	-2.849	-0.665	9.252	-1.881	0.600	0.585	0.000000	0.000000
1582082067196	1582082067192	-3.790	-0.804	7.985	-2.620	0.397	0.640	0.000000	0.000000
1582082067212	1582082067212	-4.310	-0.752	7.290	-2.872	-0.110	0.555	0.000000	0.000000
1582082067232	1582082067231	-2.566	-1.981	7.515	-2.559	-0.736	0.555	0.000000	0.000000
1582082067252	1582082067251	-1.491	-4.141	6.430	-2.726	-0.781	0.720	0.000000	0.000000
1582082067280	1582082067280	-1.829	-5.945	5.168	-2.497	-0.380	0.944	0.000000	0.000000
1582082067292	1582082067292	-2.243	-7.155	5.395	-2.030	-0.148	1.103	0.000000	0.000000
1582082067314	1582082067311	-1.951	-7.576	5.544	-1.788	-0.152	1.115	0.000000	0.000000
1582082067331	1582082067331	-1.675	-7.411	5.168	-1.830	-0.110	1.069	0.000000	0.000000
1582082067354	1582082067354	-1.330	-7.933	4.291	-1.502	0.127	1.046	0.000000	0.000000
1582082067371	1582082067370	-1.948	-6.915	4.516	-1.170	0.393	0.945	0.000000	0.000000
1582082067397	1582082067389	-2.238	-5.876	5.589	-0.990	0.192	0.927	0.000000	0.000000
1582082067412	1582082067412	-1.752	-8.159	6.442	-1.310	0.234	1.019	0.000000	0.000000
1582082067432	1582082067431	-2.049	-9.610	5.548	-1.910	0.837	1.044	0.000000	0.000000
1582082067451	1582082067450	-3.412	-8.444	5.127	-1.684	1.036	1.122	0.000000	0.000000
1582082067471	1582082067470	-3.422	-8.058	5.280	-1.564	0.682	0.977	0.000000	0.000000
1582082067492	1582082067490	-2.576	-10.109	4.899	-2.160	0.606	0.810	0.000000	0.000000
1582082067512	1582082067510	-2.701	-9.347	3.469	-2.889	0.772	0.716	0.000000	0.000000
1582082067532	1582082067530	-3.180	-8.274	3.213	-2.555	0.761	0.657	0.000000	0.000000
1582082067552	1582082067549	-3.319	-9.306	3.244	-2.832	0.895	0.457	0.000000	0.000000
1582082067570	1582082067570	-3.941	-10.372	2.415	-3.361	1.045	0.451	0.000000	0.000000
1582082067599	1582082067593	-4.011	-11.038	1.004	-2.833	0.971	0.407	0.000000	0.000000
1582082067612	1582082067612	-4.246	-12.317	-0.728	-2.620	0.985	0.041	0.000000	0.000000
1582082067632	1582082067630	-7.190	-15.050	-1.291	-3.153	1.498	-0.687	0.000000	0.000000
1582082067651	1582082067649	-12.508	-17.305	-2.903	-4.977	1.493	-1.817	0.000000	0.000000
1582082067674	1582082067669	-14.098	-13.850	-6.908	-8.920	0.149	-2.890	0.000000	0.000000
1582082067690	1582082067691	-11.324	-10.029	-14.689	-13.826	-1.137	-3.490	0.000000	0.000000
1582082067716	1582082067709	-11.293	-16.430	-18.804	-15.309	-0.668	-2.977	0.000000	0.000000
1582082067731	1582082067730	-10.785	-22.582	-15.949	-11.536	2.061	-1.626	0.000000	0.000000
1582082067749	1582082067749	-11.264	-10.779	-17.381	-5.269	5.515	0.041	0.000000	0.000000
1582082067769	1582082067769	-16.661	-3.933	-16.603	-1.045	7.066	1.436	0.000000	0.000000
1582082067792	1582082067792	-14.791	-8.072	-8.415	0.639	6.478	1.989	0.000000	0.000000
1582082067812	1582082067809	-9.621	-8.863	-4.731	3.926	5.433	3.549	0.000000	0.000000
1582082067829	1582082067829	-8.802	-5.401	-4.326	5.816	5.522	3.927	0.000000	0.000000
1582082067849	1582082067848	-4.689	-0.598	1.258	5.109	4.336	4.576	0.000000	0.000000
1582082067870	1582082067868	-6.231	-0.438	3.131	4.427	3.770	6.105	0.000000	0.000000
1582082067893	1582082067893	-5.604	5.639	5.996	4.129	1.923	7.381	0.000000	0.000000
1582082067909	1582082067909	-4.981	-2.929	5.206	2.920	1.006	8.553	0.000000	0.000000
1582082067929	1582082067929	-12.728	-5.061	2.947	1.436	1.886	9.201	0.000000	0.000000
1582082067948	1582082067948	-13.296	-7.660	-1.159	-1.852	1.881	7.735	0.000000	0.000000
1582082067968	1582082067968	-13.562	-15.163	-7.517	-3.665	1.626	6.620	0.000000	0.000000
1582082067994	1582082067991	-11.859	-17.070	-11.244	-3.570	2.269	6.599	0.000000	0.000000
1582082068012	1582082068010	-14.431	-12.104	-10.758	-4.147	3.235	6.260	0.000000	0.000000
1582082068028	1582082068028	-17.265	-14.892	-11.833	-5.384	3.516	5.007	0.000000	0.000000
1582082068048	1582082068047	-16.369	-13.565	-11.016	-5.003	2.992	4.745	0.000000	0.000000
1582082068068	1582082068068	-15.497	-11.452	-10.485	-4.526	2.683	4.847	0.000000	0.000000
1582082068091	1582082068091	-15.155	-7.569	-10.327	-3.990	2.547	4.683	0.000000	0.000000
1582082068111	1582082068108	-15.066	-6.067	-9.673	-4.365	2.292	3.915	0.000000	0.000000
1582082068129	1582082068128	-13.787	-5.557	-10.638	-4.925	2.000	3.061	0.000000	0.000000
1582082068148	1582082068147	-11.492	-5.112	-11.196	-5.273	1.736	2.256	0.000000	0.000000
1582082068167	1582082068167	-10.416	-1.636	-11.218	-5.350	1.458	1.634	0.000000	0.000000
1582082068188	1582082068187	-10.328	-1.743	-10.528	-5.444	1.088	1.130	0.000000	0.000000
1582082068213	1582082068213	-8.481	1.926	-10.485	-5.317	0.197	0.868	0.000000	0.000000
1582082068228	1582082068227	-7.338	2.935	-9.773	-4.892	-0.466	0.964	0.000000	0.000000
1582082068248	1582082068248	-8.237	2.966	-7.363	-4.339	-0.639	1.116	0.000000	0.000000
1582082068267	1582082068266	-8.517	3.251	-6.393	-4.443	-0.535	0.832	0.000000	0.000000
1582082068287	1582082068287	-9.758	4.157	-7.169	-4.859	-0.832	0.498	0.000000	0.000000
1582082068310	1582082068309	-8.323	4.051	-6.412	-4.198	-1.427	0.145	0.000000	0.000000
1582082068329	1582082068329	-6.107	4.621	-6.985	-4.286	-1.568	-0.102	0.000000	0.000000
1582082068347	1582082068346	-7.841	4.765	-7.085	-4.409	-1.560	-0.228	0.000000	0.000000
1582082068371	1582082068371	-5.587	4.744	-5.198	-4.335	-2.255	-0.574	0.000000	0.000000
1582082068387	1582082068387	-4.725	2.588	-2.920	-4.296	-2.367	-0.464	0.000000	0.000000
1582082068407	1582082068405	-7.190	-1.398	1.684	-2.755	-1.763	-0.161	0.000000	0.000000
1582082068427	1582082068426	-10.007	-3.253	7.139	0.939	-0.710	0.079	0.000000	0.000000
1582082068446	1582082068444	-12.002	2.856	5.048	1.889	-0.112	0.239	0.000000	0.000000
1582082068465	1582082068464	-13.993	1.445	3.529	0.628	-1.356	1.018	0.000000	0.000000
1582082068486	1582082068485	-14.141	4.626	3.155	0.838	-3.382	0.503	0.000000	0.000000
1582082068506	1582082068505	-12.668	4.415	4.851	2.135	-5.107	-0.754	0.000000	0.000000
1582082068532	1582082068526	-12.019	0.250	4.837	1.239	-5.222	-1.023	0.000000	0.000000
1582082068550	1582082068550	-13.308	2.097	3.045	0.474	-4.434	-1.145	0.000000	0.000000
1582082068566	1582082068565	-14.942	-0.426	1.035	1.590	-4.910	-1.015	0.000000	0.000000
1582082068586	1582082068585	-15.478	-2.841	-1.502	3.078	-6.369	-0.770	0.000000	0.000000
1582082068606	1582082068605	-14.829	-4.144	-4.000	5.243	-8.158	-0.622	0.000000	0.000000
1582082068626	1582082068625	-12.939	-4.419	-5.361	7.126	-9.561	-0.559	0.000000	0.000000
1582082068646	1582082068644	-9.561	-2.963	-7.423	7.557	-9.713	-0.482	0.000000	0.000000
1582082068665	1582082068665	-8.546	-3.959	-10.022	8.004	-9.230	-0.704	0.000000	0.000000
1582082068686	1582082068684	-6.840	-7.054	-10.652	9.455	-9.170	-0.931	0.000000	0.000000
1582082068707	1582082068706	-4.698	-7.526	-11.953	9.895	-7.993	-0.759	0.000000	0.000000
1582082068732	1582082068725	-6.169	-5.524	-14.586	9.074	-6.546	-0.562	0.000000	0.000000
1582082068749	1582082068746	-7.180	-2.666	-15.592	7.883	-6.748	-0.890	0.000000	0.000000
1582082068766	1582082068764	-3.704	-1.954	-19.080	7.094	-7.052	-1.326	0.000000	0.000000
1582082068785	1582082068785	0.382	-2.431	-23.722	7.503	-4.815	-0.614	0.000000	0.000000
1582082068809	1582082068804	-2.066	7.530	-17.551	3.493	-3.246	1.248	0.000000	0.000000
1582082068825	1582082068824	-4.998	10.876	-8.827	-1.031	-5.137	-0.284	0.000000	0.000000
1582082068846	1582082068844	-3.664	1.658	-2.718	-0.932	-6.707	-1.833	0.000000	0.000000
1582082068870	1582082068870	-6.675	-0.831	4.284	0.584	-4.959	-0.656	0.000000	0.000000
1582082068885	1582082068884	-17.222	0.403	8.052	0.367	-5.414	0.521	0.000000	0.000000
1582082068905	1582082068904	-10.766	5.263	6.459	-0.869	-7.737	0.308	0.000000	0.000000
1582082068932	1582082068925	-11.205	3.884	7.391	-2.244	-7.302	0.504	0.000000	0.000000
1582082068948	1582082068946	-13.042	4.231	8.143	-2.554	-6.831	0.860	0.000000	0.000000
1582082068965	1582082068963	-14.594	4.353	12.903	-1.607	-6.708	1.173	0.000000	0.000000
1582082068985	1582082068983	-12.575	10.189	13.137	-1.304	-5.992	1.522	0.000000	0.000000
1582082069004	1582082069003	-10.119	12.845	8.948	-0.619	-4.376	1.320	0.000000	0.000000
1582082069024	1582082069023	-8.078	6.969	12.081	0.685	-4.367	1.600	0.000000	0.000000
1582082069044	1582082069042	-4.104	6.468	13.432	1.773	-4.238	1.508	0.000000	0.000000
1582082069069	1582082069068	-5.726	10.090	15.293	1.791	-3.462	1.561	0.000000	0.000000
1582082069084	1582082069084	-5.585	9.017	12.998	0.365	-2.953	2.298	0.000000	0.000000
1582082069104	1582082069102	-6.696	6.892	10.224	-1.217	-2.449	2.454	0.000000	0.000000
1582082069126	1582082069126	-5.410	7.738	8.071	-1.893	-2.469	2.000	0.000000	0.000000
1582082069146	1582082069143	-3.836	7.668	7.316	-1.754	-2.306	1.961	0.000000	0.000000
1582082069163	1582082069162	-2.533	6.334	7.127	-1.390	-2.042	1.838	0.000000	0.000000
1582082069184	1582082069182	-0.133	4.703	7.388	-1.140	-1.729	1.805	0.000000	0.000000
1582082069204	1582082069202	0.263	5.426	6.061	-1.279	-1.405	1.995	0.000000	0.000000
1582082069225	1582082069222	-0.516	5.946	5.302	-1.962	-0.786	2.059	0.000000	0.000000
1582082069244	1582082069244	-1.249	5.778	4.312	-3.292	-0.161	2.026	0.000000	0.000000
1582082069269	1582082069269	-1.814	3.690	3.191	-3.776	0.208	1.955	0.000000	0.000000
1582082069283	1582082069282	-1.778	1.651	3.242	-3.004	0.288	1.836	0.000000	0.000000
1582082069303	1582082069302	-1.163	1.134	3.304	-2.416	0.247	1.685	0.000000	0.000000
1582082069325	1582082069325	-0.650	2.041	3.136	-2.948	0.248	1.489	0.000000	0.000000
1582082069347	1582082069347	-1.270	1.883	3.191	-3.237	0.377	1.295	0.000000	0.000000
1582082069387	1582082069385	-1.716	-0.694	4.660	-1.724	0.403	1.045	0.000000	0.000000
1582082069387	1582082069387	-1.378	-1.662	6.102	-0.925	0.613	0.763	0.000000	0.000000
1582082069402	1582082069402	-0.904	-1.197	6.310	-1.527	0.834	0.868	0.000000	0.000000
1582082069422	1582082069422	-1.440	-0.390	6.744	-1.685	0.990	0.966	0.000000	0.000000
1582082069447	1582082069443	-1.491	1.086	7.944	-1.797	0.853	0.897	0.000000	0.000000
1582082069464	1582082069463	-1.747	1.325	8.845	-1.648	0.577	1.024	0.000000	0.000000
1582082069483	1582082069481	-1.920	0.142	9.954	-1.539	0.630	1.004	0.000000	0.000000
1582082069502	1582082069501	-1.646	-1.490	9.712	-1.861	0.825	0.927	0.000000	0.000000
1582082069522	1582082069521	-1.694	-1.964	9.151	-1.975	0.845	0.947	0.000000	0.000000
1582082069547	1582082069547	-1.527	-2.824	9.039	-2.264	0.582	0.954	0.000000	0.000000
1582082069562	1582082069562	-2.533	-2.520	8.869	-2.211	0.379	1.015	0.000000	0.000000
1582082069582	1582082069582	-3.105	-1.176	7.196	-1.672	-0.045	0.849	0.000000	0.000000
1582082069602	1582082069601	-0.233	-3.073	8.114	-1.155	-0.531	0.689	0.000000	0.000000
1582082069622	1582082069621	-0.724	-5.536	9.192	-1.128	0.073	1.059	0.000000	0.000000
1582082069646	1582082069645	-0.916	-5.742	9.391	-1.408	0.837	1.101	0.000000	0.000000
1582082069667	1582082069661	-2.478	-4.850	8.435	-1.902	1.431	1.152	0.000000	0.000000
1582082069685	1582082069682	-4.054	-2.656	7.333	-1.539	1.186	1.113	0.000000	0.000000
1582082069703	1582082069700	-3.457	-2.819	7.841	-1.064	0.410	0.804	0.000000	0.000000
1582082069722	1582082069720	-2.118	-4.184	7.537	-1.952	-0.152	0.685	0.000000	0.000000
1582082069741	1582082069741	-1.179	-5.205	5.556	-2.579	-0.231	0.832	0.000000	0.000000
1582082069760	1582082069760	-1.337	-6.247	5.493	-1.969	0.126	1.082	0.000000	0.000000
1582082069782	1582082069779	-2.746	-6.939	5.362	-1.415	0.413	1.302	0.000000	0.000000
1582082069801	1582082069800	-3.096	-7.567	5.299	-0.987	0.390	1.233	0.000000	0.000000
1582082069821	1582082069820	-3.251	-8.698	5.220	-0.947	0.519	0.963	0.000000	0.000000
1582082069843	1582082069843	-3.628	-8.772	4.595	-1.823	0.713	0.841	0.000000	0.000000
1582082069864	1582082069864	-3.570	-8.619	3.960	-2.352	0.844	0.695	0.000000	0.000000
1582082069883	1582082069882	-3.932	-9.946	3.055	-2.382	1.165	0.490	0.000000	0.000000
1582082069900	1582082069899	-4.473	-9.826	2.353	-2.537	1.297	0.242	0.000000	0.000000
1582082069921	1582082069919	-4.933	-8.695	2.125	-2.827	0.977	0.015	0.000000	0.000000
1582082069941	1582082069939	-5.086	-9.284	2.904	-3.038	0.818	-0.182	0.000000	0.000000
1582082069960	1582082069960	-5.901	-11.512	2.659	-3.345	0.938	-0.232	0.000000	0.000000
1582082069983	1582082069980	-6.488	-12.914	0.726	-3.427	1.032	-0.406	0.000000	0.000000
1582082070005	1582082069999	-8.457	-14.698	-1.413	-3.114	1.261	-0.953	0.000000	0.000000
1582082070019	1582082070019	-10.361	-16.751	-3.772	-4.531	1.130	-1.978	0.000000	0.000000
1582082070040	1582082070039	-11.645	-18.632	-8.199	-8.139	0.271	-2.800	0.000000	0.000000
1582082070063	1582082070060	-12.005	-20.934	-11.323	-11.134	-0.125	-2.739	0.000000	0.000000
1582082070083	1582082070083	-11.051	-24.977	-12.284	-12.845	1.187	-2.586	0.000000	0.000000
1582082070099	1582082070098	-10.644	-25.639	-12.708	-10.407	4.659	-2.432	0.000000	0.000000
1582082070119	1582082070118	-13.976	-18.093	-10.547	-4.503	7.198	-2.093	0.000000	0.000000
1582082070139	1582082070138	-15.835	-9.673	-6.381	-2.205	7.194	-1.051	0.000000	0.000000
1582082070160	1582082070160	-9.865	3.836	-3.578	-0.478	6.587	1.532	0.000000	0.000000
1582082070182	1582082070181	-8.002	4.327	-1.885	4.003	5.910	3.310	0.000000	0.000000
1582082070204	1582082070204	-11.497	0.484	0.099	5.359	4.951	5.158	0.000000	0.000000
1582082070220	1582082070218	-7.741	0.436	3.309	3.981	3.092	6.711	0.000000	0.000000
1582082070238	1582082070238	-6.500	5.592	7.779	3.252	1.586	8.207	0.000000	0.000000
1582082070260	1582082070259	-12.067	-0.903	7.587	3.057	1.906	9.449	0.000000	0.000000
1582082070288	1582082070283	-15.519	-12.794	3.735	0.471	1.863	8.895	0.000000	0.000000
1582082070298	1582082070296	-12.033	-13.939	-4.151	-1.832	1.670	7.935	0.000000	0.000000
1582082070318	1582082070317	-10.979	-18.749	-5.756	-2.614	2.241	6.797	0.000000	0.000000
1582082070338	1582082070337	-13.099	-14.868	-9.107	-4.474	3.126	6.056	0.000000	0.000000
1582082070360	1582082070360	-15.306	-12.751	-9.232	-4.937	3.200	5.634	0.000000	0.000000
1582082070380	1582082070379	-15.646	-15.925	-10.969	-5.947	3.234	4.871	0.000000	0.000000
1582082070398	1582082070398	-17.018	-13.568	-10.827	-5.215	2.942	4.865	0.000000	0.000000
1582082070419	1582082070417	-15.088	-11.915	-10.080	-4.419	2.331	4.649	0.000000	0.000000
1582082070438	1582082070437	-14.747	-8.556	-9.035	-4.329	2.281	4.316	0.000000	0.000000
1582082070458	1582082070458	-15.869	-5.538	-8.647	-4.669	2.256	3.700	0.000000	0.000000
1582082070481	1582082070481	-15.440	-5.857	-10.159	-5.422	1.806	2.559	0.000000	0.000000
1582082070499	1582082070497	-11.154	-2.187	-11.378	-5.577	0.656	1.998	0.000000	0.000000
1582082070517	1582082070517	-10.019	-4.232	-10.588	-4.334	0.749	2.406	0.000000	0.000000
1582082070537	1582082070536	-11.324	-0.210	-8.372	-3.509	0.828	2.679	0.000000	0.000000
1582082070557	1582082070557	-10.773	2.657	-7.962	-3.218	-0.179	2.212	0.000000	0.000000
1582082070578	1582082070578	-8.421	2.487	-7.064	-3.659	-0.606	1.836	0.000000	0.000000
1582082070600	1582082070596	-9.813	2.061	-7.047	-3.744	-0.322	1.716	0.000000	0.000000
1582082070618	1582082070617	-8.498	2.099	-5.315	-3.123	-0.676	1.886	0.000000	0.000000
1582082070637	1582082070636	-8.907	3.436	-4.656	-3.405	-0.607	1.896	0.000000	0.000000
1582082070657	1582082070656	-11.264	3.517	-5.234	-3.504	-0.549	1.711	0.000000	0.000000
1582082070680	1582082070680	-10.206	1.905	-3.945	-3.761	-1.371	1.095	0.000000	0.000000
1582082070697	1582082070696	-7.218	2.173	-2.977	-4.351	-1.843	1.045	0.000000	0.000000
1582082070718	1582082070716	-7.384	2.041	-2.685	-3.374	-1.154	0.850	0.000000	0.000000
