1582081433558	1582081433558	-2.133	4.732	7.355	-2.012	-0.041	0.450	0.000000	0.000000
1582081433579	1582081433576	-1.505	3.242	7.173	-2.474	-0.450	0.482	0.000000	0.000000
1582081433594	1582081433594	-1.004	1.402	7.029	-2.732	-0.701	0.653	0.000000	0.000000
1582081433615	1582081433614	-0.607	0.298	6.818	-2.979	-0.606	0.677	0.000000	0.000000
1582081433637	1582081433634	-0.140	-0.342	7.201	-3.008	-0.352	0.576	0.000000	0.000000
1582081433657	1582081433657	-0.389	-1.478	7.920	-2.671	0.187	0.628	0.000000	0.000000
1582081433676	1582081433674	-1.136	-2.170	8.258	-2.408	0.655	0.676	0.000000	0.000000
1582081433693	1582081433693	-1.726	-2.397	8.811	-1.940	0.582	0.680	0.000000	0.000000
1582081433713	1582081433713	-1.455	-1.540	9.039	-1.622	0.377	0.604	0.000000	0.000000
1582081433734	1582081433733	-1.119	-0.618	8.866	-1.700	0.332	0.601	0.000000	0.000000
1582081433754	1582081433753	-1.591	-1.609	9.264	-1.364	0.395	0.737	0.000000	0.000000
1582081433774	1582081433773	-1.826	-1.916	9.913	-1.063	0.386	0.852	0.000000	0.000000
1582081433793	1582081433793	-2.094	-2.098	9.283	-1.267	0.434	0.882	0.000000	0.000000
1582081433814	1582081433812	-2.296	-2.014	8.857	-1.072	0.350	0.997	0.000000	0.000000
1582081433834	1582081433832	-1.833	-2.618	8.859	-0.857	0.242	1.116	0.000000	0.000000
1582081433855	1582081433855	-1.536	-2.843	8.222	-1.187	0.251	1.126	0.000000	0.000000
1582081433873	1582081433872	-1.795	-3.471	7.537	-1.430	0.449	1.196	0.000000	0.000000
1582081433893	1582081433892	-2.633	-3.729	6.787	-1.377	0.616	1.206	0.000000	0.000000
1582081433913	1582081433912	-2.993	-3.308	6.899	-1.517	0.366	1.074	0.000000	0.000000
1582081433935	1582081433933	-2.463	-4.661	7.192	-1.641	0.103	0.957	0.000000	0.000000
1582081433955	1582081433953	-1.833	-5.344	7.153	-1.273	0.007	0.912	0.000000	0.000000
1582081433975	1582081433975	-1.912	-4.723	6.801	-1.426	0.237	0.834	0.000000	0.000000
1582081433993	1582081433992	-2.696	-4.333	6.950	-1.713	0.491	0.829	0.000000	0.000000
1582081434013	1582081434012	-3.393	-4.352	7.048	-1.613	0.514	0.933	0.000000	0.000000
1582081434035	1582081434035	-4.133	-4.788	6.959	-1.837	0.439	0.922	0.000000	0.000000
1582081434056	1582081434052	-3.644	-5.514	5.793	-2.196	0.166	0.790	0.000000	0.000000
1582081434073	1582081434071	-3.048	-6.060	5.678	-1.875	0.162	0.806	0.000000	0.000000
1582081434093	1582081434091	-3.807	-6.623	6.023	-1.906	0.519	0.952	0.000000	0.000000
1582081434112	1582081434112	-4.708	-7.751	5.208	-2.200	0.807	0.819	0.000000	0.000000
1582081434133	1582081434131	-4.940	-8.602	4.485	-1.851	0.765	0.604	0.000000	0.000000
1582081434154	1582081434151	-4.962	-8.587	4.379	-1.545	0.375	0.434	0.000000	0.000000
1582081434176	1582081434174	-4.497	-8.087	4.145	-1.861	0.169	0.081	0.000000	0.000000
1582081434193	1582081434191	-4.234	-9.272	3.795	-2.072	0.365	-0.182	0.000000	0.000000
1582081434211	1582081434211	-5.314	-11.052	2.238	-2.593	0.870	-0.603	0.000000	0.000000
1582081434232	1582081434231	-7.297	-12.128	-0.268	-4.377	1.558	-1.456	0.000000	0.000000
1582081434251	1582081434250	-10.028	-11.917	-5.322	-8.479	1.951	-2.822	0.000000	0.000000
1582081434272	1582081434270	-11.114	-12.803	-16.114	-13.792	0.919	-4.651	0.000000	0.000000
1582081434292	1582081434290	-9.839	-24.460	-25.224	-16.036	0.031	-5.086	0.000000	0.000000
1582081434312	1582081434311	-6.452	-27.641	-20.160	-10.894	1.848	-4.111	0.000000	0.000000
1582081434332	1582081434331	-10.603	-7.759	-21.811	-6.488	5.952	-1.227	0.000000	0.000000
1582081434351	1582081434350	-22.873	7.254	-19.046	-2.914	8.071	1.631	0.000000	0.000000
1582081434373	1582081434371	-18.760	-8.369	-4.276	3.498	7.203	3.077	0.000000	0.000000
1582081434390	1582081434390	-20.135	-8.092	-3.741	2.542	6.134	5.256	0.000000	0.000000
1582081434410	1582081434410	-14.805	-3.624	-0.495	3.115	3.824	5.850	0.000000	0.000000
1582081434430	1582081434430	-11.432	0.997	4.686	3.094	1.541	6.279	0.000000	0.000000
1582081434451	1582081434450	-3.400	11.611	7.980	1.416	-0.990	7.092	0.000000	0.000000
1582081434473	1582081434473	-15.186	-8.360	3.965	1.510	-0.158	9.850	0.000000	0.000000
1582081434493	1582081434493	-18.652	-23.492	-4.920	0.329	0.896	10.403	0.000000	0.000000
1582081434513	1582081434511	-13.128	-22.139	-5.567	-2.461	2.167	9.286	0.000000	0.000000
1582081434531	1582081434531	-17.428	-17.901	-12.308	-4.224	3.810	8.193	0.000000	0.000000
1582081434551	1582081434551	-16.570	-15.968	-10.042	-5.052	3.951	6.564	0.000000	0.000000
1582081434575	1582081434575	-18.623	-15.201	-11.541	-5.717	4.112	6.300	0.000000	0.000000
1582081434598	1582081434593	-17.318	-6.271	-10.456	-4.591	3.547	6.284	0.000000	0.000000
1582081434614	1582081434613	-20.140	-7.596	-10.628	-4.353	3.628	5.206	0.000000	0.000000
1582081434632	1582081434630	-18.947	-12.152	-9.265	-4.416	3.449	4.861	0.000000	0.000000
1582081434652	1582081434650	-17.239	-7.416	-10.537	-5.456	3.206	4.498	0.000000	0.000000
1582081434671	1582081434671	-14.827	-5.454	-9.194	-5.515	2.871	3.584	0.000000	0.000000
1582081434694	1582081434694	-15.471	-2.390	-10.042	-5.234	2.363	2.966	0.000000	0.000000
1582081434711	1582081434711	-12.865	-3.696	-8.396	-4.110	1.231	2.518	0.000000	0.000000
1582081434731	1582081434731	-9.271	-1.051	-7.478	-4.006	0.851	1.934	0.000000	0.000000
1582081434751	1582081434750	-8.569	1.577	-8.362	-3.453	1.132	1.772	0.000000	0.000000
1582081434771	1582081434770	-9.947	4.217	-5.222	-2.830	0.935	1.729	0.000000	0.000000
1582081434797	1582081434797	-8.328	3.958	-5.346	-2.103	0.284	1.830	0.000000	0.000000
1582081434812	1582081434812	-6.040	4.106	-5.124	-2.165	-0.034	1.761	0.000000	0.000000
1582081434830	1582081434830	-6.414	5.362	-4.127	-2.453	0.005	1.538	0.000000	0.000000
1582081434851	1582081434849	-7.884	6.241	-2.666	-1.909	-0.755	1.201	0.000000	0.000000
1582081434870	1582081434870	-5.841	4.126	-3.083	-1.638	-1.304	0.761	0.000000	0.000000
1582081434891	1582081434890	-6.409	6.028	-2.261	-1.376	-0.975	0.627	0.000000	0.000000
1582081434910	1582081434910	-7.544	2.662	-2.177	-1.488	-1.132	0.310	0.000000	0.000000
1582081434931	1582081434930	-9.422	2.614	-1.794	-2.125	-1.828	0.002	0.000000	0.000000
1582081434951	1582081434951	-7.822	4.808	-2.146	-2.049	-3.039	-0.406	0.000000	0.000000
1582081434970	1582081434969	-8.131	6.499	-1.358	-1.216	-3.076	-0.876	0.000000	0.000000
1582081434991	1582081434991	-10.630	4.159	-1.569	-1.325	-2.945	-1.106	0.000000	0.000000
1582081435014	1582081435014	-10.086	3.951	-0.848	-1.550	-3.286	-1.667	0.000000	0.000000
1582081435029	1582081435029	-8.526	4.578	0.575	-1.519	-3.754	-1.915	0.000000	0.000000
1582081435050	1582081435049	-11.068	4.149	2.221	-1.378	-3.821	-1.859	0.000000	0.000000
1582081435068	1582081435069	-13.205	1.493	2.233	-0.282	-4.078	-1.916	0.000000	0.000000
1582081435089	1582081435089	-15.737	-1.195	0.123	1.367	-4.861	-1.968	0.000000	0.000000
1582081435110	1582081435110	-17.706	-2.824	-2.350	2.847	-6.562	-1.779	0.000000	0.000000
1582081435130	1582081435130	-16.769	-2.261	-4.220	4.303	-8.356	-1.560	0.000000	0.000000
1582081435149	1582081435148	-16.508	-1.125	-6.008	5.403	-9.254	-1.285	0.000000	0.000000
1582081435169	1582081435168	-17.268	-2.105	-8.463	6.788	-10.016	-1.154	0.000000	0.000000
1582081435189	1582081435188	-14.635	-3.622	-10.626	8.646	-10.675	-1.019	0.000000	0.000000
1582081435214	1582081435214	-11.839	-4.007	-12.952	9.798	-9.919	-0.616	0.000000	0.000000
1582081435230	1582081435228	-9.964	-4.328	-15.592	10.601	-8.493	-0.095	0.000000	0.000000
1582081435248	1582081435248	-6.682	-4.175	-16.648	10.577	-7.543	0.216	0.000000	0.000000
1582081435268	1582081435267	-4.157	-3.174	-15.891	9.491	-6.724	0.053	0.000000	0.000000
1582081435287	1582081435287	-1.517	-2.151	-15.764	7.813	-5.591	-0.075	0.000000	0.000000
1582081435309	1582081435309	-0.339	-1.966	-16.121	6.356	-4.356	0.044	0.000000	0.000000
1582081435330	1582081435327	-1.254	-0.256	-14.988	4.557	-3.391	0.379	0.000000	0.000000
1582081435357	1582081435357	-1.857	3.210	-12.305	2.159	-3.348	0.275	0.000000	0.000000
1582081435367	1582081435366	-2.023	5.877	-8.884	-0.692	-3.793	-0.716	0.000000	0.000000
1582081435388	1582081435388	-2.760	4.844	-5.598	-2.660	-4.138	-1.412	0.000000	0.000000
1582081435412	1582081435412	-6.519	1.316	1.495	-2.953	-4.220	-1.330	0.000000	0.000000
1582081435428	1582081435426	-12.484	0.765	5.172	-2.761	-4.569	-1.051	0.000000	0.000000
1582081435447	1582081435446	-11.068	3.215	6.075	-1.069	-6.035	0.160	0.000000	0.000000
1582081435466	1582081435465	-9.223	5.330	8.696	0.091	-5.928	0.249	0.000000	0.000000
1582081435486	1582081435486	-12.441	4.226	9.283	-1.262	-4.922	0.700	0.000000	0.000000
1582081435507	1582081435507	-14.247	4.585	9.166	-1.440	-4.720	1.173	0.000000	0.000000
1582081435530	1582081435526	-13.159	6.394	9.750	-1.679	-4.404	0.912	0.000000	0.000000
1582081435551	1582081435549	-11.423	8.370	11.791	-1.492	-4.125	1.010	0.000000	0.000000
1582081435567	1582081435566	-11.444	10.478	9.638	-1.545	-3.096	1.388	0.000000	0.000000
1582081435586	1582081435586	-10.539	9.393	9.736	-1.378	-2.769	1.574	0.000000	0.000000
1582081435606	1582081435607	-8.593	6.643	11.353	-0.554	-3.141	1.958	0.000000	0.000000
1582081435628	1582081435628	-6.955	5.850	11.791	-0.159	-2.850	2.236	0.000000	0.000000
1582081435647	1582081435647	-6.818	8.416	10.687	-0.730	-2.332	2.293	0.000000	0.000000
1582081435670	1582081435670	-6.900	7.110	9.729	-1.045	-2.023	2.317	0.000000	0.000000
1582081435687	1582081435686	-5.225	4.231	9.099	-1.525	-2.208	2.313	0.000000	0.000000
1582081435706	1582081435706	-3.534	3.460	7.333	-2.025	-2.150	2.124	0.000000	0.000000
1582081435730	1582081435729	-3.194	4.494	6.119	-1.849	-1.602	1.946	0.000000	0.000000
1582081435747	1582081435747	-2.212	2.779	6.899	-1.350	-1.325	2.215	0.000000	0.000000
1582081435772	1582081435766	-2.456	2.916	6.830	-1.287	-0.673	1.989	0.000000	0.000000
1582081435786	1582081435786	-2.063	4.006	6.370	-1.558	-0.553	1.684	0.000000	0.000000
1582081435806	1582081435806	-0.873	4.140	6.133	-2.171	-0.473	1.467	0.000000	0.000000
1582081435825	1582081435825	-1.191	2.247	5.742	-2.504	-0.128	1.591	0.000000	0.000000
1582081435851	1582081435851	-1.843	0.250	5.261	-2.383	0.111	1.445	0.000000	0.000000
1582081435870	1582081435865	-1.747	0.602	5.735	-1.972	0.156	0.929	0.000000	0.000000
1582081435893	1582081435886	-1.230	0.671	5.462	-1.893	-0.016	0.793	0.000000	0.000000
1582081435905	1582081435905	-1.625	1.593	5.158	-1.971	0.311	0.589	0.000000	0.000000
1582081435926	1582081435925	-1.898	2.307	6.406	-1.759	0.642	0.307	0.000000	0.000000
1582081435947	1582081435947	-1.814	2.710	7.175	-1.818	0.532	0.169	0.000000	0.000000
1582081435972	1582081435967	-0.978	2.247	7.017	-1.916	0.035	0.256	0.000000	0.000000
1582081435985	1582081435984	-0.918	0.389	7.395	-1.481	-0.105	0.555	0.000000	0.000000
1582081436004	1582081436004	-1.493	-0.826	7.604	-1.524	0.180	0.456	0.000000	0.000000
1582081436025	1582081436024	-2.140	-0.251	8.088	-1.735	0.602	0.159	0.000000	0.000000
1582081436045	1582081436044	-2.681	-0.505	8.526	-1.259	0.693	0.288	0.000000	0.000000
1582081436071	1582081436066	-2.928	-1.595	8.881	-0.978	0.381	0.377	0.000000	0.000000
1582081436087	1582081436086	-2.011	-1.473	8.572	-1.626	-0.028	0.320	0.000000	0.000000
1582081436105	1582081436104	-1.412	-0.380	8.682	-2.014	-0.231	0.365	0.000000	0.000000
1582081436124	1582081436124	-1.335	-0.218	8.952	-2.112	-0.118	0.536	0.000000	0.000000
1582081436149	1582081436147	-1.517	-1.099	8.545	-1.983	0.016	0.737	0.000000	0.000000
1582081436169	1582081436169	-1.941	-2.297	7.985	-1.669	0.353	0.834	0.000000	0.000000
1582081436185	1582081436185	-2.813	-2.759	8.773	-1.228	0.344	0.927	0.000000	0.000000
1582081436204	1582081436204	-2.866	-2.934	9.403	-1.548	0.190	0.931	0.000000	0.000000
1582081436223	1582081436223	-2.284	-3.665	7.484	-2.577	0.088	0.868	0.000000	0.000000
1582081436244	1582081436244	-2.169	-3.645	6.238	-2.336	0.114	0.916	0.000000	0.000000
1582081436265	1582081436265	-2.499	-3.377	7.077	-1.448	0.072	0.998	0.000000	0.000000
1582081436285	1582081436285	-1.836	-4.242	7.098	-1.679	0.056	0.901	0.000000	0.000000
1582081436303	1582081436303	-0.911	-5.416	5.659	-2.200	0.173	0.821	0.000000	0.000000
1582081436323	1582081436323	-1.189	-6.101	5.347	-1.663	0.447	1.041	0.000000	0.000000
1582081436347	1582081436346	-3.177	-6.017	5.867	-1.111	0.615	1.213	0.000000	0.000000
1582081436369	1582081436369	-3.460	-6.247	5.397	-1.444	0.463	0.995	0.000000	0.000000
1582081436384	1582081436383	-2.466	-6.415	4.791	-2.372	0.588	0.794	0.000000	0.000000
1582081436405	1582081436402	-3.893	-6.946	4.676	-2.770	1.040	0.959	0.000000	0.000000
1582081436423	1582081436422	-5.194	-7.840	4.499	-2.339	1.167	0.875	0.000000	0.000000
1582081436445	1582081436442	-5.295	-9.399	4.109	-2.016	1.135	0.744	0.000000	0.000000
1582081436464	1582081436464	-5.767	-10.142	4.348	-1.938	1.245	0.747	0.000000	0.000000
1582081436487	1582081436483	-6.069	-9.378	4.736	-1.580	1.169	0.631	0.000000	0.000000
1582081436505	1582081436505	-5.189	-8.290	4.791	-1.565	0.988	0.343	0.000000	0.000000
1582081436523	1582081436522	-4.981	-8.913	4.791	-2.030	1.175	-0.030	0.000000	0.000000
1582081436544	1582081436542	-5.652	-10.568	3.888	-2.706	1.344	-0.434	0.000000	0.000000
1582081436566	1582081436566	-6.564	-11.500	1.213	-3.346	1.377	-1.235	0.000000	0.000000
1582081436583	1582081436583	-8.052	-12.710	-3.504	-4.610	1.490	-2.186	0.000000	0.000000
1582081436604	1582081436604	-9.782	-14.974	-11.438	-8.897	1.640	-4.005	0.000000	0.000000
1582081436624	1582081436622	-15.160	-19.688	-20.141	-14.033	0.717	-5.748	0.000000	0.000000
1582081436642	1582081436642	-16.293	-27.143	-20.062	-14.341	-0.507	-4.859	0.000000	0.000000
1582081436663	1582081436661	-8.193	-18.646	-14.768	-9.600	2.601	-3.306	0.000000	0.000000
1582081436686	1582081436683	-15.905	2.791	-21.140	-7.440	6.114	-1.084	0.000000	0.000000
1582081436705	1582081436705	-16.376	-5.406	-15.939	-1.832	6.393	0.949	0.000000	0.000000
1582081436722	1582081436721	-15.624	-11.735	-1.576	2.429	5.729	3.661	0.000000	0.000000
1582081436742	1582081436741	-15.842	0.585	-0.694	2.144	4.542	5.553	0.000000	0.000000
1582081436762	1582081436761	-10.996	-9.426	1.687	4.259	2.719	5.308	0.000000	0.000000
1582081436783	1582081436783	-4.612	3.143	3.325	2.760	1.190	6.443	0.000000	0.000000
1582081436806	1582081436806	-6.275	10.184	8.200	2.572	-0.349	9.088	0.000000	0.000000
1582081436823	1582081436823	-20.583	-14.236	2.585	1.578	1.350	10.229	0.000000	0.000000
1582081436842	1582081436841	-17.922	-18.212	-2.005	-0.063	1.246	10.104	0.000000	0.000000
1582081436860	1582081436860	-14.491	-16.689	-6.372	-2.620	2.199	8.907	0.000000	0.000000
1582081436885	1582081436882	-18.698	-16.773	-11.452	-4.568	3.312	7.427	0.000000	0.000000
1582081436908	1582081436903	-17.303	-17.920	-11.867	-4.461	3.419	6.716	0.000000	0.000000
1582081436924	1582081436922	-18.449	-13.874	-15.767	-4.745	3.673	6.489	0.000000	0.000000
1582081436941	1582081436940	-17.957	-13.968	-16.754	-4.816	3.323	5.858	0.000000	0.000000
1582081436961	1582081436960	-16.000	-15.896	-14.787	-5.436	3.424	5.065	0.000000	0.000000
1582081436980	1582081436980	-16.479	-11.172	-15.908	-7.186	3.383	4.137	0.000000	0.000000
1582081437001	1582081437000	-12.378	-9.090	-15.494	-6.146	2.613	3.326	0.000000	0.000000
1582081437022	1582081437020	-13.332	-5.140	-10.236	-5.015	2.573	3.000	0.000000	0.000000
1582081437041	1582081437040	-11.264	-8.482	-9.165	-4.814	2.402	2.659	0.000000	0.000000
1582081437061	1582081437059	-10.788	-2.244	-6.963	-4.220	1.629	2.647	0.000000	0.000000
1582081437085	1582081437085	-8.955	-3.329	-4.925	-3.482	1.272	2.273	0.000000	0.000000
1582081437104	1582081437104	-10.019	0.360	-4.388	-3.691	1.257	1.550	0.000000	0.000000
1582081437121	1582081437120	-6.768	7.518	-3.643	-3.537	0.825	0.671	0.000000	0.000000
1582081437141	1582081437139	-5.798	6.315	-3.811	-2.821	0.591	0.676	0.000000	0.000000
1582081437161	1582081437159	-7.250	3.747	-3.940	-2.053	0.011	1.211	0.000000	0.000000
1582081437180	1582081437179	-4.512	4.245	-3.806	-1.487	-1.109	1.767	0.000000	0.000000
1582081437200	1582081437199	-4.720	7.379	-2.920	-1.322	-1.070	1.932	0.000000	0.000000
1582081437220	1582081437220	-5.000	5.067	-1.320	-1.419	-0.826	1.526	0.000000	0.000000
1582081437241	1582081437240	-3.678	3.129	-2.290	-1.805	-0.775	1.281	0.000000	0.000000
1582081437260	1582081437259	-5.836	3.196	-1.490	-0.888	-0.223	0.978	0.000000	0.000000
1582081437279	1582081437279	-6.337	5.436	-2.642	-1.396	-0.994	0.464	0.000000	0.000000
1582081437303	1582081437303	-6.754	6.840	-1.068	-1.448	-1.817	-0.104	0.000000	0.000000
1582081437325	1582081437325	-6.991	4.686	-1.389	-0.844	-2.229	-0.225	0.000000	0.000000
1582081437341	1582081437341	-7.259	5.105	-0.639	-0.177	-2.349	-0.388	0.000000	0.000000
1582081437362	1582081437361	-9.865	5.124	-0.519	-0.075	-2.783	-0.784	0.000000	0.000000
1582081437379	1582081437379	-11.538	3.740	-0.148	-0.003	-3.567	-1.171	0.000000	0.000000
1582081437400	1582081437398	-12.330	2.434	-0.201	0.490	-4.218	-1.584	0.000000	0.000000
1582081437422	1582081437418	-12.984	1.174	-0.553	1.410	-5.094	-1.638	0.000000	0.000000
1582081437440	1582081437440	-12.963	2.303	-1.585	1.557	-5.780	-1.172	0.000000	0.000000
1582081437460	1582081437458	-13.257	3.460	-1.377	2.117	-6.204	-0.712	0.000000	0.000000
1582081437479	1582081437478	-13.737	2.942	-1.492	2.489	-6.478	-0.700	0.000000	0.000000
1582081437498	1582081437498	-14.834	0.587	-3.547	2.740	-6.760	-0.632	0.000000	0.000000
1582081437525	1582081437519	-15.806	-2.251	-6.561	4.223	-7.626	-0.323	0.000000	0.000000
1582081437538	1582081437538	-15.890	-2.785	-8.980	6.028	-8.933	0.194	0.000000	0.000000
1582081437558	1582081437558	-14.867	-3.315	-10.770	7.811	-9.836	0.505	0.000000	0.000000
1582081437578	1582081437577	-12.431	-5.583	-12.087	9.595	-9.795	0.954	0.000000	0.000000
1582081437597	1582081437597	-10.246	-4.934	-13.472	10.317	-8.822	1.607	0.000000	0.000000
1582081437621	1582081437620	-9.279	-6.003	-12.801	11.278	-7.383	2.133	0.000000	0.000000
1582081437644	1582081437643	-6.179	-8.175	-14.689	11.044	-6.407	2.473	0.000000	0.000000
1582081437661	1582081437661	-1.781	-7.790	-15.633	10.035	-5.078	1.897	0.000000	0.000000
1582081437677	1582081437677	-0.875	-2.968	-14.828	6.978	-3.658	1.733	0.000000	0.000000
1582081437699	1582081437699	-1.989	-1.657	-11.318	4.213	-3.237	1.390	0.000000	0.000000
1582081437722	1582081437717	-2.914	-1.370	-7.725	1.323	-3.690	0.893	0.000000	0.000000
1582081437739	1582081437739	-3.865	-0.764	-5.754	-0.320	-4.388	0.246	0.000000	0.000000
1582081437758	1582081437758	-4.557	-0.737	-3.923	-0.925	-4.764	-0.045	0.000000	0.000000
1582081437782	1582081437782	-7.937	-0.898	-0.392	-1.130	-4.829	0.115	0.000000	0.000000
1582081437797	1582081437797	-10.139	3.242	2.398	-1.763	-5.496	0.024	0.000000	0.000000
1582081437818	1582081437816	-10.704	5.592	4.147	-2.642	-6.013	0.035	0.000000	0.000000
1582081437847	1582081437847	-10.769	4.423	5.165	-2.661	-5.839	0.103	0.000000	0.000000
1582081437859	1582081437858	-12.053	5.122	5.654	-2.028	-4.844	0.570	0.000000	0.000000
1582081437878	1582081437876	-14.343	6.624	6.967	-1.498	-4.485	0.883	0.000000	0.000000
1582081437896	1582081437896	-13.241	5.484	11.300	-0.429	-4.822	1.220	0.000000	0.000000
1582081437916	1582081437916	-11.303	10.476	12.105	-0.271	-4.418	1.432	0.000000	0.000000
1582081437938	1582081437938	-13.892	10.018	10.435	-0.040	-3.328	1.976	0.000000	0.000000
1582081437956	1582081437956	-10.330	6.844	10.629	-0.126	-3.316	2.232	0.000000	0.000000
1582081437982	1582081437982	-7.494	6.952	10.756	-0.066	-3.057	2.400	0.000000	0.000000
1582081437997	1582081437996	-6.646	6.229	10.648	-0.267	-2.662	2.346	0.000000	0.000000
1582081438016	1582081438016	-4.895	6.583	9.582	-0.310	-2.406	2.156	0.000000	0.000000
1582081438040	1582081438038	-4.859	6.921	7.551	-0.840	-1.855	2.197	0.000000	0.000000
1582081438059	1582081438059	-5.970	5.580	6.358	-1.210	-1.276	2.363	0.000000	0.000000
1582081438076	1582081438075	-6.588	5.776	7.038	-1.055	-1.174	2.292	0.000000	0.000000
1582081438096	1582081438096	-4.971	6.852	6.799	-0.992	-1.204	1.824	0.000000	0.000000
1582081438115	1582081438116	-3.575	7.046	7.084	-0.849	-1.196	1.590	0.000000	0.000000
1582081438136	1582081438136	-3.259	6.502	7.726	-1.128	-1.095	1.626	0.000000	0.000000
1582081438157	1582081438155	-2.502	6.214	5.723	-2.004	-1.075	1.711	0.000000	0.000000
1582081438177	1582081438177	-2.487	4.118	4.830	-2.416	-0.823	1.993	0.000000	0.000000
1582081438197	1582081438196	-3.450	2.734	6.059	-2.223	-0.453	1.959	0.000000	0.000000
1582081438216	1582081438215	-2.684	3.285	6.130	-2.703	-0.395	1.541	0.000000	0.000000
1582081438234	1582081438234	-1.670	3.884	5.168	-3.137	-0.422	1.117	0.000000	0.000000
1582081438259	1582081438259	-1.299	3.388	5.479	-2.708	-0.043	0.993	0.000000	0.000000
1582081438277	1582081438275	-1.649	2.547	6.090	-2.098	0.222	1.116	0.000000	0.000000
1582081438295	1582081438294	-1.967	1.838	6.126	-1.673	0.176	1.170	0.000000	0.000000
1582081438314	1582081438314	-1.687	2.305	5.920	-1.841	0.105	0.787	0.000000	0.000000
1582081438335	1582081438335	-1.189	2.954	6.027	-2.581	-0.108	0.437	0.000000	0.000000
1582081438362	1582081438362	-0.660	1.835	6.617	-2.578	-0.207	0.459	0.000000	0.000000
1582081438376	1582081438376	-0.501	-0.174	6.727	-2.044	0.012	0.486	0.000000	0.000000
1582081438396	1582081438394	-0.525	-0.733	6.308	-2.183	0.415	0.418	0.000000	0.000000
1582081438414	1582081438414	-0.576	-0.927	7.398	-1.969	0.703	0.611	0.000000	0.000000
1582081438434	1582081438434	-1.781	-1.379	8.514	-1.411	0.934	0.787	0.000000	0.000000
1582081438458	1582081438458	-2.145	-0.141	8.931	-1.630	0.919	0.559	0.000000	0.000000
1582081438475	1582081438475	-2.542	-0.081	9.072	-2.037	0.668	0.486	0.000000	0.000000
1582081438494	1582081438494	-2.722	-1.312	8.195	-2.492	0.469	0.475	0.000000	0.000000
1582081438516	1582081438513	-2.554	-1.652	7.522	-2.559	0.052	0.460	0.000000	0.000000
1582081438534	1582081438534	-1.761	-2.170	7.994	-2.213	-0.288	0.633	0.000000	0.000000
1582081438554	1582081438553	-0.628	-3.533	8.809	-1.699	0.090	0.770	0.000000	0.000000
1582081438577	1582081438574	-1.802	-4.290	8.552	-1.308	0.842	0.954	0.000000	0.000000
1582081438595	1582081438595	-3.441	-3.363	8.519	-1.316	1.130	1.019	0.000000	0.000000
1582081438614	1582081438613	-3.862	-2.558	8.325	-1.188	0.829	1.065	0.000000	0.000000
1582081438633	1582081438633	-3.338	-1.710	8.310	-1.048	0.439	0.929	0.000000	0.000000
1582081438654	1582081438653	-2.928	-1.681	8.619	-0.812	0.158	0.906	0.000000	0.000000
1582081438675	1582081438675	-2.693	-2.982	8.380	-0.917	0.066	1.049	0.000000	0.000000
1582081438693	1582081438694	-2.698	-4.359	7.997	-1.291	0.234	1.145	0.000000	0.000000
1582081438715	1582081438712	-3.084	-4.316	7.604	-1.428	0.423	1.109	0.000000	0.000000
1582081438734	1582081438732	-3.568	-4.553	7.362	-1.357	0.495	1.047	0.000000	0.000000
1582081438754	1582081438752	-3.865	-5.095	6.938	-1.461	0.488	1.014	0.000000	0.000000
1582081438776	1582081438776	-4.104	-5.205	6.226	-1.958	0.418	0.904	0.000000	0.000000
1582081438800	1582081438800	-3.913	-5.488	5.666	-2.202	0.415	0.742	0.000000	0.000000
1582081438814	1582081438812	-4.291	-6.525	4.832	-2.363	0.421	0.701	0.000000	0.000000
1582081438831	1582081438831	-4.286	-7.735	4.463	-2.380	0.439	0.510	0.000000	0.000000
1582081438853	1582081438852	-4.179	-9.028	4.463	-1.995	0.436	0.376	0.000000	0.000000
1582081438870	1582081438870	-4.380	-10.137	4.655	-1.652	0.668	0.197	0.000000	0.000000
1582081438893	1582081438893	-5.230	-10.437	4.921	-2.068	0.885	-0.285	0.000000	0.000000
1582081438912	1582081438912	-4.969	-10.700	4.657	-2.751	0.803	-0.926	0.000000	0.000000
1582081438933	1582081438931	-4.547	-11.637	2.645	-3.381	0.695	-1.503	0.000000	0.000000
1582081438951	1582081438951	-5.393	-12.126	-0.337	-4.769	1.029	-2.498	0.000000	0.000000
1582081438971	1582081438971	-7.285	-13.407	-4.391	-7.856	1.560	-3.784	0.000000	0.000000
1582081439001	1582081438995	-11.099	-16.423	-11.218	-12.075	1.537	-5.192	0.000000	0.000000
1582081439014	1582081439013	-13.816	-24.997	-15.319	-14.634	0.716	-4.993	0.000000	0.000000
1582081439031	1582081439031	-5.858	-31.012	-12.243	-11.597	1.351	-3.745	0.000000	0.000000
1582081439051	1582081439051	-5.084	-16.241	-14.432	-6.518	4.193	-2.483	0.000000	0.000000
1582081439073	1582081439071	-14.894	1.802	-18.847	-4.066	6.148	-0.736	0.000000	0.000000
1582081439093	1582081439093	-11.485	3.117	-14.071	-2.080	5.976	0.271	0.000000	0.000000
1582081439111	1582081439111	-14.132	6.844	-5.883	2.453	6.298	2.893	0.000000	0.000000
1582081439133	1582081439131	-13.892	-8.171	-0.383	3.886	5.261	4.367	0.000000	0.000000
1582081439150	1582081439150	-11.310	1.165	-0.752	3.428	2.953	6.094	0.000000	0.000000
1582081439170	1582081439170	-5.903	11.300	6.358	3.428	1.257	6.769	0.000000	0.000000
1582081439193	1582081439193	-14.589	2.173	7.879	1.877	0.928	8.598	0.000000	0.000000
1582081439225	1582081439214	-23.755	-16.569	4.619	1.795	1.115	10.268	0.000000	0.000000
1582081439230	1582081439230	-15.706	-21.537	-3.598	-1.564	2.234	9.227	0.000000	0.000000
1582081439251	1582081439251	-16.214	-18.426	-10.597	-3.715	3.399	8.233	0.000000	0.000000
1582081439271	1582081439270	-14.494	-18.438	-9.979	-3.644	3.653	7.289	0.000000	0.000000
1582081439291	1582081439290	-16.851	-15.831	-10.533	-4.389	4.580	6.559	0.000000	0.000000
1582081439316	1582081439316	-18.013	-15.793	-12.401	-5.726	4.942	5.668	0.000000	0.000000
1582081439333	1582081439332	-17.181	-12.164	-13.917	-6.052	4.608	5.043	0.000000	0.000000
1582081439367	1582081439367	-19.687	-6.721	-11.977	-5.898	4.056	4.429	0.000000	0.000000
1582081439372	1582081439370	-18.389	-10.542	-13.532	-5.304	3.149	4.085	0.000000	0.000000
1582081439390	1582081439390	-16.161	-7.093	-11.381	-5.433	2.311	4.252	0.000000	0.000000
1582081439414	1582081439414	-16.053	-5.818	-11.735	-4.922	2.826	3.590	0.000000	0.000000
1582081439429	1582081439430	-13.653	-8.003	-11.546	-4.339	2.007	2.966	0.000000	0.000000
1582081439450	1582081439450	-11.619	-6.635	-9.639	-4.415	2.035	2.536	0.000000	0.000000
1582081439470	1582081439469	-10.601	-1.327	-9.570	-3.458	1.654	2.386	0.000000	0.000000
1582081439489	1582081439489	-11.363	-4.616	-6.719	-3.317	1.169	1.757	0.000000	0.000000
1582081439510	1582081439508	-6.586	3.404	-6.836	-3.556	0.741	1.669	0.000000	0.000000
1582081439533	1582081439532	-7.743	0.777	-7.121	-1.870	0.838	1.247	0.000000	0.000000
1582081439551	1582081439550	-5.779	1.385	-5.229	-1.056	0.011	1.195	0.000000	0.000000
1582081439569	1582081439569	-3.980	2.945	-4.199	-1.114	-0.283	1.434	0.000000	0.000000
1582081439590	1582081439588	-8.428	4.993	-3.372	-1.710	0.242	1.414	0.000000	0.000000
1582081439613	1582081439613	-8.361	4.981	-4.048	-1.262	-0.807	1.194	0.000000	0.000000
1582081439629	1582081439629	-5.975	5.033	-5.092	-0.984	-1.876	0.801	0.000000	0.000000
1582081439649	1582081439649	-4.833	6.071	-5.389	-0.931	-1.948	0.343	0.000000	0.000000
1582081439671	1582081439668	-8.313	6.016	-4.707	-0.857	-1.398	0.179	0.000000	0.000000
1582081439688	1582081439688	-11.269	4.648	-3.502	-0.466	-2.142	-0.271	0.000000	0.000000
1582081439708	1582081439708	-8.519	2.449	-3.212	-0.841	-3.370	-0.597	0.000000	0.000000
1582081439734	1582081439732	-10.941	2.846	-3.284	-1.299	-4.069	-0.221	0.000000	0.000000
1582081439751	1582081439751	-12.136	7.156	-1.317	-1.326	-4.700	0.079	0.000000	0.000000
1582081439768	1582081439768	-8.682	8.263	-0.970	-1.069	-4.600	-0.294	0.000000	0.000000
1582081439788	1582081439788	-11.001	2.825	-1.427	-0.775	-3.845	-0.443	0.000000	0.000000
1582081439808	1582081439808	-13.334	-0.170	-2.072	-0.339	-3.976	0.233	0.000000	0.000000
1582081439829	1582081439829	-13.466	0.527	-2.493	0.442	-5.119	0.656	0.000000	0.000000
1582081439848	1582081439848	-13.025	0.640	-2.893	1.542	-6.182	0.724	0.000000	0.000000
1582081439872	1582081439872	-13.212	-1.743	-2.860	2.550	-6.970	0.897	0.000000	0.000000
1582081439888	1582081439887	-13.509	-3.689	-3.487	4.103	-7.613	1.182	0.000000	0.000000
1582081439907	1582081439907	-12.599	-5.277	-5.363	6.474	-8.513	1.531	0.000000	0.000000
1582081439930	1582081439927	-10.879	-5.430	-8.336	7.990	-9.099	2.034	0.000000	0.000000
1582081439956	1582081439956	-8.222	-5.143	-11.005	9.025	-9.062	2.353	0.000000	0.000000
1582081439969	1582081439968	-5.592	-4.050	-11.539	8.959	-8.236	2.322	0.000000	0.000000
1582081439987	1582081439987	-4.667	-4.992	-11.057	8.649	-7.034	2.045	0.000000	0.000000
1582081440009	1582081440007	-3.874	-7.972	-11.996	8.568	-6.126	1.714	0.000000	0.000000
1582081440039	1582081440039	-2.274	-7.378	-14.691	7.921	-5.454	1.585	0.000000	0.000000
1582081440047	1582081440047	-0.614	-4.731	-15.657	6.949	-4.453	1.613	0.000000	0.000000
1582081440069	1582081440067	-0.834	-2.227	-14.629	4.462	-3.647	1.788	0.000000	0.000000
1582081440087	1582081440087	-1.841	-0.174	-11.642	1.763	-3.747	1.190	0.000000	0.000000
1582081440107	1582081440107	-3.295	1.356	-8.690	-0.770	-4.346	0.315	0.000000	0.000000
1582081440128	1582081440126	-3.692	1.900	-7.014	-2.893	-5.034	-0.417	0.000000	0.000000
1582081440155	1582081440148	-4.595	1.440	-1.940	-3.925	-5.078	-0.580	0.000000	0.000000
1582081440174	1582081440169	-14.185	0.463	3.510	-3.502	-5.006	0.095	0.000000	0.000000
1582081440187	1582081440186	-10.376	4.655	4.001	-2.594	-5.617	0.292	0.000000	0.000000
1582081440206	1582081440206	-10.905	5.637	6.408	-0.235	-6.035	0.626	0.000000	0.000000
1582081440226	1582081440226	-11.985	4.317	7.676	-0.314	-5.027	0.947	0.000000	0.000000
1582081440246	1582081440246	-13.907	7.230	7.417	-0.488	-4.737	1.141	0.000000	0.000000
1582081440267	1582081440266	-13.178	8.564	9.932	-0.434	-4.915	1.299	0.000000	0.000000
1582081440292	1582081440292	-11.818	12.984	10.945	-0.577	-4.638	1.615	0.000000	0.000000
1582081440306	1582081440305	-11.899	11.595	8.569	-1.137	-3.211	1.884	0.000000	0.000000
1582081440325	1582081440325	-9.695	9.178	9.697	-1.140	-2.589	1.993	0.000000	0.000000
1582081440349	1582081440349	-8.325	8.835	10.929	-0.230	-2.734	2.435	0.000000	0.000000
1582081440376	1582081440372	-7.700	8.203	10.941	-0.893	-2.454	2.669	0.000000	0.000000
1582081440387	1582081440385	-7.556	6.732	8.809	-2.051	-2.190	2.663	0.000000	0.000000
1582081440405	1582081440404	-6.476	6.351	7.117	-2.555	-1.615	2.287	0.000000	0.000000
1582081440425	1582081440425	-6.869	5.283	5.388	-2.424	-1.438	2.168	0.000000	0.000000
1582081440445	1582081440445	-6.052	5.000	4.463	-1.873	-1.465	1.848	0.000000	0.000000
1582081440465	1582081440465	-4.689	5.632	4.978	-1.582	-1.407	1.568	0.000000	0.000000
1582081440489	1582081440485	-2.923	5.862	4.801	-1.700	-1.439	1.528	0.000000	0.000000
1582081440513	1582081440506	-2.456	5.170	5.783	-1.809	-0.905	1.477	0.000000	0.000000
1582081440525	1582081440524	-2.966	4.344	6.890	-2.238	-0.249	1.527	0.000000	0.000000
1582081440545	1582081440544	-3.790	3.963	6.904	-2.694	0.128	1.335	0.000000	0.000000
1582081440569	1582081440569	-3.144	4.049	6.533	-2.671	-0.280	1.059	0.000000	0.000000
1582081440584	1582081440585	-1.690	3.431	6.483	-2.359	-0.642	0.887	0.000000	0.000000
1582081440604	1582081440604	-1.314	2.727	6.020	-2.324	-0.483	0.954	0.000000	0.000000
1582081440624	1582081440624	-2.281	2.691	5.790	-2.342	-0.089	0.976	0.000000	0.000000
1582081440645	1582081440645	-2.986	3.031	6.087	-2.325	0.041	0.785	0.000000	0.000000
1582081440666	1582081440666	-2.171	3.095	5.867	-2.680	-0.172	0.537	0.000000	0.000000
1582081440688	1582081440684	-1.251	2.650	5.999	-2.901	-0.204	0.488	0.000000	0.000000
1582081440706	1582081440706	-1.714	0.774	6.308	-2.511	-0.171	0.772	0.000000	0.000000
1582081440724	1582081440724	-1.754	-1.037	7.036	-2.165	-0.207	0.775	0.000000	0.000000
1582081440744	1582081440744	-1.539	-1.688	7.527	-1.699	-0.190	0.642	0.000000	0.000000
1582081440768	1582081440768	-1.491	-1.796	7.848	-1.628	0.069	0.521	0.000000	0.000000
1582081440784	1582081440784	-1.735	-1.643	8.207	-1.736	0.337	0.426	0.000000	0.000000
1582081440805	1582081440804	-2.188	-1.616	7.652	-1.743	0.511	0.401	0.000000	0.000000
1582081440828	1582081440823	-1.970	-0.848	7.872	-1.647	0.430	0.306	0.000000	0.000000
1582081440843	1582081440843	-2.454	-1.248	8.562	-1.468	0.235	0.487	0.000000	0.000000
1582081440865	1582081440863	-2.061	-2.405	8.387	-1.972	0.183	0.605	0.000000	0.000000
1582081440890	1582081440884	-2.380	-3.418	7.343	-2.294	0.173	0.640	0.000000	0.000000
1582081440903	1582081440902	-1.714	-3.245	7.338	-2.007	0.100	0.513	0.000000	0.000000
1582081440922	1582081440922	-0.861	-2.551	8.981	-0.908	0.147	0.662	0.000000	0.000000
1582081440944	1582081440943	-1.635	-2.764	8.804	-1.415	0.527	0.860	0.000000	0.000000
1582081440964	1582081440963	-3.026	-2.877	7.620	-2.172	0.655	0.836	0.000000	0.000000
1582081440984	1582081440984	-3.429	-2.673	7.589	-2.133	0.348	0.711	0.000000	0.000000
1582081441004	1582081441003	-2.976	-3.152	8.236	-2.209	-0.185	0.691	0.000000	0.000000
1582081441026	1582081441026	-1.560	-4.283	7.776	-2.057	-0.371	0.826	0.000000	0.000000
1582081441043	1582081441042	-1.100	-5.416	6.243	-1.781	0.050	1.040	0.000000	0.000000
1582081441063	1582081441062	-2.875	-4.843	5.527	-1.689	0.635	1.123	0.000000	0.000000
1582081441084	1582081441084	-4.332	-4.874	5.503	-1.344	0.671	1.149	0.000000	0.000000
1582081441108	1582081441102	-4.689	-5.622	5.203	-1.741	0.447	0.945	0.000000	0.000000
1582081441124	1582081441124	-4.557	-6.549	4.674	-2.410	0.116	0.740	0.000000	0.000000
1582081441144	1582081441142	-3.350	-7.533	4.542	-2.246	0.006	0.651	0.000000	0.000000
1582081441162	1582081441162	-3.053	-9.311	3.917	-1.864	0.532	0.773	0.000000	0.000000
1582081441183	1582081441181	-4.741	-9.639	3.598	-1.683	1.158	0.836	0.000000	0.000000
1582081441206	1582081441206	-5.702	-8.702	4.205	-1.232	1.246	0.696	0.000000	0.000000
1582081441223	1582081441222	-5.915	-9.174	5.223	-1.037	1.083	0.353	0.000000	0.000000
1582081441243	1582081441242	-5.635	-9.141	4.583	-1.650	0.772	-0.145	0.000000	0.000000
1582081441263	1582081441261	-5.216	-9.754	2.664	-2.154	0.552	-0.381	0.000000	0.000000
1582081441283	1582081441281	-6.394	-10.554	0.511	-3.209	1.081	-0.793	0.000000	0.000000
1582081441309	1582081441307	-8.323	-11.402	-2.117	-6.170	1.981	-1.926	0.000000	0.000000
1582081441324	1582081441324	-10.416	-13.184	-10.018	-11.253	2.107	-3.486	0.000000	0.000000
1582081441341	1582081441341	-13.394	-20.610	-19.602	-13.546	1.310	-4.014	0.000000	0.000000
1582081441366	1582081441366	-13.634	-25.737	-17.487	-11.166	1.107	-3.246	0.000000	0.000000
1582081441380	1582081441380	-10.215	-11.222	-23.904	-7.346	3.552	-1.538	0.000000	0.000000
1582081441401	1582081441400	-18.190	3.179	-23.238	-4.591	6.565	-0.634	0.000000	0.000000
1582081441420	1582081441420	-21.194	-12.569	-9.800	-0.425	7.541	0.145	0.000000	0.000000
1582081441443	1582081441442	-19.438	-16.097	-0.110	2.159	6.483	3.105	0.000000	0.000000
1582081441460	1582081441460	-17.981	-1.216	-0.095	1.891	5.051	4.658	0.000000	0.000000
1582081441481	1582081441481	-11.056	-0.759	0.132	2.805	2.868	5.227	0.000000	0.000000
1582081441505	1582081441502	-4.667	9.599	6.720	1.545	0.418	6.243	0.000000	0.000000
1582081441525	1582081441525	-6.984	1.637	7.668	1.418	-0.553	8.622	0.000000	0.000000
1582081441540	1582081441540	-22.576	-19.480	0.995	1.754	1.256	10.421	0.000000	0.000000
1582081441561	1582081441560	-13.207	-22.462	-7.179	-1.596	2.000	8.620	0.000000	0.000000
1582081441580	1582081441580	-15.258	-18.524	-10.662	-3.450	3.509	7.615	0.000000	0.000000
1582081441601	1582081441600	-15.866	-16.854	-11.589	-4.382	4.214	6.476	0.000000	0.000000
1582081441622	1582081441622	-17.668	-16.485	-10.794	-4.687	4.616	5.878	0.000000	0.000000
1582081441647	1582081441641	-16.472	-9.050	-11.184	-4.587	4.462	5.791	0.000000	0.000000
1582081441660	1582081441660	-20.655	-9.847	-10.149	-4.054	4.321	4.959	0.000000	0.000000
1582081441680	1582081441680	-17.581	-7.339	-9.685	-4.579	3.415	4.683	0.000000	0.000000
1582081441700	1582081441699	-17.421	-6.098	-10.669	-5.127	3.309	4.071	0.000000	0.000000
1582081441725	1582081441719	-17.184	-8.468	-11.994	-5.877	3.009	3.092	0.000000	0.000000
1582081441739	1582081441738	-13.701	-6.652	-11.591	-5.114	2.068	2.745	0.000000	0.000000
1582081441760	1582081441759	-10.733	-7.962	-7.404	-4.113	1.716	2.448	0.000000	0.000000
1582081441780	1582081441779	-10.922	-1.535	-8.036	-4.117	1.701	2.190	0.000000	0.000000
1582081441798	1582081441797	-8.452	-1.367	-8.101	-4.017	1.255	1.433	0.000000	0.000000
1582081441818	1582081441817	-6.356	-2.601	-8.906	-3.865	1.054	1.135	0.000000	0.000000
1582081441844	1582081441842	-6.399	1.287	-6.554	-2.997	0.722	1.605	0.000000	0.000000
1582081441864	1582081441863	-6.093	6.346	-5.916	-2.064	0.273	1.691	0.000000	0.000000
1582081441880	1582081441878	-5.419	3.270	-3.626	-1.440	0.016	1.322	0.000000	0.000000
1582081441898	1582081441898	-6.842	3.244	-4.307	-2.426	0.027	1.016	0.000000	0.000000
1582081441922	1582081441918	-5.966	5.266	-3.514	-1.095	-0.809	0.911	0.000000	0.000000
1582081441938	1582081441937	-4.952	4.461	-3.186	-0.347	-1.127	0.534	0.000000	0.000000
1582081441959	1582081441958	-6.747	1.340	-2.527	-0.379	-1.261	0.192	0.000000	0.000000
1582081441978	1582081441978	-7.290	3.668	-2.294	-0.348	-1.471	0.194	0.000000	0.000000
1582081441998	1582081441998	-9.200	6.765	-1.861	-0.452	-1.899	-0.081	0.000000	0.000000
1582081442025	1582081442025	-8.107	3.402	-2.438	-1.104	-2.595	-0.574	0.000000	0.000000
1582081442043	1582081442042	-8.823	3.951	-3.337	-1.503	-2.612	-0.287	0.000000	0.000000
1582081442060	1582081442060	-12.124	7.216	-4.163	-0.531	-3.300	-0.145	0.000000	0.000000
1582081442078	1582081442078	-8.411	9.032	-3.413	-0.164	-4.463	-0.449	0.000000	0.000000
1582081442098	1582081442098	-8.555	7.352	-2.654	-0.563	-4.088	-0.614	0.000000	0.000000
1582081442118	1582081442117	-11.394	4.789	-2.627	-0.864	-3.719	-0.089	0.000000	0.000000
1582081442140	1582081442141	-12.601	3.929	-1.514	-0.147	-4.255	0.403	0.000000	0.000000
1582081442158	1582081442158	-13.734	3.999	-0.979	0.321	-4.663	0.624	0.000000	0.000000
1582081442181	1582081442181	-15.986	2.152	-1.997	0.533	-5.206	0.666	0.000000	0.000000
1582081442198	1582081442197	-16.446	-1.763	-4.362	1.854	-6.412	0.555	0.000000	0.000000
1582081442217	1582081442217	-15.212	-3.269	-6.360	3.271	-8.053	0.875	0.000000	0.000000
1582081442239	1582081442239	-13.713	-3.188	-8.025	4.934	-9.545	1.219	0.000000	0.000000
1582081442268	1582081442260	-12.029	-6.146	-10.212	7.498	-10.710	1.467	0.000000	0.000000
1582081442283	1582081442278	-8.680	-7.502	-12.983	9.450	-11.253	1.940	0.000000	0.000000
1582081442298	1582081442297	-6.344	-3.408	-12.935	9.407	-10.857	1.763	0.000000	0.000000
1582081442317	1582081442317	-4.698	-2.184	-10.209	8.771	-9.658	0.775	0.000000	0.000000
1582081442342	1582081442338	-3.630	-7.871	-8.786	8.822	-7.859	0.236	0.000000	0.000000
1582081442357	1582081442357	-3.366	-10.259	-13.359	8.430	-5.807	0.518	0.000000	0.000000
1582081442384	1582081442384	-2.554	-6.563	-17.592	7.933	-4.104	0.837	0.000000	0.000000
1582081442397	1582081442396	-2.775	-0.519	-15.733	4.935	-4.010	1.221	0.000000	0.000000
1582081442417	1582081442416	-1.685	2.674	-12.188	2.037	-4.662	0.882	0.000000	0.000000
1582081442438	1582081442438	-3.218	3.225	-7.828	-0.620	-5.125	0.068	0.000000	0.000000
1582081442460	1582081442460	-5.973	0.247	-2.649	-1.528	-5.620	-0.457	0.000000	0.000000
1582081442478	1582081442478	-9.806	-0.064	2.343	-2.451	-6.155	-0.464	0.000000	0.000000
1582081442497	1582081442496	-11.995	2.566	6.854	-2.510	-6.421	-0.053	0.000000	0.000000
1582081442516	1582081442516	-8.344	5.410	9.065	-1.807	-5.750	0.562	0.000000	0.000000
1582081442536	1582081442536	-12.045	9.285	8.418	-2.772	-4.357	0.960	0.000000	0.000000
1582081442555	1582081442555	-15.445	5.553	5.881	-2.958	-4.202	1.639	0.000000	0.000000
1582081442578	1582081442576	-14.117	5.702	5.678	-2.746	-4.423	1.457	0.000000	0.000000
1582081442596	1582081442596	-13.744	6.083	9.786	-1.491	-4.127	1.458	0.000000	0.000000
1582081442616	1582081442615	-10.390	8.488	12.670	0.045	-4.285	1.702	0.000000	0.000000
1582081442635	1582081442635	-10.117	10.014	9.915	0.488	-2.939	1.821	0.000000	0.000000
1582081442656	1582081442656	-10.019	7.240	11.494	-0.218	-2.707	1.752	0.000000	0.000000
1582081442687	1582081442685	-6.478	6.392	12.239	-0.259	-2.817	1.928	0.000000	0.000000
1582081442695	1582081442695	-6.191	5.256	9.705	-0.836	-2.057	2.236	0.000000	0.000000
1582081442715	1582081442715	-6.768	6.801	7.613	-1.733	-1.615	2.184	0.000000	0.000000
1582081442735	1582081442735	-6.540	7.700	7.067	-2.394	-1.967	1.889	0.000000	0.000000
1582081442759	1582081442759	-5.276	6.104	6.686	-2.687	-2.077	1.728	0.000000	0.000000
1582081442777	1582081442775	-3.786	3.572	6.720	-2.179	-1.636	1.618	0.000000	0.000000
1582081442797	1582081442796	-3.002	4.367	6.243	-1.830	-1.145	1.479	0.000000	0.000000
1582081442814	1582081442814	-2.557	6.440	6.473	-1.520	-1.000	1.273	0.000000	0.000000
1582081442834	1582081442834	-2.054	5.606	6.816	-1.017	-1.303	1.352	0.000000	0.000000
1582081442855	1582081442854	-1.062	3.177	7.079	-1.081	-1.311	1.543	0.000000	0.000000
1582081442880	1582081442880	-0.616	2.489	6.729	-1.718	-0.815	1.407	0.000000	0.000000
1582081442895	1582081442895	-0.640	3.627	6.883	-1.824	-0.245	1.000	0.000000	0.000000
1582081442915	1582081442914	-0.707	3.503	7.115	-1.743	0.043	1.123	0.000000	0.000000
1582081442935	1582081442934	-1.778	2.362	7.673	-1.675	0.378	1.248	0.000000	0.000000
1582081442954	1582081442954	-2.533	1.378	7.965	-1.750	0.395	1.164	0.000000	0.000000
1582081442974	1582081442974	-2.461	1.179	7.371	-1.935	0.280	0.873	0.000000	0.000000
1582081442998	1582081442994	-2.391	2.037	6.955	-1.792	0.091	0.666	0.000000	0.000000
1582081443018	1582081443014	-2.166	3.179	7.041	-1.652	-0.100	0.549	0.000000	0.000000
1582081443035	1582081443033	-2.068	3.551	7.400	-1.763	-0.198	0.480	0.000000	0.000000
1582081443055	1582081443053	-1.718	2.739	7.376	-2.032	-0.419	0.578	0.000000	0.000000
1582081443079	1582081443074	-1.318	1.258	7.125	-2.360	-0.601	0.701	0.000000	0.000000
1582081443114	1582081443114	-0.025	-0.177	6.928	-2.497	-0.477	0.567	0.000000	0.000000
1582081443128	1582081443128	0.076	-0.941	6.990	-2.360	-0.197	0.575	0.000000	0.000000
1582081443133	1582081443133	-0.458	-1.240	6.617	-2.082	0.068	0.656	0.000000	0.000000
1582081443154	1582081443153	-0.758	-1.018	7.436	-1.666	0.360	0.713	0.000000	0.000000
1582081443178	1582081443173	-1.469	-1.367	8.059	-1.538	0.528	0.772	0.000000	0.000000
1582081443196	1582081443196	-1.946	-2.258	8.274	-1.815	0.400	0.716	0.000000	0.000000
1582081443215	1582081443214	-2.070	-2.491	8.145	-2.475	0.187	0.640	0.000000	0.000000
1582081443234	1582081443233	-1.443	-2.800	7.848	-2.777	0.023	0.658	0.000000	0.000000
1582081443253	1582081443252	-0.748	-2.505	7.757	-2.137	0.088	0.801	0.000000	0.000000
1582081443274	1582081443273	-1.388	-2.527	7.609	-1.648	0.390	1.004	0.000000	0.000000
1582081443294	1582081443294	-2.272	-2.903	8.042	-1.626	0.310	1.082	0.000000	0.000000
1582081443314	1582081443313	-2.207	-4.127	7.764	-2.027	0.204	1.021	0.000000	0.000000
1582081443337	1582081443336	-1.927	-4.649	7.024	-2.261	0.257	1.037	0.000000	0.000000
1582081443352	1582081443352	-2.003	-4.798	6.677	-1.831	0.278	1.220	0.000000	0.000000
1582081443378	1582081443377	-2.633	-4.156	6.375	-1.627	0.340	1.265	0.000000	0.000000
1582081443392	1582081443392	-2.586	-5.102	6.121	-1.592	0.166	1.309	0.000000	0.000000
1582081443419	1582081443419	-2.236	-5.689	5.829	-1.454	0.100	1.272	0.000000	0.000000
1582081443434	1582081443433	-2.061	-5.298	6.150	-1.565	0.215	1.273	0.000000	0.000000
1582081443452	1582081443452	-2.593	-6.149	6.068	-1.884	0.528	1.293	0.000000	0.000000
1582081443472	1582081443471	-3.946	-6.685	4.703	-2.515	0.679	1.093	0.000000	0.000000
1582081443495	1582081443494	-4.116	-5.785	3.783	-2.723	0.359	0.875	0.000000	0.000000
