1582081592853	1582081592851	-3.822	4.849	6.284	-2.887	-1.583	1.751	0.000000	0.000000
1582081592876	1582081592869	-3.062	3.958	4.782	-2.013	-1.255	1.664	0.000000	0.000000
1582081592890	1582081592888	-3.546	4.214	5.754	-0.987	-0.522	1.673	0.000000	0.000000
1582081592910	1582081592909	-4.404	4.746	6.667	-1.276	-0.049	1.571	0.000000	0.000000
1582081592930	1582081592928	-3.793	4.962	5.524	-2.088	-0.022	1.276	0.000000	0.000000
1582081592953	1582081592952	-2.792	4.241	4.564	-2.003	-0.517	1.440	0.000000	0.000000
1582081592969	1582081592968	-2.035	2.679	4.262	-1.504	-0.530	1.412	0.000000	0.000000
1582081592989	1582081592988	-1.766	2.312	5.091	-1.664	-0.063	1.183	0.000000	0.000000
1582081593009	1582081593008	-2.368	2.207	6.056	-1.991	0.308	1.138	0.000000	0.000000
1582081593029	1582081593028	-3.374	3.404	5.642	-2.523	0.516	0.852	0.000000	0.000000
1582081593049	1582081593048	-3.333	4.736	5.304	-2.781	0.482	0.352	0.000000	0.000000
1582081593070	1582081593070	-1.721	4.499	5.869	-2.646	-0.056	0.122	0.000000	0.000000
1582081593089	1582081593088	-0.310	2.015	6.852	-2.562	-0.194	0.394	0.000000	0.000000
1582081593109	1582081593108	-1.115	-1.957	7.022	-2.848	0.152	0.633	0.000000	0.000000
1582081593129	1582081593128	-0.442	-1.882	6.725	-2.741	0.230	0.435	0.000000	0.000000
1582081593150	1582081593149	-0.501	-1.221	7.695	-1.810	0.717	0.676	0.000000	0.000000
1582081593169	1582081593168	-3.628	-1.351	9.551	-1.968	1.359	0.749	0.000000	0.000000
1582081593188	1582081593187	-4.662	-0.184	9.087	-2.070	0.747	0.640	0.000000	0.000000
1582081593209	1582081593207	-2.689	-0.512	8.663	-1.319	-0.089	0.569	0.000000	0.000000
1582081593231	1582081593229	-2.641	-1.820	8.878	-0.904	-0.454	0.595	0.000000	0.000000
1582081593248	1582081593247	-1.975	-1.799	8.248	-1.721	-0.391	0.553	0.000000	0.000000
1582081593268	1582081593267	-1.098	-1.981	7.846	-2.482	-0.186	0.491	0.000000	0.000000
1582081593288	1582081593287	-1.567	-2.927	7.920	-2.388	0.195	0.750	0.000000	0.000000
1582081593308	1582081593307	-2.878	-3.080	8.881	-2.029	0.478	0.865	0.000000	0.000000
1582081593328	1582081593327	-3.211	-3.703	8.068	-1.974	0.361	0.817	0.000000	0.000000
1582081593353	1582081593352	-2.662	-3.947	7.182	-1.880	0.201	0.730	0.000000	0.000000
1582081593369	1582081593368	-2.921	-3.851	7.065	-1.802	0.226	0.749	0.000000	0.000000
1582081593388	1582081593387	-2.542	-3.926	6.420	-1.830	0.105	0.718	0.000000	0.000000
1582081593408	1582081593407	-1.783	-4.628	6.641	-1.675	-0.067	0.720	0.000000	0.000000
1582081593428	1582081593426	-2.164	-5.217	7.036	-1.576	-0.021	0.753	0.000000	0.000000
1582081593447	1582081593446	-2.312	-4.824	6.248	-1.843	0.118	0.775	0.000000	0.000000
1582081593469	1582081593466	-2.365	-4.120	5.965	-1.623	0.219	0.920	0.000000	0.000000
1582081593493	1582081593486	-3.441	-4.980	6.111	-1.539	0.432	0.965	0.000000	0.000000
1582081593507	1582081593506	-3.843	-6.489	5.836	-2.120	0.319	0.924	0.000000	0.000000
1582081593527	1582081593526	-3.014	-7.818	5.338	-2.642	0.142	0.850	0.000000	0.000000
1582081593549	1582081593548	-3.192	-8.841	4.894	-2.792	0.277	0.799	0.000000	0.000000
1582081593569	1582081593568	-4.370	-9.622	3.936	-3.069	0.400	0.884	0.000000	0.000000
1582081593587	1582081593586	-4.440	-9.371	3.440	-2.662	0.447	0.666	0.000000	0.000000
1582081593607	1582081593606	-4.464	-9.265	3.718	-2.082	0.493	0.341	0.000000	0.000000
1582081593628	1582081593626	-4.964	-10.533	3.287	-2.948	0.801	-0.085	0.000000	0.000000
1582081593649	1582081593649	-5.304	-12.540	1.311	-3.857	1.151	-0.515	0.000000	0.000000
1582081593669	1582081593669	-6.440	-13.822	-2.278	-4.845	1.774	-1.153	0.000000	0.000000
1582081593689	1582081593688	-8.069	-13.350	-7.699	-6.558	2.257	-2.344	0.000000	0.000000
1582081593707	1582081593707	-9.482	-12.291	-14.612	-9.588	1.526	-3.686	0.000000	0.000000
1582081593728	1582081593726	-12.318	-15.946	-19.731	-14.045	0.940	-4.122	0.000000	0.000000
1582081593748	1582081593748	-8.301	-25.169	-20.189	-14.026	2.506	-3.613	0.000000	0.000000
1582081593772	1582081593772	-7.992	-14.243	-19.494	-9.933	4.882	-1.865	0.000000	0.000000
1582081593787	1582081593787	-15.193	0.628	-23.322	-4.927	6.378	1.008	0.000000	0.000000
1582081593808	1582081593808	-15.619	-7.112	-13.565	1.668	5.947	2.584	0.000000	0.000000
1582081593827	1582081593826	-15.967	-16.102	-2.299	4.178	5.221	3.816	0.000000	0.000000
1582081593847	1582081593845	-10.697	-9.411	1.440	4.215	3.734	4.696	0.000000	0.000000
1582081593866	1582081593866	-6.476	1.502	1.160	4.369	3.534	4.556	0.000000	0.000000
1582081593887	1582081593887	-9.765	-0.610	4.329	4.542	2.404	5.702	0.000000	0.000000
1582081593906	1582081593906	-3.862	2.094	5.994	2.794	0.615	7.357	0.000000	0.000000
1582081593926	1582081593925	-11.264	-0.869	4.631	1.863	0.965	8.887	0.000000	0.000000
1582081593950	1582081593945	-14.922	-12.952	-1.578	-0.921	1.529	8.073	0.000000	0.000000
1582081593971	1582081593971	-11.854	-13.896	-4.630	-1.992	1.229	8.042	0.000000	0.000000
1582081593987	1582081593986	-13.212	-14.284	-7.727	-3.349	2.088	7.563	0.000000	0.000000
1582081594008	1582081594008	-14.599	-15.419	-10.851	-4.469	3.112	6.770	0.000000	0.000000
1582081594026	1582081594025	-16.599	-12.135	-12.751	-5.473	3.560	5.964	0.000000	0.000000
1582081594045	1582081594045	-16.523	-12.676	-13.400	-5.573	3.077	5.372	0.000000	0.000000
1582081594066	1582081594065	-18.286	-11.898	-13.285	-5.187	3.166	5.244	0.000000	0.000000
1582081594086	1582081594086	-17.969	-8.492	-10.533	-5.177	2.939	4.843	0.000000	0.000000
1582081594107	1582081594104	-17.016	-9.644	-9.943	-4.585	3.123	4.214	0.000000	0.000000
1582081594127	1582081594124	-15.940	-5.540	-9.955	-4.859	2.786	3.664	0.000000	0.000000
1582081594144	1582081594143	-13.126	-8.226	-10.109	-4.767	2.136	3.008	0.000000	0.000000
1582081594171	1582081594167	-11.224	-3.018	-10.097	-4.463	1.899	3.202	0.000000	0.000000
1582081594184	1582081594183	-12.132	-3.214	-9.016	-3.248	1.687	2.690	0.000000	0.000000
1582081594207	1582081594205	-9.178	1.050	-6.669	-3.785	0.903	1.843	0.000000	0.000000
1582081594225	1582081594224	-8.011	2.257	-7.969	-4.301	0.919	1.112	0.000000	0.000000
1582081594246	1582081594244	-8.641	1.002	-6.293	-3.434	0.689	0.974	0.000000	0.000000
1582081594266	1582081594266	-7.599	2.683	-4.903	-3.471	0.093	1.141	0.000000	0.000000
1582081594288	1582081594285	-5.134	2.892	-4.647	-3.621	0.069	1.274	0.000000	0.000000
1582081594305	1582081594306	-7.530	7.577	-4.218	-3.412	0.733	1.040	0.000000	0.000000
1582081594324	1582081594323	-9.142	6.063	-4.067	-2.712	0.023	0.640	0.000000	0.000000
1582081594345	1582081594343	-7.793	4.720	-4.398	-2.594	-0.996	0.108	0.000000	0.000000
1582081594368	1582081594368	-6.751	7.302	-5.092	-2.504	-1.265	-0.208	0.000000	0.000000
1582081594385	1582081594383	-8.431	6.083	-4.014	-1.761	-1.384	-0.394	0.000000	0.000000
1582081594408	1582081594403	-9.681	5.235	-3.811	-1.409	-2.039	-0.809	0.000000	0.000000
1582081594424	1582081594423	-10.093	1.740	-2.376	-1.168	-2.800	-0.957	0.000000	0.000000
1582081594444	1582081594443	-11.157	0.413	-1.185	-1.096	-3.308	-1.063	0.000000	0.000000
1582081594465	1582081594464	-12.041	4.995	-3.375	-0.135	-4.366	-0.718	0.000000	0.000000
1582081594489	1582081594483	-10.754	5.747	-1.339	1.239	-5.004	-0.643	0.000000	0.000000
1582081594507	1582081594503	-9.039	3.709	0.295	0.454	-4.512	-1.232	0.000000	0.000000
1582081594524	1582081594523	-10.582	3.086	0.578	-0.426	-3.641	-1.445	0.000000	0.000000
1582081594543	1582081594543	-12.091	1.869	-0.464	0.059	-3.703	-1.229	0.000000	0.000000
1582081594563	1582081594563	-12.378	-0.998	-1.923	1.641	-4.331	-1.015	0.000000	0.000000
1582081594583	1582081594583	-13.274	-1.880	-2.793	3.040	-5.680	-0.546	0.000000	0.000000
1582081594603	1582081594603	-13.219	-0.756	-3.334	3.946	-7.242	-0.479	0.000000	0.000000
1582081594626	1582081594624	-11.851	-1.116	-4.898	5.162	-8.543	-0.706	0.000000	0.000000
1582081594643	1582081594642	-10.876	-1.382	-6.448	6.668	-9.631	-0.814	0.000000	0.000000
1582081594664	1582081594662	-8.783	-3.162	-8.082	8.890	-10.262	-0.738	0.000000	0.000000
1582081594687	1582081594682	-5.393	-3.995	-10.461	10.686	-9.306	-0.212	0.000000	0.000000
1582081594707	1582081594702	-4.018	-2.996	-12.229	11.323	-7.126	0.664	0.000000	0.000000
1582081594723	1582081594722	-4.504	-3.966	-13.077	10.677	-5.422	1.192	0.000000	0.000000
1582081594743	1582081594742	-3.738	-5.040	-14.703	9.177	-5.152	0.951	0.000000	0.000000
1582081594762	1582081594762	-1.735	-2.996	-14.310	7.336	-5.177	0.599	0.000000	0.000000
1582081594783	1582081594784	-1.738	-0.979	-13.184	5.518	-4.731	0.480	0.000000	0.000000
1582081594803	1582081594802	-1.488	-1.284	-13.302	4.032	-4.102	0.426	0.000000	0.000000
1582081594824	1582081594822	-1.285	1.304	-12.861	1.711	-3.522	0.412	0.000000	0.000000
1582081594842	1582081594841	-2.724	6.420	-9.383	-0.849	-3.353	-0.026	0.000000	0.000000
1582081594862	1582081594861	-3.860	6.279	-5.291	-2.276	-4.021	-0.932	0.000000	0.000000
1582081594882	1582081594881	-5.767	1.668	-0.491	-2.227	-4.276	-1.210	0.000000	0.000000
1582081594913	1582081594904	-11.835	0.264	3.608	-1.676	-4.564	-0.683	0.000000	0.000000
1582081594926	1582081594921	-12.635	1.560	6.222	-0.541	-5.659	0.241	0.000000	0.000000
1582081594942	1582081594942	-9.178	7.161	6.907	0.519	-6.322	0.713	0.000000	0.000000
1582081594962	1582081594961	-13.452	5.932	7.079	0.048	-5.045	1.301	0.000000	0.000000
1582081594982	1582081594982	-15.366	3.951	7.340	-0.626	-4.865	1.323	0.000000	0.000000
1582081595003	1582081595002	-15.145	6.979	10.706	-0.349	-5.378	1.238	0.000000	0.000000
1582081595023	1582081595022	-11.770	9.166	10.462	-0.006	-5.102	1.276	0.000000	0.000000
1582081595041	1582081595040	-12.541	11.386	7.611	-0.986	-3.309	1.405	0.000000	0.000000
1582081595061	1582081595060	-10.766	12.174	10.823	-0.274	-3.497	1.273	0.000000	0.000000
1582081595084	1582081595080	-3.982	6.883	11.877	0.058	-3.547	1.645	0.000000	0.000000
1582081595110	1582081595104	-4.305	6.270	10.646	-0.390	-2.487	2.031	0.000000	0.000000
1582081595124	1582081595124	-4.320	8.603	9.633	-1.076	-1.939	1.884	0.000000	0.000000
1582081595144	1582081595140	-4.840	6.222	8.670	-1.592	-1.712	2.029	0.000000	0.000000
1582081595161	1582081595160	-4.447	4.607	7.494	-1.861	-1.512	1.821	0.000000	0.000000
1582081595181	1582081595180	-4.315	6.080	6.693	-1.550	-1.262	1.725	0.000000	0.000000
1582081595201	1582081595202	-3.798	6.073	6.691	-0.777	-1.204	1.744	0.000000	0.000000
1582081595222	1582081595222	-2.363	6.488	5.814	-0.927	-1.163	1.582	0.000000	0.000000
1582081595242	1582081595241	-3.680	6.114	5.759	-1.379	-0.765	1.693	0.000000	0.000000
1582081595260	1582081595260	-4.830	5.055	6.138	-2.086	-0.355	1.676	0.000000	0.000000
1582081595279	1582081595279	-3.738	4.859	5.108	-2.631	-0.010	1.432	0.000000	0.000000
1582081595303	1582081595303	-3.280	5.026	4.516	-2.598	0.147	1.386	0.000000	0.000000
1582081595323	1582081595319	-2.744	4.554	5.038	-2.483	0.106	1.249	0.000000	0.000000
1582081595345	1582081595342	-3.163	3.666	4.710	-2.671	0.226	1.155	0.000000	0.000000
1582081595360	1582081595359	-3.474	3.206	4.590	-2.434	0.193	1.099	0.000000	0.000000
1582081595379	1582081595379	-2.957	3.112	5.230	-2.220	-0.170	0.857	0.000000	0.000000
1582081595403	1582081595403	-2.346	3.083	5.893	-2.351	-0.262	0.572	0.000000	0.000000
1582081595422	1582081595422	-1.306	2.839	5.704	-2.559	-0.171	0.386	0.000000	0.000000
1582081595442	1582081595439	-0.789	2.303	5.927	-2.273	0.024	0.355	0.000000	0.000000
1582081595460	1582081595459	-1.321	1.524	6.840	-1.981	0.357	0.374	0.000000	0.000000
1582081595478	1582081595478	-2.329	1.225	7.898	-1.909	0.586	0.287	0.000000	0.000000
1582081595499	1582081595498	-3.263	0.549	8.749	-1.910	0.548	0.222	0.000000	0.000000
1582081595524	1582081595524	-3.251	-0.251	8.296	-2.198	0.268	0.240	0.000000	0.000000
1582081595541	1582081595540	-2.921	-0.421	7.735	-2.302	-0.079	0.263	0.000000	0.000000
1582081595562	1582081595562	-1.979	-0.919	8.294	-1.821	-0.319	0.298	0.000000	0.000000
1582081595579	1582081595578	-1.627	-0.917	8.770	-2.045	-0.055	0.343	0.000000	0.000000
1582081595599	1582081595599	-2.231	-1.537	8.174	-2.205	0.159	0.457	0.000000	0.000000
1582081595621	1582081595621	-2.030	-2.225	7.740	-1.718	0.085	0.628	0.000000	0.000000
1582081595641	1582081595639	-1.987	-3.394	8.706	-1.347	0.204	0.702	0.000000	0.000000
1582081595659	1582081595657	-2.049	-4.400	8.471	-1.540	0.338	0.784	0.000000	0.000000
1582081595679	1582081595677	-2.399	-3.672	8.018	-1.541	0.316	0.729	0.000000	0.000000
1582081595699	1582081595698	-2.195	-2.824	8.140	-1.232	0.102	0.699	0.000000	0.000000
1582081595719	1582081595719	-1.280	-2.814	8.078	-1.254	0.279	0.621	0.000000	0.000000
1582081595739	1582081595739	-1.761	-2.697	7.707	-1.784	0.609	0.752	0.000000	0.000000
1582081595759	1582081595758	-2.801	-2.853	7.494	-1.972	0.576	0.872	0.000000	0.000000
1582081595777	1582081595777	-2.842	-3.284	7.697	-1.826	0.076	0.780	0.000000	0.000000
1582081595797	1582081595797	-1.189	-3.971	7.328	-1.847	-0.131	0.653	0.000000	0.000000
1582081595818	1582081595818	-1.673	-4.965	6.801	-1.981	0.406	0.805	0.000000	0.000000
1582081595840	1582081595837	-3.927	-5.047	6.648	-2.067	0.677	0.862	0.000000	0.000000
1582081595858	1582081595857	-4.095	-5.358	6.387	-2.183	0.311	0.749	0.000000	0.000000
1582081595877	1582081595877	-3.237	-6.122	5.601	-2.687	0.126	0.588	0.000000	0.000000
1582081595897	1582081595896	-3.053	-7.174	5.024	-2.869	0.196	0.584	0.000000	0.000000
1582081595918	1582081595918	-3.549	-8.487	4.727	-2.462	0.415	0.533	0.000000	0.000000
1582081595938	1582081595938	-4.202	-8.822	4.552	-2.017	0.605	0.401	0.000000	0.000000
1582081595959	1582081595958	-4.785	-9.059	4.578	-1.903	0.617	0.279	0.000000	0.000000
1582081595977	1582081595977	-5.017	-9.845	4.224	-2.046	0.643	-0.003	0.000000	0.000000
1582081595997	1582081595996	-5.309	-11.833	3.440	-2.542	0.855	-0.490	0.000000	0.000000
1582081596017	1582081596017	-6.785	-14.171	1.184	-3.294	1.300	-1.315	0.000000	0.000000
1582081596038	1582081596038	-10.021	-17.551	-1.873	-4.414	1.908	-2.738	0.000000	0.000000
1582081596060	1582081596058	-13.444	-19.417	-5.076	-7.692	2.115	-4.540	0.000000	0.000000
1582081596077	1582081596076	-11.674	-17.125	-9.955	-12.815	1.926	-5.734	0.000000	0.000000
1582081596097	1582081596096	-6.739	-16.749	-13.450	-14.055	2.156	-6.002	0.000000	0.000000
1582081596118	1582081596118	-3.934	-16.881	-14.102	-9.966	3.205	-5.138	0.000000	0.000000
1582081596143	1582081596138	-3.271	-8.053	-19.523	-5.607	4.261	-2.234	0.000000	0.000000
1582081596162	1582081596156	-6.445	-4.755	-17.911	0.056	5.248	0.928	0.000000	0.000000
1582081596177	1582081596176	-8.776	-6.654	-5.631	2.964	5.186	2.860	0.000000	0.000000
1582081596196	1582081596195	-11.097	-1.739	-0.816	2.665	4.761	4.204	0.000000	0.000000
1582081596217	1582081596217	-11.624	-1.341	-0.316	2.801	4.474	3.812	0.000000	0.000000
1582081596240	1582081596240	-10.579	-8.190	1.632	1.722	3.313	4.788	0.000000	0.000000
1582081596256	1582081596256	-8.363	3.498	4.226	1.552	1.953	7.075	0.000000	0.000000
1582081596277	1582081596276	-13.818	-1.609	7.364	0.673	1.216	8.157	0.000000	0.000000
1582081596296	1582081596295	-15.205	-12.370	2.933	-0.552	1.798	8.166	0.000000	0.000000
1582081596316	1582081596316	-14.144	-12.966	-3.761	-2.851	1.780	7.405	0.000000	0.000000
1582081596340	1582081596340	-13.940	-15.671	-7.248	-3.966	1.966	6.821	0.000000	0.000000
1582081596356	1582081596354	-15.943	-13.045	-10.684	-4.417	2.623	6.536	0.000000	0.000000
1582081596377	1582081596377	-16.096	-12.897	-11.151	-4.969	2.738	5.472	0.000000	0.000000
1582081596395	1582081596394	-16.925	-14.325	-11.098	-5.750	2.637	4.848	0.000000	0.000000
1582081596417	1582081596414	-16.403	-15.333	-11.625	-5.536	2.808	5.323	0.000000	0.000000
1582081596436	1582081596434	-18.185	-11.524	-10.003	-4.181	2.890	6.086	0.000000	0.000000
1582081596460	1582081596457	-15.375	-9.160	-10.961	-4.521	2.382	5.318	0.000000	0.000000
1582081596477	1582081596474	-15.715	-8.609	-12.073	-4.757	2.722	4.249	0.000000	0.000000
1582081596497	1582081596494	-14.129	-9.615	-10.628	-4.443	2.185	3.688	0.000000	0.000000
1582081596515	1582081596514	-13.720	-5.152	-10.545	-5.091	1.843	2.958	0.000000	0.000000
1582081596535	1582081596534	-10.728	-6.180	-10.008	-4.683	1.224	2.402	0.000000	0.000000
1582081596555	1582081596555	-10.045	-1.387	-9.316	-4.414	1.220	2.166	0.000000	0.000000
1582081596577	1582081596575	-9.952	-1.645	-8.470	-4.306	1.077	1.706	0.000000	0.000000
1582081596595	1582081596594	-9.542	0.494	-7.392	-3.755	0.141	1.541	0.000000	0.000000
1582081596615	1582081596614	-5.681	2.626	-5.842	-4.072	-0.026	1.439	0.000000	0.000000
1582081596638	1582081596636	-9.861	7.151	-6.386	-4.109	0.422	1.018	0.000000	0.000000
1582081596658	1582081596658	-8.203	3.848	-5.619	-2.692	-0.626	0.633	0.000000	0.000000
1582081596675	1582081596674	-6.751	4.193	-5.325	-2.708	-0.938	0.599	0.000000	0.000000
1582081596699	1582081596693	-8.804	5.256	-3.574	-2.493	-0.763	0.659	0.000000	0.000000
1582081596714	1582081596713	-8.629	5.084	-2.314	-2.769	-1.168	0.692	0.000000	0.000000
1582081596734	1582081596733	-7.801	4.803	-3.099	-2.867	-1.849	0.453	0.000000	0.000000
1582081596758	1582081596758	-8.349	4.547	-1.650	-2.351	-2.010	0.042	0.000000	0.000000
1582081596778	1582081596773	-12.100	1.143	1.030	-1.690	-1.992	0.049	0.000000	0.000000
1582081596797	1582081596793	-10.860	-0.091	1.768	-1.205	-2.932	-0.028	0.000000	0.000000
1582081596814	1582081596813	-12.002	2.779	1.577	-0.166	-3.031	0.192	0.000000	0.000000
1582081596834	1582081596832	-13.107	5.160	1.752	0.230	-3.409	-0.151	0.000000	0.000000
1582081596858	1582081596853	-11.561	4.504	1.946	-0.068	-3.708	-1.265	0.000000	0.000000
1582081596874	1582081596873	-12.120	1.335	1.972	-0.185	-3.471	-1.107	0.000000	0.000000
1582081596897	1582081596892	-14.273	1.608	0.202	0.283	-3.929	-0.820	0.000000	0.000000
1582081596914	1582081596912	-14.199	2.221	-2.170	1.299	-5.366	-0.864	0.000000	0.000000
1582081596935	1582081596934	-13.653	0.590	-3.078	2.440	-6.730	-0.791	0.000000	0.000000
1582081596955	1582081596955	-13.533	-1.660	-4.019	3.703	-7.896	-0.857	0.000000	0.000000
1582081596976	1582081596976	-12.730	-2.201	-5.785	4.574	-8.954	-0.840	0.000000	0.000000
1582081596996	1582081596992	-11.585	-3.104	-7.687	6.011	-9.744	-0.791	0.000000	0.000000
1582081597013	1582081597012	-10.385	-4.575	-9.239	7.933	-10.357	-0.743	0.000000	0.000000
1582081597033	1582081597032	-8.241	-3.952	-10.475	8.874	-10.421	-0.913	0.000000	0.000000
1582081597052	1582081597052	-6.421	-2.524	-10.236	8.898	-9.583	-1.328	0.000000	0.000000
1582081597072	1582081597072	-4.979	-3.839	-8.920	8.896	-7.820	-1.490	0.000000	0.000000
1582081597093	1582081597093	-6.514	-6.602	-9.879	8.909	-6.135	-1.063	0.000000	0.000000
1582081597113	1582081597111	-7.463	-5.282	-12.720	8.212	-5.660	-0.675	0.000000	0.000000
1582081597140	1582081597140	-5.326	-1.281	-15.326	6.526	-5.725	-0.414	0.000000	0.000000
1582081597154	1582081597154	-3.896	-0.812	-16.016	5.344	-4.987	-0.232	0.000000	0.000000
1582081597181	1582081597176	-2.986	-0.162	-15.831	3.445	-4.078	0.143	0.000000	0.000000
1582081597195	1582081597191	-3.225	3.896	-12.109	-0.388	-3.954	0.063	0.000000	0.000000
1582081597213	1582081597211	-4.981	5.663	-6.448	-3.463	-4.791	-0.417	0.000000	0.000000
1582081597231	1582081597231	-8.258	4.011	-0.884	-3.806	-5.036	-1.121	0.000000	0.000000
1582081597251	1582081597250	-12.110	2.727	4.082	-3.729	-4.961	-1.461	0.000000	0.000000
1582081597272	1582081597272	-9.453	2.648	8.720	-2.287	-6.256	-0.899	0.000000	0.000000
1582081597292	1582081597291	-10.922	2.885	11.151	-1.151	-5.375	0.211	0.000000	0.000000
1582081597319	1582081597312	-14.573	4.030	10.059	-0.186	-4.876	0.745	0.000000	0.000000
1582081597332	1582081597330	-16.760	5.637	10.232	0.857	-5.234	1.233	0.000000	0.000000
1582081597351	1582081597350	-10.888	9.798	11.793	0.860	-5.264	1.331	0.000000	0.000000
1582081597373	1582081597370	-12.371	9.091	9.930	-0.186	-4.007	1.946	0.000000	0.000000
1582081597394	1582081597390	-7.245	9.630	11.108	0.123	-3.894	1.356	0.000000	0.000000
1582081597412	1582081597410	-2.363	9.077	13.101	0.999	-3.611	2.026	0.000000	0.000000
1582081597431	1582081597429	-2.705	8.425	11.719	0.723	-3.159	2.934	0.000000	0.000000
1582081597451	1582081597450	-5.012	8.042	9.877	-0.990	-1.960	3.046	0.000000	0.000000
1582081597471	1582081597471	-4.885	7.702	9.479	-2.183	-1.636	2.584	0.000000	0.000000
1582081597491	1582081597490	-3.211	6.643	8.921	-2.458	-1.580	2.485	0.000000	0.000000
1582081597512	1582081597512	-3.275	4.866	8.346	-2.638	-1.075	2.213	0.000000	0.000000
1582081597530	1582081597529	-3.120	5.956	8.222	-2.515	-0.506	1.438	0.000000	0.000000
1582081597551	1582081597549	-2.368	6.408	8.159	-1.284	-0.611	1.417	0.000000	0.000000
1582081597569	1582081597569	-1.903	5.651	7.853	-0.765	-0.465	1.499	0.000000	0.000000
1582081597593	1582081597593	-1.776	4.847	7.326	-0.841	-0.352	1.651	0.000000	0.000000
1582081597614	1582081597609	-0.957	3.680	6.200	-1.595	-0.105	1.575	0.000000	0.000000
1582081597633	1582081597632	-1.814	4.252	6.351	-2.328	0.383	1.449	0.000000	0.000000
1582081597650	1582081597650	-2.959	3.505	6.492	-2.167	0.466	1.512	0.000000	0.000000
1582081597672	1582081597670	-3.136	2.870	5.345	-2.319	0.616	1.383	0.000000	0.000000
1582081597692	1582081597689	-3.297	3.646	4.284	-2.859	0.795	1.007	0.000000	0.000000
1582081597711	1582081597710	-3.671	4.111	3.563	-3.234	0.507	0.673	0.000000	0.000000
1582081597729	1582081597729	-2.518	3.474	3.172	-2.962	-0.164	0.421	0.000000	0.000000
1582081597750	1582081597748	-0.171	2.513	2.968	-2.411	-0.814	0.337	0.000000	0.000000
1582081597769	1582081597769	0.660	1.292	3.694	-1.762	-0.853	0.679	0.000000	0.000000
1582081597794	1582081597793	-0.013	-1.145	6.145	-0.828	0.007	1.025	0.000000	0.000000
1582081597813	1582081597808	-0.937	-2.326	8.524	-0.414	0.978	0.892	0.000000	0.000000
1582081597831	1582081597832	-2.708	-2.639	9.527	-0.936	1.329	0.517	0.000000	0.000000
1582081597850	1582081597848	-2.895	-0.979	9.420	-1.853	1.174	0.081	0.000000	0.000000
1582081597869	1582081597868	-2.248	0.321	8.914	-2.253	0.810	0.042	0.000000	0.000000
1582081597889	1582081597889	-2.190	-0.148	8.382	-2.918	0.472	0.222	0.000000	0.000000
1582081597913	1582081597911	-2.250	-0.922	8.401	-2.920	0.179	0.239	0.000000	0.000000
1582081597929	1582081597928	-1.946	-2.352	8.567	-2.335	-0.172	0.253	0.000000	0.000000
1582081597949	1582081597948	-0.820	-4.486	8.231	-2.541	-0.268	0.388	0.000000	0.000000
1582081597968	1582081597968	-0.470	-4.194	8.056	-2.513	0.333	0.451	0.000000	0.000000
1582081597992	1582081597991	-2.451	-3.310	8.088	-1.612	0.574	0.857	0.000000	0.000000
1582081598010	1582081598007	-3.101	-4.462	8.651	-1.187	0.326	0.932	0.000000	0.000000
1582081598028	1582081598028	-2.063	-4.278	8.586	-1.932	0.281	0.581	0.000000	0.000000
1582081598048	1582081598047	-2.411	-3.667	7.664	-1.935	0.235	0.724	0.000000	0.000000
1582081598068	1582081598067	-2.375	-4.172	7.333	-1.728	0.084	0.864	0.000000	0.000000
1582081598095	1582081598095	-1.946	-4.302	7.812	-1.941	0.013	0.673	0.000000	0.000000
1582081598110	1582081598109	-1.304	-3.636	7.053	-2.220	0.034	0.624	0.000000	0.000000
1582081598128	1582081598128	-1.685	-4.007	6.241	-1.841	0.232	0.856	0.000000	0.000000
1582081598149	1582081598147	-3.285	-4.975	6.222	-1.366	0.408	1.075	0.000000	0.000000
1582081598167	1582081598166	-4.416	-5.514	6.430	-1.575	0.267	0.878	0.000000	0.000000
1582081598189	1582081598187	-4.413	-6.039	5.972	-2.297	-0.105	0.698	0.000000	0.000000
1582081598215	1582081598215	-3.721	-6.750	4.827	-3.139	-0.336	0.620	0.000000	0.000000
1582081598228	1582081598227	-2.957	-8.448	3.539	-3.561	-0.180	0.655	0.000000	0.000000
1582081598254	1582081598252	-3.410	-9.531	3.026	-2.994	0.308	0.671	0.000000	0.000000
1582081598266	1582081598265	-4.126	-9.548	3.002	-2.436	0.495	0.484	0.000000	0.000000
1582081598286	1582081598285	-3.941	-10.142	2.662	-2.795	0.423	0.244	0.000000	0.000000
1582081598306	1582081598305	-3.937	-11.297	1.548	-3.225	0.580	-0.064	0.000000	0.000000
1582081598326	1582081598325	-4.416	-12.854	0.223	-3.950	1.123	-0.674	0.000000	0.000000
1582081598346	1582081598344	-6.481	-13.297	-1.320	-6.022	2.027	-1.757	0.000000	0.000000
1582081598365	1582081598364	-9.197	-12.684	-5.785	-9.332	2.574	-3.258	0.000000	0.000000
1582081598385	1582081598384	-8.471	-10.592	-15.920	-13.327	1.551	-4.932	0.000000	0.000000
1582081598405	1582081598404	-5.640	-11.584	-22.711	-14.900	0.028	-5.228	0.000000	0.000000
1582081598425	1582081598424	-6.071	-15.494	-17.865	-9.881	0.749	-3.240	0.000000	0.000000
1582081598445	1582081598444	-6.699	-9.177	-22.754	-5.438	4.147	-1.352	0.000000	0.000000
1582081598465	1582081598464	-9.190	3.179	-26.388	-2.984	4.950	1.200	0.000000	0.000000
1582081598485	1582081598484	-12.841	-6.352	-12.935	1.247	5.460	2.530	0.000000	0.000000
1582081598508	1582081598507	-15.588	-11.728	-4.309	2.042	5.751	3.588	0.000000	0.000000
1582081598525	1582081598524	-12.874	-8.940	-0.064	3.029	4.444	5.162	0.000000	0.000000
1582081598547	1582081598543	-12.874	-11.558	-0.091	4.454	3.964	6.450	0.000000	0.000000
1582081598567	1582081598564	-9.291	-2.673	5.541	4.591	2.679	7.104	0.000000	0.000000
1582081598584	1582081598583	-8.423	0.195	6.734	3.248	1.940	7.673	0.000000	0.000000
1582081598606	1582081598604	-13.329	-4.105	5.647	1.716	1.935	8.358	0.000000	0.000000
1582081598627	1582081598626	-14.942	-8.226	1.131	0.046	1.716	8.740	0.000000	0.000000
1582081598649	1582081598648	-16.460	-15.199	-1.959	-0.854	1.903	8.371	0.000000	0.000000
1582081598664	1582081598663	-15.116	-16.873	-6.669	-2.589	2.460	7.550	0.000000	0.000000
1582081598684	1582081598683	-15.447	-15.482	-10.037	-4.914	3.156	6.244	0.000000	0.000000
1582081598705	1582081598703	-16.638	-15.173	-10.707	-4.021	3.156	6.182	0.000000	0.000000
1582081598726	1582081598726	-16.455	-13.338	-10.231	-4.508	2.990	5.900	0.000000	0.000000
1582081598749	1582081598744	-17.320	-11.821	-10.260	-4.708	3.174	5.505	0.000000	0.000000
1582081598766	1582081598764	-16.741	-8.930	-10.748	-4.114	3.015	5.369	0.000000	0.000000
1582081598785	1582081598784	-15.931	-8.487	-11.333	-4.370	2.764	4.313	0.000000	0.000000
1582081598807	1582081598805	-13.638	-9.948	-11.376	-5.127	2.305	3.232	0.000000	0.000000
1582081598829	1582081598827	-12.771	-8.321	-11.788	-4.995	1.927	3.388	0.000000	0.000000
1582081598844	1582081598843	-10.019	-4.752	-11.711	-4.081	1.487	3.535	0.000000	0.000000
1582081598863	1582081598862	-11.070	-4.939	-9.488	-3.456	2.152	3.073	0.000000	0.000000
1582081598884	1582081598882	-10.369	-3.602	-9.476	-4.022	1.886	2.544	0.000000	0.000000
1582081598906	1582081598905	-8.203	-0.522	-9.189	-3.253	1.109	1.970	0.000000	0.000000
1582081598930	1582081598924	-6.143	-2.170	-8.640	-3.556	0.813	1.029	0.000000	0.000000
1582081598946	1582081598942	-6.921	1.349	-8.623	-3.776	0.884	0.870	0.000000	0.000000
1582081598963	1582081598962	-7.326	0.853	-5.358	-3.297	0.427	0.638	0.000000	0.000000
1582081598985	1582081598983	-5.767	4.269	-5.234	-3.695	0.099	0.501	0.000000	0.000000
1582081599007	1582081599004	-7.377	7.843	-3.892	-3.200	0.164	0.206	0.000000	0.000000
1582081599024	1582081599023	-8.102	6.646	-2.910	-2.855	-0.364	-0.009	0.000000	0.000000
1582081599047	1582081599047	-6.821	6.775	-2.072	-2.372	-0.965	-0.074	0.000000	0.000000
1582081599065	1582081599064	-5.834	6.686	-2.024	-2.360	-1.350	-0.067	0.000000	0.000000
1582081599083	1582081599082	-7.343	6.523	-2.347	-2.520	-1.586	-0.234	0.000000	0.000000
1582081599103	1582081599103	-7.717	3.040	-0.783	-2.021	-2.244	-0.428	0.000000	0.000000
1582081599125	1582081599125	-7.499	3.359	1.419	-1.826	-2.391	-0.104	0.000000	0.000000
1582081599145	1582081599145	-10.273	2.552	4.681	-0.996	-2.211	-0.038	0.000000	0.000000
1582081599164	1582081599163	-10.280	4.023	3.299	-0.560	-2.545	0.168	0.000000	0.000000
1582081599182	1582081599181	-12.189	5.675	2.142	0.192	-3.104	0.189	0.000000	0.000000
1582081599204	1582081599202	-11.298	5.146	2.480	0.129	-3.702	-0.237	0.000000	0.000000
1582081599224	1582081599224	-10.757	3.067	3.373	-0.212	-3.581	-0.648	0.000000	0.000000
1582081599246	1582081599244	-14.038	3.062	2.880	-0.215	-3.430	-0.757	0.000000	0.000000
1582081599263	1582081599262	-15.993	2.274	0.118	0.681	-4.124	-0.719	0.000000	0.000000
1582081599284	1582081599285	-16.661	0.513	-2.520	1.810	-5.666	-0.774	0.000000	0.000000
1582081599303	1582081599302	-17.198	-0.076	-3.653	2.712	-7.426	-0.972	0.000000	0.000000
1582081599325	1582081599325	-16.247	-0.074	-4.704	3.454	-8.797	-1.193	0.000000	0.000000
1582081599345	1582081599342	-15.164	-1.614	-6.273	4.733	-9.826	-1.421	0.000000	0.000000
1582081599364	1582081599364	-12.788	-2.953	-8.346	6.263	-10.753	-1.561	0.000000	0.000000
1582081599382	1582081599381	-9.386	-4.625	-10.602	7.931	-10.623	-1.361	0.000000	0.000000
1582081599403	1582081599401	-6.550	-3.413	-11.606	9.030	-9.601	-1.268	0.000000	0.000000
1582081599425	1582081599422	-4.123	-2.122	-10.655	9.328	-7.735	-1.117	0.000000	0.000000
1582081599445	1582081599445	-4.809	-3.566	-10.913	8.730	-5.931	-0.778	0.000000	0.000000
1582081599463	1582081599463	-6.100	-4.326	-13.290	7.691	-5.281	-0.555	0.000000	0.000000
1582081599482	1582081599480	-4.385	-0.476	-14.593	5.542	-5.463	-0.529	0.000000	0.000000
1582081599502	1582081599500	-3.446	2.188	-13.678	3.010	-5.282	-0.751	0.000000	0.000000
1582081599521	1582081599520	-2.689	0.987	-13.838	1.731	-4.439	-1.047	0.000000	0.000000
1582081599548	1582081599541	-2.466	1.965	-13.850	0.371	-3.647	-1.071	0.000000	0.000000
1582081599561	1582081599559	-3.913	4.178	-9.670	-1.216	-3.568	-0.956	0.000000	0.000000
1582081599581	1582081599581	-5.573	5.721	-3.193	-2.993	-4.363	-1.217	0.000000	0.000000
1582081599603	1582081599600	-8.124	2.226	3.996	-2.639	-4.460	-1.517	0.000000	0.000000
1582081599621	1582081599621	-13.401	0.343	7.494	-1.400	-4.772	-1.156	0.000000	0.000000
1582081599642	1582081599642	-10.534	2.315	8.452	-0.622	-5.133	-0.293	0.000000	0.000000
1582081599667	1582081599660	-11.667	4.715	9.949	-0.074	-4.806	0.207	0.000000	0.000000
1582081599685	1582081599683	-14.357	7.278	9.163	0.094	-5.061	0.714	0.000000	0.000000
1582081599703	1582081599702	-15.306	7.297	12.009	-0.775	-5.376	0.942	0.000000	0.000000
1582081599721	1582081599720	-10.754	9.659	11.472	-1.664	-4.741	0.822	0.000000	0.000000
1582081599741	1582081599740	-10.007	8.375	11.166	-1.865	-3.674	1.106	0.000000	0.000000
1582081599760	1582081599760	-6.885	8.239	13.264	-1.186	-3.233	0.832	0.000000	0.000000
1582081599786	1582081599780	-4.727	6.981	14.342	0.338	-3.202	1.060	0.000000	0.000000
1582081599801	1582081599799	-3.735	6.157	11.937	0.711	-2.932	1.539	0.000000	0.000000
1582081599820	1582081599819	-5.978	6.040	10.006	0.097	-2.424	2.091	0.000000	0.000000
1582081599841	1582081599841	-6.334	7.333	9.036	-0.679	-2.107	1.951	0.000000	0.000000
1582081599867	1582081599866	-4.437	5.723	9.247	-1.209	-2.158	1.767	0.000000	0.000000
1582081599882	1582081599879	-3.022	4.655	8.629	-1.139	-2.091	1.779	0.000000	0.000000
1582081599901	1582081599899	-2.080	4.648	7.676	-0.834	-1.684	1.619	0.000000	0.000000
1582081599919	1582081599919	-0.667	5.501	7.726	-0.414	-1.197	1.343	0.000000	0.000000
1582081599941	1582081599938	-1.486	5.546	7.793	-0.065	-0.591	1.602	0.000000	0.000000
1582081599960	1582081599960	-2.432	5.400	7.122	-0.678	0.003	1.725	0.000000	0.000000
1582081599986	1582081599980	-3.489	4.633	6.799	-1.232	0.196	1.842	0.000000	0.000000
1582081600000	1582081599999	-3.022	4.839	6.078	-1.922	0.259	1.709	0.000000	0.000000
1582081600020	1582081600018	-2.794	4.384	5.227	-2.437	0.375	1.735	0.000000	0.000000
1582081600042	1582081600042	-3.343	3.424	4.753	-2.724	0.656	1.702	0.000000	0.000000
1582081600061	1582081600059	-3.925	2.870	5.036	-2.717	0.658	1.407	0.000000	0.000000
1582081600083	1582081600080	-2.849	2.288	4.166	-2.673	0.059	1.117	0.000000	0.000000
1582081600100	1582081600097	-1.165	1.625	4.075	-2.692	-0.419	0.864	0.000000	0.000000
1582081600118	1582081600118	-0.259	1.371	4.945	-2.593	-0.244	0.692	0.000000	0.000000
1582081600139	1582081600137	0.002	1.737	5.148	-2.611	0.065	0.450	0.000000	0.000000
1582081600159	1582081600157	-0.190	2.123	5.136	-2.311	0.108	0.251	0.000000	0.000000
1582081600178	1582081600177	-0.396	1.275	6.090	-1.468	0.179	0.356	0.000000	0.000000
1582081600198	1582081600196	-0.839	-0.134	6.943	-1.205	0.550	0.441	0.000000	0.000000
1582081600218	1582081600216	-1.393	-0.759	8.483	-1.503	0.808	0.453	0.000000	0.000000
1582081600238	1582081600237	-1.857	-0.800	9.570	-1.815	0.767	0.439	0.000000	0.000000
1582081600265	1582081600258	-2.375	0.575	9.748	-2.148	0.614	0.511	0.000000	0.000000
1582081600280	1582081600280	-2.660	0.899	9.690	-1.495	0.360	0.695	0.000000	0.000000
1582081600299	1582081600298	-3.429	1.256	9.523	-1.226	0.155	0.779	0.000000	0.000000
1582081600317	1582081600317	-1.817	0.171	9.144	-1.464	-0.176	0.742	0.000000	0.000000
1582081600339	1582081600337	-0.192	-2.563	8.097	-1.407	-0.301	0.917	0.000000	0.000000
1582081600359	1582081600358	-2.370	-3.257	8.310	-1.488	0.361	1.124	0.000000	0.000000
1582081600382	1582081600378	-3.060	-2.304	8.885	-1.602	0.232	1.034	0.000000	0.000000
1582081600398	1582081600398	-2.317	-2.752	8.653	-1.858	0.072	1.073	0.000000	0.000000
1582081600417	1582081600417	-1.910	-3.710	7.757	-1.765	0.281	1.047	0.000000	0.000000
1582081600438	1582081600436	-2.712	-4.290	8.006	-1.383	0.443	1.129	0.000000	0.000000
1582081600458	1582081600456	-2.923	-4.896	7.831	-1.431	0.480	0.974	0.000000	0.000000
1582081600482	1582081600482	-2.310	-4.474	7.072	-1.861	0.334	0.741	0.000000	0.000000
1582081600499	1582081600497	-2.097	-4.369	6.725	-1.722	0.181	0.898	0.000000	0.000000
1582081600519	1582081600519	-2.231	-4.721	6.528	-1.476	0.220	0.899	0.000000	0.000000
1582081600537	1582081600536	-2.583	-5.260	6.550	-1.282	0.347	0.966	0.000000	0.000000
1582081600556	1582081600556	-3.745	-6.525	6.576	-1.262	0.458	0.998	0.000000	0.000000
1582081600578	1582081600576	-3.836	-7.562	6.533	-1.490	0.324	0.779	0.000000	0.000000
1582081600599	1582081600597	-2.907	-6.762	6.219	-2.209	0.087	0.636	0.000000	0.000000
1582081600616	1582081600616	-2.248	-6.714	5.076	-2.630	0.146	0.616	0.000000	0.000000
1582081600637	1582081600636	-2.521	-7.792	4.411	-2.428	0.399	0.598	0.000000	0.000000
1582081600657	1582081600656	-3.307	-9.076	4.274	-2.343	0.714	0.528	0.000000	0.000000
1582081600680	1582081600680	-3.608	-8.995	4.142	-2.413	0.845	0.365	0.000000	0.000000
1582081600696	1582081600695	-4.085	-8.254	4.078	-2.315	0.651	0.266	0.000000	0.000000
1582081600719	1582081600718	-3.908	-7.984	4.384	-2.360	0.479	0.090	0.000000	0.000000
1582081600737	1582081600735	-3.879	-8.666	4.288	-2.769	0.534	0.012	0.000000	0.000000
1582081600756	1582081600755	-4.361	-9.634	2.983	-3.101	0.713	-0.164	0.000000	0.000000
1582081600776	1582081600775	-5.280	-11.227	1.059	-3.100	1.241	-0.344	0.000000	0.000000
1582081600803	1582081600803	-8.191	-12.849	0.087	-3.774	2.045	-0.657	0.000000	0.000000
1582081600820	1582081600816	-10.062	-11.814	-2.910	-5.806	2.102	-1.345	0.000000	0.000000
1582081600836	1582081600835	-9.738	-9.172	-9.725	-7.988	1.451	-1.693	0.000000	0.000000
1582081600855	1582081600854	-8.807	-12.576	-14.193	-7.796	1.263	-1.656	0.000000	0.000000
1582081600880	1582081600880	-9.123	-19.317	-14.859	-7.156	2.096	-1.500	0.000000	0.000000
1582081600895	1582081600894	-11.607	-20.318	-16.665	-5.743	4.040	-0.848	0.000000	0.000000
1582081600920	1582081600920	-15.562	-13.225	-18.534	-3.239	5.758	-0.116	0.000000	0.000000
1582081600936	1582081600935	-19.450	-11.848	-11.745	-1.297	6.307	0.017	0.000000	0.000000
1582081600954	1582081600954	-17.910	-11.987	-3.583	0.405	6.668	0.266	0.000000	0.000000
1582081600975	1582081600974	-11.904	-7.303	-1.437	1.031	6.062	1.227	0.000000	0.000000
1582081601004	1582081601003	-13.533	-2.975	-2.151	2.708	4.850	3.499	0.000000	0.000000
1582081601018	1582081601016	-9.870	-4.240	1.541	4.651	3.846	4.718	0.000000	0.000000
1582081601035	1582081601035	-9.832	-2.520	5.362	3.728	3.365	5.215	0.000000	0.000000
1582081601055	1582081601054	-8.402	0.877	4.475	1.289	2.689	5.743	0.000000	0.000000
1582081601077	1582081601076	-11.985	-4.417	6.741	1.336	1.861	6.928	0.000000	0.000000
1582081601095	1582081601095	-11.724	-7.816	4.164	-0.750	2.257	7.099	0.000000	0.000000
1582081601116	1582081601114	-15.018	-11.493	-0.977	-2.002	2.706	6.893	0.000000	0.000000
1582081601141	1582081601135	-14.283	-17.003	-5.509	-3.086	2.892	6.466	0.000000	0.000000
1582081601154	1582081601154	-15.083	-10.844	-6.891	-4.007	3.128	5.895	0.000000	0.000000
1582081601174	1582081601174	-17.054	-14.579	-8.379	-4.416	3.681	5.104	0.000000	0.000000
1582081601198	1582081601193	-17.742	-11.963	-7.886	-4.297	3.391	5.075	0.000000	0.000000
1582081601219	1582081601215	-16.158	-11.256	-8.096	-3.431	2.878	4.833	0.000000	0.000000
1582081601234	1582081601233	-14.271	-10.020	-8.278	-4.135	2.747	4.169	0.000000	0.000000
1582081601254	1582081601253	-13.526	-6.415	-9.198	-5.040	2.742	3.472	0.000000	0.000000
1582081601274	1582081601273	-11.439	-7.694	-10.822	-4.873	2.290	2.962	0.000000	0.000000
1582081601294	1582081601294	-12.273	-5.433	-10.111	-4.742	2.027	3.079	0.000000	0.000000
1582081601314	1582081601314	-11.655	-4.343	-10.300	-3.836	1.330	3.275	0.000000	0.000000
1582081601335	1582081601335	-7.659	-1.542	-8.743	-3.420	0.798	2.974	0.000000	0.000000
1582081601353	1582081601353	-8.646	0.022	-9.033	-4.212	1.624	2.301	0.000000	0.000000
1582081601373	1582081601373	-9.921	-0.495	-9.062	-4.052	1.413	1.910	0.000000	0.000000
1582081601398	1582081601398	-7.920	-2.165	-9.059	-4.023	0.567	1.803	0.000000	0.000000
1582081601417	1582081601413	-7.592	4.358	-7.145	-2.922	0.720	1.523	0.000000	0.000000
1582081601433	1582081601432	-10.012	2.619	-7.018	-2.499	0.295	0.844	0.000000	0.000000
1582081601454	1582081601452	-6.047	1.941	-5.006	-3.116	-0.533	0.638	0.000000	0.000000
1582081601473	1582081601473	-8.517	7.362	-4.383	-3.310	-0.418	0.770	0.000000	0.000000
1582081601494	1582081601493	-8.251	5.565	-3.945	-2.591	-1.195	0.653	0.000000	0.000000
1582081601514	1582081601514	-7.429	4.432	-5.016	-2.086	-1.649	0.824	0.000000	0.000000
1582081601534	1582081601533	-7.666	5.438	-4.208	-1.826	-1.996	0.630	0.000000	0.000000
1582081601552	1582081601552	-8.725	2.276	-2.323	-0.996	-2.146	0.148	0.000000	0.000000
1582081601572	1582081601571	-10.105	0.048	1.589	-0.597	-1.988	0.101	0.000000	0.000000
1582081601595	1582081601592	-9.698	3.491	3.110	-0.554	-1.861	0.176	0.000000	0.000000
1582081601615	1582081601615	-11.343	2.674	1.723	-0.621	-2.137	0.423	0.000000	0.000000
1582081601633	1582081601633	-12.520	4.693	1.696	0.062	-3.155	0.500	0.000000	0.000000
1582081601653	1582081601653	-9.559	4.954	2.619	0.163	-3.539	-0.033	0.000000	0.000000
1582081601672	1582081601671	-10.182	4.559	2.099	-0.733	-2.753	-0.150	0.000000	0.000000
1582081601695	1582081601691	-11.940	4.665	1.306	-0.891	-2.864	0.026	0.000000	0.000000
1582081601712	1582081601712	-12.285	4.147	-0.160	-0.550	-3.970	-0.054	0.000000	0.000000
1582081601734	1582081601733	-13.051	2.887	-1.149	0.113	-5.023	-0.344	0.000000	0.000000
1582081601752	1582081601751	-13.756	0.877	-2.802	1.178	-6.202	-0.841	0.000000	0.000000
1582081601771	1582081601771	-13.782	-1.715	-4.151	2.669	-7.656	-1.142	0.000000	0.000000
1582081601793	1582081601790	-12.556	-2.675	-5.088	4.083	-8.812	-1.107	0.000000	0.000000
1582081601815	1582081601814	-11.607	-3.552	-6.099	5.923	-9.422	-0.929	0.000000	0.000000
1582081601834	1582081601832	-10.694	-4.894	-7.608	7.907	-9.734	-0.692	0.000000	0.000000
1582081601855	1582081601850	-8.244	-6.451	-8.269	10.061	-9.328	-0.377	0.000000	0.000000
1582081601871	1582081601870	-6.162	-4.812	-10.358	10.512	-7.603	0.117	0.000000	0.000000
1582081601891	1582081601890	-6.941	-4.616	-12.715	9.862	-6.042	0.599	0.000000	0.000000
1582081601915	1582081601915	-6.325	-4.206	-13.328	8.332	-6.088	0.266	0.000000	0.000000
1582081601934	1582081601930	-4.567	-3.063	-12.439	6.641	-6.362	-0.439	0.000000	0.000000
1582081601952	1582081601952	-3.105	-1.391	-14.373	5.148	-5.830	-0.888	0.000000	0.000000
1582081601971	1582081601970	-1.829	-2.043	-15.709	4.524	-4.374	-0.808	0.000000	0.000000
1582081601990	1582081601990	-2.847	1.605	-13.858	2.587	-3.389	-0.153	0.000000	0.000000
1582081602016	1582081602013	-3.755	7.170	-9.709	-0.337	-3.843	-0.241	0.000000	0.000000
1582081602030	1582081602030	-5.371	5.721	-4.985	-1.349	-4.336	-0.901	0.000000	0.000000
1582081602055	1582081602055	-6.581	-0.584	0.429	-0.956	-4.306	-1.158	0.000000	0.000000
1582081602071	1582081602069	-13.931	-1.044	4.286	-0.826	-4.370	-0.675	0.000000	0.000000
1582081602091	1582081602089	-13.016	2.772	4.830	-0.269	-5.887	0.181	0.000000	0.000000
1582081602110	1582081602109	-9.834	5.122	7.728	1.254	-5.838	0.109	0.000000	0.000000
1582081602133	1582081602129	-13.782	4.435	6.610	0.182	-4.550	0.669	0.000000	0.000000
1582081602150	1582081602149	-16.319	4.803	7.585	-0.243	-4.813	0.883	0.000000	0.000000
1582081602176	1582081602174	-13.401	7.793	10.706	0.226	-5.205	0.894	0.000000	0.000000
1582081602189	1582081602189	-10.828	8.871	8.504	-0.317	-4.242	1.329	0.000000	0.000000
1582081602212	1582081602212	-14.795	10.706	8.698	-0.838	-3.163	1.656	0.000000	0.000000
1582081602242	1582081602242	-9.592	10.474	10.124	0.278	-3.766	1.584	0.000000	0.000000
1582081602252	1582081602248	-5.649	8.574	10.773	0.969	-3.835	2.007	0.000000	0.000000
1582081602271	1582081602269	-5.731	9.386	10.634	0.849	-3.286	2.065	0.000000	0.000000
1582081602290	1582081602288	-5.046	8.203	11.046	0.625	-3.042	2.310	0.000000	0.000000
1582081602310	1582081602308	-4.411	6.452	9.836	-0.475	-2.491	2.572	0.000000	0.000000
1582081602331	1582081602331	-4.703	6.238	7.558	-1.489	-1.822	2.560	0.000000	0.000000
1582081602349	1582081602348	-4.595	6.928	6.348	-1.951	-1.399	2.331	0.000000	0.000000
1582081602369	1582081602369	-4.078	6.054	6.035	-2.207	-1.096	2.033	0.000000	0.000000
1582081602389	1582081602387	-2.794	5.443	6.593	-2.228	-0.901	1.766	0.000000	0.000000
1582081602409	1582081602408	-2.521	5.896	6.703	-2.033	-0.762	1.719	0.000000	0.000000
1582081602429	1582081602429	-2.054	6.418	5.728	-2.066	-0.656	1.616	0.000000	0.000000
1582081602449	1582081602449	-2.075	5.381	4.643	-2.019	-0.622	1.648	0.000000	0.000000
1582081602474	1582081602469	-2.109	4.118	4.236	-1.998	-0.480	1.742	0.000000	0.000000
1582081602490	1582081602487	-2.178	3.457	4.389	-2.771	-0.189	1.801	0.000000	0.000000
1582081602508	1582081602507	-1.500	3.313	4.281	-3.518	0.022	1.514	0.000000	0.000000
1582081602531	1582081602531	-2.612	2.001	4.981	-3.470	0.022	1.357	0.000000	0.000000
1582081602552	1582081602551	-2.988	0.959	5.769	-3.095	-0.207	1.034	0.000000	0.000000
1582081602571	1582081602569	-1.402	0.056	6.133	-2.448	-0.489	0.706	0.000000	0.000000
1582081602589	1582081602587	-0.080	0.966	5.953	-2.071	-0.207	0.577	0.000000	0.000000
1582081602611	1582081602609	-0.195	2.283	6.104	-2.217	0.278	0.431	0.000000	0.000000
1582081602628	1582081602627	-0.710	2.449	6.660	-2.267	0.503	0.545	0.000000	0.000000
1582081602648	1582081602647	-1.357	1.567	6.904	-1.817	0.650	0.843	0.000000	0.000000
1582081602669	1582081602668	-1.829	0.209	7.625	-1.516	0.815	0.784	0.000000	0.000000
1582081602688	1582081602687	-1.836	-0.668	7.841	-1.986	0.700	0.679	0.000000	0.000000
1582081602708	1582081602707	-2.382	-1.703	8.004	-1.857	0.547	0.782	0.000000	0.000000
1582081602728	1582081602728	-2.466	-1.032	8.306	-1.377	0.547	0.666	0.000000	0.000000
1582081602759	1582081602747	-1.735	0.278	8.210	-1.851	0.443	0.615	0.000000	0.000000
1582081602768	1582081602768	-2.269	0.008	8.387	-1.854	0.411	0.772	0.000000	0.000000
1582081602788	1582081602786	-2.887	-1.458	8.097	-1.404	0.256	0.807	0.000000	0.000000
