1582081692411	1582081692411	-16.963	-8.853	-8.858	-3.858	3.116	6.210	0.000000	0.000000
1582081692437	1582081692430	-18.192	-11.769	-10.616	-4.815	3.168	5.228	0.000000	0.000000
1582081692449	1582081692448	-16.043	-10.549	-10.988	-4.086	2.952	5.218	0.000000	0.000000
1582081692469	1582081692468	-17.332	-6.561	-10.751	-4.257	2.905	5.029	0.000000	0.000000
1582081692490	1582081692488	-17.442	-10.073	-11.124	-4.726	2.533	4.010	0.000000	0.000000
1582081692509	1582081692508	-12.932	-7.663	-11.929	-4.581	2.169	3.706	0.000000	0.000000
1582081692529	1582081692528	-13.377	-5.976	-11.256	-4.568	2.338	3.315	0.000000	0.000000
1582081692550	1582081692549	-11.149	-6.815	-10.710	-4.166	1.728	2.850	0.000000	0.000000
1582081692569	1582081692567	-10.323	-3.392	-10.743	-4.006	1.450	2.506	0.000000	0.000000
1582081692589	1582081692587	-8.208	-0.222	-9.019	-4.102	0.887	1.987	0.000000	0.000000
1582081692609	1582081692607	-8.215	0.022	-8.072	-3.742	0.760	1.720	0.000000	0.000000
1582081692631	1582081692629	-9.089	2.250	-6.774	-3.444	0.734	1.377	0.000000	0.000000
1582081692648	1582081692647	-7.245	1.165	-6.903	-3.207	0.017	1.213	0.000000	0.000000
1582081692669	1582081692667	-5.386	2.640	-4.805	-2.817	0.064	1.361	0.000000	0.000000
1582081692689	1582081692688	-7.724	7.189	-5.572	-3.526	0.431	1.108	0.000000	0.000000
1582081692708	1582081692707	-8.462	6.643	-4.918	-2.591	-0.071	0.715	0.000000	0.000000
1582081692728	1582081692727	-6.639	5.422	-4.431	-2.257	-0.676	0.527	0.000000	0.000000
1582081692750	1582081692748	-7.489	5.390	-2.560	-2.224	-0.666	0.445	0.000000	0.000000
1582081692769	1582081692768	-7.230	6.981	-1.892	-2.346	-0.911	0.329	0.000000	0.000000
1582081692788	1582081692787	-7.015	6.392	-2.745	-2.261	-1.272	0.253	0.000000	0.000000
1582081692808	1582081692807	-8.490	3.129	-0.500	-1.514	-1.373	0.122	0.000000	0.000000
1582081692828	1582081692827	-11.820	2.401	1.433	-1.447	-1.591	0.130	0.000000	0.000000
1582081692848	1582081692846	-10.967	3.182	-0.031	-1.053	-3.057	0.213	0.000000	0.000000
1582081692868	1582081692866	-9.968	5.647	2.410	-0.106	-4.126	0.353	0.000000	0.000000
1582081692888	1582081692886	-11.715	6.198	3.318	-0.318	-4.109	-0.306	0.000000	0.000000
1582081692908	1582081692906	-12.278	3.908	1.835	-1.674	-3.432	-1.195	0.000000	0.000000
1582081692927	1582081692926	-15.605	2.070	0.415	-1.564	-3.663	-1.284	0.000000	0.000000
1582081692952	1582081692946	-17.004	1.479	-0.845	-0.025	-5.189	-1.388	0.000000	0.000000
1582081692969	1582081692966	-16.144	0.544	-2.889	1.304	-6.825	-1.508	0.000000	0.000000
1582081692987	1582081692986	-16.048	-0.800	-4.218	2.559	-8.182	-1.648	0.000000	0.000000
1582081693007	1582081693006	-14.494	-1.272	-5.687	3.846	-9.237	-1.827	0.000000	0.000000
1582081693027	1582081693026	-13.037	-0.335	-7.711	4.360	-9.797	-1.811	0.000000	0.000000
1582081693047	1582081693046	-12.103	-1.379	-9.304	5.421	-10.218	-1.995	0.000000	0.000000
1582081693067	1582081693066	-10.445	-5.155	-10.458	7.868	-10.561	-2.121	0.000000	0.000000
1582081693087	1582081693085	-6.497	-5.176	-12.459	9.650	-10.190	-1.995	0.000000	0.000000
1582081693107	1582081693105	-5.465	-0.977	-13.537	8.957	-8.685	-1.952	0.000000	0.000000
1582081693126	1582081693125	-5.455	0.211	-10.763	7.833	-7.837	-2.589	0.000000	0.000000
1582081693146	1582081693145	-3.608	-3.289	-9.083	6.552	-6.682	-2.593	0.000000	0.000000
1582081693171	1582081693168	-5.573	-1.128	-12.583	4.388	-5.286	-2.138	0.000000	0.000000
1582081693188	1582081693185	-6.641	3.052	-14.598	2.474	-5.015	-1.845	0.000000	0.000000
1582081693207	1582081693206	-5.266	4.018	-13.194	1.272	-5.048	-1.852	0.000000	0.000000
1582081693227	1582081693226	-5.213	4.562	-9.742	0.307	-4.725	-1.970	0.000000	0.000000
1582081693247	1582081693246	-5.822	4.035	-4.283	-0.774	-4.510	-2.049	0.000000	0.000000
1582081693269	1582081693269	-7.995	2.952	1.512	-1.669	-4.604	-1.810	0.000000	0.000000
1582081693289	1582081693287	-10.984	1.831	5.987	-0.775	-4.416	-1.233	0.000000	0.000000
1582081693306	1582081693306	-10.761	3.989	8.310	-0.564	-3.515	-0.559	0.000000	0.000000
1582081693326	1582081693326	-9.734	5.148	9.530	-0.116	-5.370	0.044	0.000000	0.000000
1582081693349	1582081693346	-13.497	7.091	11.013	-0.585	-4.727	0.785	0.000000	0.000000
1582081693370	1582081693370	-11.902	6.186	10.749	-0.684	-4.257	0.881	0.000000	0.000000
1582081693389	1582081693386	-13.150	5.120	8.763	-1.279	-3.842	1.395	0.000000	0.000000
1582081693406	1582081693405	-13.025	5.659	12.699	-1.150	-3.572	1.092	0.000000	0.000000
1582081693427	1582081693425	-6.018	8.272	13.092	0.693	-3.381	0.839	0.000000	0.000000
1582081693446	1582081693445	-4.392	5.041	11.312	1.764	-2.588	1.551	0.000000	0.000000
1582081693467	1582081693465	-7.525	6.708	11.017	1.185	-1.993	1.900	0.000000	0.000000
1582081693491	1582081693486	-6.148	7.371	10.200	0.832	-2.077	2.036	0.000000	0.000000
1582081693507	1582081693506	-2.681	5.584	9.743	0.172	-2.103	1.994	0.000000	0.000000
1582081693526	1582081693525	-2.842	5.620	9.501	-0.818	-1.648	1.904	0.000000	0.000000
1582081693546	1582081693545	-4.710	4.358	9.805	-1.393	-1.113	1.767	0.000000	0.000000
1582081693576	1582081693576	-2.830	4.811	8.066	-1.965	-1.268	1.583	0.000000	0.000000
1582081693586	1582081693584	-2.660	5.522	6.739	-1.893	-1.037	1.659	0.000000	0.000000
1582081693606	1582081693604	-3.563	5.247	6.717	-1.482	-0.960	1.588	0.000000	0.000000
1582081693626	1582081693625	-3.331	3.860	6.416	-1.821	-0.886	1.338	0.000000	0.000000
1582081693646	1582081693645	-1.941	4.070	6.557	-2.109	-0.657	1.337	0.000000	0.000000
1582081693665	1582081693665	-2.130	4.161	6.655	-2.651	-0.249	1.265	0.000000	0.000000
1582081693688	1582081693688	-0.983	3.982	5.165	-3.415	-0.274	1.130	0.000000	0.000000
1582081693707	1582081693705	-1.481	2.317	4.042	-3.162	-0.145	1.183	0.000000	0.000000
1582081693725	1582081693724	-2.600	0.724	5.074	-2.608	0.037	1.044	0.000000	0.000000
1582081693745	1582081693744	-1.941	2.487	5.692	-2.100	-0.452	0.737	0.000000	0.000000
1582081693769	1582081693769	-1.019	3.244	5.594	-2.221	-0.546	0.314	0.000000	0.000000
1582081693785	1582081693784	-0.303	2.104	5.747	-2.910	-0.124	0.159	0.000000	0.000000
1582081693805	1582081693804	-1.266	0.563	6.166	-3.241	0.321	0.282	0.000000	0.000000
1582081693825	1582081693823	-1.390	-0.395	6.684	-3.302	0.359	0.306	0.000000	0.000000
1582081693844	1582081693843	-0.142	-1.379	7.163	-2.467	0.338	0.409	0.000000	0.000000
1582081693867	1582081693865	-1.251	-2.656	8.028	-1.548	0.468	0.527	0.000000	0.000000
1582081693888	1582081693883	-2.485	-1.475	8.943	-1.489	0.638	0.321	0.000000	0.000000
1582081693907	1582081693906	-2.986	-2.064	8.794	-1.582	0.251	0.294	0.000000	0.000000
1582081693924	1582081693923	-1.577	-1.533	8.476	-1.877	-0.267	0.376	0.000000	0.000000
1582081693945	1582081693943	-1.002	-2.438	8.370	-2.463	-0.149	0.457	0.000000	0.000000
1582081693964	1582081693963	-1.369	-3.935	8.085	-2.156	0.132	0.617	0.000000	0.000000
1582081693984	1582081693984	-1.270	-3.368	7.731	-1.757	0.144	0.775	0.000000	0.000000
1582081694004	1582081694004	-1.280	-3.674	7.747	-1.055	0.172	0.804	0.000000	0.000000
1582081694025	1582081694025	-1.036	-4.913	8.076	-0.770	0.290	0.808	0.000000	0.000000
1582081694044	1582081694043	-1.651	-5.076	8.183	-1.000	0.471	0.790	0.000000	0.000000
1582081694063	1582081694063	-1.814	-4.122	8.088	-1.418	0.469	0.668	0.000000	0.000000
1582081694085	1582081694084	-1.469	-4.180	7.474	-1.754	0.383	0.748	0.000000	0.000000
1582081694103	1582081694101	-1.587	-4.089	7.386	-1.435	0.333	1.031	0.000000	0.000000
1582081694122	1582081694121	-1.781	-4.280	7.735	-1.068	0.310	1.175	0.000000	0.000000
1582081694144	1582081694142	-2.023	-5.020	8.004	-1.326	0.280	1.164	0.000000	0.000000
1582081694163	1582081694163	-2.293	-5.131	7.496	-1.602	0.177	1.095	0.000000	0.000000
1582081694183	1582081694183	-2.545	-5.188	7.235	-2.069	0.244	0.952	0.000000	0.000000
1582081694203	1582081694202	-3.228	-6.328	6.277	-2.409	0.201	1.029	0.000000	0.000000
1582081694222	1582081694222	-3.127	-6.764	5.038	-2.503	0.116	1.026	0.000000	0.000000
1582081694242	1582081694242	-3.362	-6.793	4.736	-2.546	0.123	0.921	0.000000	0.000000
1582081694262	1582081694261	-3.628	-7.289	4.461	-2.680	0.160	0.789	0.000000	0.000000
1582081694283	1582081694282	-3.393	-8.935	3.807	-2.519	0.125	0.733	0.000000	0.000000
1582081694309	1582081694309	-3.697	-9.474	2.949	-2.283	0.168	0.621	0.000000	0.000000
1582081694328	1582081694324	-4.452	-9.153	2.362	-2.533	0.201	0.449	0.000000	0.000000
1582081694343	1582081694342	-4.648	-8.511	1.562	-3.183	-0.004	0.081	0.000000	0.000000
1582081694363	1582081694361	-5.046	-9.062	0.424	-3.994	-0.163	-0.337	0.000000	0.000000
1582081694384	1582081694384	-6.188	-11.888	-0.955	-5.020	0.016	-0.616	0.000000	0.000000
1582081694403	1582081694402	-7.602	-15.781	-3.804	-6.707	0.537	-1.257	0.000000	0.000000
1582081694426	1582081694426	-8.694	-17.185	-9.833	-10.504	1.181	-2.326	0.000000	0.000000
1582081694441	1582081694441	-13.008	-18.828	-16.478	-14.236	1.616	-2.577	0.000000	0.000000
1582081694462	1582081694461	-10.594	-21.878	-18.337	-12.775	1.773	-2.125	0.000000	0.000000
1582081694485	1582081694480	-6.830	-20.723	-14.983	-8.419	3.834	-1.700	0.000000	0.000000
1582081694504	1582081694504	-12.294	-9.397	-15.882	-5.570	6.395	-0.799	0.000000	0.000000
1582081694527	1582081694520	-12.038	3.167	-14.792	-4.502	5.952	0.206	0.000000	0.000000
1582081694542	1582081694540	-6.428	-0.883	-9.105	0.862	5.556	1.921	0.000000	0.000000
1582081694576	1582081694560	-9.933	-6.338	-5.071	4.893	4.906	4.457	0.000000	0.000000
1582081694582	1582081694580	-9.106	-4.472	-4.930	4.026	3.813	5.493	0.000000	0.000000
1582081694605	1582081694605	-5.017	-10.353	-1.090	6.016	2.508	5.885	0.000000	0.000000
1582081694626	1582081694621	-7.235	-3.727	0.585	4.500	2.121	6.470	0.000000	0.000000
1582081694642	1582081694642	-2.279	5.321	3.455	2.700	0.965	6.717	0.000000	0.000000
1582081694661	1582081694660	-5.858	4.231	4.849	1.720	0.839	8.080	0.000000	0.000000
1582081694681	1582081694680	-15.033	-5.406	1.890	-0.149	1.333	8.745	0.000000	0.000000
1582081694705	1582081694705	-15.078	-15.352	-4.482	-1.571	1.002	8.328	0.000000	0.000000
1582081694723	1582081694720	-13.976	-13.850	-8.947	-3.347	1.982	7.596	0.000000	0.000000
1582081694740	1582081694740	-16.935	-15.379	-12.279	-4.362	3.069	6.818	0.000000	0.000000
1582081694760	1582081694760	-17.488	-11.999	-9.871	-4.097	2.922	6.548	0.000000	0.000000
1582081694781	1582081694779	-16.099	-11.927	-10.190	-4.241	3.337	5.698	0.000000	0.000000
1582081694804	1582081694804	-18.130	-9.399	-11.826	-4.911	4.052	5.074	0.000000	0.000000
1582081694821	1582081694821	-19.404	-7.162	-11.021	-4.865	3.485	4.824	0.000000	0.000000
1582081694841	1582081694839	-18.587	-7.337	-11.529	-4.983	2.761	4.116	0.000000	0.000000
1582081694859	1582081694859	-15.090	-8.034	-10.758	-4.175	1.958	4.066	0.000000	0.000000
1582081694881	1582081694879	-13.993	-6.316	-9.998	-3.596	2.059	4.271	0.000000	0.000000
1582081694900	1582081694899	-14.031	-2.963	-10.044	-3.902	2.157	3.277	0.000000	0.000000
1582081694924	1582081694924	-10.505	-4.472	-9.538	-4.323	1.339	2.176	0.000000	0.000000
1582081694941	1582081694940	-7.681	1.955	-9.004	-4.252	0.830	1.897	0.000000	0.000000
1582081694961	1582081694958	-7.489	-1.667	-8.573	-4.220	0.956	1.632	0.000000	0.000000
1582081694980	1582081694979	-7.841	2.966	-7.672	-3.774	0.684	1.837	0.000000	0.000000
1582081695003	1582081695000	-7.427	3.531	-6.245	-2.891	-0.010	2.019	0.000000	0.000000
1582081695023	1582081695023	-5.896	3.043	-5.766	-2.635	-0.545	1.888	0.000000	0.000000
1582081695040	1582081695040	-5.034	6.063	-5.847	-2.699	-0.582	1.465	0.000000	0.000000
1582081695059	1582081695058	-5.757	5.153	-5.040	-2.687	-0.435	0.928	0.000000	0.000000
1582081695078	1582081695078	-6.133	5.280	-5.339	-2.957	-0.386	0.611	0.000000	0.000000
1582081695099	1582081695098	-6.878	8.009	-4.149	-3.453	-0.464	0.453	0.000000	0.000000
1582081695124	1582081695118	-7.489	8.476	-3.566	-3.336	-0.984	0.212	0.000000	0.000000
1582081695139	1582081695138	-7.343	7.673	-3.420	-3.358	-1.583	-0.316	0.000000	0.000000
1582081695160	1582081695157	-6.866	6.114	-2.956	-3.539	-1.996	-0.749	0.000000	0.000000
1582081695179	1582081695177	-7.020	3.388	-1.197	-2.483	-2.196	-0.678	0.000000	0.000000
1582081695198	1582081695197	-8.816	1.397	1.946	-1.235	-1.731	-0.319	0.000000	0.000000
1582081695221	1582081695221	-10.586	0.671	0.571	-0.378	-2.008	-0.275	0.000000	0.000000
1582081695243	1582081695238	-11.655	4.363	-0.618	1.014	-2.890	-0.360	0.000000	0.000000
1582081695262	1582081695258	-11.724	5.271	2.434	0.997	-4.386	-0.470	0.000000	0.000000
1582081695278	1582081695277	-9.317	3.881	3.462	0.073	-4.553	-1.131	0.000000	0.000000
1582081695297	1582081695297	-11.279	3.452	2.671	-0.639	-3.543	-1.476	0.000000	0.000000
1582081695317	1582081695317	-14.939	2.190	1.351	-0.460	-3.531	-1.598	0.000000	0.000000
1582081695338	1582081695337	-16.362	-0.376	-0.146	1.315	-4.778	-1.719	0.000000	0.000000
1582081695359	1582081695356	-17.035	-1.461	-1.676	3.027	-6.332	-1.753	0.000000	0.000000
1582081695378	1582081695377	-17.150	-1.576	-3.142	4.488	-7.934	-1.389	0.000000	0.000000
1582081695397	1582081695397	-16.563	-1.760	-4.860	6.102	-9.340	-1.078	0.000000	0.000000
1582081695418	1582081695418	-16.046	-1.422	-8.034	7.131	-10.482	-1.008	0.000000	0.000000
1582081695451	1582081695438	-13.653	-1.042	-11.040	7.256	-11.557	-1.710	0.000000	0.000000
1582081695459	1582081695459	-9.566	-5.001	-11.582	6.905	-11.607	-2.915	0.000000	0.000000
1582081695478	1582081695476	-6.265	-6.415	-10.597	6.681	-10.320	-3.630	0.000000	0.000000
1582081695498	1582081695496	-6.023	-8.501	-10.039	8.281	-7.595	-3.267	0.000000	0.000000
1582081695519	1582081695516	-8.926	-10.743	-16.315	9.998	-5.146	-1.894	0.000000	0.000000
1582081695538	1582081695537	-7.801	-1.902	-24.381	9.134	-4.539	-0.238	0.000000	0.000000
1582081695560	1582081695560	-2.899	8.363	-22.153	5.329	-5.248	-0.356	0.000000	0.000000
1582081695584	1582081695576	-0.717	5.553	-16.172	2.495	-4.879	-1.410	0.000000	0.000000
1582081695596	1582081695596	-2.265	5.326	-9.855	-0.563	-4.219	-1.750	0.000000	0.000000
1582081695617	1582081695615	-3.513	5.965	-3.832	-1.905	-4.501	-2.283	0.000000	0.000000
1582081695638	1582081695634	-5.585	1.898	1.359	-0.668	-4.616	-1.923	0.000000	0.000000
1582081695657	1582081695655	-13.921	2.061	7.273	0.439	-4.400	-0.567	0.000000	0.000000
1582081695676	1582081695676	-12.891	3.170	9.908	-0.492	-6.247	-0.459	0.000000	0.000000
1582081695696	1582081695695	-7.580	2.382	11.899	0.058	-7.758	-0.075	0.000000	0.000000
1582081695716	1582081695715	-13.102	3.915	12.639	-0.857	-5.746	0.583	0.000000	0.000000
1582081695737	1582081695737	-14.874	4.403	10.895	-1.481	-5.304	0.932	0.000000	0.000000
1582081695760	1582081695760	-15.241	6.080	13.133	-0.992	-5.537	1.164	0.000000	0.000000
1582081695781	1582081695775	-8.361	9.652	12.732	-0.621	-4.375	0.635	0.000000	0.000000
1582081695795	1582081695795	-8.653	7.922	12.881	-0.906	-2.856	1.177	0.000000	0.000000
1582081695815	1582081695815	-6.986	5.539	12.505	-0.615	-2.600	1.219	0.000000	0.000000
1582081695837	1582081695837	-4.919	5.939	12.411	0.143	-2.553	1.050	0.000000	0.000000
1582081695858	1582081695858	-4.617	6.907	11.355	0.309	-2.541	1.524	0.000000	0.000000
1582081695876	1582081695875	-4.435	7.146	10.488	-0.275	-2.169	1.614	0.000000	0.000000
1582081695896	1582081695894	-3.323	4.018	10.018	-0.432	-2.012	1.814	0.000000	0.000000
1582081695916	1582081695914	-3.560	3.591	9.678	-0.162	-1.528	1.683	0.000000	0.000000
1582081695935	1582081695935	-3.230	5.445	8.799	-0.326	-1.022	1.273	0.000000	0.000000
1582081695957	1582081695957	-2.492	6.140	7.424	-0.839	-0.858	1.177	0.000000	0.000000
1582081695976	1582081695974	-1.841	5.237	6.686	-1.527	-1.241	1.516	0.000000	0.000000
1582081695994	1582081695994	-2.698	3.766	6.370	-2.047	-1.172	1.827	0.000000	0.000000
1582081696014	1582081696014	-2.056	3.828	5.659	-2.449	-0.608	1.762	0.000000	0.000000
1582081696035	1582081696034	-1.644	4.415	5.565	-2.764	0.029	1.426	0.000000	0.000000
1582081696064	1582081696059	-1.836	3.975	4.926	-2.807	0.285	1.419	0.000000	0.000000
1582081696074	1582081696073	-2.413	2.741	4.456	-2.799	0.251	1.521	0.000000	0.000000
1582081696094	1582081696094	-2.126	2.025	4.185	-2.342	0.007	1.447	0.000000	0.000000
1582081696114	1582081696113	-2.070	1.210	4.600	-1.382	-0.074	1.535	0.000000	0.000000
1582081696134	1582081696133	-2.368	0.829	5.740	-1.068	0.006	1.269	0.000000	0.000000
1582081696156	1582081696156	-2.241	0.817	6.327	-1.445	-0.014	0.821	0.000000	0.000000
1582081696180	1582081696174	-1.302	1.498	6.332	-2.007	-0.274	0.410	0.000000	0.000000
1582081696193	1582081696193	-0.628	1.146	6.178	-2.471	-0.463	0.341	0.000000	0.000000
1582081696213	1582081696213	-0.513	-1.322	6.260	-2.986	-0.311	0.430	0.000000	0.000000
1582081696236	1582081696235	0.462	-3.368	6.768	-3.146	0.002	0.474	0.000000	0.000000
1582081696265	1582081696264	0.138	-4.280	6.842	-2.733	0.222	0.647	0.000000	0.000000
1582081696275	1582081696275	-1.189	-3.571	7.426	-2.434	0.562	0.594	0.000000	0.000000
1582081696294	1582081696293	-2.248	-2.853	9.259	-2.002	0.663	0.477	0.000000	0.000000
1582081696314	1582081696312	-2.116	-2.917	10.157	-1.998	0.504	0.258	0.000000	0.000000
1582081696335	1582081696333	-1.642	-3.272	10.184	-1.615	0.286	0.240	0.000000	0.000000
1582081696355	1582081696355	-3.232	-1.542	9.273	-1.312	0.009	0.309	0.000000	0.000000
1582081696374	1582081696374	-2.015	-0.886	8.284	-1.868	-0.703	0.215	0.000000	0.000000
1582081696393	1582081696392	0.644	-2.443	7.819	-2.615	-1.533	0.420	0.000000	0.000000
1582081696413	1582081696412	0.030	-2.215	8.471	-2.220	-0.746	0.861	0.000000	0.000000
1582081696433	1582081696432	-1.704	-2.591	8.801	-2.100	0.125	1.282	0.000000	0.000000
1582081696458	1582081696458	-2.559	-4.031	7.441	-3.249	-0.251	1.190	0.000000	0.000000
1582081696474	1582081696472	-1.361	-5.907	5.829	-3.148	-0.901	1.209	0.000000	0.000000
1582081696492	1582081696492	0.006	-6.652	5.127	-2.039	-0.974	1.350	0.000000	0.000000
1582081696513	1582081696512	0.256	-7.414	5.395	-0.840	-0.559	1.605	0.000000	0.000000
1582081696532	1582081696532	-0.609	-7.541	5.191	-0.335	0.068	1.472	0.000000	0.000000
1582081696555	1582081696555	-1.452	-7.361	4.475	-0.540	0.377	1.191	0.000000	0.000000
1582081696575	1582081696573	-2.044	-7.433	4.676	-0.888	0.238	1.113	0.000000	0.000000
1582081696612	1582081696612	-2.262	-8.204	5.088	-1.210	0.055	1.125	0.000000	0.000000
1582081696615	1582081696615	-2.329	-8.156	5.191	-1.871	0.081	0.976	0.000000	0.000000
1582081696632	1582081696631	-2.241	-7.842	4.382	-2.709	0.097	0.876	0.000000	0.000000
1582081696652	1582081696651	-2.413	-8.159	3.594	-3.268	0.303	0.878	0.000000	0.000000
1582081696671	1582081696671	-3.079	-9.308	3.179	-3.243	0.400	0.854	0.000000	0.000000
1582081696691	1582081696691	-3.134	-8.472	2.185	-3.520	0.237	0.690	0.000000	0.000000
1582081696713	1582081696711	-2.818	-8.209	1.112	-3.732	0.156	0.633	0.000000	0.000000
1582081696732	1582081696731	-2.885	-10.303	0.108	-3.313	0.515	0.619	0.000000	0.000000
1582081696754	1582081696754	-3.594	-11.984	-0.831	-3.133	1.001	0.402	0.000000	0.000000
1582081696776	1582081696771	-5.245	-13.790	-2.393	-3.257	1.422	-0.066	0.000000	0.000000
1582081696796	1582081696791	-7.606	-15.256	-4.414	-4.024	2.120	-0.825	0.000000	0.000000
1582081696811	1582081696811	-9.489	-13.069	-8.861	-6.546	2.158	-1.618	0.000000	0.000000
1582081696831	1582081696830	-11.435	-8.868	-15.393	-9.882	1.354	-2.001	0.000000	0.000000
1582081696852	1582081696850	-8.768	-14.938	-20.122	-10.993	1.239	-1.859	0.000000	0.000000
1582081696871	1582081696871	-6.612	-22.539	-22.350	-9.974	3.250	-1.409	0.000000	0.000000
1582081696893	1582081696890	-10.637	-17.817	-20.462	-5.733	5.047	-0.095	0.000000	0.000000
1582081696911	1582081696909	-12.922	-10.394	-15.024	-2.405	6.039	1.472	0.000000	0.000000
1582081696931	1582081696930	-12.215	-5.976	-10.073	-0.417	6.409	2.049	0.000000	0.000000
1582081696950	1582081696949	-9.444	-10.571	-4.029	2.952	5.333	2.971	0.000000	0.000000
1582081696975	1582081696974	-8.799	-1.657	-1.688	4.192	4.857	4.248	0.000000	0.000000
1582081696996	1582081696990	-8.629	1.368	0.523	4.440	3.818	4.333	0.000000	0.000000
1582081697011	1582081697009	-7.331	0.453	1.071	3.738	1.851	4.941	0.000000	0.000000
1582081697030	1582081697029	-4.389	2.659	4.305	2.984	0.347	6.252	0.000000	0.000000
1582081697050	1582081697049	-8.069	3.258	6.938	2.679	-0.157	8.433	0.000000	0.000000
1582081697073	1582081697073	-14.810	-8.034	5.505	2.250	0.515	9.145	0.000000	0.000000
1582081697091	1582081697089	-16.891	-15.259	-1.238	-0.232	1.579	8.605	0.000000	0.000000
1582081697115	1582081697115	-14.908	-14.303	-5.974	-2.105	1.885	7.676	0.000000	0.000000
1582081697130	1582081697129	-15.152	-12.039	-8.204	-3.300	2.234	6.624	0.000000	0.000000
1582081697150	1582081697149	-16.158	-12.068	-9.308	-4.102	2.558	5.823	0.000000	0.000000
1582081697169	1582081697169	-15.533	-12.075	-9.507	-4.534	2.563	5.519	0.000000	0.000000
1582081697192	1582081697192	-17.845	-12.284	-10.583	-4.527	2.827	5.427	0.000000	0.000000
1582081697215	1582081697210	-18.746	-11.845	-9.855	-4.126	2.640	5.080	0.000000	0.000000
1582081697229	1582081697229	-16.786	-10.238	-11.342	-4.464	2.551	4.319	0.000000	0.000000
1582081697249	1582081697248	-14.300	-7.009	-10.990	-4.661	2.428	3.656	0.000000	0.000000
1582081697273	1582081697271	-15.500	-7.198	-10.439	-4.669	2.331	3.246	0.000000	0.000000
1582081697291	1582081697288	-12.357	-6.513	-10.722	-3.964	1.221	3.118	0.000000	0.000000
1582081697313	1582081697313	-9.355	-1.238	-9.675	-3.806	1.242	2.713	0.000000	0.000000
1582081697329	1582081697328	-11.868	-0.435	-8.453	-4.358	1.381	2.326	0.000000	0.000000
1582081697349	1582081697348	-10.632	0.975	-8.032	-3.977	0.592	2.139	0.000000	0.000000
1582081697369	1582081697368	-8.948	0.975	-6.925	-3.537	0.493	1.658	0.000000	0.000000
1582081697396	1582081697396	-9.343	1.141	-7.002	-4.116	0.864	1.290	0.000000	0.000000
1582081697409	1582081697409	-10.119	3.814	-5.356	-3.493	0.425	1.163	0.000000	0.000000
1582081697429	1582081697428	-9.063	4.938	-5.507	-2.789	-0.473	1.111	0.000000	0.000000
1582081697448	1582081697447	-8.941	5.556	-4.719	-2.761	-0.655	1.050	0.000000	0.000000
1582081697469	1582081697467	-9.945	5.089	-3.660	-3.031	-0.701	0.963	0.000000	0.000000
1582081697489	1582081697487	-10.404	6.272	-4.285	-2.783	-1.095	0.723	0.000000	0.000000
1582081697514	1582081697511	-8.756	5.108	-3.027	-2.519	-1.783	0.364	0.000000	0.000000
1582081697532	1582081697532	-7.015	5.328	-2.261	-2.973	-1.877	0.322	0.000000	0.000000
1582081697550	1582081697547	-8.141	4.420	-1.432	-2.907	-1.710	0.407	0.000000	0.000000
1582081697567	1582081697567	-9.853	0.125	1.637	-1.757	-1.703	0.380	0.000000	0.000000
1582081697602	1582081697599	-9.748	-1.006	4.281	-0.259	-1.620	0.681	0.000000	0.000000
1582081697615	1582081697610	-12.038	2.183	1.318	0.489	-2.109	1.260	0.000000	0.000000
1582081697627	1582081697626	-13.595	5.239	2.135	0.893	-3.501	1.024	0.000000	0.000000
1582081697648	1582081697648	-10.457	4.391	1.828	0.190	-4.139	-0.325	0.000000	0.000000
1582081697669	1582081697666	-10.630	2.032	1.392	-0.692	-3.866	-0.787	0.000000	0.000000
1582081697688	1582081697686	-14.872	0.420	0.513	-0.751	-4.201	-0.887	0.000000	0.000000
1582081697713	1582081697710	-16.055	-2.036	-1.691	1.208	-5.974	-1.269	0.000000	0.000000
1582081697729	1582081697727	-14.606	-2.472	-2.790	2.696	-7.833	-1.296	0.000000	0.000000
1582081697748	1582081697746	-13.598	-1.461	-2.941	3.862	-8.852	-1.242	0.000000	0.000000
1582081697768	1582081697766	-12.865	-1.250	-4.302	4.842	-9.393	-1.368	0.000000	0.000000
1582081697789	1582081697788	-12.225	-2.419	-6.415	5.860	-9.898	-1.661	0.000000	0.000000
1582081697808	1582081697808	-10.570	-4.486	-9.114	7.617	-10.387	-1.693	0.000000	0.000000
1582081697828	1582081697827	-7.377	-5.325	-11.112	9.133	-10.250	-1.407	0.000000	0.000000
1582081697848	1582081697845	-3.915	-1.973	-12.082	9.088	-8.559	-1.133	0.000000	0.000000
1582081697866	1582081697866	-4.500	-2.079	-12.490	9.278	-6.275	-1.113	0.000000	0.000000
1582081697886	1582081697885	-7.307	-5.123	-14.200	8.984	-5.642	-0.845	0.000000	0.000000
1582081697907	1582081697907	-4.912	-1.988	-17.144	7.400	-6.200	-0.430	0.000000	0.000000
1582081697930	1582081697926	-2.006	1.541	-17.693	6.204	-5.736	-0.185	0.000000	0.000000
1582081697946	1582081697945	-1.817	1.948	-16.833	4.615	-4.383	0.333	0.000000	0.000000
1582081697967	1582081697965	-2.435	6.442	-12.902	1.037	-4.199	0.407	0.000000	0.000000
1582081697985	1582081697985	-2.576	9.245	-7.038	-1.913	-4.777	-0.763	0.000000	0.000000
1582081698006	1582081698006	-4.444	3.852	-1.660	-2.463	-4.927	-1.786	0.000000	0.000000
1582081698025	1582081698025	-10.472	-0.658	4.887	-2.857	-4.965	-1.599	0.000000	0.000000
1582081698047	1582081698044	-12.589	-0.939	10.107	-2.536	-5.150	-0.673	0.000000	0.000000
1582081698066	1582081698065	-7.369	4.871	10.150	-1.817	-5.195	0.015	0.000000	0.000000
1582081698085	1582081698084	-13.337	6.567	7.922	-1.707	-3.403	0.708	0.000000	0.000000
1582081698105	1582081698104	-17.509	2.453	4.051	-0.996	-3.371	0.772	0.000000	0.000000
1582081698131	1582081698127	-12.754	3.682	6.658	0.992	-4.589	0.496	0.000000	0.000000
1582081698149	1582081698144	-12.963	8.552	12.241	1.387	-4.393	0.801	0.000000	0.000000
1582081698167	1582081698167	-8.148	11.755	8.480	1.223	-3.072	0.978	0.000000	0.000000
1582081698186	1582081698185	-12.877	10.498	7.759	0.238	-1.963	1.768	0.000000	0.000000
1582081698205	1582081698204	-9.784	8.143	8.761	0.139	-2.547	1.581	0.000000	0.000000
1582081698225	1582081698225	-7.039	7.268	9.602	0.214	-2.596	1.647	0.000000	0.000000
1582081698249	1582081698244	-6.121	7.613	9.118	-0.114	-2.200	1.879	0.000000	0.000000
1582081698265	1582081698264	-6.629	7.853	7.903	-0.900	-1.760	1.984	0.000000	0.000000
1582081698285	1582081698284	-6.318	8.792	7.410	-1.195	-1.860	1.989	0.000000	0.000000
1582081698309	1582081698306	-6.220	7.858	7.506	-1.767	-1.976	2.098	0.000000	0.000000
1582081698328	1582081698328	-5.568	6.792	6.447	-2.455	-1.705	2.093	0.000000	0.000000
1582081698350	1582081698345	-4.789	7.137	6.150	-2.821	-1.599	1.776	0.000000	0.000000
1582081698366	1582081698363	-3.479	7.386	6.473	-3.103	-1.488	1.534	0.000000	0.000000
1582081698384	1582081698384	-2.772	6.260	6.816	-3.019	-1.311	1.316	0.000000	0.000000
1582081698405	1582081698403	-1.987	5.215	6.121	-2.766	-1.212	1.205	0.000000	0.000000
1582081698427	1582081698427	-1.076	4.358	5.512	-2.307	-0.923	1.156	0.000000	0.000000
1582081698446	1582081698446	-0.911	3.606	5.184	-2.229	-0.413	1.067	0.000000	0.000000
1582081698468	1582081698468	-0.557	3.263	4.983	-2.589	0.088	0.959	0.000000	0.000000
1582081698484	1582081698483	-1.060	2.406	4.193	-2.804	0.396	1.044	0.000000	0.000000
1582081698503	1582081698503	-2.339	1.586	4.693	-2.394	0.649	1.156	0.000000	0.000000
1582081698525	1582081698525	-3.151	1.632	5.158	-2.120	0.495	1.059	0.000000	0.000000
1582081698544	1582081698544	-3.572	2.501	5.898	-2.481	0.304	0.548	0.000000	0.000000
1582081698564	1582081698563	-2.878	2.796	6.109	-3.321	-0.353	0.128	0.000000	0.000000
1582081698584	1582081698583	-1.500	0.963	5.944	-4.039	-0.825	0.062	0.000000	0.000000
1582081698603	1582081698603	-0.499	-1.583	6.099	-3.909	-0.733	0.156	0.000000	0.000000
1582081698628	1582081698628	0.145	-2.774	6.485	-3.087	-0.244	0.374	0.000000	0.000000
1582081698648	1582081698643	-0.631	-2.421	7.850	-2.213	0.607	0.508	0.000000	0.000000
1582081698664	1582081698664	-2.511	-1.643	9.108	-2.011	1.221	0.642	0.000000	0.000000
1582081698683	1582081698682	-4.248	-2.134	8.818	-2.483	0.954	0.600	0.000000	0.000000
1582081698702	1582081698702	-3.388	-2.395	7.824	-2.570	0.006	0.370	0.000000	0.000000
1582081698722	1582081698722	-1.208	-2.287	8.418	-2.196	-0.732	0.372	0.000000	0.000000
1582081698748	1582081698748	0.076	-3.001	8.430	-2.035	-0.656	0.604	0.000000	0.000000
1582081698763	1582081698762	-0.432	-4.065	7.870	-1.840	0.133	0.914	0.000000	0.000000
1582081698783	1582081698783	-2.387	-3.701	8.109	-1.595	0.652	1.021	0.000000	0.000000
1582081698803	1582081698802	-3.225	-3.554	8.148	-1.755	0.349	0.955	0.000000	0.000000
1582081698823	1582081698821	-2.346	-4.196	6.976	-1.718	-0.171	1.029	0.000000	0.000000
1582081698844	1582081698842	-1.733	-5.076	6.734	-1.581	-0.033	1.195	0.000000	0.000000
1582081698864	1582081698862	-2.720	-5.516	6.265	-2.008	0.278	1.255	0.000000	0.000000
1582081698883	1582081698881	-2.863	-5.952	5.948	-1.999	0.050	1.111	0.000000	0.000000
1582081698902	1582081698901	-2.552	-6.649	5.436	-2.074	-0.196	0.932	0.000000	0.000000
1582081698923	1582081698923	-2.152	-5.658	5.445	-1.855	-0.229	0.915	0.000000	0.000000
1582081698953	1582081698949	-2.300	-6.034	5.678	-1.702	0.139	1.027	0.000000	0.000000
1582081698963	1582081698961	-3.093	-6.961	5.400	-1.800	0.335	1.099	0.000000	0.000000
1582081698981	1582081698981	-3.596	-6.937	5.057	-1.972	0.441	1.099	0.000000	0.000000
1582081699002	1582081699001	-4.083	-7.126	5.007	-1.929	0.378	1.140	0.000000	0.000000
1582081699022	1582081699021	-4.035	-7.646	4.882	-1.971	0.205	1.017	0.000000	0.000000
1582081699044	1582081699042	-3.800	-8.698	4.121	-2.054	0.086	0.938	0.000000	0.000000
1582081699062	1582081699062	-3.743	-8.968	3.881	-1.938	0.140	0.913	0.000000	0.000000
1582081699080	1582081699080	-3.673	-7.969	3.460	-2.021	0.346	0.827	0.000000	0.000000
1582081699101	1582081699100	-4.497	-8.621	3.012	-2.113	0.746	0.797	0.000000	0.000000
1582081699120	1582081699120	-5.597	-10.832	2.168	-2.049	0.930	0.758	0.000000	0.000000
1582081699141	1582081699141	-6.366	-12.042	1.502	-1.903	1.012	0.358	0.000000	0.000000
1582081699161	1582081699161	-6.701	-11.464	-0.251	-2.179	1.130	-0.357	0.000000	0.000000
1582081699180	1582081699180	-7.714	-10.540	-3.643	-2.811	1.703	-0.981	0.000000	0.000000
1582081699201	1582081699199	-10.127	-11.107	-7.045	-3.690	2.276	-1.663	0.000000	0.000000
1582081699220	1582081699220	-12.168	-11.261	-8.985	-5.616	1.775	-2.319	0.000000	0.000000
1582081699245	1582081699244	-11.602	-12.346	-10.858	-7.237	0.842	-2.327	0.000000	0.000000
1582081699264	1582081699264	-9.041	-19.760	-13.673	-7.964	1.405	-2.334	0.000000	0.000000
1582081699284	1582081699280	-9.947	-22.498	-13.965	-8.029	3.674	-1.629	0.000000	0.000000
1582081699301	1582081699299	-12.124	-11.266	-16.660	-5.896	4.938	-0.144	0.000000	0.000000
1582081699320	1582081699319	-13.298	-10.327	-15.484	-2.422	5.173	0.447	0.000000	0.000000
1582081699340	1582081699339	-12.764	-17.276	-8.678	-0.140	5.621	0.539	0.000000	0.000000
1582081699360	1582081699359	-10.378	-6.721	-4.975	1.282	5.310	2.007	0.000000	0.000000
1582081699382	1582081699381	-9.906	-1.748	-0.716	3.766	4.366	3.792	0.000000	0.000000
1582081699400	1582081699399	-10.730	-0.206	0.111	3.869	3.104	5.106	0.000000	0.000000
1582081699420	1582081699419	-6.859	-1.401	3.385	4.555	2.281	5.897	0.000000	0.000000
1582081699440	1582081699439	-6.193	0.075	5.376	3.990	1.468	7.613	0.000000	0.000000
1582081699466	1582081699463	-8.840	0.781	6.099	1.752	1.687	8.031	0.000000	0.000000
1582081699483	1582081699483	-15.342	-6.973	2.889	-0.550	2.457	7.727	0.000000	0.000000
1582081699499	1582081699498	-17.162	-9.313	-0.764	-1.792	2.229	7.366	0.000000	0.000000
1582081699520	1582081699518	-16.781	-15.340	-6.503	-3.127	2.683	6.558	0.000000	0.000000
1582081699542	1582081699538	-14.846	-10.497	-9.467	-3.936	3.163	6.106	0.000000	0.000000
1582081699560	1582081699560	-16.810	-9.754	-10.525	-4.174	3.475	5.485	0.000000	0.000000
1582081699582	1582081699578	-16.182	-10.980	-10.501	-3.900	3.399	4.893	0.000000	0.000000
1582081699602	1582081699600	-15.962	-10.166	-9.306	-4.186	3.788	4.625	0.000000	0.000000
1582081699618	1582081699617	-16.170	-7.440	-10.348	-4.726	3.726	4.411	0.000000	0.000000
1582081699639	1582081699639	-16.412	-7.720	-10.039	-4.749	3.280	3.910	0.000000	0.000000
1582081699665	1582081699663	-15.215	-5.571	-10.327	-5.030	2.811	3.528	0.000000	0.000000
1582081699680	1582081699680	-13.727	-5.421	-10.075	-4.672	2.389	2.875	0.000000	0.000000
1582081699700	1582081699698	-12.103	-4.491	-9.246	-4.504	1.837	2.545	0.000000	0.000000
1582081699719	1582081699718	-9.825	-1.918	-7.783	-4.042	1.400	2.256	0.000000	0.000000
1582081699739	1582081699737	-9.746	1.802	-7.986	-4.308	1.487	1.626	0.000000	0.000000
1582081699759	1582081699758	-10.210	0.789	-6.228	-4.525	1.309	1.081	0.000000	0.000000
1582081699782	1582081699782	-9.065	4.712	-6.606	-4.454	0.696	0.744	0.000000	0.000000
1582081699798	1582081699798	-7.669	4.018	-5.042	-3.989	0.029	0.405	0.000000	0.000000
1582081699818	1582081699817	-8.335	4.823	-4.414	-4.060	-0.302	0.300	0.000000	0.000000
1582081699837	1582081699837	-7.702	6.054	-3.583	-2.793	-0.645	0.491	0.000000	0.000000
1582081699858	1582081699858	-8.189	5.378	-2.829	-2.312	-0.828	0.592	0.000000	0.000000
1582081699883	1582081699880	-6.960	5.548	-2.144	-2.874	-1.016	0.764	0.000000	0.000000
1582081699898	1582081699897	-7.408	8.521	-1.595	-2.795	-1.225	0.676	0.000000	0.000000
1582081699918	1582081699916	-10.136	4.526	0.168	-2.472	-1.504	0.140	0.000000	0.000000
1582081699937	1582081699936	-12.120	-1.403	2.971	-2.546	-1.824	-0.181	0.000000	0.000000
1582081699958	1582081699956	-11.329	0.314	3.558	-1.946	-2.619	0.510	0.000000	0.000000
1582081699981	1582081699981	-13.595	5.357	2.604	-1.003	-3.053	0.714	0.000000	0.000000
1582081700004	1582081699997	-13.447	4.914	2.135	-0.254	-3.354	-0.718	0.000000	0.000000
1582081700016	1582081700016	-13.257	0.722	3.057	-0.050	-3.582	-1.152	0.000000	0.000000
1582081700037	1582081700036	-16.805	-0.203	0.956	0.300	-3.931	-1.025	0.000000	0.000000
1582081700059	1582081700059	-17.996	0.058	-2.972	1.082	-5.581	-1.278	0.000000	0.000000
1582081700089	1582081700082	-16.832	-0.014	-4.846	2.224	-7.764	-1.680	0.000000	0.000000
1582081700099	1582081700097	-14.980	-0.340	-5.555	3.162	-9.345	-2.099	0.000000	0.000000
1582081700116	1582081700116	-14.697	-0.285	-6.554	3.713	-10.311	-2.374	0.000000	0.000000
1582081700137	1582081700136	-14.077	-0.241	-8.159	4.357	-11.123	-2.856	0.000000	0.000000
1582081700157	1582081700155	-12.469	-1.322	-10.025	5.158	-11.497	-3.344	0.000000	0.000000
1582081700180	1582081700180	-9.770	-6.448	-10.355	7.671	-11.279	-3.663	0.000000	0.000000
1582081700197	1582081700197	-7.745	-5.028	-11.591	8.844	-9.807	-3.634	0.000000	0.000000
1582081700216	1582081700215	-7.824	-0.586	-12.150	8.930	-7.593	-3.562	0.000000	0.000000
1582081700235	1582081700235	-7.384	-2.929	-12.504	8.499	-6.142	-3.329	0.000000	0.000000
1582081700257	1582081700255	-6.993	-2.838	-16.145	7.188	-5.096	-2.666	0.000000	0.000000
1582081700280	1582081700280	-6.162	1.608	-19.398	6.141	-4.198	-1.639	0.000000	0.000000
1582081700295	1582081700295	-2.974	5.381	-19.271	4.182	-3.773	-1.113	0.000000	0.000000
1582081700315	1582081700315	-2.892	7.692	-13.975	1.077	-3.528	-1.185	0.000000	0.000000
1582081700335	1582081700335	-3.251	10.136	-6.997	-2.431	-3.860	-1.974	0.000000	0.000000
1582081700356	1582081700355	-3.865	4.933	-1.281	-2.552	-3.735	-2.513	0.000000	0.000000
1582081700376	1582081700374	-8.574	-0.819	4.619	-0.799	-3.424	-1.592	0.000000	0.000000
1582081700399	1582081700398	-14.573	-1.154	7.740	0.446	-3.793	-0.917	0.000000	0.000000
1582081700417	1582081700416	-9.952	3.440	7.932	1.805	-6.215	-0.945	0.000000	0.000000
1582081700435	1582081700435	-8.615	5.661	11.329	2.332	-6.318	-0.049	0.000000	0.000000
1582081700455	1582081700454	-12.944	3.795	10.073	0.381	-5.150	0.905	0.000000	0.000000
1582081700480	1582081700475	-15.169	4.892	9.439	-0.999	-5.476	1.182	0.000000	0.000000
1582081700495	1582081700494	-13.387	7.403	15.047	-1.231	-5.408	0.886	0.000000	0.000000
1582081700515	1582081700514	-10.031	10.054	11.266	-0.707	-4.481	1.287	0.000000	0.000000
1582081700535	1582081700534	-11.375	6.914	10.052	-0.767	-3.104	1.408	0.000000	0.000000
1582081700556	1582081700554	-6.629	7.043	11.262	0.476	-3.599	1.367	0.000000	0.000000
1582081700576	1582081700576	-5.467	7.532	11.338	0.521	-3.477	1.961	0.000000	0.000000
1582081700598	1582081700594	-5.697	7.733	9.578	-0.559	-2.806	2.159	0.000000	0.000000
1582081700625	1582081700616	-4.234	8.191	9.836	-1.294	-2.483	2.024	0.000000	0.000000
1582081700634	1582081700634	-1.884	6.212	10.256	-1.576	-2.112	1.989	0.000000	0.000000
1582081700655	1582081700653	-0.717	3.620	9.520	-1.391	-1.730	1.829	0.000000	0.000000
1582081700674	1582081700673	-0.870	4.533	9.053	-0.434	-1.465	1.624	0.000000	0.000000
1582081700710	1582081700709	-0.145	6.734	8.200	-0.205	-1.048	1.421	0.000000	0.000000
1582081700714	1582081700713	-0.171	6.162	6.787	-0.409	-0.821	1.549	0.000000	0.000000
1582081700738	1582081700733	-0.255	5.503	6.725	-0.615	-0.724	1.609	0.000000	0.000000
1582081700754	1582081700753	-0.159	4.478	7.115	-0.901	-0.253	1.646	0.000000	0.000000
1582081700774	1582081700773	-0.921	4.353	6.955	-1.296	0.378	1.663	0.000000	0.000000
1582081700798	1582081700798	-1.421	5.065	5.663	-1.758	0.638	1.640	0.000000	0.000000
1582081700816	1582081700813	-1.627	4.576	5.438	-2.144	0.560	1.529	0.000000	0.000000
1582081700833	1582081700833	-1.412	2.839	4.583	-2.537	0.476	1.544	0.000000	0.000000
1582081700853	1582081700853	-2.157	1.960	4.159	-2.849	0.429	1.597	0.000000	0.000000
1582081700874	1582081700872	-2.070	1.066	4.233	-3.062	0.295	1.404	0.000000	0.000000
1582081700894	1582081700892	-1.948	0.362	5.290	-2.921	0.409	1.064	0.000000	0.000000
1582081700915	1582081700915	-0.386	0.166	5.821	-2.349	0.214	0.665	0.000000	0.000000
1582081700933	1582081700931	0.732	0.228	5.570	-1.765	0.125	0.605	0.000000	0.000000
1582081700954	1582081700951	0.093	0.647	6.006	-1.908	0.556	0.652	0.000000	0.000000
1582081700973	1582081700972	-1.464	-0.407	6.399	-2.327	0.977	0.753	0.000000	0.000000
1582081700993	1582081700992	-1.218	-0.507	7.268	-2.492	1.089	0.529	0.000000	0.000000
1582081701014	1582081701014	-1.553	-1.604	8.066	-2.346	0.873	0.564	0.000000	0.000000
1582081701036	1582081701032	-1.836	-2.776	8.361	-2.848	0.721	0.457	0.000000	0.000000
1582081701054	1582081701051	-1.469	-1.806	8.255	-2.917	0.514	0.345	0.000000	0.000000
1582081701072	1582081701072	-1.579	-1.267	8.761	-1.923	0.146	0.576	0.000000	0.000000
1582081701095	1582081701094	-2.423	-2.759	9.549	-1.550	0.100	0.662	0.000000	0.000000
1582081701113	1582081701113	-4.174	-1.403	7.599	-2.230	0.152	0.382	0.000000	0.000000
1582081701138	1582081701132	-1.577	-2.290	7.256	-2.165	-0.866	0.628	0.000000	0.000000
1582081701152	1582081701151	0.565	-4.474	8.085	-1.663	-1.036	1.166	0.000000	0.000000
1582081701173	1582081701171	0.121	-5.274	9.130	-1.122	0.280	1.291	0.000000	0.000000
1582081701192	1582081701191	-1.826	-3.966	9.487	-1.411	1.015	1.172	0.000000	0.000000
1582081701216	1582081701214	-3.072	-3.150	9.271	-2.031	1.070	1.031	0.000000	0.000000
1582081701238	1582081701231	-3.498	-2.841	8.016	-2.227	0.598	0.962	0.000000	0.000000
1582081701252	1582081701251	-3.302	-2.714	7.125	-1.890	-0.208	0.996	0.000000	0.000000
1582081701272	1582081701271	-1.812	-3.420	6.109	-1.626	-0.672	1.015	0.000000	0.000000
1582081701292	1582081701291	-1.285	-4.855	4.918	-2.182	-0.244	1.063	0.000000	0.000000
1582081701315	1582081701315	-2.662	-5.631	4.221	-2.522	0.283	1.179	0.000000	0.000000
1582081701333	1582081701333	-3.707	-5.842	4.219	-2.624	0.513	1.207	0.000000	0.000000
1582081701353	1582081701351	-3.862	-7.993	2.940	-2.958	0.299	1.133	0.000000	0.000000
1582081701372	1582081701370	-2.794	-10.109	1.102	-3.125	-0.024	1.085	0.000000	0.000000
1582081701391	1582081701390	-2.039	-11.345	1.110	-2.484	0.240	1.165	0.000000	0.000000
1582081701417	1582081701414	-3.122	-12.149	0.961	-1.849	0.760	1.208	0.000000	0.000000
1582081701431	1582081701430	-4.535	-10.818	1.799	-1.214	1.066	1.031	0.000000	0.000000
1582081701452	1582081701450	-5.381	-9.593	2.444	-0.815	1.106	0.928	0.000000	0.000000
1582081701470	1582081701470	-5.951	-9.251	2.049	-1.124	1.075	0.658	0.000000	0.000000
1582081701490	1582081701490	-6.691	-8.932	1.917	-1.856	1.167	0.373	0.000000	0.000000
1582081701511	1582081701510	-7.403	-8.846	1.510	-2.458	1.273	0.061	0.000000	0.000000
1582081701533	1582081701529	-9.401	-10.753	0.616	-3.149	1.550	-0.299	0.000000	0.000000
1582081701552	1582081701550	-10.347	-11.522	-2.261	-5.919	1.564	-1.424	0.000000	0.000000
1582081701570	1582081701569	-8.452	-11.239	-13.587	-11.780	0.894	-3.339	0.000000	0.000000
1582081701591	1582081701589	-10.591	-20.277	-26.647	-16.373	0.780	-4.414	0.000000	0.000000
1582081701616	1582081701614	-11.449	-24.774	-21.475	-14.669	1.462	-4.253	0.000000	0.000000
1582081701636	1582081701629	-9.453	-12.252	-20.445	-9.209	4.475	-2.302	0.000000	0.000000
1582081701649	1582081701648	-14.498	0.360	-23.624	-4.838	6.737	0.561	0.000000	0.000000
1582081701669	1582081701667	-17.406	-11.917	-12.059	0.771	6.635	2.676	0.000000	0.000000
1582081701689	1582081701688	-16.010	-17.055	-1.346	2.854	6.177	3.804	0.000000	0.000000
1582081701710	1582081701709	-11.540	-6.182	0.417	1.744	5.590	3.782	0.000000	0.000000
1582081701734	1582081701730	-9.549	-9.502	0.959	3.897	3.412	5.136	0.000000	0.000000
1582081701752	1582081701749	-6.598	-3.933	2.667	4.949	2.021	6.397	0.000000	0.000000
1582081701769	1582081701769	-2.542	1.697	3.448	3.616	1.137	7.209	0.000000	0.000000
1582081701788	1582081701788	-7.623	-0.982	5.182	3.327	0.632	8.602	0.000000	0.000000
1582081701808	1582081701808	-10.158	-5.818	1.864	1.201	0.648	9.033	0.000000	0.000000
1582081701830	1582081701830	-11.837	-7.347	-2.026	-0.616	1.073	8.424	0.000000	0.000000
1582081701849	1582081701849	-14.089	-14.035	-6.865	-3.143	1.440	7.442	0.000000	0.000000
1582081701870	1582081701868	-15.004	-15.144	-9.663	-3.064	1.820	7.055	0.000000	0.000000
1582081701889	1582081701887	-15.076	-13.769	-8.762	-3.079	1.638	7.039	0.000000	0.000000
1582081701909	1582081701908	-14.134	-11.256	-11.486	-3.603	1.908	6.690	0.000000	0.000000
1582081701931	1582081701932	-14.807	-10.995	-10.949	-4.448	2.636	5.870	0.000000	0.000000
1582081701955	1582081701949	-15.751	-9.205	-12.116	-4.514	2.756	5.555	0.000000	0.000000
1582081701973	1582081701968	-16.626	-7.629	-10.655	-4.390	2.785	4.935	0.000000	0.000000
1582081701989	1582081701987	-16.120	-4.338	-11.285	-5.190	2.451	4.256	0.000000	0.000000
1582081702008	1582081702007	-14.522	-6.091	-10.897	-4.636	2.068	3.513	0.000000	0.000000
1582081702029	1582081702027	-11.741	-4.982	-11.555	-4.164	1.721	3.366	0.000000	0.000000
1582081702049	1582081702048	-13.998	-3.207	-9.800	-3.578	1.771	3.121	0.000000	0.000000
1582081702070	1582081702070	-10.119	-0.773	-9.131	-3.104	0.827	2.688	0.000000	0.000000
1582081702088	1582081702087	-9.734	0.302	-7.397	-2.941	0.848	2.292	0.000000	0.000000
1582081702108	1582081702107	-9.068	2.463	-5.653	-3.191	0.783	1.773	0.000000	0.000000
1582081702129	1582081702128	-6.157	3.570	-6.729	-3.324	0.326	1.345	0.000000	0.000000
1582081702154	1582081702148	-6.162	3.900	-5.799	-3.574	0.837	0.900	0.000000	0.000000
1582081702172	1582081702167	-7.178	3.939	-6.154	-3.921	0.584	0.400	0.000000	0.000000
1582081702189	1582081702186	-6.035	3.613	-5.708	-3.117	-0.516	0.318	0.000000	0.000000
1582081702207	1582081702206	-5.640	4.171	-3.586	-2.639	-0.819	0.581	0.000000	0.000000
1582081702228	1582081702226	-7.185	5.378	-3.056	-2.547	-0.636	0.697	0.000000	0.000000
1582081702252	1582081702252	-8.440	5.172	-3.269	-2.640	-0.867	0.508	0.000000	0.000000
1582081702269	1582081702266	-8.946	3.915	-1.806	-2.250	-1.486	0.215	0.000000	0.000000
1582081702287	1582081702287	-9.156	3.280	0.396	-1.952	-1.834	-0.164	0.000000	0.000000
1582081702307	1582081702306	-10.095	1.943	1.205	-1.946	-2.363	-0.463	0.000000	0.000000
1582081702327	1582081702326	-9.257	3.055	0.173	-1.378	-3.750	-0.353	0.000000	0.000000
1582081702353	1582081702348	-9.247	3.783	2.437	-0.137	-4.229	-0.451	0.000000	0.000000
