1582081722283	1582081722280	-14.419	-7.217	-11.105	-5.163	1.981	2.848	0.000000	0.000000
1582081722299	1582081722297	-12.637	-1.272	-10.645	-4.726	0.983	2.975	0.000000	0.000000
1582081722318	1582081722316	-12.191	-4.721	-10.705	-4.508	0.830	2.336	0.000000	0.000000
1582081722337	1582081722336	-10.975	-1.921	-9.390	-4.068	0.671	1.866	0.000000	0.000000
1582081722357	1582081722356	-8.922	-1.375	-9.304	-4.476	0.445	1.437	0.000000	0.000000
1582081722377	1582081722376	-7.436	1.950	-9.241	-4.961	0.362	1.408	0.000000	0.000000
1582081722397	1582081722396	-8.007	0.956	-8.005	-3.778	0.274	1.344	0.000000	0.000000
1582081722417	1582081722416	-6.888	0.671	-7.387	-2.659	-0.408	1.378	0.000000	0.000000
1582081722437	1582081722436	-7.051	2.655	-5.734	-2.348	-0.326	1.385	0.000000	0.000000
1582081722458	1582081722456	-8.138	0.956	-4.738	-2.381	-0.384	0.995	0.000000	0.000000
1582081722483	1582081722478	-7.046	1.462	-3.907	-2.519	-1.102	0.914	0.000000	0.000000
1582081722497	1582081722495	-5.712	4.720	-4.170	-2.399	-1.437	0.614	0.000000	0.000000
1582081722516	1582081722515	-7.741	3.426	-1.981	-1.725	-1.649	-0.098	0.000000	0.000000
1582081722536	1582081722535	-8.711	2.909	0.163	-2.003	-1.901	-0.496	0.000000	0.000000
1582081722558	1582081722557	-9.880	2.597	2.561	-2.027	-2.072	-0.306	0.000000	0.000000
1582081722577	1582081722575	-9.535	1.747	2.535	-2.399	-2.646	0.142	0.000000	0.000000
1582081722600	1582081722595	-11.197	2.286	3.539	-0.363	-3.107	-0.464	0.000000	0.000000
1582081722617	1582081722615	-11.202	4.135	3.929	1.130	-3.682	-0.893	0.000000	0.000000
1582081722636	1582081722635	-10.539	2.341	3.680	1.179	-3.893	-0.442	0.000000	0.000000
1582081722656	1582081722654	-12.249	3.503	3.091	0.615	-3.901	-0.377	0.000000	0.000000
1582081722678	1582081722675	-13.396	3.740	2.372	0.783	-4.602	-0.307	0.000000	0.000000
1582081722695	1582081722694	-15.107	1.579	1.476	1.572	-5.476	-0.501	0.000000	0.000000
1582081722716	1582081722714	-15.485	-0.517	-0.826	2.519	-6.527	-0.815	0.000000	0.000000
1582081722735	1582081722734	-14.997	-1.880	-3.296	3.358	-7.611	-0.775	0.000000	0.000000
1582081722755	1582081722754	-14.256	-2.076	-5.318	4.451	-8.657	-0.742	0.000000	0.000000
1582081722775	1582081722774	-13.028	-2.366	-7.265	5.671	-9.445	-0.864	0.000000	0.000000
1582081722797	1582081722795	-11.281	-5.742	-9.373	7.933	-9.773	-0.716	0.000000	0.000000
1582081722815	1582081722814	-7.870	-5.981	-10.775	9.997	-9.514	-0.552	0.000000	0.000000
1582081722835	1582081722834	-5.609	-2.385	-10.707	10.002	-8.125	-0.396	0.000000	0.000000
1582081722855	1582081722854	-5.508	-2.508	-9.239	9.413	-6.803	-0.468	0.000000	0.000000
1582081722877	1582081722874	-5.841	-5.588	-9.606	8.173	-5.996	-0.382	0.000000	0.000000
1582081722895	1582081722893	-5.134	-5.013	-12.324	6.433	-5.602	-0.166	0.000000	0.000000
1582081722915	1582081722913	-4.432	-0.467	-13.374	4.319	-5.324	-0.079	0.000000	0.000000
1582081722935	1582081722933	-3.429	0.645	-13.393	2.827	-4.887	-0.233	0.000000	0.000000
1582081722956	1582081722954	-3.038	1.859	-12.732	1.230	-4.231	-0.494	0.000000	0.000000
1582081722976	1582081722975	-4.373	5.321	-9.241	-1.302	-3.967	-0.659	0.000000	0.000000
1582081723001	1582081722998	-4.943	6.511	-5.701	-3.460	-4.291	-1.308	0.000000	0.000000
1582081723015	1582081723013	-8.843	1.802	1.557	-3.080	-4.129	-1.397	0.000000	0.000000
1582081723034	1582081723033	-16.467	1.428	5.282	-2.696	-4.244	-0.676	0.000000	0.000000
1582081723054	1582081723053	-13.016	3.172	6.471	-1.619	-5.879	-0.803	0.000000	0.000000
1582081723074	1582081723073	-10.098	5.105	9.781	0.376	-6.146	-0.274	0.000000	0.000000
1582081723094	1582081723093	-14.280	2.925	10.095	-0.129	-4.681	0.700	0.000000	0.000000
1582081723114	1582081723113	-15.306	3.393	8.502	-0.434	-4.742	1.062	0.000000	0.000000
1582081723134	1582081723133	-14.719	8.136	12.433	-0.145	-4.891	0.886	0.000000	0.000000
1582081723156	1582081723153	-6.926	12.608	12.282	-0.141	-4.476	0.975	0.000000	0.000000
1582081723176	1582081723174	-12.608	8.152	9.618	-0.878	-2.354	1.770	0.000000	0.000000
1582081723199	1582081723197	-9.142	7.992	12.725	-0.506	-2.820	1.314	0.000000	0.000000
1582081723217	1582081723216	-5.010	7.058	11.913	-0.123	-3.469	1.888	0.000000	0.000000
1582081723235	1582081723233	-4.236	7.312	10.589	-0.658	-2.760	2.339	0.000000	0.000000
1582081723254	1582081723254	-5.115	7.427	9.719	-1.548	-2.097	2.239	0.000000	0.000000
1582081723279	1582081723279	-4.200	5.254	8.037	-1.935	-1.896	2.189	0.000000	0.000000
1582081723295	1582081723294	-3.925	4.279	7.038	-1.946	-1.658	2.208	0.000000	0.000000
1582081723315	1582081723313	-2.696	5.098	5.120	-2.392	-1.350	1.980	0.000000	0.000000
1582081723333	1582081723333	-2.547	5.649	3.795	-2.082	-1.055	1.793	0.000000	0.000000
1582081723355	1582081723353	-2.569	4.188	4.097	-1.581	-1.070	1.742	0.000000	0.000000
1582081723376	1582081723376	-2.075	3.115	5.141	-1.853	-1.281	1.731	0.000000	0.000000
1582081723399	1582081723393	0.157	1.914	5.754	-2.904	-1.046	1.757	0.000000	0.000000
1582081723418	1582081723416	0.014	1.380	4.760	-3.272	-0.066	1.697	0.000000	0.000000
1582081723433	1582081723433	-2.348	0.262	5.213	-2.292	0.581	1.785	0.000000	0.000000
1582081723455	1582081723453	-3.647	-0.119	7.283	-1.173	0.559	1.446	0.000000	0.000000
1582081723473	1582081723472	-3.304	1.284	7.925	-1.516	0.068	0.997	0.000000	0.000000
1582081723502	1582081723502	-1.972	2.513	6.811	-2.349	-0.373	0.617	0.000000	0.000000
1582081723514	1582081723513	-0.854	2.779	5.311	-2.675	-0.361	0.107	0.000000	0.000000
1582081723537	1582081723537	-0.140	1.795	5.371	-2.686	-0.164	0.049	0.000000	0.000000
1582081723553	1582081723552	0.109	-0.244	6.090	-2.636	-0.042	0.550	0.000000	0.000000
1582081723573	1582081723572	-0.839	-2.235	6.775	-2.232	0.231	0.791	0.000000	0.000000
1582081723599	1582081723594	-1.841	-4.000	7.194	-1.574	0.536	0.443	0.000000	0.000000
1582081723616	1582081723613	-2.715	-4.237	7.812	-1.609	0.402	0.225	0.000000	0.000000
1582081723634	1582081723632	-1.510	-1.001	8.409	-1.887	-0.022	0.057	0.000000	0.000000
1582081723654	1582081723652	-0.791	-0.129	8.342	-1.520	0.353	0.302	0.000000	0.000000
1582081723673	1582081723672	-1.108	-1.018	8.035	-1.800	0.780	0.433	0.000000	0.000000
1582081723697	1582081723697	-2.032	-2.553	8.251	-1.798	0.794	0.470	0.000000	0.000000
1582081723714	1582081723712	-2.734	-3.504	8.967	-1.810	0.597	0.459	0.000000	0.000000
1582081723735	1582081723735	-2.423	-2.596	9.369	-2.284	0.180	0.488	0.000000	0.000000
1582081723753	1582081723751	-1.879	-2.927	8.835	-2.111	-0.326	0.770	0.000000	0.000000
1582081723772	1582081723771	-1.050	-3.205	8.471	-1.982	-0.368	0.866	0.000000	0.000000
1582081723793	1582081723791	-1.395	-3.526	8.037	-2.151	-0.076	1.028	0.000000	0.000000
1582081723821	1582081723821	-2.281	-3.969	7.259	-2.543	0.197	1.123	0.000000	0.000000
1582081723837	1582081723831	-2.969	-4.872	6.634	-2.859	0.100	1.035	0.000000	0.000000
1582081723852	1582081723851	-2.265	-6.678	6.277	-2.555	-0.362	1.080	0.000000	0.000000
1582081723872	1582081723871	-0.909	-7.445	4.468	-2.744	-0.344	1.072	0.000000	0.000000
1582081723893	1582081723893	-2.018	-7.847	3.112	-2.264	-0.083	1.248	0.000000	0.000000
1582081723913	1582081723913	-2.715	-8.053	3.297	-1.809	0.103	1.238	0.000000	0.000000
1582081723937	1582081723931	-3.163	-7.411	3.814	-1.820	0.203	1.132	0.000000	0.000000
1582081723951	1582081723950	-3.556	-8.242	3.371	-2.235	0.151	0.980	0.000000	0.000000
1582081723972	1582081723970	-3.127	-10.552	2.314	-2.862	0.125	0.850	0.000000	0.000000
1582081723992	1582081723990	-2.907	-11.831	1.835	-2.834	0.191	0.890	0.000000	0.000000
1582081724017	1582081724016	-3.249	-11.572	1.819	-2.570	0.428	0.880	0.000000	0.000000
1582081724030	1582081724030	-3.467	-9.682	1.814	-2.569	0.755	0.663	0.000000	0.000000
1582081724052	1582081724050	-4.626	-8.705	1.565	-2.330	1.039	0.479	0.000000	0.000000
1582081724072	1582081724070	-5.482	-9.905	0.520	-2.248	1.255	0.288	0.000000	0.000000
1582081724090	1582081724090	-5.688	-12.583	-2.005	-2.551	1.592	-0.016	0.000000	0.000000
1582081724115	1582081724115	-7.123	-14.720	-3.727	-2.868	2.202	-0.816	0.000000	0.000000
1582081724133	1582081724130	-9.252	-14.861	-5.356	-4.354	2.418	-1.970	0.000000	0.000000
1582081724152	1582081724150	-9.873	-15.175	-9.891	-7.074	1.913	-2.627	0.000000	0.000000
1582081724171	1582081724169	-11.291	-15.853	-13.175	-9.483	2.269	-2.646	0.000000	0.000000
1582081724189	1582081724189	-11.389	-20.023	-14.751	-10.157	3.155	-2.165	0.000000	0.000000
1582081724214	1582081724214	-9.374	-20.134	-14.430	-8.935	4.686	-1.645	0.000000	0.000000
1582081724229	1582081724229	-10.016	-13.163	-16.677	-5.503	6.074	-0.565	0.000000	0.000000
1582081724250	1582081724249	-11.724	-10.698	-15.012	-1.399	6.268	0.270	0.000000	0.000000
1582081724270	1582081724269	-12.196	-10.137	-8.736	0.229	5.524	0.595	0.000000	0.000000
1582081724289	1582081724289	-8.306	-7.550	-4.623	0.988	4.575	2.217	0.000000	0.000000
1582081724310	1582081724310	-9.698	-1.832	-3.751	3.796	4.093	4.336	0.000000	0.000000
1582081724333	1582081724330	-9.135	1.280	0.614	3.899	3.050	5.196	0.000000	0.000000
1582081724352	1582081724350	-6.121	6.044	4.343	2.983	1.299	6.786	0.000000	0.000000
1582081724369	1582081724368	-9.552	5.057	7.350	1.878	0.372	8.568	0.000000	0.000000
1582081724389	1582081724388	-14.417	-6.501	5.623	1.544	0.225	9.379	0.000000	0.000000
1582081724410	1582081724409	-14.328	-13.177	-0.802	-0.365	0.487	8.920	0.000000	0.000000
1582081724429	1582081724428	-12.450	-15.326	-8.353	-2.940	1.624	7.491	0.000000	0.000000
1582081724450	1582081724449	-15.452	-15.633	-8.980	-4.113	2.575	6.530	0.000000	0.000000
1582081724470	1582081724468	-14.879	-14.281	-11.122	-4.166	2.785	6.022	0.000000	0.000000
1582081724489	1582081724488	-15.088	-16.272	-12.365	-3.574	3.083	5.996	0.000000	0.000000
1582081724508	1582081724508	-13.967	-11.024	-9.982	-3.532	3.052	5.552	0.000000	0.000000
1582081724531	1582081724528	-16.149	-11.795	-11.965	-5.266	3.591	4.442	0.000000	0.000000
1582081724552	1582081724548	-13.734	-9.924	-12.300	-5.279	3.189	4.126	0.000000	0.000000
1582081724569	1582081724568	-15.461	-9.083	-11.886	-5.151	3.177	3.773	0.000000	0.000000
1582081724589	1582081724587	-14.089	-6.664	-11.934	-4.553	2.435	3.626	0.000000	0.000000
1582081724608	1582081724607	-12.146	-2.807	-11.266	-4.252	1.847	3.171	0.000000	0.000000
1582081724629	1582081724628	-12.960	-2.060	-9.023	-4.144	1.562	2.700	0.000000	0.000000
1582081724649	1582081724648	-10.426	0.590	-8.585	-4.246	1.212	2.031	0.000000	0.000000
1582081724669	1582081724668	-9.497	0.681	-7.759	-4.348	1.086	1.148	0.000000	0.000000
1582081724690	1582081724688	-8.280	1.292	-8.413	-4.547	0.614	0.854	0.000000	0.000000
1582081724708	1582081724707	-6.550	2.032	-7.883	-4.214	0.183	1.119	0.000000	0.000000
1582081724727	1582081724725	-7.441	6.059	-8.770	-4.174	0.132	1.018	0.000000	0.000000
1582081724749	1582081724746	-9.010	5.041	-6.705	-3.354	-0.538	0.712	0.000000	0.000000
1582081724770	1582081724766	-7.439	3.428	-5.768	-3.382	-1.200	0.620	0.000000	0.000000
1582081724787	1582081724787	-7.264	4.068	-4.218	-2.996	-1.119	0.730	0.000000	0.000000
1582081724808	1582081724806	-6.926	3.136	-3.509	-2.896	-1.208	0.911	0.000000	0.000000
1582081724828	1582081724826	-6.620	4.324	-3.617	-2.736	-1.422	0.835	0.000000	0.000000
1582081724847	1582081724847	-7.882	1.617	-2.371	-1.891	-1.534	0.216	0.000000	0.000000
1582081724871	1582081724871	-7.532	-0.589	0.688	-1.287	-1.727	0.016	0.000000	0.000000
1582081724887	1582081724886	-11.264	1.505	2.688	-0.929	-1.515	0.232	0.000000	0.000000
1582081724907	1582081724906	-11.188	1.517	1.663	-0.955	-2.895	0.588	0.000000	0.000000
1582081724927	1582081724926	-9.597	5.702	1.316	-0.779	-3.235	0.758	0.000000	0.000000
1582081724953	1582081724947	-13.121	6.624	1.157	0.542	-3.320	-0.906	0.000000	0.000000
1582081724967	1582081724967	-10.289	3.452	0.281	0.286	-3.629	-2.043	0.000000	0.000000
1582081724987	1582081724986	-12.338	1.107	0.230	-0.717	-3.822	-1.549	0.000000	0.000000
1582081725006	1582081725006	-14.922	2.877	-1.044	-0.988	-4.437	-1.398	0.000000	0.000000
1582081725027	1582081725027	-13.983	1.972	-2.831	0.739	-5.509	-1.423	0.000000	0.000000
1582081725046	1582081725045	-14.932	0.487	-4.120	2.356	-6.405	-1.356	0.000000	0.000000
1582081725068	1582081725066	-15.986	-0.871	-5.488	4.077	-7.697	-1.451	0.000000	0.000000
1582081725087	1582081725085	-14.568	-0.594	-7.840	5.239	-9.174	-1.369	0.000000	0.000000
1582081725106	1582081725105	-12.793	-0.512	-9.814	6.877	-10.165	-1.284	0.000000	0.000000
1582081725127	1582081725125	-10.977	-3.047	-10.202	9.038	-10.806	-1.277	0.000000	0.000000
1582081725157	1582081725148	-7.896	-4.422	-9.929	10.326	-10.499	-1.252	0.000000	0.000000
1582081725169	1582081725166	-5.779	-4.309	-9.529	10.584	-8.672	-1.122	0.000000	0.000000
1582081725186	1582081725185	-5.719	-5.500	-10.219	10.389	-6.669	-0.869	0.000000	0.000000
1582081725206	1582081725205	-6.414	-8.837	-13.642	9.944	-5.779	-0.527	0.000000	0.000000
1582081725225	1582081725225	-3.436	-8.293	-20.285	9.451	-5.048	-0.328	0.000000	0.000000
1582081725250	1582081725250	-0.763	-0.893	-20.654	6.935	-3.933	0.173	0.000000	0.000000
1582081725269	1582081725269	-2.260	4.720	-15.594	3.122	-3.526	0.210	0.000000	0.000000
1582081725292	1582081725285	-3.501	3.867	-8.151	0.289	-4.191	-0.734	0.000000	0.000000
1582081725305	1582081725304	-5.743	1.443	-2.841	-0.939	-4.743	-1.260	0.000000	0.000000
1582081725325	1582081725324	-4.770	1.514	-0.658	-1.110	-4.801	-0.861	0.000000	0.000000
1582081725352	1582081725348	-11.588	2.017	3.943	-0.893	-4.071	-0.318	0.000000	0.000000
1582081725366	1582081725364	-12.465	5.539	3.139	-1.159	-4.900	-0.177	0.000000	0.000000
1582081725385	1582081725384	-11.231	3.539	3.967	-1.478	-5.810	-0.057	0.000000	0.000000
1582081725404	1582081725404	-12.491	3.383	6.154	-1.713	-5.451	0.391	0.000000	0.000000
1582081725425	1582081725424	-14.522	4.444	9.218	-1.525	-4.981	0.603	0.000000	0.000000
1582081725445	1582081725444	-14.834	6.267	11.458	-1.473	-4.902	0.737	0.000000	0.000000
1582081725467	1582081725465	-13.475	9.242	9.410	-1.122	-4.007	0.954	0.000000	0.000000
1582081725485	1582081725485	-15.325	9.202	8.986	-0.876	-3.272	1.377	0.000000	0.000000
1582081725504	1582081725503	-12.491	7.999	10.601	-0.348	-3.695	1.593	0.000000	0.000000
1582081725524	1582081725524	-9.425	7.805	10.957	0.028	-3.628	1.969	0.000000	0.000000
1582081725547	1582081725545	-8.708	6.583	9.736	-0.302	-3.339	2.302	0.000000	0.000000
1582081725571	1582081725571	-7.163	5.517	9.472	-0.284	-3.513	2.384	0.000000	0.000000
1582081725584	1582081725583	-5.748	6.638	8.322	-0.581	-3.318	2.297	0.000000	0.000000
1582081725604	1582081725604	-6.025	3.745	8.349	-0.907	-2.494	2.158	0.000000	0.000000
1582081725624	1582081725623	-4.658	5.671	6.612	-1.435	-1.959	1.654	0.000000	0.000000
1582081725644	1582081725643	-4.059	6.574	6.217	-1.394	-1.974	1.772	0.000000	0.000000
1582081725666	1582081725664	-3.642	5.021	6.159	-1.355	-2.078	1.880	0.000000	0.000000
1582081725684	1582081725684	-1.805	3.972	6.713	-1.406	-1.906	1.761	0.000000	0.000000
1582081725714	1582081725710	-0.868	3.706	6.852	-1.636	-1.328	1.660	0.000000	0.000000
1582081725724	1582081725723	-1.857	4.138	7.161	-2.201	-0.578	1.659	0.000000	0.000000
1582081725743	1582081725743	-2.375	3.115	5.489	-2.764	-0.278	1.649	0.000000	0.000000
1582081725771	1582081725771	-2.641	2.655	5.505	-2.499	-0.402	1.607	0.000000	0.000000
1582081725784	1582081725783	-1.726	2.274	5.709	-2.823	-0.497	1.470	0.000000	0.000000
1582081725805	1582081725804	-1.419	1.366	5.637	-2.993	-0.152	1.246	0.000000	0.000000
1582081725823	1582081725822	-1.596	1.196	5.132	-2.356	0.154	1.060	0.000000	0.000000
1582081725843	1582081725842	-2.068	2.154	5.659	-1.652	0.397	0.688	0.000000	0.000000
1582081725863	1582081725862	-2.248	2.298	6.691	-1.559	0.327	0.371	0.000000	0.000000
1582081725888	1582081725882	-1.491	1.833	6.380	-2.849	0.002	0.140	0.000000	0.000000
1582081725906	1582081725902	-0.729	0.511	5.055	-3.912	-0.709	0.231	0.000000	0.000000
1582081725922	1582081725922	0.833	-1.466	4.657	-3.357	-0.799	0.374	0.000000	0.000000
1582081725943	1582081725942	1.417	-2.965	7.254	-1.795	-0.172	0.647	0.000000	0.000000
1582081725963	1582081725962	-0.911	-4.084	8.140	-1.664	0.685	0.852	0.000000	0.000000
1582081725982	1582081725981	-2.181	-3.849	8.631	-2.056	0.918	0.642	0.000000	0.000000
1582081726002	1582081726002	-1.896	-3.006	8.387	-2.265	0.581	0.450	0.000000	0.000000
1582081726022	1582081726021	-1.565	-1.379	8.495	-2.323	0.219	0.454	0.000000	0.000000
1582081726042	1582081726041	-0.925	-1.240	8.186	-2.167	-0.032	0.664	0.000000	0.000000
1582081726063	1582081726062	-0.715	-3.032	7.735	-2.055	-0.017	0.908	0.000000	0.000000
1582081726085	1582081726085	-1.548	-4.125	7.925	-2.081	0.111	1.075	0.000000	0.000000
1582081726106	1582081726101	-2.401	-4.941	8.030	-2.141	0.088	1.171	0.000000	0.000000
1582081726122	1582081726121	-2.554	-5.413	7.426	-2.355	-0.106	1.163	0.000000	0.000000
1582081726141	1582081726140	-1.802	-5.416	6.451	-2.334	-0.362	1.101	0.000000	0.000000
1582081726164	1582081726160	-1.199	-5.550	5.618	-1.994	-0.282	1.138	0.000000	0.000000
1582081726182	1582081726182	-1.515	-6.000	4.995	-1.629	0.052	1.336	0.000000	0.000000
1582081726203	1582081726203	-2.329	-5.840	5.254	-1.462	0.367	1.275	0.000000	0.000000
1582081726227	1582081726221	-2.523	-5.964	5.668	-1.386	0.128	1.105	0.000000	0.000000
1582081726242	1582081726240	-0.916	-7.208	5.043	-1.659	-0.033	0.909	0.000000	0.000000
1582081726261	1582081726261	-0.921	-8.099	4.159	-1.791	0.449	0.999	0.000000	0.000000
1582081726285	1582081726284	-2.916	-7.708	4.684	-1.296	0.935	1.142	0.000000	0.000000
1582081726301	1582081726301	-4.349	-6.470	5.247	-1.082	0.814	1.130	0.000000	0.000000
1582081726322	1582081726320	-4.111	-6.163	4.803	-1.516	0.507	1.014	0.000000	0.000000
1582081726341	1582081726340	-3.467	-7.325	4.073	-1.954	0.496	1.058	0.000000	0.000000
1582081726361	1582081726360	-3.716	-8.619	3.661	-2.068	0.666	1.176	0.000000	0.000000
1582081726381	1582081726381	-4.567	-9.567	3.529	-1.742	0.869	1.281	0.000000	0.000000
1582081726401	1582081726401	-5.012	-9.416	3.107	-1.546	1.026	1.181	0.000000	0.000000
1582081726425	1582081726419	-5.333	-9.332	2.588	-1.412	1.135	1.009	0.000000	0.000000
1582081726441	1582081726439	-5.568	-9.998	2.099	-1.759	1.345	0.768	0.000000	0.000000
1582081726460	1582081726460	-6.299	-12.044	0.609	-2.260	1.851	0.367	0.000000	0.000000
1582081726481	1582081726481	-8.869	-14.404	-1.375	-3.085	2.574	-0.385	0.000000	0.000000
1582081726502	1582081726499	-11.710	-13.982	-4.053	-5.163	2.551	-1.644	0.000000	0.000000
1582081726520	1582081726519	-12.247	-10.758	-11.292	-8.987	1.437	-3.084	0.000000	0.000000
1582081726540	1582081726539	-11.758	-13.340	-20.359	-11.925	0.425	-3.846	0.000000	0.000000
1582081726559	1582081726559	-12.941	-25.095	-20.345	-11.577	0.754	-3.611	0.000000	0.000000
1582081726579	1582081726578	-11.051	-24.086	-16.188	-9.629	3.165	-2.410	0.000000	0.000000
1582081726604	1582081726599	-13.267	-7.821	-20.208	-5.297	5.537	0.352	0.000000	0.000000
1582081726620	1582081726619	-18.717	-11.143	-11.587	0.368	6.164	1.742	0.000000	0.000000
1582081726640	1582081726639	-15.368	-17.324	-1.492	1.888	6.657	2.118	0.000000	0.000000
1582081726660	1582081726659	-11.921	-6.944	-0.759	2.970	6.188	3.322	0.000000	0.000000
1582081726681	1582081726681	-8.498	5.304	0.774	4.085	4.103	4.771	0.000000	0.000000
1582081726703	1582081726703	-7.772	5.553	3.725	4.139	2.350	6.032	0.000000	0.000000
1582081726726	1582081726726	-5.496	8.837	4.820	2.531	0.351	7.544	0.000000	0.000000
1582081726743	1582081726737	-11.066	-1.528	6.375	1.958	-0.001	9.206	0.000000	0.000000
1582081726759	1582081726758	-16.762	-12.573	-0.931	0.167	0.685	9.844	0.000000	0.000000
1582081726779	1582081726779	-16.927	-14.322	-4.276	-0.863	0.625	8.994	0.000000	0.000000
1582081726802	1582081726801	-13.638	-15.886	-8.350	-2.749	1.645	7.517	0.000000	0.000000
1582081726822	1582081726818	-16.012	-13.412	-11.745	-3.955	2.916	6.901	0.000000	0.000000
1582081726841	1582081726840	-16.587	-10.700	-10.561	-3.604	2.957	6.715	0.000000	0.000000
1582081726859	1582081726857	-18.072	-8.820	-8.082	-4.136	3.114	6.015	0.000000	0.000000
1582081726878	1582081726877	-18.633	-9.505	-10.209	-4.112	3.394	5.496	0.000000	0.000000
1582081726912	1582081726902	-18.283	-5.605	-9.184	-4.575	3.191	4.810	0.000000	0.000000
1582081726918	1582081726917	-16.707	-5.327	-10.873	-5.685	2.815	4.019	0.000000	0.000000
1582081726939	1582081726937	-16.084	-6.724	-10.427	-4.757	2.165	3.903	0.000000	0.000000
1582081726958	1582081726957	-13.708	-4.728	-10.183	-4.394	1.726	3.610	0.000000	0.000000
1582081726978	1582081726977	-13.111	-2.364	-9.376	-3.893	1.449	3.102	0.000000	0.000000
1582081726999	1582081726999	-10.539	-2.029	-8.130	-3.536	0.974	2.511	0.000000	0.000000
1582081727019	1582081727019	-9.734	1.761	-7.291	-3.817	0.883	1.989	0.000000	0.000000
1582081727040	1582081727037	-10.158	4.221	-7.694	-4.392	0.635	1.241	0.000000	0.000000
1582081727058	1582081727057	-9.113	4.554	-7.114	-4.596	-0.439	0.494	0.000000	0.000000
1582081727078	1582081727076	-7.108	5.733	-7.301	-5.346	-1.140	-0.045	0.000000	0.000000
1582081727102	1582081727097	-9.111	3.381	-5.174	-4.960	-0.785	0.218	0.000000	0.000000
1582081727117	1582081727116	-8.265	3.203	-3.025	-4.520	-0.806	0.557	0.000000	0.000000
1582081727138	1582081727136	-6.641	4.078	-2.845	-4.495	-1.054	0.779	0.000000	0.000000
1582081727157	1582081727156	-6.787	3.888	-2.999	-3.886	-1.448	0.598	0.000000	0.000000
1582081727177	1582081727176	-8.768	0.274	0.041	-2.643	-1.716	0.275	0.000000	0.000000
1582081727200	1582081727200	-9.372	-1.188	4.573	-0.913	-1.843	-0.096	0.000000	0.000000
1582081727219	1582081727219	-10.024	0.729	3.630	-0.225	-2.091	-0.280	0.000000	0.000000
1582081727238	1582081727238	-10.534	-0.091	2.779	0.403	-2.495	0.008	0.000000	0.000000
1582081727256	1582081727255	-13.861	4.011	2.525	1.057	-3.052	-0.083	0.000000	0.000000
1582081727277	1582081727275	-11.272	4.533	3.689	1.768	-3.944	-0.933	0.000000	0.000000
1582081727295	1582081727295	-9.547	1.263	3.955	2.000	-3.848	-1.347	0.000000	0.000000
1582081727316	1582081727314	-13.107	1.349	2.650	1.075	-3.700	-1.028	0.000000	0.000000
1582081727337	1582081727336	-14.628	1.402	0.118	1.162	-4.731	-1.138	0.000000	0.000000
1582081727355	1582081727354	-14.644	0.060	-1.049	2.674	-6.226	-1.530	0.000000	0.000000
1582081727375	1582081727374	-14.506	0.187	-2.752	3.523	-7.318	-1.606	0.000000	0.000000
1582081727396	1582081727395	-15.126	-0.716	-5.138	4.358	-8.358	-1.812	0.000000	0.000000
1582081727420	1582081727416	-13.876	-2.479	-6.970	5.940	-9.710	-2.110	0.000000	0.000000
1582081727446	1582081727439	-11.621	-2.397	-8.908	7.267	-10.188	-2.162	0.000000	0.000000
1582081727456	1582081727455	-10.201	-5.957	-9.574	9.491	-9.929	-2.210	0.000000	0.000000
1582081727476	1582081727475	-7.051	-6.635	-11.234	10.659	-8.550	-1.781	0.000000	0.000000
1582081727496	1582081727494	-7.820	-4.498	-14.143	10.283	-6.673	-1.019	0.000000	0.000000
1582081727516	1582081727516	-7.796	-2.869	-16.155	8.659	-6.576	-1.005	0.000000	0.000000
1582081727536	1582081727535	-5.683	-1.245	-17.736	7.212	-6.711	-1.470	0.000000	0.000000
1582081727556	1582081727555	-3.374	-0.788	-19.149	6.459	-5.325	-1.359	0.000000	0.000000
1582081727575	1582081727574	-3.038	4.051	-17.592	3.909	-3.721	-0.582	0.000000	0.000000
1582081727595	1582081727594	-4.020	9.024	-11.381	0.377	-3.669	-0.639	0.000000	0.000000
1582081727615	1582081727614	-3.556	6.847	-6.087	-1.632	-4.274	-1.702	0.000000	0.000000
1582081727640	1582081727637	-5.247	0.609	-1.492	-1.581	-4.575	-1.899	0.000000	0.000000
1582081727655	1582081727655	-8.445	-0.261	1.349	-1.003	-4.715	-0.873	0.000000	0.000000
1582081727675	1582081727674	-9.120	1.670	5.762	0.052	-5.238	-0.201	0.000000	0.000000
1582081727695	1582081727694	-10.493	3.333	9.211	-0.197	-5.834	-0.214	0.000000	0.000000
1582081727727	1582081727719	-11.818	3.155	8.775	-0.491	-6.529	0.244	0.000000	0.000000
1582081727736	1582081727735	-12.848	4.080	10.567	-0.553	-6.568	0.390	0.000000	0.000000
1582081727756	1582081727754	-14.024	4.811	11.568	-0.815	-6.088	0.847	0.000000	0.000000
1582081727775	1582081727773	-13.394	7.019	15.595	-0.726	-5.586	1.033	0.000000	0.000000
1582081727795	1582081727793	-9.427	10.730	12.368	-0.563	-4.406	1.156	0.000000	0.000000
1582081727815	1582081727815	-11.159	9.798	11.793	-1.018	-3.172	1.689	0.000000	0.000000
1582081727837	1582081727837	-9.243	6.923	12.050	-0.379	-3.338	1.738	0.000000	0.000000
1582081727859	1582081727856	-6.224	5.685	11.228	-0.103	-3.306	1.875	0.000000	0.000000
1582081727875	1582081727873	-6.191	5.412	10.505	-0.533	-2.987	2.043	0.000000	0.000000
1582081727894	1582081727892	-4.315	4.279	9.959	-0.526	-2.750	2.011	0.000000	0.000000
1582081727914	1582081727914	-3.010	3.606	10.081	-0.749	-2.496	1.946	0.000000	0.000000
1582081727935	1582081727935	-2.310	4.997	8.531	-1.576	-1.889	1.799	0.000000	0.000000
1582081727956	1582081727954	-2.116	4.638	7.034	-2.387	-1.386	1.672	0.000000	0.000000
1582081727974	1582081727974	-1.141	5.747	5.901	-2.848	-1.106	1.323	0.000000	0.000000
1582081727994	1582081727994	-0.197	4.794	5.857	-2.813	-0.876	1.362	0.000000	0.000000
1582081728013	1582081728013	-0.149	2.659	4.569	-2.615	-0.303	1.739	0.000000	0.000000
1582081728036	1582081728036	-1.263	1.529	4.049	-2.393	0.182	2.028	0.000000	0.000000
1582081728056	1582081728052	-1.831	1.440	4.396	-1.809	0.210	2.028	0.000000	0.000000
1582081728073	1582081728072	-1.670	1.639	4.310	-1.561	0.219	1.862	0.000000	0.000000
1582081728093	1582081728093	-0.772	1.086	4.324	-1.316	0.296	1.744	0.000000	0.000000
1582081728114	1582081728112	-2.619	-0.103	5.572	-1.332	0.656	1.490	0.000000	0.000000
1582081728138	1582081728138	-3.429	0.805	6.286	-2.161	0.716	0.761	0.000000	0.000000
1582081728154	1582081728153	-2.859	0.389	6.416	-2.646	0.365	0.515	0.000000	0.000000
1582081728173	1582081728173	-0.947	-0.033	6.317	-2.974	-0.050	0.346	0.000000	0.000000
1582081728192	1582081728192	0.567	0.257	5.079	-3.136	-0.368	0.483	0.000000	0.000000
1582081728213	1582081728212	-1.055	-1.367	5.898	-2.507	0.152	0.787	0.000000	0.000000
1582081728236	1582081728236	-1.884	-4.347	7.649	-1.428	0.272	0.922	0.000000	0.000000
1582081728252	1582081728251	-2.178	-4.733	8.485	-0.723	0.375	0.813	0.000000	0.000000
1582081728273	1582081728272	-2.243	-3.490	9.554	-0.615	0.484	0.756	0.000000	0.000000
1582081728292	1582081728291	-1.395	-1.868	10.720	-1.462	0.561	0.725	0.000000	0.000000
1582081728312	1582081728311	-3.429	0.149	10.680	-2.130	0.772	0.582	0.000000	0.000000
1582081728334	1582081728333	-6.986	1.122	9.211	-1.546	0.021	0.508	0.000000	0.000000
1582081728358	1582081728352	-0.554	-2.572	8.485	-2.150	-1.881	0.382	0.000000	0.000000
1582081728374	1582081728372	1.858	-4.908	8.097	-2.120	-1.454	0.791	0.000000	0.000000
1582081728392	1582081728391	-0.053	-4.441	7.843	-1.656	0.193	1.336	0.000000	0.000000
1582081728412	1582081728410	-2.772	-2.661	8.583	-1.382	0.877	1.447	0.000000	0.000000
1582081728431	1582081728431	-3.460	-3.691	9.180	-1.198	0.494	1.458	0.000000	0.000000
1582081728457	1582081728452	-2.499	-5.689	7.498	-1.798	0.159	1.290	0.000000	0.000000
1582081728472	1582081728470	-1.915	-5.610	5.910	-2.021	0.224	1.147	0.000000	0.000000
1582081728492	1582081728490	-2.176	-4.723	5.721	-1.647	0.064	1.288	0.000000	0.000000
1582081728512	1582081728510	-1.920	-5.061	6.674	-0.940	-0.074	1.314	0.000000	0.000000
1582081728533	1582081728530	-2.150	-5.971	6.356	-1.319	-0.008	1.149	0.000000	0.000000
1582081728555	1582081728555	-2.586	-6.345	5.592	-1.967	0.072	1.003	0.000000	0.000000
1582081728575	1582081728570	-3.132	-5.756	5.405	-2.248	0.250	0.999	0.000000	0.000000
1582081728596	1582081728591	-3.922	-6.542	4.777	-2.783	0.240	0.994	0.000000	0.000000
1582081728610	1582081728610	-4.272	-7.821	3.244	-3.364	-0.104	0.846	0.000000	0.000000
1582081728631	1582081728630	-2.974	-8.072	2.592	-3.087	-0.541	0.773	0.000000	0.000000
1582081728650	1582081728650	-2.126	-9.658	2.338	-2.790	-0.173	0.787	0.000000	0.000000
1582081728671	1582081728670	-3.510	-10.969	2.199	-2.790	0.659	0.832	0.000000	0.000000
1582081728693	1582081728689	-4.979	-10.271	1.718	-3.013	0.907	0.571	0.000000	0.000000
1582081728724	1582081728711	-5.338	-10.238	1.354	-3.072	0.656	0.341	0.000000	0.000000
1582081728731	1582081728729	-4.844	-11.019	0.410	-3.466	0.411	0.095	0.000000	0.000000
1582081728750	1582081728749	-4.591	-12.497	-1.734	-3.641	0.548	-0.233	0.000000	0.000000
1582081728775	1582081728775	-5.942	-13.781	-3.890	-3.833	1.497	-0.544	0.000000	0.000000
1582081728795	1582081728790	-10.136	-12.815	-4.815	-4.918	2.737	-1.242	0.000000	0.000000
1582081728809	1582081728809	-11.976	-8.120	-9.172	-7.392	1.953	-2.035	0.000000	0.000000
1582081728830	1582081728828	-7.803	-6.920	-17.935	-9.598	0.737	-2.395	0.000000	0.000000
1582081728853	1582081728848	-9.549	-12.190	-25.725	-11.346	2.161	-2.358	0.000000	0.000000
1582081728869	1582081728869	-12.733	-13.790	-25.823	-9.496	3.781	-1.368	0.000000	0.000000
1582081728892	1582081728892	-12.932	-10.880	-21.811	-4.300	4.940	0.803	0.000000	0.000000
1582081728922	1582081728919	-19.191	-12.909	-11.991	0.806	6.331	2.971	0.000000	0.000000
1582081728933	1582081728930	-19.596	-17.326	-2.850	3.143	6.042	3.525	0.000000	0.000000
1582081728949	1582081728948	-14.300	-13.433	-0.167	2.855	5.136	4.465	0.000000	0.000000
1582081728980	1582081728977	-12.036	-6.958	0.444	4.243	4.091	5.140	0.000000	0.000000
1582081728994	1582081728989	-8.431	1.804	4.679	3.784	2.286	5.770	0.000000	0.000000
1582081729009	1582081729008	-3.905	7.903	7.175	3.458	0.468	6.993	0.000000	0.000000
1582081729029	1582081729027	-8.811	-2.853	5.055	2.663	0.599	8.396	0.000000	0.000000
1582081729049	1582081729047	-12.491	-9.304	0.559	1.524	0.996	9.315	0.000000	0.000000
1582081729069	1582081729068	-15.895	-13.206	-3.727	0.035	2.163	8.527	0.000000	0.000000
1582081729090	1582081729090	-16.192	-17.214	-4.767	-1.566	2.940	6.976	0.000000	0.000000
1582081729113	1582081729113	-15.619	-13.869	-7.598	-2.999	3.523	6.266	0.000000	0.000000
1582081729129	1582081729127	-16.051	-11.908	-8.537	-3.776	3.467	5.878	0.000000	0.000000
1582081729148	1582081729147	-16.520	-12.413	-9.155	-3.670	3.443	5.411	0.000000	0.000000
1582081729169	1582081729169	-16.175	-9.167	-9.780	-4.522	3.370	4.548	0.000000	0.000000
1582081729193	1582081729193	-15.869	-8.638	-9.699	-4.607	3.183	4.087	0.000000	0.000000
1582081729208	1582081729207	-14.280	-8.822	-10.784	-4.096	2.846	4.188	0.000000	0.000000
1582081729228	1582081729227	-14.795	-7.627	-10.887	-4.537	2.901	3.616	0.000000	0.000000
1582081729247	1582081729247	-12.877	-6.233	-10.820	-4.796	2.531	2.937	0.000000	0.000000
1582081729268	1582081729268	-13.097	-3.837	-9.706	-4.776	2.467	2.704	0.000000	0.000000
1582081729289	1582081729288	-11.418	-3.341	-9.685	-4.334	1.993	2.318	0.000000	0.000000
1582081729314	1582081729313	-10.560	-0.733	-8.884	-3.932	1.593	1.950	0.000000	0.000000
1582081729328	1582081729326	-8.272	-0.632	-7.699	-3.305	1.294	1.418	0.000000	0.000000
1582081729347	1582081729346	-9.530	3.251	-6.041	-3.814	1.347	1.088	0.000000	0.000000
1582081729371	1582081729369	-8.838	5.211	-5.452	-3.981	0.848	0.885	0.000000	0.000000
1582081729391	1582081729391	-8.617	6.229	-4.987	-3.090	-0.038	0.861	0.000000	0.000000
1582081729408	1582081729406	-7.700	4.138	-3.629	-2.328	-0.488	0.865	0.000000	0.000000
1582081729427	1582081729426	-8.081	4.054	-2.996	-2.625	-0.487	1.066	0.000000	0.000000
1582081729447	1582081729446	-7.216	8.675	-3.880	-2.744	-0.866	1.122	0.000000	0.000000
1582081729466	1582081729466	-6.687	6.394	-3.732	-2.390	-1.107	0.553	0.000000	0.000000
1582081729489	1582081729489	-8.184	2.338	-3.186	-2.515	-1.210	0.246	0.000000	0.000000
1582081729512	1582081729507	-10.400	2.274	-1.056	-2.106	-1.579	-0.054	0.000000	0.000000
1582081729526	1582081729525	-12.992	0.298	0.865	-1.579	-2.164	-0.266	0.000000	0.000000
1582081729547	1582081729545	-12.103	1.325	1.004	-1.736	-3.529	0.003	0.000000	0.000000
1582081729567	1582081729565	-11.590	5.800	0.638	-1.491	-4.086	-0.068	0.000000	0.000000
1582081729591	1582081729591	-11.571	5.575	1.004	-1.208	-3.960	-1.155	0.000000	0.000000
1582081729611	1582081729608	-12.805	1.090	1.215	-1.503	-3.817	-1.788	0.000000	0.000000
1582081729627	1582081729626	-14.367	1.205	1.356	-0.976	-4.384	-1.688	0.000000	0.000000
1582081729646	1582081729645	-14.072	1.541	-0.371	0.623	-5.545	-1.515	0.000000	0.000000
1582081729666	1582081729665	-14.755	0.003	-1.549	2.196	-6.881	-1.672	0.000000	0.000000
1582081729686	1582081729685	-14.874	-1.969	-2.745	3.422	-8.213	-1.805	0.000000	0.000000
1582081729710	1582081729709	-13.784	-3.011	-4.625	4.377	-9.138	-1.832	0.000000	0.000000
1582081729731	1582081729723	-12.615	-3.859	-6.237	5.828	-9.787	-2.011	0.000000	0.000000
1582081729745	1582081729744	-10.833	-5.150	-8.139	7.697	-10.035	-1.964	0.000000	0.000000
1582081729766	1582081729764	-8.900	-6.125	-9.158	9.578	-9.829	-1.905	0.000000	0.000000
1582081729790	1582081729785	-6.687	-4.187	-10.758	9.817	-8.467	-1.638	0.000000	0.000000
1582081729804	1582081729803	-6.780	-3.739	-12.023	9.335	-6.927	-1.302	0.000000	0.000000
1582081729824	1582081729823	-7.436	-3.138	-13.453	8.207	-6.404	-1.360	0.000000	0.000000
1582081729845	1582081729844	-6.399	-1.973	-13.970	7.225	-6.341	-1.596	0.000000	0.000000
1582081729866	1582081729865	-4.044	-0.701	-16.025	6.327	-5.605	-1.450	0.000000	0.000000
1582081729888	1582081729886	-3.228	0.757	-16.064	4.868	-4.532	-0.998	0.000000	0.000000
1582081729915	1582081729904	-1.948	4.248	-14.291	1.926	-3.991	-0.620	0.000000	0.000000
1582081729927	1582081729926	-3.000	6.459	-8.204	-0.206	-3.857	-0.880	0.000000	0.000000
1582081729945	1582081729944	-4.066	6.658	-1.708	-1.797	-4.432	-1.544	0.000000	0.000000
1582081729965	1582081729964	-9.080	0.899	7.036	-0.917	-5.063	-1.587	0.000000	0.000000
1582081729985	1582081729984	-13.612	1.004	11.068	-0.291	-5.526	-0.789	0.000000	0.000000
1582081730013	1582081730013	-12.577	0.357	11.803	0.529	-6.690	1.007	0.000000	0.000000
1582081730025	1582081730024	-12.139	8.895	10.965	0.566	-6.412	1.358	0.000000	0.000000
1582081730049	1582081730049	-16.357	8.763	10.615	-0.299	-5.519	1.320	0.000000	0.000000
1582081730065	1582081730064	-17.109	6.346	10.514	-2.006	-5.698	1.522	0.000000	0.000000
1582081730085	1582081730083	-13.066	7.896	15.408	-1.611	-5.129	1.010	0.000000	0.000000
1582081730107	1582081730107	-7.317	14.019	12.323	-0.456	-3.633	1.081	0.000000	0.000000
1582081730126	1582081730126	-11.475	9.817	10.574	-0.346	-2.658	1.931	0.000000	0.000000
1582081730144	1582081730143	-4.615	6.478	11.925	0.441	-3.011	1.927	0.000000	0.000000
1582081730163	1582081730163	-3.563	4.787	11.106	0.138	-2.923	2.328	0.000000	0.000000
1582081730184	1582081730183	-2.849	5.050	7.985	-1.101	-2.179	2.304	0.000000	0.000000
1582081730204	1582081730204	-4.368	4.818	5.948	-1.659	-1.407	2.340	0.000000	0.000000
1582081730225	1582081730224	-4.092	6.099	4.351	-2.058	-0.914	1.846	0.000000	0.000000
1582081730245	1582081730243	-4.282	4.190	6.396	-1.559	-1.033	1.596	0.000000	0.000000
1582081730264	1582081730262	-2.669	4.909	6.248	-1.548	-0.946	1.320	0.000000	0.000000
1582081730283	1582081730282	-1.143	5.199	6.102	-1.526	-0.689	1.296	0.000000	0.000000
1582081730303	1582081730303	-1.678	5.237	6.317	-1.425	-0.201	1.410	0.000000	0.000000
1582081730325	1582081730325	-3.014	4.423	5.448	-1.856	0.373	1.586	0.000000	0.000000
1582081730345	1582081730344	-3.905	3.426	5.716	-2.119	0.678	1.553	0.000000	0.000000
1582081730363	1582081730362	-4.052	3.450	5.898	-2.585	0.559	1.378	0.000000	0.000000
1582081730382	1582081730382	-3.493	2.676	5.500	-2.868	0.290	1.189	0.000000	0.000000
1582081730405	1582081730404	-3.307	2.259	5.000	-2.795	0.108	0.990	0.000000	0.000000
1582081730423	1582081730423	-3.146	1.354	5.249	-2.547	0.175	0.900	0.000000	0.000000
1582081730444	1582081730442	-2.717	1.186	5.939	-2.183	0.175	0.562	0.000000	0.000000
1582081730462	1582081730462	-1.606	2.564	6.430	-1.863	-0.036	0.031	0.000000	0.000000
1582081730483	1582081730481	-0.995	2.671	6.782	-2.004	-0.217	-0.044	0.000000	0.000000
1582081730502	1582081730501	-1.546	0.312	7.731	-2.354	-0.132	0.208	0.000000	0.000000
1582081730530	1582081730526	-1.213	-1.758	7.953	-2.923	-0.108	0.217	0.000000	0.000000
1582081730543	1582081730542	-0.245	-1.842	7.335	-2.570	0.037	0.243	0.000000	0.000000
1582081730562	1582081730561	-1.263	-0.630	8.509	-1.455	0.340	0.665	0.000000	0.000000
1582081730582	1582081730581	-3.338	-1.056	9.863	-1.269	0.524	0.785	0.000000	0.000000
1582081730601	1582081730601	-3.690	-1.633	9.455	-1.821	0.062	0.505	0.000000	0.000000
1582081730626	1582081730627	-1.546	-1.509	8.696	-2.161	-0.474	0.327	0.000000	0.000000
1582081730644	1582081730641	-0.473	-2.184	8.241	-2.105	-0.385	0.513	0.000000	0.000000
1582081730662	1582081730661	-1.261	-2.678	8.186	-2.325	0.067	0.700	0.000000	0.000000
1582081730681	1582081730681	-1.857	-3.449	7.623	-2.092	0.268	0.835	0.000000	0.000000
1582081730701	1582081730700	-2.181	-4.311	7.419	-1.254	0.347	0.945	0.000000	0.000000
1582081730725	1582081730725	-2.705	-4.211	7.556	-1.319	0.294	0.926	0.000000	0.000000
1582081730746	1582081730743	-2.736	-3.054	7.776	-1.582	0.170	0.875	0.000000	0.000000
1582081730761	1582081730761	-2.528	-3.775	7.086	-1.609	0.151	0.929	0.000000	0.000000
1582081730781	1582081730780	-2.348	-4.343	6.102	-1.599	0.226	0.918	0.000000	0.000000
1582081730801	1582081730800	-2.255	-4.678	5.841	-1.200	0.108	0.946	0.000000	0.000000
1582081730821	1582081730821	-1.979	-5.612	6.370	-1.287	-0.087	0.900	0.000000	0.000000
1582081730848	1582081730840	-1.354	-6.757	6.234	-1.819	-0.060	0.859	0.000000	0.000000
1582081730862	1582081730860	-1.249	-7.394	5.903	-1.672	0.323	0.898	0.000000	0.000000
1582081730880	1582081730880	-2.540	-6.683	5.915	-1.690	0.769	0.903	0.000000	0.000000
1582081730901	1582081730899	-3.968	-5.521	6.303	-2.036	0.805	0.818	0.000000	0.000000
1582081730923	1582081730922	-3.726	-5.318	5.953	-2.330	0.379	0.750	0.000000	0.000000
1582081730940	1582081730941	-3.101	-6.544	4.746	-2.975	0.169	0.740	0.000000	0.000000
1582081730961	1582081730960	-3.644	-8.247	3.431	-3.064	0.344	0.767	0.000000	0.000000
1582081730982	1582081730979	-3.886	-9.728	3.256	-2.735	0.454	0.803	0.000000	0.000000
1582081731001	1582081730999	-4.126	-10.348	2.904	-2.404	0.592	0.783	0.000000	0.000000
1582081731021	1582081731019	-4.871	-10.434	2.590	-2.335	0.887	0.671	0.000000	0.000000
1582081731047	1582081731046	-4.871	-10.401	2.058	-2.488	1.206	0.446	0.000000	0.000000
1582081731062	1582081731061	-4.995	-11.373	0.527	-2.318	1.393	-0.107	0.000000	0.000000
1582081731080	1582081731079	-5.795	-14.873	-2.067	-2.078	1.745	-0.965	0.000000	0.000000
1582081731100	1582081731099	-8.378	-18.318	-5.131	-3.181	2.559	-2.158	0.000000	0.000000
1582081731121	1582081731118	-12.426	-18.392	-6.532	-6.023	2.784	-3.376	0.000000	0.000000
1582081731140	1582081731140	-11.061	-15.558	-10.106	-9.516	2.176	-4.087	0.000000	0.000000
1582081731160	1582081731159	-7.180	-22.064	-12.068	-10.440	2.307	-4.371	0.000000	0.000000
1582081731182	1582081731178	-9.154	-24.371	-11.424	-10.066	3.809	-4.063	0.000000	0.000000
1582081731199	1582081731198	-8.934	-12.641	-13.927	-6.687	4.859	-2.821	0.000000	0.000000
1582081731219	1582081731218	-10.273	-6.350	-17.623	-2.969	5.127	-1.096	0.000000	0.000000
1582081731243	1582081731243	-11.092	-8.839	-10.528	1.020	4.624	1.295	0.000000	0.000000
1582081731265	1582081731260	-9.992	-5.157	-2.757	2.621	4.732	2.783	0.000000	0.000000
1582081731282	1582081731282	-12.675	5.278	-3.061	2.402	4.919	3.488	0.000000	0.000000
1582081731298	1582081731298	-9.080	-4.187	-1.164	4.166	3.505	4.458	0.000000	0.000000
1582081731319	1582081731318	-11.870	-3.229	1.744	4.371	2.200	7.251	0.000000	0.000000
1582081731339	1582081731337	-9.559	2.688	6.911	2.940	0.760	7.902	0.000000	0.000000
1582081731359	1582081731358	-11.269	-1.933	6.543	1.174	0.861	8.086	0.000000	0.000000
1582081731382	1582081731382	-16.156	-8.609	4.978	-0.884	0.967	8.565	0.000000	0.000000
1582081731399	1582081731397	-15.246	-17.127	-3.775	-1.754	1.403	8.125	0.000000	0.000000
1582081731419	1582081731417	-14.546	-12.729	-7.004	-4.445	2.104	7.012	0.000000	0.000000
1582081731439	1582081731439	-17.160	-15.185	-10.779	-4.934	2.704	6.404	0.000000	0.000000
1582081731466	1582081731461	-17.768	-12.696	-8.063	-4.065	2.636	6.595	0.000000	0.000000
1582081731479	1582081731479	-16.087	-14.919	-8.884	-4.185	3.016	5.955	0.000000	0.000000
1582081731498	1582081731497	-16.463	-9.696	-9.462	-4.931	3.543	5.438	0.000000	0.000000
1582081731518	1582081731517	-18.499	-10.245	-10.130	-5.331	2.936	4.859	0.000000	0.000000
1582081731538	1582081731537	-14.000	-10.406	-11.397	-4.134	2.234	4.562	0.000000	0.000000
1582081731558	1582081731558	-14.518	-7.608	-9.613	-4.277	2.826	4.150	0.000000	0.000000
1582081731581	1582081731581	-13.578	-6.865	-10.444	-4.310	2.709	3.537	0.000000	0.000000
1582081731599	1582081731598	-13.164	-4.089	-8.674	-4.573	2.036	2.841	0.000000	0.000000
1582081731617	1582081731616	-10.603	-3.590	-8.791	-4.150	1.358	2.408	0.000000	0.000000
1582081731637	1582081731637	-10.975	-0.306	-6.532	-4.067	1.668	2.088	0.000000	0.000000
1582081731658	1582081731658	-12.093	1.510	-6.367	-3.726	1.471	1.608	0.000000	0.000000
1582081731683	1582081731677	-8.213	0.293	-5.148	-3.347	0.323	1.523	0.000000	0.000000
1582081731698	1582081731696	-9.291	4.964	-4.652	-4.001	0.222	1.348	0.000000	0.000000
1582081731717	1582081731716	-10.165	4.930	-3.217	-3.182	-0.076	1.065	0.000000	0.000000
1582081731736	1582081731736	-8.498	3.929	-3.835	-2.569	-0.477	0.738	0.000000	0.000000
1582081731757	1582081731757	-8.328	4.444	-2.431	-2.520	-0.528	0.614	0.000000	0.000000
1582081731777	1582081731777	-9.703	6.068	-2.357	-2.723	-0.824	0.626	0.000000	0.000000
1582081731798	1582081731797	-10.105	5.103	-2.467	-2.240	-1.583	0.410	0.000000	0.000000
1582081731816	1582081731815	-8.960	1.948	-0.953	-1.967	-2.299	0.314	0.000000	0.000000
1582081731836	1582081731835	-10.117	2.092	1.974	-1.903	-1.991	0.431	0.000000	0.000000
1582081731856	1582081731856	-12.338	2.247	0.424	-1.160	-2.659	0.806	0.000000	0.000000
1582081731880	1582081731880	-11.583	3.790	2.341	0.490	-3.707	0.845	0.000000	0.000000
1582081731896	1582081731895	-10.879	3.519	3.754	0.529	-3.426	-0.003	0.000000	0.000000
1582081731918	1582081731917	-11.219	2.176	3.064	-0.741	-2.348	-0.389	0.000000	0.000000
1582081731935	1582081731935	-16.700	0.719	2.422	-0.251	-1.967	0.069	0.000000	0.000000
1582081731957	1582081731955	-20.013	2.247	-0.666	0.646	-3.441	0.018	0.000000	0.000000
1582081731977	1582081731977	-19.117	1.601	-4.228	1.593	-5.829	-0.329	0.000000	0.000000
1582081731996	1582081731996	-17.739	0.532	-6.649	2.425	-8.048	-0.801	0.000000	0.000000
1582081732015	1582081732015	-17.529	-1.109	-9.395	3.488	-10.050	-1.050	0.000000	0.000000
1582081732035	1582081732035	-15.835	-2.654	-11.316	5.292	-12.480	-1.586	0.000000	0.000000
1582081732059	1582081732054	-12.297	-2.584	-11.567	6.564	-13.689	-1.874	0.000000	0.000000
1582081732087	1582081732086	-8.744	-2.352	-11.347	6.700	-12.935	-2.207	0.000000	0.000000
1582081732095	1582081732094	-4.615	-5.859	-10.008	7.727	-10.732	-2.857	0.000000	0.000000
1582081732115	1582081732114	-2.401	-11.242	-11.876	10.469	-7.563	-2.520	0.000000	0.000000
1582081732136	1582081732134	-6.037	-10.132	-16.797	11.068	-4.750	-1.034	0.000000	0.000000
1582081732155	1582081732155	-6.435	-0.464	-20.922	8.864	-5.041	-0.285	0.000000	0.000000
1582081732176	1582081732176	-1.393	2.676	-18.155	6.613	-6.218	-1.071	0.000000	0.000000
1582081732195	1582081732194	-0.154	0.185	-15.812	4.826	-4.920	-1.398	0.000000	0.000000
1582081732215	1582081732214	-2.473	4.748	-13.256	0.995	-3.829	-1.112	0.000000	0.000000
