1582082936607	1582082936607	-10.392	2.434	2.161	0.075	-3.028	-0.656	0.000000	0.000000
1582082936626	1582082936625	-12.333	3.062	3.436	0.016	-2.819	-0.383	0.000000	0.000000
1582082936646	1582082936645	-13.181	4.974	3.285	-0.642	-3.414	-0.266	0.000000	0.000000
1582082936666	1582082936665	-13.969	2.362	2.025	-0.216	-4.215	-0.446	0.000000	0.000000
1582082936687	1582082936686	-16.858	-2.187	0.321	1.090	-5.306	-0.831	0.000000	0.000000
1582082936709	1582082936708	-17.421	-4.331	-1.557	2.309	-7.213	-0.861	0.000000	0.000000
1582082936726	1582082936725	-15.301	-3.564	-4.304	3.754	-8.787	-0.550	0.000000	0.000000
1582082936746	1582082936744	-13.039	-1.521	-7.234	5.079	-10.088	-0.660	0.000000	0.000000
1582082936766	1582082936764	-12.081	-1.327	-9.349	5.733	-11.023	-0.941	0.000000	0.000000
1582082936785	1582082936784	-11.533	-4.275	-9.998	7.205	-11.657	-1.295	0.000000	0.000000
1582082936805	1582082936804	-9.456	-3.550	-11.045	8.142	-11.536	-1.728	0.000000	0.000000
1582082936825	1582082936824	-8.895	-0.931	-12.312	7.566	-10.127	-2.109	0.000000	0.000000
1582082936845	1582082936844	-9.101	-1.537	-10.880	6.795	-9.058	-2.732	0.000000	0.000000
1582082936865	1582082936864	-7.789	-5.052	-10.787	6.535	-7.723	-2.646	0.000000	0.000000
1582082936885	1582082936884	-8.502	-4.764	-15.137	6.472	-6.150	-1.966	0.000000	0.000000
1582082936908	1582082936907	-6.277	0.688	-17.571	5.189	-5.368	-1.334	0.000000	0.000000
1582082936925	1582082936924	-4.133	2.307	-16.025	3.054	-4.906	-1.155	0.000000	0.000000
1582082936945	1582082936944	-4.255	4.724	-12.111	-0.037	-4.707	-1.236	0.000000	0.000000
1582082936965	1582082936963	-4.088	6.265	-6.084	-2.187	-4.679	-1.566	0.000000	0.000000
1582082936987	1582082936985	-5.795	3.948	1.387	-2.871	-4.796	-1.615	0.000000	0.000000
1582082937004	1582082937003	-11.916	1.912	8.976	-1.689	-5.117	-1.283	0.000000	0.000000
1582082937024	1582082937023	-9.978	3.412	12.014	-0.067	-4.592	-0.827	0.000000	0.000000
1582082937048	1582082937047	-8.637	8.993	11.690	1.099	-5.413	0.074	0.000000	0.000000
1582082937064	1582082937063	-11.535	8.222	13.576	1.438	-4.922	0.414	0.000000	0.000000
1582082937084	1582082937083	-11.770	5.769	12.467	0.849	-4.367	1.004	0.000000	0.000000
1582082937104	1582082937103	-12.314	7.393	10.488	-0.035	-4.027	1.587	0.000000	0.000000
1582082937129	1582082937124	-10.749	7.970	10.315	-1.568	-4.288	1.570	0.000000	0.000000
1582082937147	1582082937144	-6.440	6.691	11.628	-2.732	-4.391	1.423	0.000000	0.000000
1582082937164	1582082937163	-4.741	8.596	13.190	-2.040	-3.564	1.572	0.000000	0.000000
1582082937184	1582082937183	-4.835	7.326	10.950	-0.782	-2.351	1.865	0.000000	0.000000
1582082937204	1582082937204	-4.792	4.918	10.507	-0.528	-1.929	2.001	0.000000	0.000000
1582082937224	1582082937222	-4.095	4.224	8.976	-1.042	-1.920	2.177	0.000000	0.000000
1582082937247	1582082937247	-3.790	3.290	8.267	-1.455	-1.560	2.052	0.000000	0.000000
1582082937263	1582082937262	-2.425	3.436	8.660	-1.217	-1.448	1.763	0.000000	0.000000
1582082937283	1582082937282	-1.239	3.704	8.073	-1.129	-1.093	1.809	0.000000	0.000000
1582082937305	1582082937305	-2.013	2.842	7.333	-1.447	-0.382	2.076	0.000000	0.000000
1582082937330	1582082937322	-2.576	4.236	6.600	-2.210	0.105	2.050	0.000000	0.000000
1582082937344	1582082937344	-2.504	5.668	4.906	-3.284	0.410	1.944	0.000000	0.000000
1582082937365	1582082937364	-3.647	4.514	4.569	-3.507	0.642	1.855	0.000000	0.000000
1582082937383	1582082937383	-3.230	1.847	5.647	-3.143	0.381	1.443	0.000000	0.000000
1582082937403	1582082937403	-2.195	0.000	5.924	-2.907	-0.123	1.354	0.000000	0.000000
1582082937425	1582082937425	-2.595	-1.121	5.711	-2.610	0.074	1.410	0.000000	0.000000
1582082937448	1582082937448	-2.133	-0.685	4.966	-2.071	0.056	1.253	0.000000	0.000000
1582082937464	1582082937464	-1.639	0.336	4.058	-1.528	-0.170	0.926	0.000000	0.000000
1582082937484	1582082937482	-1.139	0.971	4.540	-1.505	-0.400	0.606	0.000000	0.000000
1582082937504	1582082937502	-1.227	-0.103	5.565	-1.789	-0.430	0.455	0.000000	0.000000
1582082937532	1582082937527	-1.922	-2.606	6.772	-2.143	-0.217	0.289	0.000000	0.000000
1582082937548	1582082937543	-1.924	-2.472	7.144	-2.888	-0.434	0.024	0.000000	0.000000
1582082937567	1582082937564	0.045	-2.503	7.757	-2.754	-0.544	0.021	0.000000	0.000000
1582082937584	1582082937582	-1.225	-4.170	9.216	-1.985	0.441	0.430	0.000000	0.000000
1582082937603	1582082937602	-3.077	-4.374	9.546	-1.943	1.103	0.561	0.000000	0.000000
1582082937624	1582082937622	-4.509	-2.508	7.649	-1.956	0.278	0.598	0.000000	0.000000
1582082937646	1582082937644	-2.037	-0.045	8.286	-1.847	-0.702	0.165	0.000000	0.000000
1582082937664	1582082937663	0.148	-1.767	8.445	-1.641	-1.028	0.303	0.000000	0.000000
1582082937682	1582082937681	-0.382	-4.556	8.825	-1.220	-0.290	0.674	0.000000	0.000000
1582082937702	1582082937701	-0.489	-7.838	8.981	-2.280	0.310	0.875	0.000000	0.000000
1582082937724	1582082937724	-1.764	-6.242	8.346	-2.635	0.499	0.924	0.000000	0.000000
1582082937747	1582082937747	-1.910	-3.003	7.951	-2.356	0.329	0.999	0.000000	0.000000
1582082937762	1582082937761	-2.087	-3.027	7.872	-1.413	0.328	0.981	0.000000	0.000000
1582082937783	1582082937782	-2.485	-4.762	7.889	-0.827	0.174	1.039	0.000000	0.000000
1582082937802	1582082937802	-2.502	-5.842	7.240	-1.526	-0.179	0.920	0.000000	0.000000
1582082937821	1582082937821	-1.692	-5.986	6.449	-1.934	-0.446	0.826	0.000000	0.000000
1582082937845	1582082937841	-1.220	-5.488	5.774	-1.860	-0.218	0.946	0.000000	0.000000
1582082937862	1582082937860	-2.614	-5.495	5.115	-1.759	0.287	1.139	0.000000	0.000000
1582082937881	1582082937880	-3.958	-7.102	4.772	-1.738	0.478	1.158	0.000000	0.000000
1582082937902	1582082937901	-4.523	-8.360	3.898	-2.232	0.101	1.025	0.000000	0.000000
1582082937922	1582082937921	-3.738	-8.626	3.273	-2.488	-0.324	0.872	0.000000	0.000000
1582082937947	1582082937947	-3.029	-9.471	2.413	-2.694	-0.279	0.790	0.000000	0.000000
1582082937962	1582082937961	-3.357	-10.430	1.632	-2.530	0.078	0.797	0.000000	0.000000
1582082937986	1582082937980	-3.781	-10.695	1.704	-2.394	0.327	0.638	0.000000	0.000000
1582082938001	1582082938000	-4.507	-10.293	1.684	-2.457	0.312	0.494	0.000000	0.000000
1582082938021	1582082938020	-4.825	-11.946	0.870	-2.110	0.233	0.222	0.000000	0.000000
1582082938042	1582082938042	-5.661	-15.803	-1.322	-2.624	0.629	-0.364	0.000000	0.000000
1582082938070	1582082938070	-9.458	-18.608	-3.375	-5.358	1.404	-1.569	0.000000	0.000000
1582082938084	1582082938083	-12.810	-16.495	-7.950	-10.951	1.577	-2.824	0.000000	0.000000
1582082938100	1582082938100	-12.338	-15.733	-18.098	-16.504	1.298	-3.413	0.000000	0.000000
1582082938121	1582082938120	-10.254	-28.214	-24.803	-14.534	2.377	-3.080	0.000000	0.000000
1582082938148	1582082938146	-6.763	-22.321	-16.821	-9.435	4.166	-2.651	0.000000	0.000000
1582082938160	1582082938160	-10.776	-3.039	-18.795	-3.081	6.451	-0.252	0.000000	0.000000
1582082938181	1582082938180	-14.862	-4.723	-10.779	0.850	7.344	0.348	0.000000	0.000000
1582082938201	1582082938201	-11.135	-1.945	-1.863	-0.832	6.408	1.315	0.000000	0.000000
1582082938220	1582082938219	-8.090	2.224	-2.592	2.481	5.064	4.924	0.000000	0.000000
1582082938240	1582082938239	-12.254	-6.594	-0.804	6.071	3.927	7.832	0.000000	0.000000
1582082938263	1582082938259	-9.513	1.900	4.403	4.840	1.626	8.775	0.000000	0.000000
1582082938284	1582082938279	-8.581	-1.839	8.260	3.930	0.676	9.435	0.000000	0.000000
1582082938299	1582082938299	-11.578	-1.784	6.303	2.014	1.211	10.323	0.000000	0.000000
1582082938319	1582082938319	-18.197	-13.611	-0.071	0.230	2.192	9.724	0.000000	0.000000
1582082938340	1582082938339	-15.423	-12.138	-1.847	-2.336	1.876	8.725	0.000000	0.000000
1582082938360	1582082938360	-13.502	-18.811	-7.658	-3.613	2.413	7.768	0.000000	0.000000
1582082938382	1582082938382	-14.429	-14.830	-9.656	-4.716	3.735	7.194	0.000000	0.000000
1582082938400	1582082938400	-19.680	-14.610	-10.985	-5.042	3.973	6.559	0.000000	0.000000
1582082938419	1582082938419	-17.002	-13.680	-11.536	-4.641	3.482	5.667	0.000000	0.000000
1582082938439	1582082938438	-19.320	-10.168	-10.106	-4.866	3.450	5.139	0.000000	0.000000
1582082938460	1582082938459	-20.973	-12.906	-8.873	-4.288	2.991	4.993	0.000000	0.000000
1582082938486	1582082938486	-16.043	-9.440	-8.075	-4.373	2.305	4.444	0.000000	0.000000
1582082938502	1582082938498	-15.325	-7.555	-11.088	-4.349	2.424	3.508	0.000000	0.000000
1582082938522	1582082938521	-13.447	-4.343	-8.499	-4.393	1.894	2.760	0.000000	0.000000
1582082938539	1582082938538	-12.589	1.476	-8.139	-5.115	1.225	2.215	0.000000	0.000000
1582082938558	1582082938558	-10.989	0.092	-7.150	-4.395	0.403	1.659	0.000000	0.000000
1582082938579	1582082938579	-7.769	1.919	-7.981	-4.111	0.029	1.484	0.000000	0.000000
1582082938600	1582082938598	-9.386	3.021	-7.907	-4.053	0.236	1.602	0.000000	0.000000
1582082938619	1582082938619	-10.311	1.323	-6.860	-3.770	0.102	1.287	0.000000	0.000000
1582082938638	1582082938637	-9.588	1.299	-6.400	-3.374	-0.137	1.146	0.000000	0.000000
1582082938658	1582082938658	-10.186	1.668	-5.660	-2.392	-0.366	1.174	0.000000	0.000000
1582082938687	1582082938686	-10.289	1.483	-3.768	-1.700	-0.622	0.864	0.000000	0.000000
1582082938700	1582082938697	-9.180	1.380	-5.169	-1.442	-0.978	0.417	0.000000	0.000000
1582082938720	1582082938717	-9.858	4.075	-5.797	-1.397	-1.519	0.165	0.000000	0.000000
1582082938738	1582082938737	-9.559	4.636	-4.472	-1.692	-2.130	-0.333	0.000000	0.000000
1582082938758	1582082938757	-9.065	2.676	-1.652	-1.672	-2.469	-0.459	0.000000	0.000000
1582082938778	1582082938778	-10.462	2.130	0.947	-0.743	-2.619	-0.431	0.000000	0.000000
1582082938804	1582082938797	-10.553	1.119	0.245	-0.383	-3.776	-0.263	0.000000	0.000000
1582082938820	1582082938820	-11.140	4.348	3.208	-0.087	-3.965	0.270	0.000000	0.000000
1582082938838	1582082938837	-12.563	3.460	2.305	0.557	-3.595	0.739	0.000000	0.000000
1582082938857	1582082938856	-14.410	1.445	1.550	1.106	-4.052	1.190	0.000000	0.000000
1582082938879	1582082938878	-15.389	2.906	1.040	1.155	-5.188	1.164	0.000000	0.000000
1582082938902	1582082938902	-15.548	1.201	0.084	1.137	-6.312	0.745	0.000000	0.000000
1582082938917	1582082938916	-14.987	-3.023	-0.666	1.940	-7.417	0.473	0.000000	0.000000
1582082938942	1582082938943	-13.135	-4.635	-1.902	3.391	-8.464	0.338	0.000000	0.000000
1582082938957	1582082938957	-11.420	-4.886	-3.837	4.986	-9.216	0.273	0.000000	0.000000
1582082938982	1582082938976	-10.237	-7.553	-6.391	7.114	-9.810	0.214	0.000000	0.000000
1582082939003	1582082938996	-6.306	-11.234	-8.880	10.087	-9.953	0.319	0.000000	0.000000
1582082939017	1582082939017	-3.122	-8.386	-10.058	11.481	-8.530	0.582	0.000000	0.000000
1582082939037	1582082939036	-3.685	-6.259	-9.931	11.658	-6.710	0.592	0.000000	0.000000
1582082939056	1582082939056	-6.991	-8.099	-10.566	10.385	-6.202	0.668	0.000000	0.000000
1582082939077	1582082939075	-6.560	-7.775	-12.248	8.155	-6.776	0.980	0.000000	0.000000
1582082939097	1582082939097	-4.777	-2.663	-14.480	5.614	-6.733	1.080	0.000000	0.000000
1582082939116	1582082939116	-4.358	-2.057	-17.501	3.875	-5.761	0.749	0.000000	0.000000
1582082939138	1582082939136	-2.202	-1.327	-17.760	1.729	-4.987	0.312	0.000000	0.000000
1582082939156	1582082939155	-3.340	6.346	-14.224	-3.030	-4.807	-0.196	0.000000	0.000000
1582082939176	1582082939175	-5.240	6.595	-7.212	-5.331	-5.586	-1.326	0.000000	0.000000
1582082939195	1582082939195	-9.544	0.386	1.795	-4.527	-5.959	-1.270	0.000000	0.000000
1582082939222	1582082939215	-14.894	-0.239	7.276	-2.313	-6.271	-0.225	0.000000	0.000000
1582082939237	1582082939237	-10.515	4.581	10.632	0.210	-6.485	0.658	0.000000	0.000000
1582082939256	1582082939254	-11.784	9.288	11.075	0.488	-5.531	1.455	0.000000	0.000000
1582082939276	1582082939275	-16.925	8.936	10.763	0.066	-4.778	1.924	0.000000	0.000000
1582082939302	1582082939302	-14.676	6.823	9.019	-0.407	-4.817	2.181	0.000000	0.000000
1582082939315	1582082939315	-15.133	8.428	8.186	-0.886	-4.834	2.345	0.000000	0.000000
1582082939341	1582082939341	-10.134	9.420	14.795	-0.842	-5.116	2.208	0.000000	0.000000
1582082939355	1582082939354	-5.292	12.392	13.312	-0.809	-4.065	2.237	0.000000	0.000000
1582082939376	1582082939374	-6.701	8.782	11.532	-0.482	-2.605	2.606	0.000000	0.000000
1582082939399	1582082939394	-6.033	7.491	11.001	-0.537	-2.753	3.040	0.000000	0.000000
1582082939426	1582082939414	-4.866	5.929	10.670	-0.890	-2.488	3.181	0.000000	0.000000
1582082939439	1582082939435	-3.340	4.406	8.672	-1.964	-2.074	3.107	0.000000	0.000000
1582082939456	1582082939454	-4.313	3.826	6.856	-3.030	-1.298	2.733	0.000000	0.000000
1582082939476	1582082939474	-3.005	5.520	3.994	-3.940	-1.014	2.348	0.000000	0.000000
1582082939495	1582082939495	-2.856	5.747	1.859	-3.854	-0.870	2.118	0.000000	0.000000
1582082939515	1582082939515	-3.081	4.590	2.039	-2.815	-0.812	1.858	0.000000	0.000000
1582082939536	1582082939536	-2.157	3.553	2.367	-2.171	-0.574	1.718	0.000000	0.000000
1582082939556	1582082939555	-1.201	2.923	2.918	-2.740	-0.269	1.720	0.000000	0.000000
1582082939575	1582082939574	-0.760	1.364	3.352	-3.472	0.056	1.638	0.000000	0.000000
1582082939593	1582082939593	-0.810	-1.030	3.936	-3.427	0.504	1.318	0.000000	0.000000
1582082939615	1582082939614	-1.472	-3.011	4.130	-2.813	0.633	0.650	0.000000	0.000000
1582082939637	1582082939637	-1.165	-2.151	5.656	-2.441	0.630	0.013	0.000000	0.000000
1582082939655	1582082939654	-1.412	-0.285	7.055	-2.739	0.699	0.014	0.000000	0.000000
1582082939675	1582082939675	-1.354	0.693	7.470	-3.021	0.699	0.107	0.000000	0.000000
1582082939694	1582082939693	-1.131	0.868	7.963	-2.516	0.662	0.333	0.000000	0.000000
1582082939715	1582082939715	-1.575	-0.342	8.624	-2.037	0.769	0.628	0.000000	0.000000
1582082939736	1582082939732	-2.485	-2.582	8.778	-1.779	1.036	0.684	0.000000	0.000000
1582082939757	1582082939755	-2.871	-3.109	9.381	-1.794	0.760	0.607	0.000000	0.000000
1582082939774	1582082939772	-2.439	-1.027	9.676	-1.918	0.713	0.515	0.000000	0.000000
1582082939793	1582082939792	-4.049	-0.625	9.844	-2.048	0.846	0.378	0.000000	0.000000
1582082939813	1582082939813	-5.491	-2.414	7.496	-2.138	0.216	0.303	0.000000	0.000000
1582082939836	1582082939836	-2.468	-2.005	7.496	-1.241	-0.921	0.411	0.000000	0.000000
1582082939854	1582082939852	0.030	-3.229	9.400	-0.940	-1.145	0.706	0.000000	0.000000
1582082939875	1582082939874	-0.830	-5.351	8.722	-1.630	-0.218	1.013	0.000000	0.000000
1582082939893	1582082939892	-1.611	-4.297	8.270	-1.918	0.403	1.111	0.000000	0.000000
1582082939914	1582082939912	-3.089	-2.242	8.425	-1.938	0.464	1.132	0.000000	0.000000
1582082939933	1582082939933	-2.942	-2.486	7.609	-1.933	0.097	1.067	0.000000	0.000000
1582082939956	1582082939952	-2.454	-5.770	6.528	-1.790	-0.135	1.077	0.000000	0.000000
1582082939975	1582082939972	-2.092	-7.426	6.866	-1.362	-0.174	1.145	0.000000	0.000000
1582082939992	1582082939992	-1.409	-6.834	7.173	-1.502	-0.123	1.176	0.000000	0.000000
1582082940017	1582082940013	-1.886	-5.646	6.178	-1.770	0.252	1.077	0.000000	0.000000
1582082940036	1582082940036	-2.942	-5.401	5.587	-1.573	0.470	1.058	0.000000	0.000000
1582082940052	1582082940051	-3.853	-6.139	5.687	-1.455	0.399	0.946	0.000000	0.000000
1582082940077	1582082940071	-3.565	-7.272	4.547	-1.984	0.147	0.715	0.000000	0.000000
1582082940092	1582082940091	-2.897	-7.775	3.721	-2.646	-0.051	0.509	0.000000	0.000000
1582082940112	1582082940111	-2.609	-8.072	3.407	-2.949	0.088	0.437	0.000000	0.000000
1582082940135	1582082940135	-3.393	-8.896	3.414	-3.095	0.263	0.293	0.000000	0.000000
1582082940155	1582082940151	-3.934	-9.586	3.016	-3.671	0.320	0.230	0.000000	0.000000
1582082940173	1582082940171	-3.944	-9.522	1.354	-4.093	0.389	0.200	0.000000	0.000000
1582082940191	1582082940190	-4.689	-10.327	0.000	-3.623	0.619	0.068	0.000000	0.000000
1582082940211	1582082940210	-6.476	-13.601	-1.399	-3.328	0.859	-0.140	0.000000	0.000000
1582082940231	1582082940230	-8.502	-16.955	-2.769	-4.319	0.858	-1.164	0.000000	0.000000
1582082940252	1582082940252	-11.732	-16.665	-6.503	-8.012	0.827	-2.854	0.000000	0.000000
1582082940272	1582082940271	-13.739	-17.513	-13.731	-12.459	1.153	-4.021	0.000000	0.000000
1582082940297	1582082940291	-11.667	-24.271	-19.693	-12.460	2.054	-3.863	0.000000	0.000000
1582082940311	1582082940310	-11.794	-17.190	-20.160	-10.168	4.154	-3.250	0.000000	0.000000
1582082940330	1582082940330	-15.195	0.647	-20.548	-6.893	6.186	-1.405	0.000000	0.000000
1582082940354	1582082940354	-15.945	-4.417	-14.265	-0.251	7.111	1.116	0.000000	0.000000
1582082940381	1582082940371	-19.816	-9.191	-0.900	2.384	6.087	4.025	0.000000	0.000000
1582082940396	1582082940390	-14.415	-6.431	4.197	3.281	4.330	5.614	0.000000	0.000000
1582082940411	1582082940410	-10.553	-5.464	2.827	4.981	2.556	7.125	0.000000	0.000000
1582082940431	1582082940429	-10.704	-3.645	6.356	5.138	1.284	8.512	0.000000	0.000000
1582082940458	1582082940450	-3.000	1.881	6.543	3.546	0.732	9.497	0.000000	0.000000
1582082940471	1582082940469	-20.710	-13.307	4.930	2.519	2.561	10.212	0.000000	0.000000
1582082940491	1582082940491	-14.819	-13.024	0.920	-0.234	2.563	9.114	0.000000	0.000000
1582082940510	1582082940509	-16.360	-14.993	-4.829	-2.357	2.987	7.896	0.000000	0.000000
1582082940530	1582082940529	-14.592	-17.602	-6.254	-3.371	3.377	7.214	0.000000	0.000000
1582082940550	1582082940550	-16.544	-14.705	-6.762	-3.971	3.669	7.437	0.000000	0.000000
1582082940576	1582082940571	-18.995	-11.469	-9.486	-5.227	3.611	6.395	0.000000	0.000000
1582082940595	1582082940591	-19.397	-14.931	-11.304	-5.353	3.633	5.363	0.000000	0.000000
1582082940611	1582082940608	-19.939	-9.701	-8.480	-4.839	2.655	5.568	0.000000	0.000000
1582082940629	1582082940628	-19.608	-9.776	-8.348	-3.775	2.408	5.294	0.000000	0.000000
1582082940649	1582082940649	-16.525	-8.173	-8.360	-3.464	2.608	4.743	0.000000	0.000000
1582082940670	1582082940670	-16.252	-5.547	-8.707	-4.460	2.826	3.819	0.000000	0.000000
1582082940690	1582082940689	-14.884	-2.821	-9.354	-5.102	2.441	2.715	0.000000	0.000000
1582082940710	1582082940710	-12.465	-1.868	-9.598	-4.963	1.528	2.377	0.000000	0.000000
1582082940729	1582082940728	-11.914	-1.446	-8.269	-4.155	0.881	2.361	0.000000	0.000000
1582082940749	1582082940748	-9.906	0.262	-6.108	-3.651	0.418	2.089	0.000000	0.000000
1582082940769	1582082940769	-8.452	2.547	-5.572	-3.659	0.386	1.852	0.000000	0.000000
1582082940792	1582082940789	-7.741	2.188	-5.567	-3.823	0.485	1.593	0.000000	0.000000
1582082940811	1582082940808	-9.128	1.340	-4.534	-3.252	-0.063	1.990	0.000000	0.000000
1582082940829	1582082940828	-9.166	4.569	-3.545	-2.559	-0.516	2.074	0.000000	0.000000
1582082940848	1582082940848	-8.205	2.408	-2.826	-2.313	-0.849	1.520	0.000000	0.000000
1582082940871	1582082940871	-7.427	5.266	-2.563	-2.745	-0.819	1.042	0.000000	0.000000
1582082940892	1582082940892	-8.862	5.124	-1.779	-2.768	-0.509	0.476	0.000000	0.000000
1582082940909	1582082940909	-10.654	1.522	0.302	-2.497	-0.818	0.086	0.000000	0.000000
1582082940929	1582082940927	-13.087	4.161	1.910	-1.110	-1.327	-0.306	0.000000	0.000000
1582082940948	1582082940948	-12.565	5.853	0.870	-0.876	-3.557	-0.343	0.000000	0.000000
1582082940969	1582082940967	-10.553	3.994	2.487	-0.831	-4.080	-0.804	0.000000	0.000000
1582082940997	1582082940997	-11.815	3.160	2.322	-0.580	-3.126	-0.936	0.000000	0.000000
1582082941008	1582082941007	-15.732	3.036	2.638	-0.821	-3.439	-0.806	0.000000	0.000000
1582082941030	1582082941030	-17.220	1.586	0.789	-0.165	-4.913	-0.849	0.000000	0.000000
1582082941048	1582082941047	-17.114	-1.133	-1.173	1.215	-6.352	-0.894	0.000000	0.000000
1582082941069	1582082941066	-16.944	-2.924	-2.407	2.539	-7.853	-0.815	0.000000	0.000000
1582082941088	1582082941087	-16.350	-3.152	-4.410	3.930	-9.220	-0.674	0.000000	0.000000
1582082941114	1582082941110	-14.771	-2.759	-6.970	5.394	-10.427	-0.832	0.000000	0.000000
1582082941127	1582082941126	-12.472	-3.710	-8.868	6.602	-11.294	-1.148	0.000000	0.000000
1582082941148	1582082941146	-9.916	-7.593	-10.183	8.114	-11.200	-1.365	0.000000	0.000000
1582082941167	1582082941166	-6.296	-7.440	-11.601	9.636	-9.950	-1.465	0.000000	0.000000
1582082941196	1582082941191	-6.291	-5.423	-11.757	10.151	-7.875	-1.424	0.000000	0.000000
1582082941207	1582082941207	-6.368	-8.827	-12.413	10.445	-6.513	-1.217	0.000000	0.000000
1582082941227	1582082941226	-6.586	-8.590	-16.255	9.797	-5.648	-0.329	0.000000	0.000000
1582082941247	1582082941246	-5.388	-1.782	-17.666	7.911	-5.632	0.273	0.000000	0.000000
1582082941267	1582082941265	-2.291	0.171	-19.398	5.564	-5.438	0.189	0.000000	0.000000
1582082941289	1582082941289	0.021	-2.469	-21.171	3.379	-4.482	-0.253	0.000000	0.000000
1582082941313	1582082941306	-2.082	4.018	-15.362	-1.568	-3.969	-0.439	0.000000	0.000000
1582082941329	1582082941329	-4.821	7.194	-8.635	-4.740	-5.301	-1.623	0.000000	0.000000
1582082941346	1582082941346	-6.797	1.057	-0.867	-3.757	-5.506	-2.080	0.000000	0.000000
1582082941369	1582082941365	-12.891	-1.856	5.675	-2.205	-5.899	-1.238	0.000000	0.000000
1582082941386	1582082941385	-10.258	1.953	9.427	-0.045	-6.358	-0.522	0.000000	0.000000
1582082941407	1582082941407	-8.972	5.290	12.227	1.926	-5.166	0.327	0.000000	0.000000
1582082941426	1582082941425	-16.451	8.912	10.136	1.500	-4.807	1.394	0.000000	0.000000
1582082941452	1582082941452	-16.511	7.012	10.701	1.081	-5.169	1.948	0.000000	0.000000
1582082941466	1582082941465	-15.342	6.267	9.257	0.195	-5.069	2.571	0.000000	0.000000
1582082941485	1582082941485	-14.592	11.695	11.999	-0.976	-4.968	2.647	0.000000	0.000000
1582082941505	1582082941505	-9.231	14.891	10.366	-2.226	-4.875	2.658	0.000000	0.000000
1582082941528	1582082941525	-9.334	10.950	10.742	-2.597	-3.477	2.683	0.000000	0.000000
1582082941550	1582082941547	-6.792	7.417	11.976	-1.870	-3.292	2.942	0.000000	0.000000
1582082941566	1582082941564	-7.832	6.444	10.598	-2.000	-2.773	3.327	0.000000	0.000000
1582082941585	1582082941585	-6.248	7.503	9.146	-2.658	-2.494	2.995	0.000000	0.000000
1582082941606	1582082941606	-5.120	4.883	6.787	-2.471	-2.529	3.248	0.000000	0.000000
1582082941626	1582082941625	-4.588	2.480	6.152	-2.120	-2.047	3.120	0.000000	0.000000
1582082941652	1582082941645	-2.492	4.732	5.017	-3.047	-1.451	2.417	0.000000	0.000000
1582082941665	1582082941664	-0.580	5.743	3.524	-4.092	-0.997	2.053	0.000000	0.000000
1582082941685	1582082941684	-1.424	4.538	1.787	-4.387	-0.483	2.078	0.000000	0.000000
1582082941708	1582082941708	-2.497	1.562	2.976	-3.321	0.008	2.263	0.000000	0.000000
1582082941727	1582082941726	-2.538	-0.764	4.851	-2.335	0.071	2.137	0.000000	0.000000
1582082941747	1582082941746	-1.548	-2.062	5.203	-1.919	-0.475	1.802	0.000000	0.000000
1582082941766	1582082941765	-0.336	-2.361	4.446	-2.295	-0.438	1.519	0.000000	0.000000
1582082941785	1582082941784	-0.794	-0.510	4.355	-3.019	0.074	0.918	0.000000	0.000000
1582082941804	1582082941804	0.603	2.001	4.372	-2.630	0.197	0.561	0.000000	0.000000
1582082941828	1582082941828	0.406	2.149	5.086	-2.467	0.699	0.654	0.000000	0.000000
1582082941845	1582082941844	-1.944	-1.693	6.504	-2.554	0.993	0.928	0.000000	0.000000
1582082941865	1582082941865	-2.214	-3.926	5.721	-2.284	0.839	1.032	0.000000	0.000000
1582082941884	1582082941884	-1.512	-4.781	6.370	-1.219	0.375	1.108	0.000000	0.000000
1582082941903	1582082941903	-1.055	-4.228	7.046	-1.149	0.382	0.921	0.000000	0.000000
1582082941926	1582082941925	-2.020	-2.536	8.308	-1.507	0.712	0.833	0.000000	0.000000
1582082941945	1582082941944	-3.151	-2.012	9.513	-1.500	0.962	0.722	0.000000	0.000000
1582082941964	1582082941964	-3.532	-2.793	8.454	-1.775	0.988	0.420	0.000000	0.000000
1582082941983	1582082941983	-4.744	-3.243	6.559	-1.961	0.608	0.379	0.000000	0.000000
1582082942004	1582082942003	-2.138	-3.499	7.012	-1.857	-0.234	0.411	0.000000	0.000000
1582082942024	1582082942024	-0.511	-6.022	7.247	-1.406	-0.081	0.802	0.000000	0.000000
1582082942049	1582082942043	-1.896	-5.210	7.918	-1.287	1.035	0.947	0.000000	0.000000
1582082942065	1582082942064	-3.261	-4.103	7.932	-1.179	1.232	0.967	0.000000	0.000000
1582082942084	1582082942082	-3.884	-5.219	8.265	-0.749	0.990	1.078	0.000000	0.000000
1582082942103	1582082942102	-3.484	-6.726	8.116	-0.598	0.924	1.066	0.000000	0.000000
1582082942128	1582082942122	-2.988	-6.534	6.717	-0.989	0.890	1.016	0.000000	0.000000
1582082942149	1582082942149	-2.914	-4.242	6.648	-0.938	0.821	0.894	0.000000	0.000000
1582082942163	1582082942162	-3.496	-3.459	7.697	-1.056	0.769	0.803	0.000000	0.000000
1582082942187	1582082942181	-3.831	-4.240	8.025	-1.169	0.660	0.771	0.000000	0.000000
1582082942203	1582082942203	-4.073	-5.524	7.494	-1.104	0.546	0.758	0.000000	0.000000
1582082942222	1582082942222	-4.176	-6.355	5.668	-1.675	0.694	0.703	0.000000	0.000000
1582082942243	1582082942243	-5.120	-5.516	4.847	-2.139	0.944	0.567	0.000000	0.000000
1582082942266	1582082942262	-5.573	-5.421	4.918	-2.284	0.544	0.553	0.000000	0.000000
1582082942285	1582082942282	-4.847	-6.937	4.279	-2.388	0.055	0.471	0.000000	0.000000
1582082942302	1582082942302	-4.032	-8.635	3.807	-2.331	0.103	0.457	0.000000	0.000000
1582082942323	1582082942321	-4.631	-9.658	3.213	-2.491	0.466	0.459	0.000000	0.000000
1582082942347	1582082942342	-5.055	-9.340	2.319	-2.883	0.812	0.332	0.000000	0.000000
1582082942363	1582082942361	-6.416	-9.778	1.184	-3.345	1.165	0.200	0.000000	0.000000
1582082942386	1582082942386	-8.589	-11.749	0.027	-3.323	1.309	-0.097	0.000000	0.000000
1582082942403	1582082942402	-10.016	-14.768	-1.190	-2.867	1.007	-0.757	0.000000	0.000000
1582082942421	1582082942421	-10.879	-17.616	-2.120	-3.636	0.650	-1.667	0.000000	0.000000
1582082942444	1582082942444	-12.445	-18.608	-4.369	-6.307	0.729	-2.693	0.000000	0.000000
1582082942466	1582082942465	-13.028	-20.855	-6.283	-9.056	1.361	-3.520	0.000000	0.000000
1582082942483	1582082942482	-11.058	-27.088	-9.308	-10.100	2.673	-3.925	0.000000	0.000000
1582082942502	1582082942500	-11.343	-27.354	-10.712	-8.894	4.543	-4.330	0.000000	0.000000
1582082942521	1582082942520	-13.796	-9.320	-12.051	-8.229	5.181	-4.365	0.000000	0.000000
1582082942541	1582082942540	-9.674	-9.246	-11.987	-5.678	5.079	-3.662	0.000000	0.000000
1582082942561	1582082942561	-7.051	-3.109	-11.117	-1.197	5.334	-0.396	0.000000	0.000000
1582082942582	1582082942580	-11.466	9.563	-9.697	2.827	5.477	3.140	0.000000	0.000000
1582082942607	1582082942607	-9.398	-2.424	-2.091	5.326	3.834	5.884	0.000000	0.000000
1582082942621	1582082942619	-10.934	-1.684	2.803	4.516	2.606	7.938	0.000000	0.000000
1582082942641	1582082942639	-8.687	0.348	7.525	3.944	1.900	9.419	0.000000	0.000000
1582082942664	1582082942660	-11.528	4.334	7.506	3.032	1.740	10.076	0.000000	0.000000
1582082942684	1582082942680	-16.154	-2.989	4.487	0.070	2.280	8.825	0.000000	0.000000
1582082942701	1582082942699	-16.597	-11.848	-1.775	-1.861	2.574	8.066	0.000000	0.000000
1582082942721	1582082942720	-14.704	-10.053	-5.988	-3.204	2.600	7.648	0.000000	0.000000
1582082942740	1582082942739	-17.006	-15.379	-8.906	-3.863	3.241	6.795	0.000000	0.000000
1582082942760	1582082942760	-17.478	-12.219	-9.404	-4.922	3.408	6.463	0.000000	0.000000
1582082942780	1582082942779	-20.894	-13.613	-12.653	-5.374	3.419	5.951	0.000000	0.000000
1582082942807	1582082942800	-17.742	-12.176	-11.582	-4.986	2.912	5.454	0.000000	0.000000
1582082942821	1582082942819	-18.104	-8.396	-12.286	-5.793	2.873	4.483	0.000000	0.000000
1582082942840	1582082942839	-17.442	-8.920	-11.821	-5.871	2.375	3.675	0.000000	0.000000
1582082942864	1582082942864	-15.138	-6.048	-12.353	-5.970	1.885	3.270	0.000000	0.000000
1582082942881	1582082942881	-15.557	-4.570	-12.135	-5.195	1.238	3.087	0.000000	0.000000
1582082942902	1582082942902	-13.684	-4.307	-10.303	-4.263	0.540	2.744	0.000000	0.000000
1582082942919	1582082942919	-11.736	-4.723	-9.213	-4.099	0.977	1.920	0.000000	0.000000
1582082942940	1582082942938	-11.657	-0.699	-7.687	-3.980	0.694	1.512	0.000000	0.000000
1582082942960	1582082942958	-9.590	0.805	-6.796	-3.495	-0.040	1.290	0.000000	0.000000
1582082942980	1582082942979	-10.905	1.433	-5.313	-3.116	-0.287	1.078	0.000000	0.000000
1582082943004	1582082943004	-11.022	0.283	-3.253	-2.427	-0.365	0.955	0.000000	0.000000
1582082943023	1582082943019	-10.400	0.389	-2.656	-1.930	-0.515	1.122	0.000000	0.000000
1582082943040	1582082943038	-10.634	2.849	-3.245	-2.644	-0.927	1.236	0.000000	0.000000
1582082943059	1582082943058	-12.256	3.948	-3.475	-3.151	-1.357	0.922	0.000000	0.000000
1582082943080	1582082943080	-11.006	2.298	-2.898	-3.298	-2.184	0.155	0.000000	0.000000
1582082943101	1582082943098	-9.523	1.802	-0.457	-3.171	-2.524	-0.004	0.000000	0.000000
1582082943121	1582082943121	-12.726	-1.573	2.853	-0.561	-2.228	0.338	0.000000	0.000000
1582082943139	1582082943138	-12.778	3.536	3.095	0.982	-3.340	0.953	0.000000	0.000000
1582082943159	1582082943157	-11.691	2.456	4.025	1.569	-3.881	1.215	0.000000	0.000000
1582082943179	1582082943178	-11.511	0.532	1.974	1.526	-3.291	1.003	0.000000	0.000000
1582082943203	1582082943199	-13.030	3.342	-0.701	0.582	-3.270	0.820	0.000000	0.000000
1582082943220	1582082943218	-13.598	2.530	-2.857	0.430	-4.444	0.750	0.000000	0.000000
1582082943238	1582082943237	-13.463	-0.582	-4.544	0.888	-5.931	0.495	0.000000	0.000000
1582082943258	1582082943257	-14.381	-3.808	-6.039	1.896	-7.494	0.351	0.000000	0.000000
1582082943277	1582082943277	-13.631	-5.806	-6.563	3.841	-9.336	0.184	0.000000	0.000000
1582082943303	1582082943303	-11.633	-5.071	-7.073	5.608	-10.301	0.076	0.000000	0.000000
1582082943319	1582082943317	-10.965	-3.677	-8.209	6.377	-10.300	-0.032	0.000000	0.000000
1582082943341	1582082943341	-10.991	-4.587	-8.896	6.999	-10.361	-0.347	0.000000	0.000000
1582082943357	1582082943357	-8.792	-8.077	-7.986	8.904	-10.449	-0.788	0.000000	0.000000
1582082943377	1582082943376	-5.863	-8.151	-10.068	10.346	-8.775	-0.713	0.000000	0.000000
1582082943398	1582082943398	-7.841	-7.164	-12.861	9.866	-6.747	0.016	0.000000	0.000000
1582082943422	1582082943417	-8.522	-4.838	-14.056	8.422	-6.779	0.185	0.000000	0.000000
1582082943441	1582082943436	-5.633	-1.681	-16.706	6.607	-7.335	-0.335	0.000000	0.000000
1582082943458	1582082943456	-1.611	-3.454	-22.527	5.770	-5.763	-0.679	0.000000	0.000000
1582082943477	1582082943476	-3.448	0.353	-19.413	2.730	-3.894	0.181	0.000000	0.000000
1582082943502	1582082943496	-5.206	8.869	-12.303	-2.560	-5.623	-0.784	0.000000	0.000000
1582082943517	1582082943516	-4.619	2.343	-3.634	-2.694	-7.409	-2.027	0.000000	0.000000
1582082943541	1582082943541	-8.464	-2.764	4.537	-1.110	-6.814	-1.304	0.000000	0.000000
1582082943558	1582082943555	-11.399	2.041	6.890	0.270	-6.357	0.078	0.000000	0.000000
1582082943577	1582082943576	-8.689	9.357	8.718	1.207	-6.621	0.181	0.000000	0.000000
1582082943599	1582082943597	-11.899	6.401	9.630	0.200	-5.626	0.777	0.000000	0.000000
1582082943622	1582082943616	-14.987	4.684	10.320	-0.487	-5.585	1.303	0.000000	0.000000
1582082943640	1582082943636	-13.658	5.956	10.476	-0.087	-5.551	1.718	0.000000	0.000000
1582082943656	1582082943655	-12.788	8.186	13.612	-0.042	-4.801	1.999	0.000000	0.000000
1582082943676	1582082943676	-8.131	13.834	13.638	-0.396	-4.080	2.280	0.000000	0.000000
1582082943695	1582082943695	-10.598	12.388	9.805	-1.775	-2.613	2.463	0.000000	0.000000
1582082943725	1582082943725	-8.548	8.514	10.694	-0.958	-2.807	2.397	0.000000	0.000000
1582082943738	1582082943735	-5.999	8.344	11.235	-0.025	-2.701	2.461	0.000000	0.000000
1582082943757	1582082943756	-4.928	8.042	10.433	0.091	-1.982	2.522	0.000000	0.000000
1582082943775	1582082943775	-3.937	4.061	9.968	-0.190	-1.501	2.777	0.000000	0.000000
1582082943796	1582082943795	-3.335	6.289	7.098	-1.565	-0.819	2.855	0.000000	0.000000
1582082943816	1582082943816	-4.047	5.901	4.540	-2.654	-0.251	2.885	0.000000	0.000000
1582082943839	1582082943835	-3.232	4.693	4.442	-2.886	-0.488	2.553	0.000000	0.000000
1582082943856	1582082943854	-1.620	4.899	4.969	-2.410	-0.895	2.137	0.000000	0.000000
1582082943876	1582082943875	-0.178	3.790	3.598	-2.167	-0.546	1.846	0.000000	0.000000
1582082943895	1582082943895	-1.361	3.170	2.329	-2.524	0.416	1.889	0.000000	0.000000
1582082943915	1582082943914	-2.756	3.409	3.440	-2.693	0.987	1.891	0.000000	0.000000
1582082943936	1582082943933	-3.307	1.888	4.449	-2.729	0.600	1.864	0.000000	0.000000
1582082943957	1582082943955	-2.895	1.287	4.245	-2.868	0.413	1.523	0.000000	0.000000
1582082943975	1582082943974	-3.187	0.415	5.304	-2.823	0.257	1.160	0.000000	0.000000
1582082943995	1582082943994	-3.012	-1.700	5.829	-2.533	-0.100	0.806	0.000000	0.000000
1582082944017	1582082944016	-1.582	-0.943	6.456	-1.787	-0.402	0.397	0.000000	0.000000
1582082944039	1582082944037	-0.758	0.494	7.335	-1.677	-0.435	0.285	0.000000	0.000000
1582082944056	1582082944053	-0.145	1.352	6.492	-2.931	-0.049	0.257	0.000000	0.000000
1582082944075	1582082944073	-0.518	0.307	6.238	-3.036	0.396	0.283	0.000000	0.000000
1582082944095	1582082944094	-1.424	-2.378	7.565	-1.656	0.395	0.435	0.000000	0.000000
1582082944114	1582082944114	-1.534	-2.884	8.744	-1.183	0.542	0.406	0.000000	0.000000
1582082944139	1582082944139	-1.742	-1.973	8.801	-1.508	0.810	0.505	0.000000	0.000000
1582082944159	1582082944154	-2.487	-0.977	9.084	-1.916	0.831	0.555	0.000000	0.000000
1582082944176	1582082944174	-2.808	-1.312	9.261	-2.083	0.539	0.409	0.000000	0.000000
1582082944193	1582082944193	-3.886	-0.455	8.818	-2.117	0.183	0.346	0.000000	0.000000
1582082944215	1582082944213	-1.060	-1.228	8.667	-2.029	-0.511	0.294	0.000000	0.000000
1582082944236	1582082944236	-0.207	-4.213	8.198	-1.974	-0.525	0.656	0.000000	0.000000
1582082944258	1582082944253	-1.608	-4.446	8.548	-1.898	0.306	0.744	0.000000	0.000000
1582082944274	1582082944272	-2.260	-3.140	8.945	-2.037	0.419	0.646	0.000000	0.000000
1582082944293	1582082944293	-2.698	-2.024	8.217	-2.462	0.205	0.606	0.000000	0.000000
1582082944315	1582082944312	-2.391	-2.903	7.656	-2.064	0.122	0.673	0.000000	0.000000
1582082944333	1582082944333	-2.641	-4.879	7.486	-1.527	0.313	0.881	0.000000	0.000000
1582082944359	1582082944353	-3.927	-5.169	7.031	-1.821	0.268	1.008	0.000000	0.000000
1582082944374	1582082944374	-2.701	-4.098	6.535	-1.652	-0.271	0.972	0.000000	0.000000
1582082944393	1582082944392	-0.978	-4.386	6.214	-1.375	-0.207	1.007	0.000000	0.000000
1582082944413	1582082944412	-2.344	-6.693	5.697	-1.450	0.517	1.126	0.000000	0.000000
1582082944437	1582082944437	-3.819	-7.035	5.625	-1.390	0.627	1.091	0.000000	0.000000
1582082944457	1582082944458	-2.921	-6.812	5.376	-1.549	0.281	0.953	0.000000	0.000000
1582082944473	1582082944472	-2.368	-7.751	4.904	-1.772	0.362	0.857	0.000000	0.000000
1582082944494	1582082944492	-3.249	-9.210	4.664	-1.954	0.639	0.815	0.000000	0.000000
1582082944512	1582082944512	-3.831	-8.781	4.490	-2.094	0.668	0.698	0.000000	0.000000
1582082944532	1582082944531	-3.774	-7.675	3.929	-2.533	0.488	0.434	0.000000	0.000000
1582082944556	1582082944556	-4.416	-8.386	3.424	-3.044	0.560	0.155	0.000000	0.000000
1582082944573	1582082944573	-5.283	-10.001	2.853	-3.209	0.619	-0.015	0.000000	0.000000
1582082944591	1582082944590	-6.306	-11.852	2.398	-3.235	0.626	-0.210	0.000000	0.000000
1582082944611	1582082944610	-7.520	-14.152	0.621	-3.294	0.746	-0.686	0.000000	0.000000
1582082944632	1582082944632	-9.997	-17.051	-1.837	-4.136	0.896	-1.613	0.000000	0.000000
1582082944657	1582082944657	-11.880	-16.512	-6.161	-7.333	0.271	-2.781	0.000000	0.000000
1582082944672	1582082944672	-13.186	-14.174	-12.427	-12.269	-1.153	-3.595	0.000000	0.000000
1582082944692	1582082944692	-11.722	-20.464	-15.657	-14.217	-1.420	-3.197	0.000000	0.000000
1582082944711	1582082944710	-8.632	-23.324	-15.443	-11.317	1.572	-2.129	0.000000	0.000000
1582082944732	1582082944730	-11.832	-10.432	-17.693	-5.284	5.788	-0.407	0.000000	0.000000
1582082944754	1582082944754	-15.023	-5.591	-13.084	-0.103	7.386	1.369	0.000000	0.000000
1582082944780	1582082944780	-13.945	-9.244	-2.805	2.272	6.517	2.583	0.000000	0.000000
1582082944794	1582082944793	-10.438	-2.244	0.640	4.117	5.490	4.239	0.000000	0.000000
1582082944811	1582082944810	-10.414	-1.130	2.801	5.546	4.579	5.534	0.000000	0.000000
1582082944833	1582082944831	-11.593	-3.842	2.154	5.877	4.322	5.815	0.000000	0.000000
1582082944851	1582082944849	-7.899	-0.026	4.696	3.702	2.363	6.675	0.000000	0.000000
1582082944873	1582082944872	-6.706	4.073	5.958	1.860	2.453	7.108	0.000000	0.000000
1582082944892	1582082944892	-14.800	-7.699	3.115	0.310	2.866	7.786	0.000000	0.000000
1582082944912	1582082944912	-15.825	-13.014	1.924	-0.747	2.544	8.128	0.000000	0.000000
1582082944930	1582082944930	-15.181	-16.948	-2.160	-2.902	2.712	7.615	0.000000	0.000000
1582082944952	1582082944949	-16.168	-17.302	-8.025	-4.113	3.427	7.483	0.000000	0.000000
1582082944975	1582082944971	-18.029	-13.122	-9.728	-4.064	3.377	6.907	0.000000	0.000000
1582082944994	1582082944991	-18.010	-14.456	-9.423	-4.472	3.549	6.095	0.000000	0.000000
1582082945012	1582082945012	-18.944	-14.940	-8.640	-4.281	3.882	5.727	0.000000	0.000000
1582082945031	1582082945029	-17.632	-9.910	-8.393	-3.875	3.652	5.705	0.000000	0.000000
1582082945049	1582082945048	-20.281	-7.514	-9.318	-4.148	3.622	5.005	0.000000	0.000000
1582082945069	1582082945068	-17.596	-8.357	-8.995	-4.670	3.074	3.986	0.000000	0.000000
1582082945088	1582082945088	-15.866	-5.327	-10.063	-4.611	2.704	3.581	0.000000	0.000000
1582082945114	1582082945108	-14.278	-4.175	-9.910	-4.204	2.219	2.967	0.000000	0.000000
1582082945129	1582082945127	-13.696	-0.601	-8.791	-4.147	1.503	2.290	0.000000	0.000000
1582082945149	1582082945147	-10.984	-1.008	-7.169	-4.055	0.901	1.904	0.000000	0.000000
1582082945171	1582082945169	-11.320	-0.119	-6.908	-3.603	0.926	2.020	0.000000	0.000000
1582082945190	1582082945189	-10.845	0.051	-4.702	-2.984	0.594	2.055	0.000000	0.000000
1582082945209	1582082945207	-10.773	5.024	-3.629	-3.028	0.140	1.763	0.000000	0.000000
1582082945228	1582082945227	-11.042	2.806	-4.022	-2.719	-0.341	1.189	0.000000	0.000000
1582082945248	1582082945247	-9.612	3.127	-4.426	-2.707	-1.086	0.836	0.000000	0.000000
1582082945268	1582082945267	-8.699	3.431	-3.928	-2.788	-1.482	0.715	0.000000	0.000000
1582082945290	1582082945287	-9.080	4.293	-4.922	-3.507	-1.532	0.567	0.000000	0.000000
1582082945312	1582082945309	-8.900	0.777	-3.646	-3.667	-1.935	0.093	0.000000	0.000000
1582082945329	1582082945328	-9.580	-2.103	0.614	-3.048	-2.173	0.017	0.000000	0.000000
1582082945349	1582082945348	-11.511	0.369	2.667	-0.626	-2.831	0.095	0.000000	0.000000
1582082945368	1582082945367	-11.820	5.472	3.826	-0.341	-3.484	0.319	0.000000	0.000000
1582082945401	1582082945393	-13.056	3.412	2.367	-0.073	-3.342	0.394	0.000000	0.000000
1582082945409	1582082945407	-13.514	1.450	2.073	0.361	-3.388	0.034	0.000000	0.000000
1582082945429	1582082945428	-14.482	2.595	0.609	-0.213	-4.019	-0.009	0.000000	0.000000
1582082945448	1582082945447	-14.953	0.963	-0.464	0.210	-5.319	-0.122	0.000000	0.000000
1582082945468	1582082945467	-14.273	-1.250	-1.511	1.341	-6.833	-0.306	0.000000	0.000000
1582082945488	1582082945488	-12.273	-1.842	-2.496	2.543	-8.111	-0.553	0.000000	0.000000
1582082945512	1582082945511	-11.068	-1.834	-3.665	3.467	-8.909	-0.758	0.000000	0.000000
1582082945530	1582082945528	-10.227	-2.608	-5.500	4.637	-9.447	-1.061	0.000000	0.000000
1582082945548	1582082945547	-9.214	-6.479	-8.027	6.847	-9.862	-1.132	0.000000	0.000000
1582082945567	1582082945567	-5.776	-8.724	-10.305	9.768	-10.123	-1.067	0.000000	0.000000
1582082945591	1582082945588	-3.299	-3.305	-11.270	10.447	-8.705	-0.970	0.000000	0.000000
1582082945613	1582082945613	-4.265	-2.316	-10.803	10.237	-6.633	-0.952	0.000000	0.000000
1582082945627	1582082945627	-6.718	-5.914	-10.904	9.547	-6.069	-0.650	0.000000	0.000000
1582082945649	1582082945647	-6.617	-4.026	-13.002	7.811	-6.465	-0.241	0.000000	0.000000
1582082945667	1582082945667	-4.926	-0.718	-15.307	5.516	-6.634	-0.084	0.000000	0.000000
1582082945687	1582082945686	-3.606	-0.922	-16.701	3.811	-5.822	-0.221	0.000000	0.000000
1582082945712	1582082945709	-4.131	2.523	-15.024	1.080	-4.849	-0.199	0.000000	0.000000
1582082945729	1582082945729	-5.307	8.016	-9.994	-2.740	-5.556	-0.999	0.000000	0.000000
1582082945747	1582082945746	-5.510	3.107	-2.184	-3.556	-6.529	-1.941	0.000000	0.000000
1582082945767	1582082945766	-12.072	-3.600	6.214	-1.626	-7.472	-1.240	0.000000	0.000000
1582082945786	1582082945786	-12.263	0.298	9.836	0.335	-7.665	0.351	0.000000	0.000000
1582082945807	1582082945808	-8.260	10.275	11.372	1.436	-7.524	0.881	0.000000	0.000000
1582082945827	1582082945827	-11.935	8.351	12.874	0.099	-6.273	1.318	0.000000	0.000000
1582082945853	1582082945846	-13.629	5.958	12.931	-1.162	-5.541	2.214	0.000000	0.000000
1582082945866	1582082945865	-13.988	8.011	10.862	-2.156	-4.957	2.602	0.000000	0.000000
1582082945888	1582082945886	-11.509	9.894	13.525	-2.586	-4.304	2.098	0.000000	0.000000
1582082945906	1582082945906	-3.870	10.133	16.184	-1.844	-3.980	2.175	0.000000	0.000000
1582082945935	1582082945925	-5.855	8.447	12.093	-1.488	-2.212	2.130	0.000000	0.000000
1582082945952	1582082945950	-6.047	8.239	10.696	-0.700	-2.152	2.210	0.000000	0.000000
1582082945966	1582082945965	-3.549	6.703	10.754	-0.242	-2.486	2.453	0.000000	0.000000
1582082945986	1582082945986	-2.911	4.135	8.945	-0.988	-2.168	2.739	0.000000	0.000000
1582082946009	1582082946009	-2.241	4.248	7.450	-1.585	-1.935	2.454	0.000000	0.000000
1582082946027	1582082946027	-1.076	4.142	7.544	-2.022	-1.348	2.106	0.000000	0.000000
1582082946052	1582082946046	-0.439	3.570	8.035	-2.726	-0.705	1.674	0.000000	0.000000
1582082946065	1582082946065	-1.096	2.839	6.416	-3.240	-0.128	1.606	0.000000	0.000000
1582082946085	1582082946085	-2.384	3.016	5.081	-3.219	0.386	1.573	0.000000	0.000000
1582082946106	1582082946104	-2.372	2.178	4.892	-2.636	0.171	1.304	0.000000	0.000000
1582082946128	1582082946125	-1.896	1.605	5.397	-1.939	-0.646	1.281	0.000000	0.000000
1582082946149	1582082946146	-1.558	0.393	6.183	-1.733	-0.752	1.386	0.000000	0.000000
1582082946165	1582082946164	-1.388	-0.105	6.035	-1.391	-0.139	1.346	0.000000	0.000000
1582082946185	1582082946184	-1.723	-1.255	5.472	-1.094	0.274	1.310	0.000000	0.000000
1582082946205	1582082946205	-1.905	-1.870	5.896	-0.775	0.316	1.044	0.000000	0.000000
1582082946226	1582082946226	-1.009	0.434	5.934	-0.920	0.152	0.659	0.000000	0.000000
1582082946249	1582082946249	-0.698	2.889	5.845	-1.845	0.332	0.410	0.000000	0.000000
1582082946267	1582082946265	-0.937	2.530	6.140	-2.260	0.523	0.217	0.000000	0.000000
1582082946284	1582082946283	-1.318	-0.550	6.224	-2.302	0.507	0.374	0.000000	0.000000
1582082946305	1582082946303	-1.529	-2.953	7.436	-2.088	0.520	0.402	0.000000	0.000000
1582082946327	1582082946324	-1.524	-2.654	8.466	-1.787	0.524	0.423	0.000000	0.000000
1582082946348	1582082946348	-1.409	-1.684	8.684	-1.645	0.656	0.493	0.000000	0.000000
1582082946365	1582082946363	-2.526	-0.838	9.652	-1.499	0.812	0.402	0.000000	0.000000
1582082946386	1582082946383	-3.721	-0.761	9.820	-1.647	0.588	0.282	0.000000	0.000000
1582082946404	1582082946403	-4.191	-0.028	8.540	-2.170	-0.177	0.158	0.000000	0.000000
1582082946424	1582082946423	-0.818	0.760	8.859	-2.650	-1.356	0.155	0.000000	0.000000
1582082946447	1582082946447	0.557	-1.813	8.629	-2.907	-1.043	0.502	0.000000	0.000000
1582082946467	1582082946464	-0.061	-4.163	8.583	-2.634	-0.240	0.870	0.000000	0.000000
1582082946484	1582082946483	-1.100	-4.874	9.087	-2.200	0.210	1.077	0.000000	0.000000
1582082946504	1582082946503	-2.609	-4.824	8.857	-2.229	0.250	1.201	0.000000	0.000000
1582082946523	1582082946523	-2.645	-4.807	7.625	-2.217	-0.079	1.234	0.000000	0.000000
1582082946548	1582082946548	-1.692	-5.787	6.578	-1.474	-0.059	1.270	0.000000	0.000000
