1582082986388	1582082986386	-2.327	3.194	4.839	-3.421	0.544	1.496	0.000000	0.000000
1582082986408	1582082986408	-1.234	2.080	4.181	-3.040	0.461	1.018	0.000000	0.000000
1582082986427	1582082986426	-1.359	0.626	3.999	-2.474	0.300	0.754	0.000000	0.000000
1582082986448	1582082986446	-1.524	1.445	5.259	-2.565	0.287	0.584	0.000000	0.000000
1582082986466	1582082986465	-1.079	2.822	6.097	-2.395	0.051	0.635	0.000000	0.000000
1582082986486	1582082986484	-0.370	2.566	5.647	-1.945	-0.008	0.735	0.000000	0.000000
1582082986506	1582082986504	-0.176	2.791	6.176	-2.103	0.491	0.462	0.000000	0.000000
1582082986527	1582082986524	-1.613	0.343	7.067	-2.471	0.887	0.553	0.000000	0.000000
1582082986546	1582082986544	-1.975	-2.577	7.850	-2.610	0.938	0.489	0.000000	0.000000
1582082986566	1582082986565	-2.047	-2.912	8.188	-2.445	0.824	0.423	0.000000	0.000000
1582082986585	1582082986584	-2.166	-1.391	8.449	-2.227	0.400	0.546	0.000000	0.000000
1582082986605	1582082986604	-1.512	-1.137	8.756	-1.928	0.324	0.564	0.000000	0.000000
1582082986625	1582082986624	-1.560	-1.291	8.943	-1.562	0.917	0.406	0.000000	0.000000
1582082986645	1582082986644	-2.356	-3.298	9.139	-1.161	0.826	0.663	0.000000	0.000000
1582082986668	1582082986668	-2.027	-3.413	8.869	-1.561	0.677	0.544	0.000000	0.000000
1582082986685	1582082986683	-1.357	-2.043	8.521	-1.949	0.652	0.455	0.000000	0.000000
1582082986705	1582082986703	-2.312	-2.223	8.775	-1.866	0.582	0.687	0.000000	0.000000
1582082986727	1582082986724	-2.490	-2.654	8.320	-1.812	0.465	0.795	0.000000	0.000000
1582082986746	1582082986745	-2.348	-3.123	8.035	-1.739	0.384	0.844	0.000000	0.000000
1582082986765	1582082986763	-2.533	-4.156	8.279	-1.516	0.267	0.968	0.000000	0.000000
1582082986784	1582082986783	-2.454	-4.908	8.169	-1.552	0.204	1.008	0.000000	0.000000
1582082986804	1582082986803	-2.205	-5.212	7.750	-1.693	0.280	0.998	0.000000	0.000000
1582082986824	1582082986823	-2.804	-4.553	7.489	-1.657	0.421	0.984	0.000000	0.000000
1582082986844	1582082986843	-3.036	-4.038	7.055	-1.514	0.416	0.955	0.000000	0.000000
1582082986864	1582082986863	-3.268	-4.688	6.205	-1.493	0.546	0.864	0.000000	0.000000
1582082986884	1582082986882	-3.767	-5.143	5.302	-1.957	0.569	0.817	0.000000	0.000000
1582082986904	1582082986903	-4.040	-5.430	5.527	-1.914	0.265	0.848	0.000000	0.000000
1582082986924	1582082986923	-3.690	-7.471	6.080	-1.533	0.183	0.830	0.000000	0.000000
1582082986949	1582082986945	-3.242	-8.889	5.786	-1.774	0.408	0.777	0.000000	0.000000
1582082986965	1582082986962	-3.474	-8.968	4.926	-1.825	0.386	0.834	0.000000	0.000000
1582082986984	1582082986983	-3.757	-8.178	4.748	-1.708	0.465	0.691	0.000000	0.000000
1582082987003	1582082987003	-4.131	-7.773	4.705	-1.965	0.706	0.487	0.000000	0.000000
1582082987023	1582082987022	-4.777	-7.979	4.341	-2.471	1.035	0.285	0.000000	0.000000
1582082987044	1582082987042	-5.692	-8.561	3.764	-2.669	1.322	0.125	0.000000	0.000000
1582082987064	1582082987064	-7.094	-10.418	2.144	-2.535	1.315	-0.045	0.000000	0.000000
1582082987083	1582082987082	-8.411	-13.407	0.705	-2.528	1.254	-0.776	0.000000	0.000000
1582082987103	1582082987102	-10.083	-16.390	-1.434	-4.104	1.028	-2.030	0.000000	0.000000
1582082987123	1582082987122	-11.708	-16.914	-4.812	-7.593	0.648	-3.125	0.000000	0.000000
1582082987145	1582082987145	-11.336	-17.566	-8.192	-11.584	0.318	-3.560	0.000000	0.000000
1582082987163	1582082987162	-9.887	-22.017	-10.243	-12.775	1.223	-3.243	0.000000	0.000000
1582082987183	1582082987181	-7.420	-24.081	-10.504	-10.371	3.174	-2.791	0.000000	0.000000
1582082987203	1582082987202	-8.742	-12.267	-13.113	-7.045	4.932	-2.327	0.000000	0.000000
1582082987224	1582082987223	-11.981	-6.031	-16.677	-2.734	5.883	-1.189	0.000000	0.000000
1582082987247	1582082987247	-10.668	-6.000	-11.306	-0.285	5.143	-0.347	0.000000	0.000000
1582082987264	1582082987264	-6.061	-3.439	-3.904	1.979	4.741	1.757	0.000000	0.000000
1582082987284	1582082987282	-8.141	6.993	-1.650	2.736	5.177	3.248	0.000000	0.000000
1582082987303	1582082987302	-9.561	-0.150	-2.160	3.132	4.657	3.994	0.000000	0.000000
1582082987326	1582082987322	-8.157	-5.931	-0.802	4.510	2.737	5.866	0.000000	0.000000
1582082987347	1582082987347	-6.265	-3.399	3.203	3.547	1.760	7.265	0.000000	0.000000
1582082987363	1582082987363	-8.160	4.336	2.286	1.659	0.919	7.976	0.000000	0.000000
1582082987386	1582082987383	-10.388	-5.318	2.164	-0.803	0.554	8.005	0.000000	0.000000
1582082987403	1582082987402	-15.478	-12.952	-1.734	-1.824	1.094	8.557	0.000000	0.000000
1582082987422	1582082987422	-15.986	-17.894	-5.454	-3.153	1.735	7.812	0.000000	0.000000
1582082987447	1582082987447	-18.029	-17.156	-7.996	-4.071	3.027	7.180	0.000000	0.000000
1582082987464	1582082987463	-16.599	-10.640	-9.531	-4.068	3.446	6.785	0.000000	0.000000
1582082987483	1582082987481	-19.519	-9.984	-8.508	-4.545	3.663	5.786	0.000000	0.000000
1582082987502	1582082987502	-17.828	-12.133	-7.306	-3.789	2.971	5.701	0.000000	0.000000
1582082987522	1582082987522	-18.389	-7.078	-7.047	-3.477	3.197	6.099	0.000000	0.000000
1582082987547	1582082987547	-19.639	-5.389	-8.590	-3.650	3.163	5.420	0.000000	0.000000
1582082987563	1582082987561	-17.907	-6.285	-9.007	-4.084	2.518	4.448	0.000000	0.000000
1582082987586	1582082987581	-15.425	-6.906	-9.491	-4.480	1.914	3.733	0.000000	0.000000
1582082987601	1582082987601	-13.545	-5.634	-10.640	-4.702	1.791	3.099	0.000000	0.000000
1582082987622	1582082987621	-10.488	-3.032	-9.378	-4.171	1.526	2.497	0.000000	0.000000
1582082987642	1582082987641	-10.637	1.019	-9.780	-4.749	1.349	1.639	0.000000	0.000000
1582082987669	1582082987669	-9.451	0.180	-9.043	-4.492	0.616	0.876	0.000000	0.000000
1582082987685	1582082987685	-7.652	-0.886	-7.222	-4.318	-0.142	0.829	0.000000	0.000000
1582082987702	1582082987701	-7.808	3.814	-5.514	-4.054	0.003	0.880	0.000000	0.000000
1582082987722	1582082987720	-8.953	2.600	-4.398	-3.101	0.401	0.919	0.000000	0.000000
1582082987746	1582082987740	-10.354	1.807	-4.850	-3.159	-0.333	1.090	0.000000	0.000000
1582082987762	1582082987761	-9.144	6.871	-3.902	-3.044	-1.211	0.790	0.000000	0.000000
1582082987786	1582082987786	-8.819	5.443	-4.098	-2.521	-1.351	0.313	0.000000	0.000000
1582082987802	1582082987800	-10.270	4.255	-4.036	-2.819	-1.938	0.043	0.000000	0.000000
1582082987821	1582082987820	-8.186	5.977	-3.267	-2.804	-2.695	-0.172	0.000000	0.000000
1582082987843	1582082987842	-9.547	1.605	1.174	-2.346	-2.340	-0.025	0.000000	0.000000
1582082987865	1582082987865	-12.242	-2.321	3.139	-1.456	-2.110	0.524	0.000000	0.000000
1582082987885	1582082987882	-14.836	3.361	3.182	0.127	-3.166	1.199	0.000000	0.000000
1582082987901	1582082987900	-15.878	5.968	6.030	2.194	-4.563	1.213	0.000000	0.000000
1582082987921	1582082987919	-13.804	4.715	4.001	2.138	-4.859	0.375	0.000000	0.000000
1582082987941	1582082987939	-16.075	1.950	1.759	0.990	-4.762	0.134	0.000000	0.000000
1582082987961	1582082987961	-18.027	0.254	-0.687	0.420	-5.920	-0.205	0.000000	0.000000
1582082987980	1582082987980	-17.323	-1.985	-2.429	1.638	-7.730	-0.391	0.000000	0.000000
1582082988002	1582082988001	-14.333	-2.088	-4.422	2.839	-9.425	-0.574	0.000000	0.000000
1582082988019	1582082988019	-11.782	-1.446	-6.951	3.408	-10.474	-1.148	0.000000	0.000000
1582082988039	1582082988039	-11.221	-3.118	-8.401	4.128	-11.005	-1.920	0.000000	0.000000
1582082988066	1582082988059	-10.088	-6.958	-7.498	5.924	-11.227	-2.868	0.000000	0.000000
1582082988080	1582082988080	-6.152	-8.676	-8.422	8.020	-10.263	-3.139	0.000000	0.000000
1582082988101	1582082988099	-5.510	-7.049	-10.978	9.845	-7.947	-2.637	0.000000	0.000000
1582082988120	1582082988118	-7.602	-6.554	-11.989	10.228	-6.711	-2.072	0.000000	0.000000
1582082988140	1582082988138	-6.778	-4.858	-14.238	9.158	-6.819	-1.998	0.000000	0.000000
1582082988160	1582082988160	-4.952	-2.182	-19.377	8.064	-6.533	-2.092	0.000000	0.000000
1582082988180	1582082988179	-2.087	-0.864	-20.337	7.050	-5.005	-1.581	0.000000	0.000000
1582082988201	1582082988201	-2.602	3.740	-16.023	3.043	-3.688	-0.590	0.000000	0.000000
1582082988219	1582082988218	-4.157	3.836	-8.288	-0.626	-4.920	-1.220	0.000000	0.000000
1582082988238	1582082988238	-5.304	0.578	-0.579	-1.033	-6.060	-1.725	0.000000	0.000000
1582082988260	1582082988258	-10.079	-0.450	7.141	-0.350	-5.906	-1.367	0.000000	0.000000
1582082988283	1582082988283	-10.948	0.008	10.466	-0.495	-7.262	-0.626	0.000000	0.000000
1582082988304	1582082988298	-9.573	4.039	12.028	-0.473	-6.953	0.453	0.000000	0.000000
1582082988319	1582082988318	-12.793	5.623	11.846	-0.100	-6.298	1.093	0.000000	0.000000
1582082988339	1582082988338	-15.059	6.356	12.088	-0.121	-5.894	1.572	0.000000	0.000000
1582082988364	1582082988360	-16.144	7.532	15.214	-0.022	-5.397	2.127	0.000000	0.000000
1582082988379	1582082988378	-9.305	11.688	13.619	-1.310	-3.983	2.153	0.000000	0.000000
1582082988397	1582082988397	-14.601	15.974	10.392	-2.327	-2.583	2.141	0.000000	0.000000
1582082988417	1582082988416	-9.408	9.285	10.895	-0.636	-3.152	2.291	0.000000	0.000000
1582082988439	1582082988438	-5.652	7.350	11.798	0.338	-3.152	2.594	0.000000	0.000000
1582082988459	1582082988459	-7.839	6.931	12.459	0.323	-2.742	2.932	0.000000	0.000000
1582082988482	1582082988482	-3.973	5.316	10.284	-0.462	-2.807	2.817	0.000000	0.000000
1582082988504	1582082988498	-3.000	3.843	9.376	-0.962	-2.347	2.962	0.000000	0.000000
1582082988518	1582082988518	-3.151	4.950	7.362	-1.749	-1.360	2.763	0.000000	0.000000
1582082988537	1582082988537	-2.274	5.225	5.992	-2.213	-0.873	2.573	0.000000	0.000000
1582082988558	1582082988556	-0.430	6.684	5.594	-2.507	-0.963	2.231	0.000000	0.000000
1582082988578	1582082988578	-0.032	4.521	5.388	-2.531	-0.850	2.154	0.000000	0.000000
1582082988600	1582082988597	-0.681	3.153	5.206	-2.499	-0.384	2.071	0.000000	0.000000
1582082988619	1582082988618	-0.921	3.579	4.233	-2.329	-0.213	2.000	0.000000	0.000000
1582082988642	1582082988636	-1.278	2.291	4.406	-2.170	0.234	2.177	0.000000	0.000000
1582082988658	1582082988656	-1.555	1.627	5.156	-2.120	0.724	2.044	0.000000	0.000000
1582082988686	1582082988680	-3.014	0.525	6.171	-2.144	0.953	1.691	0.000000	0.000000
1582082988699	1582082988697	-1.630	0.180	5.877	-2.247	0.665	1.305	0.000000	0.000000
1582082988720	1582082988720	-0.921	-0.596	5.512	-2.231	0.465	1.067	0.000000	0.000000
1582082988738	1582082988736	-1.407	-2.067	5.271	-2.456	0.791	0.802	0.000000	0.000000
1582082988758	1582082988755	-1.836	-1.509	5.498	-2.600	1.110	0.534	0.000000	0.000000
1582082988776	1582082988777	-1.783	0.336	6.157	-2.629	0.730	0.378	0.000000	0.000000
1582082988797	1582082988797	-1.469	0.293	6.674	-2.451	0.184	0.256	0.000000	0.000000
1582082988818	1582082988817	-0.580	0.154	7.369	-2.476	0.082	0.114	0.000000	0.000000
1582082988837	1582082988835	-1.019	-2.084	8.797	-2.365	0.231	0.302	0.000000	0.000000
1582082988857	1582082988855	-1.649	-3.614	9.202	-1.850	0.544	0.369	0.000000	0.000000
1582082988877	1582082988877	-2.265	-3.384	9.254	-1.415	0.652	0.477	0.000000	0.000000
1582082988904	1582082988904	-3.529	-1.940	8.926	-1.514	0.515	0.342	0.000000	0.000000
1582082988918	1582082988915	-3.172	-0.517	8.339	-1.655	-0.159	0.225	0.000000	0.000000
1582082988942	1582082988936	-0.147	-1.430	8.893	-1.945	-0.776	0.287	0.000000	0.000000
1582082988957	1582082988955	-0.341	-2.558	9.513	-1.949	-0.316	0.585	0.000000	0.000000
1582082988976	1582082988975	-1.759	-2.814	9.757	-1.951	0.077	0.852	0.000000	0.000000
1582082988996	1582082988996	-2.473	-2.438	9.439	-2.635	0.052	0.821	0.000000	0.000000
1582082989017	1582082989017	-3.017	-3.521	8.277	-2.792	-0.416	0.857	0.000000	0.000000
1582082989036	1582082989035	-1.539	-4.505	7.371	-2.554	-0.623	0.806	0.000000	0.000000
1582082989055	1582082989054	-1.148	-5.926	6.222	-2.384	-0.470	1.044	0.000000	0.000000
1582082989076	1582082989074	-1.177	-6.673	5.692	-1.527	-0.273	1.390	0.000000	0.000000
1582082989103	1582082989102	-1.620	-7.651	4.950	-0.500	-0.057	1.468	0.000000	0.000000
1582082989116	1582082989114	-1.373	-7.622	5.230	0.387	0.040	1.305	0.000000	0.000000
1582082989142	1582082989135	-1.258	-7.169	5.383	0.337	0.355	1.158	0.000000	0.000000
1582082989155	1582082989154	-1.927	-6.726	5.647	0.061	0.890	1.117	0.000000	0.000000
1582082989175	1582082989174	-3.132	-7.272	6.325	-0.651	1.355	1.086	0.000000	0.000000
1582082989195	1582082989194	-4.353	-7.428	5.812	-1.431	1.104	0.999	0.000000	0.000000
1582082989220	1582082989219	-3.829	-7.222	5.388	-2.128	0.295	0.888	0.000000	0.000000
1582082989239	1582082989236	-2.399	-7.394	5.074	-2.398	-0.185	0.748	0.000000	0.000000
1582082989255	1582082989253	-2.281	-7.634	4.286	-2.614	0.058	0.631	0.000000	0.000000
1582082989275	1582082989273	-3.110	-8.755	3.824	-2.685	0.610	0.559	0.000000	0.000000
1582082989294	1582082989294	-4.155	-9.819	3.237	-3.089	0.848	0.345	0.000000	0.000000
1582082989316	1582082989314	-4.679	-9.514	2.015	-3.902	0.668	0.157	0.000000	0.000000
1582082989336	1582082989335	-5.048	-10.377	0.669	-4.167	0.623	0.017	0.000000	0.000000
1582082989355	1582082989353	-6.658	-13.017	-1.272	-4.116	1.159	-0.374	0.000000	0.000000
1582082989375	1582082989373	-10.139	-15.659	-2.948	-4.715	1.870	-1.160	0.000000	0.000000
1582082989394	1582082989393	-12.136	-15.544	-6.487	-6.760	1.673	-2.200	0.000000	0.000000
1582082989416	1582082989415	-11.499	-13.369	-12.035	-9.870	0.906	-3.196	0.000000	0.000000
1582082989438	1582082989437	-9.992	-19.645	-17.233	-11.479	1.147	-3.417	0.000000	0.000000
1582082989455	1582082989454	-8.447	-26.659	-16.646	-10.243	3.058	-3.019	0.000000	0.000000
1582082989474	1582082989472	-9.056	-13.081	-15.240	-8.112	5.409	-2.028	0.000000	0.000000
1582082989497	1582082989495	-11.791	-5.895	-19.250	-3.292	6.725	0.147	0.000000	0.000000
1582082989515	1582082989512	-13.063	-10.628	-10.775	0.941	6.717	1.060	0.000000	0.000000
1582082989534	1582082989534	-9.267	-11.249	-3.121	0.336	6.044	1.881	0.000000	0.000000
1582082989554	1582082989552	-9.149	2.053	-1.823	1.761	4.948	3.587	0.000000	0.000000
1582082989573	1582082989573	-8.886	0.475	1.421	3.527	3.721	4.755	0.000000	0.000000
1582082989594	1582082989592	-9.844	4.068	3.057	3.949	2.263	6.831	0.000000	0.000000
1582082989620	1582082989615	-7.206	-0.416	8.169	4.114	0.562	8.638	0.000000	0.000000
1582082989655	1582082989655	-13.128	-0.134	7.374	2.406	0.503	10.490	0.000000	0.000000
1582082989656	1582082989655	-17.792	-8.211	1.287	-0.403	0.877	9.892	0.000000	0.000000
1582082989672	1582082989670	-15.059	-14.476	-5.710	-2.733	0.962	8.825	0.000000	0.000000
1582082989693	1582082989693	-17.224	-14.466	-11.170	-3.529	1.674	8.563	0.000000	0.000000
1582082989713	1582082989713	-13.605	-18.162	-13.297	-4.087	2.187	7.243	0.000000	0.000000
1582082989733	1582082989731	-15.064	-15.781	-12.087	-5.349	3.159	6.288	0.000000	0.000000
1582082989756	1582082989753	-17.021	-14.562	-12.514	-4.689	3.404	6.345	0.000000	0.000000
1582082989773	1582082989771	-17.220	-11.910	-10.331	-3.916	3.290	6.381	0.000000	0.000000
1582082989793	1582082989792	-18.432	-9.965	-9.895	-4.098	3.205	5.572	0.000000	0.000000
1582082989825	1582082989815	-16.621	-9.455	-11.742	-5.088	3.286	4.349	0.000000	0.000000
1582082989832	1582082989832	-15.423	-9.299	-11.599	-4.726	3.138	3.489	0.000000	0.000000
1582082989853	1582082989853	-12.738	-6.443	-11.000	-4.571	2.770	2.882	0.000000	0.000000
1582082989872	1582082989871	-13.298	-2.618	-9.847	-4.191	2.145	2.432	0.000000	0.000000
1582082989893	1582082989891	-7.832	-1.969	-8.719	-3.284	1.250	1.832	0.000000	0.000000
1582082989912	1582082989911	-10.682	-2.165	-6.638	-3.669	1.689	1.587	0.000000	0.000000
1582082989934	1582082989934	-8.282	5.378	-6.024	-3.816	0.816	1.471	0.000000	0.000000
1582082989953	1582082989952	-7.904	5.493	-6.360	-2.964	0.346	1.049	0.000000	0.000000
1582082989972	1582082989971	-8.201	1.138	-4.556	-2.849	-0.333	1.361	0.000000	0.000000
1582082989992	1582082989990	-7.305	6.751	-4.005	-2.598	-0.947	1.394	0.000000	0.000000
1582082990013	1582082990013	-8.490	6.820	-2.232	-2.554	-0.588	1.114	0.000000	0.000000
1582082990036	1582082990036	-9.264	8.375	-4.352	-4.308	-0.597	0.480	0.000000	0.000000
1582082990052	1582082990050	-8.225	8.564	-5.605	-4.517	-1.214	-0.111	0.000000	0.000000
1582082990074	1582082990070	-6.814	5.314	-4.903	-4.503	-1.965	-0.392	0.000000	0.000000
1582082990091	1582082990090	-7.326	5.256	-3.768	-4.532	-2.010	-0.537	0.000000	0.000000
1582082990111	1582082990110	-9.758	-0.567	-0.419	-3.163	-1.828	-0.395	0.000000	0.000000
1582082990135	1582082990135	-10.527	-2.599	4.262	-0.141	-1.703	-0.303	0.000000	0.000000
1582082990154	1582082990151	-12.287	2.925	3.067	0.502	-1.508	-0.411	0.000000	0.000000
1582082990171	1582082990170	-13.154	3.987	1.831	0.638	-2.302	-0.218	0.000000	0.000000
1582082990190	1582082990190	-13.593	2.250	3.292	1.599	-3.262	-0.315	0.000000	0.000000
1582082990210	1582082990209	-12.474	2.509	0.721	1.296	-3.653	-0.668	0.000000	0.000000
1582082990235	1582082990235	-14.204	2.319	-1.054	1.539	-4.351	-0.333	0.000000	0.000000
1582082990251	1582082990249	-15.011	1.891	-1.897	1.542	-5.583	-0.280	0.000000	0.000000
1582082990271	1582082990269	-13.727	2.559	-2.098	1.794	-6.742	-0.412	0.000000	0.000000
1582082990290	1582082990289	-14.110	1.823	-2.213	2.484	-7.526	-0.494	0.000000	0.000000
1582082990309	1582082990309	-13.746	1.318	-3.262	3.133	-8.458	-0.900	0.000000	0.000000
1582082990331	1582082990331	-12.505	-0.630	-5.016	4.326	-9.268	-0.989	0.000000	0.000000
1582082990359	1582082990349	-10.984	-0.651	-7.833	5.259	-9.956	-1.019	0.000000	0.000000
1582082990374	1582082990370	-10.280	-3.190	-9.388	6.799	-10.519	-1.297	0.000000	0.000000
1582082990390	1582082990389	-8.129	-7.862	-9.100	9.077	-11.025	-1.800	0.000000	0.000000
1582082990410	1582082990410	-4.969	-6.364	-10.077	9.956	-9.985	-1.932	0.000000	0.000000
1582082990430	1582082990428	-6.181	-3.504	-8.640	9.741	-8.017	-1.726	0.000000	0.000000
1582082990450	1582082990449	-7.453	-5.183	-7.320	8.190	-7.169	-1.562	0.000000	0.000000
1582082990471	1582082990469	-7.336	-5.617	-11.249	5.965	-6.965	-1.491	0.000000	0.000000
1582082990489	1582082990488	-6.184	-2.254	-15.419	3.803	-6.503	-1.500	0.000000	0.000000
1582082990508	1582082990508	-4.356	0.959	-15.884	2.058	-5.232	-1.243	0.000000	0.000000
1582082990531	1582082990531	-6.687	3.793	-12.071	-0.037	-4.076	-0.786	0.000000	0.000000
1582082990555	1582082990548	-8.184	4.662	-5.361	-2.040	-5.081	-1.078	0.000000	0.000000
1582082990572	1582082990569	-9.616	0.928	4.264	-2.021	-5.255	-0.951	0.000000	0.000000
1582082990588	1582082990587	-13.104	-0.265	8.847	-1.382	-5.424	-0.729	0.000000	0.000000
1582082990609	1582082990608	-12.465	5.910	8.629	-2.309	-6.537	-0.343	0.000000	0.000000
1582082990629	1582082990628	-9.810	5.659	11.693	-1.784	-5.480	-0.356	0.000000	0.000000
1582082990666	1582082990660	-14.779	3.299	11.283	-2.098	-4.235	0.586	0.000000	0.000000
1582082990671	1582082990672	-16.273	3.301	9.978	-1.474	-3.587	0.609	0.000000	0.000000
1582082990690	1582082990689	-10.225	8.720	12.464	-0.923	-3.498	0.273	0.000000	0.000000
1582082990708	1582082990707	-9.614	9.379	11.410	-0.385	-2.423	0.744	0.000000	0.000000
1582082990728	1582082990727	-11.157	9.324	11.873	0.199	-2.114	0.903	0.000000	0.000000
1582082990753	1582082990748	-6.255	7.498	12.136	0.726	-2.964	0.961	0.000000	0.000000
1582082990771	1582082990767	-4.861	4.475	12.845	0.615	-2.802	1.730	0.000000	0.000000
1582082990788	1582082990787	-5.352	5.647	11.595	0.411	-2.318	1.926	0.000000	0.000000
1582082990808	1582082990807	-4.018	6.389	10.562	0.385	-2.389	1.804	0.000000	0.000000
1582082990828	1582082990827	-3.311	6.210	10.179	0.214	-2.391	1.875	0.000000	0.000000
1582082990849	1582082990849	-3.515	4.657	10.373	0.238	-2.102	2.138	0.000000	0.000000
1582082990870	1582082990866	-3.261	4.401	8.806	-0.173	-1.927	2.334	0.000000	0.000000
1582082990889	1582082990889	-2.305	4.564	6.075	-0.978	-1.684	2.133	0.000000	0.000000
1582082990908	1582082990906	-1.225	5.342	4.113	-1.700	-1.445	1.971	0.000000	0.000000
1582082990927	1582082990926	-0.981	5.465	3.622	-2.527	-0.852	1.949	0.000000	0.000000
1582082990948	1582082990946	-1.084	4.911	3.263	-3.417	-0.303	2.044	0.000000	0.000000
1582082990971	1582082990971	-1.656	2.971	2.564	-3.397	-0.100	2.094	0.000000	0.000000
1582082990988	1582082990986	-2.399	0.805	3.249	-2.502	0.346	1.941	0.000000	0.000000
1582082991010	1582082991005	-1.879	1.105	3.984	-2.172	0.513	1.639	0.000000	0.000000
1582082991026	1582082991026	-1.268	1.459	4.463	-2.293	0.363	1.287	0.000000	0.000000
1582082991049	1582082991048	-1.172	0.963	5.247	-2.416	0.305	1.164	0.000000	0.000000
1582082991066	1582082991065	-1.560	-0.062	6.051	-2.182	0.445	0.968	0.000000	0.000000
1582082991088	1582082991088	-1.421	1.354	5.879	-2.412	0.636	0.549	0.000000	0.000000
1582082991106	1582082991105	-1.438	2.355	6.174	-2.556	0.693	0.438	0.000000	0.000000
1582082991126	1582082991125	-2.224	1.117	7.982	-2.308	0.838	0.658	0.000000	0.000000
1582082991146	1582082991145	-2.265	-1.734	8.581	-2.482	0.680	0.705	0.000000	0.000000
1582082991169	1582082991169	-1.464	-2.718	8.332	-2.751	0.364	0.582	0.000000	0.000000
1582082991187	1582082991185	-1.136	-2.139	8.519	-2.005	0.071	0.788	0.000000	0.000000
1582082991209	1582082991209	-1.532	-2.721	9.626	-1.183	0.558	0.786	0.000000	0.000000
1582082991226	1582082991226	-2.959	-2.220	10.035	-1.726	0.941	0.592	0.000000	0.000000
1582082991246	1582082991245	-4.540	-0.572	9.489	-2.194	0.380	0.435	0.000000	0.000000
1582082991266	1582082991264	-3.790	-0.270	8.150	-1.584	-0.415	0.354	0.000000	0.000000
1582082991288	1582082991286	0.301	-3.008	7.735	-1.119	-1.211	0.384	0.000000	0.000000
1582082991306	1582082991304	0.838	-4.606	7.841	-1.089	-0.596	0.639	0.000000	0.000000
1582082991325	1582082991324	0.040	-3.959	8.689	-0.936	0.230	0.931	0.000000	0.000000
1582082991344	1582082991344	-0.923	-4.146	8.845	-1.274	0.920	1.192	0.000000	0.000000
1582082991369	1582082991369	-2.277	-5.135	8.006	-1.659	0.937	1.020	0.000000	0.000000
1582082991385	1582082991385	-3.072	-5.274	7.913	-1.480	0.459	1.025	0.000000	0.000000
1582082991408	1582082991408	-2.305	-4.771	7.829	-1.412	-0.070	0.909	0.000000	0.000000
1582082991425	1582082991424	-0.945	-5.253	7.338	-1.449	-0.122	0.793	0.000000	0.000000
1582082991446	1582082991444	-1.270	-6.333	6.703	-1.765	0.215	0.877	0.000000	0.000000
1582082991465	1582082991464	-2.660	-6.774	6.526	-1.672	0.563	1.029	0.000000	0.000000
1582082991492	1582082991487	-3.084	-6.276	6.717	-1.393	0.576	0.988	0.000000	0.000000
1582082991506	1582082991505	-2.878	-5.964	6.119	-1.576	0.427	0.804	0.000000	0.000000
1582082991524	1582082991524	-3.180	-6.477	6.016	-1.599	0.205	0.764	0.000000	0.000000
1582082991546	1582082991543	-2.868	-6.831	6.119	-1.709	0.113	0.707	0.000000	0.000000
1582082991568	1582082991566	-2.559	-7.282	5.402	-1.891	0.186	0.679	0.000000	0.000000
1582082991585	1582082991584	-2.454	-7.907	4.322	-1.908	0.453	0.737	0.000000	0.000000
1582082991604	1582082991603	-3.254	-8.911	4.066	-1.812	0.879	0.725	0.000000	0.000000
1582082991625	1582082991625	-4.727	-8.535	4.157	-2.280	1.011	0.540	0.000000	0.000000
1582082991650	1582082991650	-5.211	-7.682	3.742	-2.752	0.667	0.388	0.000000	0.000000
1582082991666	1582082991663	-5.070	-7.955	3.570	-2.850	0.372	0.177	0.000000	0.000000
1582082991687	1582082991687	-4.959	-9.201	2.473	-3.216	0.607	-0.078	0.000000	0.000000
1582082991707	1582082991705	-5.678	-12.399	0.384	-3.321	1.044	-0.308	0.000000	0.000000
1582082991723	1582082991723	-7.559	-14.425	-1.430	-3.358	1.448	-0.984	0.000000	0.000000
1582082991743	1582082991743	-9.518	-14.773	-2.934	-4.584	1.494	-1.841	0.000000	0.000000
1582082991763	1582082991762	-8.780	-13.426	-7.057	-7.249	0.774	-2.709	0.000000	0.000000
1582082991784	1582082991783	-7.362	-13.577	-12.863	-10.011	0.236	-3.248	0.000000	0.000000
1582082991802	1582082991801	-6.596	-18.620	-13.992	-10.648	0.615	-2.961	0.000000	0.000000
1582082991825	1582082991821	-6.811	-21.834	-14.104	-9.025	3.121	-1.985	0.000000	0.000000
1582082991843	1582082991842	-11.279	-16.502	-20.246	-5.535	5.849	-0.891	0.000000	0.000000
1582082991863	1582082991862	-13.761	-11.081	-15.115	-1.471	5.947	-0.485	0.000000	0.000000
1582082991884	1582082991884	-11.207	-9.249	-6.024	-0.925	5.682	-0.342	0.000000	0.000000
1582082991904	1582082991903	-9.978	1.256	-5.071	0.084	5.500	1.312	0.000000	0.000000
1582082991924	1582082991924	-8.035	-2.048	-2.927	2.975	4.545	4.101	0.000000	0.000000
1582082991943	1582082991942	-9.259	-2.951	4.121	7.112	4.038	5.780	0.000000	0.000000
1582082991962	1582082991961	-12.002	-8.724	2.604	4.501	3.468	5.877	0.000000	0.000000
1582082991982	1582082991982	-3.486	2.235	3.380	1.926	2.101	6.146	0.000000	0.000000
1582082992002	1582082992002	-7.482	1.445	5.120	1.110	2.377	6.894	0.000000	0.000000
1582082992023	1582082992023	-11.291	-13.644	4.020	0.061	2.583	7.282	0.000000	0.000000
1582082992042	1582082992042	-14.942	-11.455	-0.194	-1.497	2.722	7.400	0.000000	0.000000
1582082992061	1582082992061	-13.428	-12.832	-3.533	-2.642	2.435	6.477	0.000000	0.000000
1582082992084	1582082992084	-14.489	-15.611	-8.422	-3.821	3.323	5.776	0.000000	0.000000
1582082992108	1582082992108	-15.500	-14.368	-9.778	-4.737	3.154	5.208	0.000000	0.000000
1582082992127	1582082992124	-12.913	-14.305	-10.729	-4.157	2.983	5.056	0.000000	0.000000
1582082992143	1582082992141	-16.592	-8.693	-7.876	-4.056	3.726	4.979	0.000000	0.000000
1582082992162	1582082992161	-19.033	-12.123	-7.823	-4.517	3.428	4.477	0.000000	0.000000
1582082992182	1582082992181	-15.682	-10.588	-7.380	-3.675	2.507	4.449	0.000000	0.000000
1582082992201	1582082992200	-12.328	-5.883	-8.767	-4.353	2.312	3.839	0.000000	0.000000
1582082992225	1582082992225	-14.381	-6.812	-9.500	-4.286	2.442	3.285	0.000000	0.000000
1582082992243	1582082992242	-12.141	-6.000	-9.136	-4.024	1.681	3.035	0.000000	0.000000
1582082992261	1582082992261	-10.287	-7.639	-9.706	-3.785	1.822	2.566	0.000000	0.000000
1582082992282	1582082992280	-10.369	-2.239	-8.803	-3.757	1.846	2.313	0.000000	0.000000
1582082992304	1582082992303	-9.207	-1.547	-8.101	-4.952	0.949	1.698	0.000000	0.000000
1582082992325	1582082992320	-8.656	2.585	-8.060	-5.170	0.858	1.310	0.000000	0.000000
1582082992341	1582082992341	-12.079	2.549	-7.064	-4.070	0.561	1.079	0.000000	0.000000
1582082992360	1582082992360	-11.617	-0.723	-7.529	-3.322	-0.784	0.632	0.000000	0.000000
1582082992381	1582082992379	-8.162	0.183	-5.866	-3.178	-1.622	0.475	0.000000	0.000000
1582082992405	1582082992405	-9.501	4.035	-5.979	-3.917	-1.416	0.306	0.000000	0.000000
1582082992426	1582082992421	-10.939	6.143	-4.944	-2.961	-1.562	-0.188	0.000000	0.000000
1582082992443	1582082992441	-8.019	5.589	-4.458	-3.093	-1.658	-0.722	0.000000	0.000000
1582082992459	1582082992459	-8.117	5.915	-3.701	-3.613	-1.429	-0.491	0.000000	0.000000
1582082992480	1582082992479	-10.069	4.387	-2.807	-3.420	-1.633	-0.395	0.000000	0.000000
1582082992500	1582082992499	-12.304	-0.007	-0.076	-2.840	-1.949	0.005	0.000000	0.000000
1582082992527	1582082992527	-15.758	-1.672	1.675	-1.785	-2.543	1.090	0.000000	0.000000
1582082992540	1582082992540	-12.017	2.209	1.787	-0.603	-4.511	1.538	0.000000	0.000000
1582082992565	1582082992564	-11.854	0.204	1.598	2.363	-4.829	1.541	0.000000	0.000000
1582082992580	1582082992579	-15.960	-1.406	0.638	3.290	-5.032	1.744	0.000000	0.000000
1582082992603	1582082992600	-16.551	0.348	-0.637	2.576	-5.948	1.511	0.000000	0.000000
1582082992625	1582082992623	-15.905	0.135	-1.820	2.178	-7.016	1.097	0.000000	0.000000
1582082992642	1582082992640	-15.684	-0.488	-3.181	2.172	-8.278	0.633	0.000000	0.000000
1582082992662	1582082992660	-13.425	-1.940	-5.349	2.914	-9.737	0.101	0.000000	0.000000
1582082992680	1582082992679	-11.844	-3.020	-7.543	3.428	-10.799	-0.594	0.000000	0.000000
1582082992699	1582082992698	-10.656	-6.182	-8.427	4.723	-11.430	-1.477	0.000000	0.000000
1582082992727	1582082992726	-7.393	-9.929	-9.728	6.971	-11.380	-2.121	0.000000	0.000000
1582082992740	1582082992739	-4.823	-6.973	-11.476	8.611	-10.067	-2.387	0.000000	0.000000
1582082992760	1582082992758	-5.189	-3.449	-11.352	9.381	-7.915	-2.431	0.000000	0.000000
1582082992780	1582082992778	-6.116	-5.744	-13.002	8.881	-6.686	-2.287	0.000000	0.000000
1582082992799	1582082992798	-6.143	-5.904	-18.340	7.932	-5.945	-2.020	0.000000	0.000000
1582082992821	1582082992820	-3.414	1.090	-21.866	5.845	-5.041	-1.461	0.000000	0.000000
1582082992842	1582082992838	-2.346	4.564	-19.137	2.881	-3.862	-1.031	0.000000	0.000000
1582082992861	1582082992860	-3.292	7.439	-11.869	-1.794	-4.289	-1.718	0.000000	0.000000
1582082992879	1582082992878	-1.151	5.651	-5.682	-4.759	-5.564	-3.180	0.000000	0.000000
1582082992898	1582082992897	-4.097	-3.521	2.734	-2.465	-5.430	-2.773	0.000000	0.000000
1582082992919	1582082992918	-12.489	-5.025	10.811	0.045	-4.758	-1.235	0.000000	0.000000
1582082992938	1582082992938	-10.313	1.186	10.972	0.167	-6.631	-0.105	0.000000	0.000000
1582082992963	1582082992957	-7.242	2.506	13.763	1.932	-6.903	0.251	0.000000	0.000000
1582082992977	1582082992977	-12.795	3.467	13.542	1.053	-5.772	0.501	0.000000	0.000000
1582082992998	1582082992997	-14.422	6.181	14.647	-0.020	-5.567	0.904	0.000000	0.000000
1582082993018	1582082993018	-15.133	7.712	12.129	-1.283	-4.490	1.425	0.000000	0.000000
1582082993044	1582082993042	-16.681	7.640	10.495	-2.279	-3.145	1.178	0.000000	0.000000
1582082993060	1582082993058	-9.796	7.752	12.112	-0.520	-3.332	0.537	0.000000	0.000000
1582082993078	1582082993077	-7.065	5.613	13.382	0.204	-3.205	1.203	0.000000	0.000000
1582082993098	1582082993097	-7.439	6.085	11.952	0.391	-2.568	1.454	0.000000	0.000000
1582082993118	1582082993116	-7.515	7.882	10.462	0.054	-2.365	1.666	0.000000	0.000000
1582082993137	1582082993137	-7.027	6.452	9.975	0.067	-2.668	1.903	0.000000	0.000000
1582082993159	1582082993158	-4.325	4.940	10.165	-0.054	-2.850	2.018	0.000000	0.000000
1582082993177	1582082993177	-3.975	5.187	8.651	-0.418	-2.348	2.059	0.000000	0.000000
1582082993196	1582082993196	-2.590	4.221	8.073	-0.402	-2.020	2.127	0.000000	0.000000
1582082993219	1582082993219	-0.966	4.523	8.035	-0.409	-1.656	1.981	0.000000	0.000000
1582082993247	1582082993236	0.960	4.789	8.171	-0.577	-1.326	1.566	0.000000	0.000000
1582082993261	1582082993259	2.129	4.729	7.223	-0.708	-1.044	1.417	0.000000	0.000000
1582082993277	1582082993276	1.760	4.068	6.200	-0.740	-0.622	1.642	0.000000	0.000000
1582082993297	1582082993297	0.773	3.963	5.711	-0.817	-0.171	1.685	0.000000	0.000000
1582082993317	1582082993316	0.021	3.924	6.198	-0.870	0.010	1.531	0.000000	0.000000
1582082993341	1582082993341	0.069	4.130	5.968	-0.997	-0.102	1.338	0.000000	0.000000
1582082993359	1582082993359	0.366	4.801	6.293	-1.145	-0.139	1.188	0.000000	0.000000
1582082993379	1582082993377	-0.614	3.151	7.484	-1.284	0.269	1.498	0.000000	0.000000
1582082993395	1582082993395	-1.438	2.537	8.112	-1.715	0.607	1.731	0.000000	0.000000
1582082993416	1582082993415	-1.311	2.774	7.544	-2.048	0.546	1.805	0.000000	0.000000
1582082993442	1582082993436	-1.222	2.355	6.899	-2.316	0.622	1.712	0.000000	0.000000
1582082993460	1582082993457	-0.921	1.627	6.075	-2.587	0.639	1.436	0.000000	0.000000
1582082993476	1582082993475	-1.064	0.753	6.056	-2.905	0.739	1.220	0.000000	0.000000
1582082993497	1582082993495	-0.866	0.808	5.874	-3.010	0.498	0.917	0.000000	0.000000
1582082993515	1582082993515	-0.286	0.995	5.766	-2.923	0.193	0.771	0.000000	0.000000
1582082993536	1582082993535	-0.125	0.111	6.871	-2.668	0.514	0.759	0.000000	0.000000
1582082993558	1582082993558	-0.959	-2.143	7.458	-2.289	1.074	0.897	0.000000	0.000000
1582082993577	1582082993577	-1.572	-3.109	6.617	-1.864	1.383	0.846	0.000000	0.000000
1582082993595	1582082993594	-2.459	-2.567	6.360	-1.482	1.307	0.789	0.000000	0.000000
1582082993616	1582082993614	-3.062	-2.067	7.132	-1.653	1.019	0.674	0.000000	0.000000
1582082993636	1582082993634	-2.372	-1.137	7.391	-2.058	0.531	0.610	0.000000	0.000000
1582082993674	1582082993662	-1.738	-1.236	7.704	-1.820	0.150	0.527	0.000000	0.000000
1582082993677	1582082993675	-1.443	-2.479	7.961	-1.671	0.146	0.428	0.000000	0.000000
1582082993696	1582082993693	-1.570	-3.404	7.762	-1.685	0.269	0.541	0.000000	0.000000
1582082993715	1582082993714	-2.087	-3.962	7.951	-1.754	0.373	0.627	0.000000	0.000000
1582082993738	1582082993735	-2.631	-4.297	7.585	-1.969	0.182	0.666	0.000000	0.000000
1582082993757	1582082993757	-2.305	-4.177	7.522	-1.787	-0.108	0.703	0.000000	0.000000
1582082993776	1582082993775	-1.426	-4.414	7.973	-1.602	-0.121	0.762	0.000000	0.000000
1582082993795	1582082993794	-1.970	-5.138	7.822	-1.564	0.213	0.962	0.000000	0.000000
1582082993814	1582082993814	-2.861	-5.353	7.371	-1.376	0.432	1.031	0.000000	0.000000
1582082993838	1582082993833	-2.887	-4.898	7.110	-1.228	0.198	1.031	0.000000	0.000000
1582082993858	1582082993858	-2.617	-5.792	7.477	-0.909	0.056	1.032	0.000000	0.000000
1582082993874	1582082993874	-2.439	-6.884	7.616	-0.807	0.324	1.054	0.000000	0.000000
1582082993897	1582082993897	-2.988	-6.901	7.110	-0.904	0.714	1.082	0.000000	0.000000
1582082993914	1582082993913	-4.061	-6.139	7.029	-0.763	0.757	1.013	0.000000	0.000000
1582082993933	1582082993933	-3.891	-6.261	7.350	-0.771	0.442	1.032	0.000000	0.000000
1582082993958	1582082993958	-3.101	-7.061	7.455	-0.979	0.305	1.097	0.000000	0.000000
1582082993977	1582082993976	-2.907	-7.612	7.266	-1.119	0.415	1.180	0.000000	0.000000
1582082993995	1582082993993	-3.295	-7.924	6.437	-1.416	0.578	1.147	0.000000	0.000000
1582082994013	1582082994013	-3.731	-7.845	5.879	-1.526	0.518	1.013	0.000000	0.000000
1582082994033	1582082994032	-3.951	-7.421	5.282	-1.398	0.396	0.846	0.000000	0.000000
1582082994058	1582082994052	-4.202	-7.701	4.652	-1.232	0.377	0.693	0.000000	0.000000
1582082994073	1582082994073	-5.103	-7.641	4.526	-1.463	0.525	0.484	0.000000	0.000000
1582082994094	1582082994092	-6.634	-8.127	4.051	-2.136	0.813	0.288	0.000000	0.000000
1582082994113	1582082994113	-7.877	-9.747	2.592	-2.820	1.078	0.139	0.000000	0.000000
1582082994135	1582082994132	-9.180	-12.475	0.609	-3.301	1.314	-0.236	0.000000	0.000000
1582082994156	1582082994156	-10.663	-14.143	-0.905	-4.429	1.592	-0.980	0.000000	0.000000
1582082994182	1582082994172	-10.261	-13.280	-4.240	-7.151	1.608	-1.854	0.000000	0.000000
1582082994197	1582082994193	-8.886	-13.503	-9.891	-9.664	1.492	-2.504	0.000000	0.000000
1582082994212	1582082994212	-9.556	-17.264	-10.679	-9.275	1.418	-2.624	0.000000	0.000000
1582082994233	1582082994232	-11.693	-18.038	-8.609	-7.967	2.862	-2.444	0.000000	0.000000
1582082994252	1582082994252	-14.747	-13.328	-14.049	-7.273	5.030	-1.654	0.000000	0.000000
1582082994273	1582082994272	-15.943	-13.580	-13.870	-4.217	5.711	-0.621	0.000000	0.000000
1582082994294	1582082994292	-13.375	-11.766	-6.733	0.008	5.335	0.340	0.000000	0.000000
1582082994312	1582082994311	-12.848	-4.862	-2.112	0.508	5.246	1.573	0.000000	0.000000
1582082994333	1582082994331	-9.585	-5.095	-0.500	1.938	4.465	3.335	0.000000	0.000000
1582082994354	1582082994354	-11.566	-6.240	-0.498	4.569	3.581	4.498	0.000000	0.000000
1582082994377	1582082994372	-8.613	-11.081	2.358	4.439	2.494	5.122	0.000000	0.000000
1582082994396	1582082994391	-5.755	-7.998	2.046	3.544	1.878	5.579	0.000000	0.000000
1582082994411	1582082994410	-4.119	-6.233	4.269	3.137	1.490	6.025	0.000000	0.000000
1582082994431	1582082994431	-3.877	-6.221	3.064	1.457	1.990	6.389	0.000000	0.000000
1582082994452	1582082994450	-9.844	-6.479	1.708	0.019	3.081	6.290	0.000000	0.000000
1582082994472	1582082994472	-14.117	-11.862	0.386	-0.779	2.992	6.091	0.000000	0.000000
1582082994493	1582082994491	-10.445	-8.755	-1.173	-2.596	2.776	5.604	0.000000	0.000000
1582082994513	1582082994513	-14.659	-10.288	-4.323	-3.674	2.948	5.437	0.000000	0.000000
1582082994532	1582082994530	-13.138	-10.662	-6.707	-3.356	2.597	5.607	0.000000	0.000000
1582082994551	1582082994550	-13.586	-5.964	-7.040	-3.472	2.699	5.332	0.000000	0.000000
1582082994576	1582082994576	-15.351	-8.350	-8.123	-4.819	3.025	4.400	0.000000	0.000000
1582082994594	1582082994590	-15.416	-7.960	-9.241	-4.316	2.748	4.216	0.000000	0.000000
1582082994611	1582082994610	-15.377	-8.887	-8.185	-3.218	2.359	4.223	0.000000	0.000000
1582082994632	1582082994629	-12.259	-5.279	-7.409	-3.555	2.280	4.015	0.000000	0.000000
1582082994650	1582082994649	-12.948	-1.940	-8.420	-4.601	2.240	3.387	0.000000	0.000000
1582082994672	1582082994670	-12.477	-2.821	-8.525	-5.035	1.973	2.642	0.000000	0.000000
1582082994690	1582082994690	-11.916	-1.319	-8.846	-4.853	1.372	2.449	0.000000	0.000000
1582082994711	1582082994711	-10.282	-0.687	-8.482	-4.095	0.502	2.280	0.000000	0.000000
1582082994730	1582082994729	-10.543	1.512	-6.317	-3.772	0.071	2.106	0.000000	0.000000
1582082994751	1582082994749	-11.243	3.733	-4.618	-3.977	-0.066	1.611	0.000000	0.000000
1582082994769	1582082994768	-10.103	1.524	-3.296	-4.028	-0.085	1.163	0.000000	0.000000
1582082994790	1582082994789	-10.064	1.572	-4.014	-4.246	-0.051	1.079	0.000000	0.000000
1582082994811	1582082994811	-10.431	1.433	-4.300	-3.370	-0.298	0.963	0.000000	0.000000
1582082994831	1582082994829	-10.328	1.047	-3.116	-2.178	-0.491	0.763	0.000000	0.000000
1582082994849	1582082994849	-11.118	4.073	-2.695	-1.592	-0.670	0.522	0.000000	0.000000
1582082994870	1582082994870	-10.479	4.629	-2.465	-1.498	-1.034	0.105	0.000000	0.000000
1582082994891	1582082994888	-10.776	1.373	-2.079	-1.628	-1.243	0.032	0.000000	0.000000
1582082994911	1582082994910	-11.092	0.087	0.678	-0.030	-1.627	0.339	0.000000	0.000000
1582082994929	1582082994928	-13.590	4.403	0.369	0.577	-2.187	1.141	0.000000	0.000000
1582082994950	1582082994949	-13.720	9.027	2.355	-0.110	-3.667	1.613	0.000000	0.000000
1582082994969	1582082994968	-11.082	7.295	3.431	-0.157	-4.200	0.880	0.000000	0.000000
1582082994993	1582082994992	-10.440	4.360	2.933	0.181	-3.779	0.714	0.000000	0.000000
1582082995011	1582082995008	-13.528	3.440	3.419	0.215	-3.241	1.017	0.000000	0.000000
1582082995032	1582082995028	-14.987	2.202	1.169	-0.324	-3.526	0.868	0.000000	0.000000
1582082995049	1582082995048	-16.721	-2.419	-0.943	0.598	-4.583	1.373	0.000000	0.000000
1582082995069	1582082995068	-15.057	-5.440	-3.152	2.976	-7.076	1.687	0.000000	0.000000
1582082995089	1582082995088	-12.065	-5.071	-6.470	4.825	-9.303	1.878	0.000000	0.000000
1582082995114	1582082995111	-10.270	-4.443	-9.740	6.137	-10.830	1.796	0.000000	0.000000
1582082995129	1582082995127	-7.927	-4.165	-11.359	7.085	-11.927	1.423	0.000000	0.000000
1582082995148	1582082995147	-5.508	-5.619	-11.515	7.435	-11.813	0.954	0.000000	0.000000
1582082995168	1582082995167	-3.299	-7.327	-10.324	7.780	-10.961	0.076	0.000000	0.000000
1582082995197	1582082995191	-1.177	-6.855	-10.228	8.110	-9.134	-0.690	0.000000	0.000000
1582082995208	1582082995207	-4.413	-7.483	-11.462	8.177	-6.762	-0.572	0.000000	0.000000
1582082995229	1582082995229	-7.137	-6.546	-16.155	6.835	-6.315	-0.062	0.000000	0.000000
1582082995247	1582082995247	-1.929	-0.435	-20.186	3.959	-6.955	-0.347	0.000000	0.000000
1582082995268	1582082995267	0.291	1.716	-20.208	2.317	-5.102	-0.606	0.000000	0.000000
1582082995289	1582082995289	-2.518	5.671	-14.603	-1.539	-4.055	-0.498	0.000000	0.000000
1582082995312	1582082995307	-4.440	8.976	-6.882	-5.014	-5.408	-1.566	0.000000	0.000000
1582082995330	1582082995326	-5.439	1.613	1.426	-3.510	-5.059	-1.609	0.000000	0.000000
1582082995347	1582082995347	-15.255	-1.475	6.861	-1.938	-4.647	-1.021	0.000000	0.000000
1582082995368	1582082995366	-11.803	-1.593	7.982	-0.252	-6.466	-0.075	0.000000	0.000000
1582082995388	1582082995388	-11.255	4.451	9.156	0.406	-6.323	1.076	0.000000	0.000000
1582082995422	1582082995416	-15.878	7.978	8.641	0.204	-4.920	1.291	0.000000	0.000000
1582082995428	1582082995427	-17.665	8.205	9.091	-0.622	-4.782	1.715	0.000000	0.000000
1582082995453	1582082995447	-12.266	9.808	9.937	-2.001	-3.745	1.390	0.000000	0.000000
1582082995466	1582082995466	-12.934	9.456	6.823	-2.169	-2.106	1.657	0.000000	0.000000
1582082995487	1582082995486	-7.779	11.806	9.546	-1.111	-2.721	1.270	0.000000	0.000000
1582082995514	1582082995509	-4.993	8.342	13.113	-0.091	-3.173	1.721	0.000000	0.000000
1582082995528	1582082995527	-6.047	6.258	11.698	0.639	-2.545	2.492	0.000000	0.000000
1582082995547	1582082995546	-6.730	8.572	9.096	-0.101	-1.659	2.509	0.000000	0.000000
1582082995566	1582082995566	-7.638	7.453	7.093	-0.993	-1.729	2.587	0.000000	0.000000
1582082995587	1582082995585	-4.413	6.428	7.498	-1.439	-2.155	2.109	0.000000	0.000000
1582082995620	1582082995620	-2.466	5.160	7.228	-2.209	-1.693	2.001	0.000000	0.000000
1582082995628	1582082995628	-2.406	5.410	7.185	-2.664	-1.303	1.906	0.000000	0.000000
1582082995654	1582082995647	-0.858	5.364	7.278	-2.244	-1.212	1.559	0.000000	0.000000
1582082995667	1582082995666	-0.571	3.838	6.681	-1.580	-0.661	1.586	0.000000	0.000000
1582082995686	1582082995685	-2.334	3.431	7.074	-1.374	0.091	1.600	0.000000	0.000000
1582082995706	1582082995705	-3.067	3.864	7.276	-1.251	0.300	1.569	0.000000	0.000000
1582082995729	1582082995729	-2.406	4.209	7.793	-0.952	0.213	1.550	0.000000	0.000000
1582082995747	1582082995747	-2.485	3.819	7.549	-1.183	0.383	1.552	0.000000	0.000000
1582082995766	1582082995765	-3.132	3.879	6.825	-1.621	0.657	1.434	0.000000	0.000000
1582082995786	1582082995785	-3.280	3.970	6.607	-1.544	0.622	1.272	0.000000	0.000000
1582082995805	1582082995804	-3.211	3.637	6.916	-1.652	0.455	1.106	0.000000	0.000000
1582082995826	1582082995825	-2.696	3.215	6.928	-2.162	0.399	0.781	0.000000	0.000000
1582082995846	1582082995846	-2.023	2.664	6.768	-2.595	0.303	0.507	0.000000	0.000000
1582082995865	1582082995864	-1.163	1.984	6.895	-2.557	-0.099	0.222	0.000000	0.000000
1582082995886	1582082995884	-0.717	1.397	7.072	-2.430	-0.505	-0.070	0.000000	0.000000
1582082995907	1582082995907	-1.261	-0.170	7.709	-1.973	-0.170	-0.004	0.000000	0.000000
1582082995925	1582082995925	-2.082	-0.704	9.072	-1.639	0.414	-0.065	0.000000	0.000000
1582082995948	1582082995944	-2.332	0.168	9.738	-1.488	0.444	-0.147	0.000000	0.000000
1582082995966	1582082995964	-1.541	0.717	8.883	-1.329	0.095	-0.097	0.000000	0.000000
1582082995984	1582082995984	-1.215	1.035	7.855	-1.146	0.040	-0.262	0.000000	0.000000
1582082996008	1582082996004	-1.623	0.791	7.858	-0.959	0.170	-0.425	0.000000	0.000000
1582082996029	1582082996029	-2.389	0.247	8.469	-1.011	-0.087	-0.577	0.000000	0.000000
1582082996046	1582082996044	-2.411	-0.474	8.670	-1.238	-0.502	-0.669	0.000000	0.000000
1582082996065	1582082996065	-1.809	-0.646	8.337	-1.289	-0.654	-0.725	0.000000	0.000000
1582082996084	1582082996083	-1.359	-0.366	8.306	-0.966	-0.642	-0.735	0.000000	0.000000
1582082996104	1582082996103	-1.563	-0.955	8.473	-0.442	-0.596	-0.683	0.000000	0.000000
1582082996125	1582082996125	-1.620	-1.758	8.579	-0.013	-0.529	-0.787	0.000000	0.000000
1582082996148	1582082996145	-1.129	-1.324	7.496	-0.311	-0.497	-0.810	0.000000	0.000000
1582082996167	1582082996164	-1.218	-1.286	7.247	-0.943	-0.459	-0.807	0.000000	0.000000
1582082996184	1582082996184	-1.534	-2.335	8.167	-1.276	-0.573	-0.842	0.000000	0.000000
1582082996218	1582082996215	-0.310	-2.819	8.313	-1.569	-0.791	-0.800	0.000000	0.000000
1582082996225	1582082996222	0.610	-2.304	8.991	-1.456	-0.700	-0.656	0.000000	0.000000
1582082996245	1582082996243	-0.178	-2.539	10.428	-1.014	-0.273	-0.536	0.000000	0.000000
1582082996265	1582082996264	-0.511	-3.415	10.981	-0.960	0.043	-0.505	0.000000	0.000000
1582082996284	1582082996283	-0.082	-3.614	10.692	-1.006	0.215	-0.497	0.000000	0.000000
1582082996303	1582082996302	-0.123	-3.495	10.327	-0.936	0.199	-0.438	0.000000	0.000000
1582082996325	1582082996322	-0.094	-3.432	9.987	-0.859	0.086	-0.443	0.000000	0.000000
