1582081403691	1582081403689	-2.380	-1.240	8.272	-2.182	0.157	-0.124	0.000000	0.000000
1582081403715	1582081403715	-1.522	0.274	8.382	-2.093	0.392	-0.133	0.000000	0.000000
1582081403726	1582081403725	-3.053	0.161	9.180	-1.544	0.420	0.243	0.000000	0.000000
1582081403746	1582081403745	-3.472	-0.491	8.710	-1.646	0.109	0.254	0.000000	0.000000
1582081403768	1582081403765	-2.384	-0.673	8.195	-1.664	-0.175	0.234	0.000000	0.000000
1582081403785	1582081403785	-2.411	-2.088	8.030	-1.492	-0.175	0.454	0.000000	0.000000
1582081403806	1582081403805	-2.473	-3.425	7.537	-1.626	0.109	0.518	0.000000	0.000000
1582081403825	1582081403824	-2.403	-2.941	7.661	-1.572	0.290	0.435	0.000000	0.000000
1582081403846	1582081403845	-1.908	-2.395	8.078	-1.375	0.470	0.507	0.000000	0.000000
1582081403865	1582081403864	-2.868	-3.368	8.037	-1.255	0.629	0.827	0.000000	0.000000
1582081403885	1582081403884	-3.127	-4.841	7.450	-1.343	0.628	0.793	0.000000	0.000000
1582081403905	1582081403904	-2.559	-5.536	7.271	-1.087	0.575	0.633	0.000000	0.000000
1582081403927	1582081403925	-2.356	-4.747	7.913	-0.826	0.619	0.517	0.000000	0.000000
1582081403946	1582081403945	-2.032	-3.528	7.403	-1.171	0.557	0.382	0.000000	0.000000
1582081403965	1582081403964	-1.900	-3.059	6.722	-1.610	0.607	0.339	0.000000	0.000000
1582081403988	1582081403985	-3.465	-4.331	6.763	-1.988	0.806	0.506	0.000000	0.000000
1582081404004	1582081404003	-4.298	-5.672	6.298	-2.368	0.822	0.489	0.000000	0.000000
1582081404025	1582081404024	-3.886	-6.803	5.462	-2.584	0.813	0.316	0.000000	0.000000
1582081404044	1582081404044	-4.519	-7.874	4.882	-2.436	0.890	0.245	0.000000	0.000000
1582081404065	1582081404064	-5.230	-8.087	5.065	-1.892	0.961	0.166	0.000000	0.000000
1582081404084	1582081404084	-5.017	-7.356	5.218	-1.611	0.961	0.136	0.000000	0.000000
1582081404107	1582081404106	-5.709	-6.527	5.081	-1.517	1.103	0.187	0.000000	0.000000
1582081404125	1582081404123	-6.660	-5.995	4.552	-1.555	1.157	0.173	0.000000	0.000000
1582081404144	1582081404143	-6.917	-7.857	4.578	-1.319	1.121	0.001	0.000000	0.000000
1582081404164	1582081404163	-7.420	-11.239	4.607	-0.771	0.995	-0.340	0.000000	0.000000
1582081404184	1582081404183	-8.756	-13.249	3.380	-1.156	1.045	-1.085	0.000000	0.000000
1582081404204	1582081404203	-11.578	-14.356	0.602	-3.983	1.578	-2.377	0.000000	0.000000
1582081404225	1582081404225	-13.346	-15.525	-6.954	-9.261	1.432	-4.150	0.000000	0.000000
1582081404243	1582081404243	-16.350	-21.061	-14.732	-13.686	0.058	-5.075	0.000000	0.000000
1582081404264	1582081404263	-12.984	-26.946	-11.972	-11.878	-0.415	-4.643	0.000000	0.000000
1582081404285	1582081404283	-12.469	-18.919	-14.042	-7.696	2.789	-3.721	0.000000	0.000000
1582081404308	1582081404303	-15.806	-6.645	-18.347	-6.615	5.464	-1.954	0.000000	0.000000
1582081404325	1582081404323	-13.770	-8.722	-8.168	-1.432	6.157	0.778	0.000000	0.000000
1582081404344	1582081404343	-19.895	-5.332	-3.325	1.748	6.377	3.286	0.000000	0.000000
1582081404364	1582081404362	-14.594	-1.025	0.853	2.582	4.731	4.074	0.000000	0.000000
1582081404384	1582081404382	-9.063	5.292	2.669	1.389	3.359	4.645	0.000000	0.000000
1582081404404	1582081404403	-4.502	17.064	8.801	0.880	0.680	7.101	0.000000	0.000000
1582081404423	1582081404422	-22.940	-10.327	7.982	2.242	0.884	10.497	0.000000	0.000000
1582081404444	1582081404442	-21.656	-19.116	-0.433	0.251	1.167	10.229	0.000000	0.000000
1582081404465	1582081404464	-15.169	-22.227	-7.325	-2.114	2.007	8.844	0.000000	0.000000
1582081404485	1582081404483	-13.339	-20.529	-8.513	-3.529	3.002	7.427	0.000000	0.000000
1582081404505	1582081404503	-15.263	-22.187	-10.509	-4.011	4.051	7.104	0.000000	0.000000
1582081404525	1582081404525	-16.741	-10.681	-10.197	-5.419	4.107	6.938	0.000000	0.000000
1582081404546	1582081404544	-16.791	-13.824	-11.850	-5.081	3.808	6.000	0.000000	0.000000
1582081404564	1582081404564	-18.140	-10.446	-12.193	-4.705	4.138	5.148	0.000000	0.000000
1582081404584	1582081404584	-17.809	-13.826	-10.947	-4.749	3.707	4.335	0.000000	0.000000
1582081404606	1582081404606	-14.513	-8.171	-9.067	-5.311	3.280	4.346	0.000000	0.000000
1582081404627	1582081404627	-16.798	-1.245	-7.694	-6.027	3.069	3.603	0.000000	0.000000
1582081404646	1582081404644	-11.993	-9.505	-7.414	-4.371	2.606	3.197	0.000000	0.000000
1582081404664	1582081404664	-14.094	0.173	-5.521	-3.023	2.940	3.630	0.000000	0.000000
1582081404684	1582081404684	-12.287	-1.164	-4.726	-3.798	2.282	2.279	0.000000	0.000000
1582081404707	1582081404707	-9.231	1.244	-5.042	-2.814	1.384	1.639	0.000000	0.000000
1582081404726	1582081404726	-7.238	4.607	-5.792	-1.654	0.970	1.477	0.000000	0.000000
1582081404747	1582081404745	-7.789	2.034	-2.110	-1.050	0.643	1.259	0.000000	0.000000
1582081404764	1582081404764	-5.958	2.101	-3.226	-1.431	0.125	1.122	0.000000	0.000000
1582081404784	1582081404784	-4.753	4.114	-3.631	-0.530	0.017	1.416	0.000000	0.000000
1582081404809	1582081404806	-6.490	3.601	-1.940	0.040	0.534	1.706	0.000000	0.000000
1582081404824	1582081404824	-8.534	5.783	-2.556	-0.566	0.372	1.406	0.000000	0.000000
1582081404849	1582081404846	-7.008	6.820	-2.541	-0.901	-0.602	0.518	0.000000	0.000000
1582081404864	1582081404864	-6.610	7.783	-3.190	-1.302	-1.278	-0.202	0.000000	0.000000
1582081404885	1582081404883	-6.536	5.127	-4.455	-1.340	-1.553	-0.213	0.000000	0.000000
1582081404904	1582081404903	-7.813	5.201	-3.423	-1.192	-1.415	-0.126	0.000000	0.000000
1582081404932	1582081404925	-9.705	8.119	-3.691	-1.709	-2.529	0.155	0.000000	0.000000
1582081404944	1582081404944	-11.449	6.497	-3.907	-2.086	-3.036	-0.601	0.000000	0.000000
1582081404964	1582081404962	-10.900	5.953	-6.146	-1.888	-3.760	-1.361	0.000000	0.000000
1582081404985	1582081404983	-9.243	6.217	-4.867	-1.203	-4.095	-1.712	0.000000	0.000000
1582081405006	1582081405004	-9.885	4.042	-3.952	-1.027	-4.019	-1.184	0.000000	0.000000
1582081405025	1582081405025	-11.564	4.538	-2.323	-0.934	-3.880	-0.478	0.000000	0.000000
1582081405045	1582081405042	-12.771	5.163	-1.755	-0.040	-4.226	0.123	0.000000	0.000000
1582081405065	1582081405063	-12.999	3.795	-2.292	0.836	-4.766	0.424	0.000000	0.000000
1582081405082	1582081405082	-13.550	1.946	-3.943	1.228	-5.453	0.724	0.000000	0.000000
1582081405102	1582081405102	-15.191	-1.585	-4.733	2.630	-6.810	0.785	0.000000	0.000000
1582081405126	1582081405126	-15.476	-5.914	-6.355	5.059	-8.889	0.977	0.000000	0.000000
1582081405146	1582081405142	-12.055	-7.579	-8.197	7.527	-10.847	1.718	0.000000	0.000000
1582081405161	1582081405160	-7.547	-5.579	-8.992	9.320	-10.955	2.473	0.000000	0.000000
1582081405181	1582081405180	-8.129	-3.375	-8.034	10.142	-9.204	2.833	0.000000	0.000000
1582081405202	1582081405201	-9.209	-4.795	-9.962	10.006	-7.655	3.041	0.000000	0.000000
1582081405226	1582081405226	-7.841	-8.963	-13.525	9.206	-7.076	3.212	0.000000	0.000000
1582081405246	1582081405243	-5.683	-7.303	-14.524	8.052	-6.921	3.007	0.000000	0.000000
1582081405262	1582081405262	-2.327	-2.797	-15.046	6.411	-6.492	2.437	0.000000	0.000000
1582081405282	1582081405282	-0.315	-4.980	-16.299	5.665	-5.159	1.669	0.000000	0.000000
1582081405302	1582081405302	-0.887	-3.334	-16.035	3.369	-3.926	1.744	0.000000	0.000000
1582081405323	1582081405321	-1.848	2.473	-12.578	1.041	-3.724	1.365	0.000000	0.000000
1582081405347	1582081405347	-2.748	6.404	-9.088	-1.604	-4.320	0.302	0.000000	0.000000
1582081405362	1582081405362	-2.358	4.233	-7.411	-3.306	-4.867	-0.889	0.000000	0.000000
1582081405383	1582081405383	-6.073	0.563	-0.852	-3.332	-4.558	-0.655	0.000000	0.000000
1582081405401	1582081405401	-12.187	2.073	3.397	-2.302	-4.862	0.340	0.000000	0.000000
1582081405421	1582081405421	-8.668	6.705	5.249	-1.823	-5.870	0.218	0.000000	0.000000
1582081405441	1582081405441	-9.760	5.601	5.498	-2.205	-5.373	0.602	0.000000	0.000000
1582081405467	1582081405463	-10.984	4.930	5.187	-2.086	-4.031	1.115	0.000000	0.000000
1582081405484	1582081405483	-13.804	5.484	5.879	-1.194	-3.470	1.427	0.000000	0.000000
1582081405502	1582081405499	-15.840	9.951	9.882	-0.655	-4.024	1.323	0.000000	0.000000
1582081405526	1582081405524	-10.565	15.241	8.641	-0.282	-4.090	1.301	0.000000	0.000000
1582081405549	1582081405542	-13.363	11.956	8.691	-1.717	-2.351	2.010	0.000000	0.000000
1582081405561	1582081405559	-12.402	8.409	10.406	-1.554	-2.871	2.478	0.000000	0.000000
1582081405581	1582081405581	-8.893	6.660	10.435	-1.113	-2.828	2.440	0.000000	0.000000
1582081405600	1582081405599	-6.821	8.948	7.510	-1.985	-2.383	2.330	0.000000	0.000000
1582081405620	1582081405618	-7.202	7.192	6.039	-2.088	-2.111	2.519	0.000000	0.000000
1582081405641	1582081405639	-6.830	4.993	5.021	-1.414	-1.842	2.364	0.000000	0.000000
1582081405661	1582081405659	-5.786	6.063	6.823	-0.615	-1.954	2.205	0.000000	0.000000
1582081405685	1582081405679	-4.272	5.144	7.228	-0.580	-1.834	1.991	0.000000	0.000000
1582081405700	1582081405700	-2.310	5.098	5.151	-1.816	-1.241	1.676	0.000000	0.000000
1582081405719	1582081405719	-2.059	6.210	4.964	-1.524	-0.695	1.525	0.000000	0.000000
1582081405739	1582081405739	-3.395	6.032	5.362	-0.956	-0.422	1.881	0.000000	0.000000
1582081405759	1582081405759	-4.696	5.510	5.965	-1.838	-0.264	1.861	0.000000	0.000000
1582081405783	1582081405782	-3.395	5.764	5.148	-3.312	-0.440	1.220	0.000000	0.000000
1582081405804	1582081405803	-1.711	4.595	4.959	-3.718	-0.589	0.946	0.000000	0.000000
1582081405818	1582081405818	-0.765	2.842	5.000	-3.213	-0.309	0.899	0.000000	0.000000
1582081405839	1582081405837	-1.493	2.374	5.606	-2.096	0.041	0.756	0.000000	0.000000
1582081405859	1582081405859	-2.066	3.184	6.478	-1.213	0.090	0.662	0.000000	0.000000
1582081405882	1582081405882	-1.733	3.282	6.581	-1.103	0.233	0.491	0.000000	0.000000
1582081405901	1582081405901	-1.124	3.177	6.588	-1.270	0.371	0.430	0.000000	0.000000
1582081405917	1582081405917	-2.018	2.578	7.144	-1.155	0.541	0.500	0.000000	0.000000
1582081405938	1582081405937	-1.908	2.077	8.219	-1.185	0.475	0.393	0.000000	0.000000
1582081405965	1582081405958	-1.409	1.579	7.889	-1.528	0.398	0.267	0.000000	0.000000
1582081405977	1582081405976	-1.579	1.414	7.604	-1.839	0.439	0.096	0.000000	0.000000
1582081406001	1582081405998	-1.718	1.771	7.798	-1.870	0.318	-0.018	0.000000	0.000000
1582081406025	1582081406018	-2.030	1.859	7.491	-1.899	0.140	-0.134	0.000000	0.000000
1582081406037	1582081406037	-1.587	1.419	7.031	-1.896	0.033	-0.144	0.000000	0.000000
1582081406058	1582081406056	-1.148	1.191	7.429	-1.798	0.036	-0.111	0.000000	0.000000
1582081406080	1582081406080	-1.187	0.257	7.841	-1.836	0.039	0.027	0.000000	0.000000
1582081406097	1582081406096	-1.678	-0.512	7.800	-2.030	0.116	0.119	0.000000	0.000000
1582081406117	1582081406116	-1.455	0.075	8.159	-1.892	0.287	0.082	0.000000	0.000000
1582081406137	1582081406136	-1.891	0.417	8.519	-1.565	0.267	0.262	0.000000	0.000000
1582081406156	1582081406156	-2.214	-0.280	8.634	-1.831	0.287	0.378	0.000000	0.000000
1582081406177	1582081406177	-2.504	-1.152	8.387	-2.373	0.355	0.392	0.000000	0.000000
1582081406203	1582081406197	-2.940	-2.127	7.946	-2.361	0.244	0.482	0.000000	0.000000
1582081406218	1582081406217	-2.506	-2.577	7.652	-2.178	0.306	0.487	0.000000	0.000000
1582081406237	1582081406235	-2.425	-2.608	7.908	-2.226	0.482	0.493	0.000000	0.000000
1582081406257	1582081406255	-2.389	-2.635	7.752	-2.268	0.464	0.653	0.000000	0.000000
1582081406280	1582081406275	-2.387	-3.622	7.486	-2.087	0.417	0.759	0.000000	0.000000
1582081406302	1582081406301	-2.085	-4.522	6.648	-1.652	0.442	0.822	0.000000	0.000000
1582081406316	1582081406316	-1.747	-4.386	6.907	-0.855	0.691	0.859	0.000000	0.000000
1582081406337	1582081406337	-2.715	-3.981	7.779	-0.802	0.993	0.928	0.000000	0.000000
1582081406356	1582081406355	-4.200	-3.808	7.767	-1.669	1.056	0.930	0.000000	0.000000
1582081406376	1582081406376	-4.586	-3.562	6.229	-2.506	0.830	0.811	0.000000	0.000000
1582081406396	1582081406396	-4.550	-4.561	5.299	-2.458	0.592	0.753	0.000000	0.000000
1582081406425	1582081406415	-4.394	-6.434	5.093	-2.181	0.562	0.751	0.000000	0.000000
1582081406439	1582081406435	-3.944	-8.429	4.978	-1.963	0.636	0.715	0.000000	0.000000
1582081406457	1582081406455	-4.344	-9.526	5.381	-1.755	1.012	0.604	0.000000	0.000000
1582081406475	1582081406474	-5.230	-9.119	5.388	-1.531	1.282	0.460	0.000000	0.000000
1582081406495	1582081406494	-6.291	-8.604	5.680	-1.341	1.354	0.302	0.000000	0.000000
1582081406517	1582081406514	-6.576	-8.185	5.711	-1.722	1.155	-0.124	0.000000	0.000000
1582081406536	1582081406536	-5.944	-7.919	4.643	-2.777	0.888	-0.778	0.000000	0.000000
1582081406556	1582081406554	-6.255	-8.137	2.355	-3.905	0.739	-1.542	0.000000	0.000000
1582081406576	1582081406575	-7.472	-9.440	-0.781	-6.419	1.270	-2.212	0.000000	0.000000
1582081406597	1582081406595	-9.583	-10.978	-6.894	-10.613	1.815	-3.677	0.000000	0.000000
1582081406616	1582081406616	-12.776	-16.591	-18.986	-14.345	1.091	-4.755	0.000000	0.000000
1582081406638	1582081406634	-14.458	-29.189	-21.411	-12.318	-0.140	-3.666	0.000000	0.000000
1582081406655	1582081406655	-9.540	-20.079	-20.512	-7.423	1.506	-2.362	0.000000	0.000000
1582081406675	1582081406674	-16.245	-0.045	-23.207	-3.801	5.768	-0.539	0.000000	0.000000
1582081406700	1582081406700	-20.288	1.129	-13.525	-3.154	7.168	-0.101	0.000000	0.000000
1582081406715	1582081406713	-19.395	-15.889	-3.408	1.995	7.251	2.308	0.000000	0.000000
1582081406737	1582081406737	-22.938	-6.213	-1.981	2.768	5.696	4.990	0.000000	0.000000
1582081406756	1582081406754	-14.271	-6.884	0.439	2.253	3.804	4.247	0.000000	0.000000
1582081406774	1582081406774	-5.676	8.639	3.862	0.280	2.195	4.769	0.000000	0.000000
1582081406794	1582081406794	-7.535	9.211	7.805	0.876	-0.188	7.757	0.000000	0.000000
1582081406817	1582081406816	-20.573	-12.547	6.566	2.069	0.235	10.693	0.000000	0.000000
1582081406838	1582081406837	-22.859	-15.570	-5.900	-1.751	2.019	9.308	0.000000	0.000000
1582081406854	1582081406854	-17.296	-23.804	-9.320	-2.981	2.137	7.755	0.000000	0.000000
1582081406873	1582081406873	-11.638	-21.662	-12.183	-2.706	3.137	7.935	0.000000	0.000000
1582081406895	1582081406893	-19.301	-13.251	-10.501	-5.299	4.114	7.004	0.000000	0.000000
1582081406913	1582081406913	-16.621	-12.255	-13.113	-5.740	4.168	5.882	0.000000	0.000000
1582081406938	1582081406938	-21.223	-10.875	-13.786	-4.103	4.128	5.817	0.000000	0.000000
1582081406960	1582081406953	-20.597	-13.747	-12.221	-4.032	3.466	5.005	0.000000	0.000000
1582081406972	1582081406972	-16.709	-12.926	-11.033	-4.111	2.983	4.560	0.000000	0.000000
1582081406993	1582081406993	-16.192	-5.217	-9.721	-4.721	2.660	4.087	0.000000	0.000000
1582081407017	1582081407017	-11.588	-5.442	-10.803	-4.852	2.458	2.894	0.000000	0.000000
1582081407036	1582081407036	-14.113	-5.291	-8.410	-4.425	2.780	2.770	0.000000	0.000000
1582081407056	1582081407053	-13.811	-8.441	-7.584	-3.447	2.072	2.313	0.000000	0.000000
1582081407073	1582081407073	-8.950	-4.386	-6.307	-3.857	1.484	1.521	0.000000	0.000000
1582081407093	1582081407092	-10.402	2.432	-5.543	-4.924	1.034	0.528	0.000000	0.000000
1582081407112	1582081407112	-7.211	9.868	-6.930	-4.289	-0.657	-0.488	0.000000	0.000000
1582081407134	1582081407132	-5.180	0.963	-6.798	-2.289	-0.916	-0.263	0.000000	0.000000
1582081407158	1582081407158	-7.717	-1.700	-4.556	-1.930	-0.221	0.041	0.000000	0.000000
1582081407172	1582081407172	-10.148	3.292	-4.194	-1.645	-0.427	0.305	0.000000	0.000000
1582081407192	1582081407192	-9.056	3.778	-3.334	-0.840	-1.458	0.135	0.000000	0.000000
1582081407212	1582081407212	-7.008	5.062	-3.852	-1.054	-1.582	-0.106	0.000000	0.000000
1582081407237	1582081407237	-9.204	7.994	-4.297	-0.998	-1.535	0.013	0.000000	0.000000
1582081407253	1582081407252	-11.370	5.898	-3.801	-1.022	-1.920	-0.172	0.000000	0.000000
1582081407272	1582081407272	-10.845	2.051	-1.614	-1.186	-2.893	-0.601	0.000000	0.000000
1582081407292	1582081407291	-8.335	2.269	-0.692	-2.106	-4.116	0.144	0.000000	0.000000
1582081407313	1582081407311	-10.788	8.940	1.016	-1.544	-4.156	1.509	0.000000	0.000000
1582081407332	1582081407332	-11.334	8.346	1.246	-0.877	-4.269	0.254	0.000000	0.000000
1582081407356	1582081407351	-9.909	2.276	0.487	-1.869	-4.140	-0.463	0.000000	0.000000
1582081407373	1582081407373	-13.933	0.293	0.163	-1.588	-3.701	0.213	0.000000	0.000000
1582081407391	1582081407391	-17.148	-1.734	-2.359	0.146	-4.810	0.259	0.000000	0.000000
1582081407412	1582081407411	-17.500	-4.108	-4.446	1.984	-7.292	0.143	0.000000	0.000000
1582081407437	1582081407435	-15.148	-4.177	-6.355	3.042	-9.389	0.132	0.000000	0.000000
1582081407452	1582081407449	-13.947	-4.867	-8.403	4.678	-10.684	-0.024	0.000000	0.000000
1582081407469	1582081407469	-13.861	-8.295	-10.260	6.999	-11.872	-0.228	0.000000	0.000000
1582081407492	1582081407491	-10.306	-8.190	-10.913	8.785	-12.368	-0.249	0.000000	0.000000
1582081407510	1582081407509	-7.848	-4.369	-10.597	9.176	-10.787	-0.588	0.000000	0.000000
1582081407530	1582081407530	-7.690	-5.351	-11.067	9.483	-8.837	-0.909	0.000000	0.000000
1582081407551	1582081407551	-6.665	-7.303	-12.619	9.300	-7.484	-0.659	0.000000	0.000000
1582081407573	1582081407573	-5.927	-4.527	-13.973	8.649	-6.276	-0.182	0.000000	0.000000
1582081407591	1582081407589	-4.392	-1.396	-17.147	7.951	-5.389	-0.021	0.000000	0.000000
1582081407610	1582081407609	-1.915	-3.162	-19.329	7.696	-4.169	0.208	0.000000	0.000000
1582081407629	1582081407629	-1.505	0.357	-18.330	4.678	-3.249	0.781	0.000000	0.000000
1582081407651	1582081407651	-3.168	3.936	-12.552	1.552	-3.529	0.367	0.000000	0.000000
1582081407670	1582081407670	-2.231	1.857	-8.314	-0.318	-4.302	-0.552	0.000000	0.000000
1582081407693	1582081407691	-3.707	1.316	-3.308	-1.746	-3.726	-0.596	0.000000	0.000000
1582081407715	1582081407713	-14.223	3.091	0.587	-2.068	-4.122	-0.229	0.000000	0.000000
1582081407729	1582081407727	-9.628	5.532	1.958	-2.361	-5.920	-0.398	0.000000	0.000000
1582081407750	1582081407749	-11.173	4.375	5.769	-2.012	-6.050	0.528	0.000000	0.000000
1582081407772	1582081407769	-12.536	4.406	6.804	-1.498	-4.942	0.963	0.000000	0.000000
1582081407792	1582081407792	-14.460	5.426	6.511	-1.079	-4.245	1.194	0.000000	0.000000
1582081407810	1582081407808	-14.637	7.702	9.434	-0.942	-4.441	0.996	0.000000	0.000000
1582081407830	1582081407828	-11.494	13.945	9.683	-1.117	-4.122	0.980	0.000000	0.000000
1582081407854	1582081407848	-15.564	13.291	7.225	-2.027	-2.876	1.679	0.000000	0.000000
1582081407870	1582081407870	-13.945	9.695	8.641	-2.114	-2.864	1.774	0.000000	0.000000
1582081407889	1582081407889	-9.346	7.767	10.157	-1.705	-3.191	1.999	0.000000	0.000000
1582081407909	1582081407909	-9.108	8.622	10.275	-2.367	-2.897	2.212	0.000000	0.000000
1582081407928	1582081407928	-7.036	9.511	8.021	-2.625	-2.707	2.154	0.000000	0.000000
1582081407949	1582081407948	-5.350	5.297	5.553	-2.074	-2.823	2.381	0.000000	0.000000
1582081407970	1582081407969	-4.859	3.110	6.075	-1.245	-2.072	2.502	0.000000	0.000000
1582081407994	1582081407990	-5.901	2.633	7.726	-0.470	-1.649	2.506	0.000000	0.000000
1582081408008	1582081408008	-4.004	3.414	7.374	-0.740	-1.460	2.020	0.000000	0.000000
1582081408028	1582081408028	-2.425	5.697	7.724	-1.464	-1.351	1.654	0.000000	0.000000
1582081408049	1582081408047	-1.979	5.244	7.585	-1.741	-1.152	1.672	0.000000	0.000000
1582081408070	1582081408070	-3.053	3.016	8.085	-1.578	-0.915	1.914	0.000000	0.000000
1582081408093	1582081408088	-2.435	3.021	6.844	-1.992	-0.771	1.725	0.000000	0.000000
1582081408109	1582081408109	-1.661	3.704	5.989	-2.130	-0.679	1.508	0.000000	0.000000
1582081408128	1582081408127	-1.924	1.828	6.665	-2.401	-0.274	1.543	0.000000	0.000000
1582081408147	1582081408147	-3.122	1.507	7.735	-2.664	0.315	1.198	0.000000	0.000000
1582081408169	1582081408169	-3.460	2.861	7.795	-1.581	0.264	0.881	0.000000	0.000000
1582081408192	1582081408192	-2.734	3.687	7.386	-0.480	-0.106	0.767	0.000000	0.000000
1582081408208	1582081408208	-1.651	4.353	6.610	-1.147	-0.173	0.572	0.000000	0.000000
1582081408228	1582081408227	-1.472	5.309	6.109	-2.087	0.002	0.545	0.000000	0.000000
1582081408248	1582081408248	-1.905	4.981	5.165	-2.415	-0.368	0.697	0.000000	0.000000
1582081408268	1582081408267	-1.182	3.242	4.878	-2.754	-0.865	0.535	0.000000	0.000000
1582081408287	1582081408287	-0.257	1.304	5.110	-2.874	-0.991	0.401	0.000000	0.000000
1582081408313	1582081408313	-0.042	-0.785	5.984	-2.499	-0.417	0.532	0.000000	0.000000
1582081408327	1582081408326	-0.559	-2.266	7.628	-2.186	0.209	0.775	0.000000	0.000000
1582081408347	1582081408346	-1.642	-1.834	8.543	-1.964	0.597	0.777	0.000000	0.000000
1582081408366	1582081408366	-2.116	-0.759	8.780	-1.859	0.488	0.609	0.000000	0.000000
1582081408392	1582081408392	-1.438	-0.337	8.260	-1.885	0.130	0.463	0.000000	0.000000
1582081408407	1582081408406	-1.160	-0.989	8.670	-1.815	-0.107	0.519	0.000000	0.000000
1582081408425	1582081408424	-1.419	-2.469	9.096	-2.202	0.061	0.604	0.000000	0.000000
1582081408446	1582081408445	-1.800	-2.908	8.337	-2.641	0.025	0.658	0.000000	0.000000
1582081408467	1582081408465	-1.357	-2.412	8.833	-2.417	-0.254	0.624	0.000000	0.000000
1582081408487	1582081408487	-0.717	-3.861	8.449	-2.175	-0.197	0.785	0.000000	0.000000
1582081408509	1582081408506	-1.084	-4.647	7.050	-2.315	0.373	0.841	0.000000	0.000000
1582081408529	1582081408527	-2.497	-4.273	7.276	-1.558	0.328	1.086	0.000000	0.000000
1582081408547	1582081408545	-1.884	-5.171	7.070	-1.480	0.091	0.941	0.000000	0.000000
1582081408566	1582081408566	-1.251	-5.555	6.473	-1.883	0.087	0.713	0.000000	0.000000
1582081408589	1582081408589	-1.062	-4.275	6.519	-1.870	0.147	0.562	0.000000	0.000000
1582081408613	1582081408613	-1.086	-4.259	5.817	-1.433	0.035	0.635	0.000000	0.000000
1582081408630	1582081408630	-0.645	-4.565	5.798	-1.594	0.073	0.670	0.000000	0.000000
1582081408646	1582081408646	-1.991	-5.615	5.230	-2.141	0.283	0.853	0.000000	0.000000
1582081408666	1582081408665	-3.029	-5.914	4.748	-2.282	0.319	0.833	0.000000	0.000000
1582081408685	1582081408685	-3.216	-7.097	4.753	-2.608	0.216	0.671	0.000000	0.000000
1582081408709	1582081408709	-3.033	-9.045	4.339	-2.666	0.212	0.628	0.000000	0.000000
1582081408729	1582081408728	-3.163	-8.899	3.704	-2.326	0.434	0.628	0.000000	0.000000
1582081408744	1582081408744	-3.812	-8.168	4.073	-1.839	0.643	0.712	0.000000	0.000000
1582081408765	1582081408764	-4.147	-8.882	3.907	-1.447	0.618	0.725	0.000000	0.000000
1582081408785	1582081408785	-3.534	-10.662	3.843	-1.417	0.658	0.467	0.000000	0.000000
1582081408806	1582081408805	-3.800	-11.637	3.891	-1.997	0.945	0.115	0.000000	0.000000
1582081408825	1582081408825	-5.333	-12.183	2.135	-3.033	1.006	-0.517	0.000000	0.000000
1582081408847	1582081408845	-6.852	-12.684	-1.727	-5.033	1.332	-1.659	0.000000	0.000000
1582081408866	1582081408864	-8.040	-13.843	-7.732	-8.184	1.680	-3.018	0.000000	0.000000
1582081408884	1582081408884	-9.497	-16.766	-16.330	-11.808	1.000	-3.694	0.000000	0.000000
1582081408905	1582081408906	-11.593	-23.760	-15.645	-11.177	0.563	-2.752	0.000000	0.000000
1582081408925	1582081408925	-10.474	-18.478	-16.037	-8.292	2.294	-1.792	0.000000	0.000000
1582081408948	1582081408945	-17.284	-7.507	-23.138	-6.208	5.057	-0.688	0.000000	0.000000
1582081408966	1582081408964	-20.485	-11.783	-15.999	-2.682	6.177	0.667	0.000000	0.000000
1582081408987	1582081408984	-19.347	-10.607	-4.491	1.897	6.980	3.464	0.000000	0.000000
1582081409009	1582081409009	-21.335	-5.485	-0.182	3.934	6.793	3.903	0.000000	0.000000
1582081409026	1582081409026	-13.746	-8.413	1.574	2.542	4.881	3.382	0.000000	0.000000
1582081409045	1582081409045	-8.141	4.952	2.662	1.463	2.858	4.379	0.000000	0.000000
1582081409066	1582081409065	-1.246	12.086	7.618	0.269	0.588	6.063	0.000000	0.000000
1582081409085	1582081409085	-18.238	-1.339	6.566	1.523	0.127	10.223	0.000000	0.000000
1582081409105	1582081409105	-21.670	-23.693	0.609	0.622	0.791	10.196	0.000000	0.000000
1582081409127	1582081409124	-15.485	-25.622	-5.667	-3.325	2.082	8.833	0.000000	0.000000
1582081409148	1582081409144	-17.495	-19.269	-11.797	-4.518	2.966	8.253	0.000000	0.000000
1582081409165	1582081409165	-16.530	-19.607	-10.676	-4.229	3.591	7.252	0.000000	0.000000
1582081409185	1582081409184	-20.236	-15.767	-9.275	-4.790	3.889	7.242	0.000000	0.000000
1582081409204	1582081409204	-18.511	-16.059	-9.802	-4.519	4.051	6.801	0.000000	0.000000
1582081409224	1582081409224	-19.067	-9.629	-11.690	-4.437	4.326	5.870	0.000000	0.000000
1582081409246	1582081409246	-20.097	-8.554	-8.262	-4.774	3.612	5.013	0.000000	0.000000
1582081409269	1582081409263	-19.412	-10.087	-9.447	-4.936	3.409	4.255	0.000000	0.000000
1582081409285	1582081409284	-15.916	-5.739	-9.249	-4.907	2.657	3.694	0.000000	0.000000
1582081409304	1582081409304	-13.210	-7.208	-7.486	-4.160	1.962	3.227	0.000000	0.000000
1582081409325	1582081409325	-12.227	-0.050	-6.173	-3.783	1.330	3.441	0.000000	0.000000
1582081409349	1582081409348	-12.318	-1.480	-5.916	-2.634	1.175	2.914	0.000000	0.000000
1582081409364	1582081409364	-11.708	-3.777	-4.942	-2.163	1.690	1.748	0.000000	0.000000
1582081409383	1582081409383	-8.759	-0.785	-5.296	-2.748	1.180	1.302	0.000000	0.000000
1582081409403	1582081409403	-7.968	5.891	-4.132	-1.852	0.278	1.720	0.000000	0.000000
1582081409422	1582081409423	-5.268	2.897	-2.766	-0.851	-0.153	1.505	0.000000	0.000000
1582081409444	1582081409444	-5.714	1.464	-3.828	-0.949	0.516	1.376	0.000000	0.000000
1582081409464	1582081409464	-7.295	3.100	-4.740	-1.472	0.614	1.102	0.000000	0.000000
1582081409486	1582081409483	-7.949	3.884	-5.423	-1.129	-0.252	0.800	0.000000	0.000000
1582081409505	1582081409502	-6.761	3.445	-4.240	-0.630	-1.137	0.474	0.000000	0.000000
1582081409535	1582081409537	-6.234	5.105	-3.454	-1.192	-1.453	0.263	0.000000	0.000000
1582081409558	1582081409547	-9.075	8.222	-1.942	-1.619	-1.223	-0.102	0.000000	0.000000
1582081409580	1582081409573	-11.590	4.751	-4.122	-1.594	-2.341	-0.401	0.000000	0.000000
1582081409593	1582081409594	-8.304	3.376	-2.393	-0.926	-4.137	0.158	0.000000	0.000000
1582081409601	1582081409602	-10.452	5.127	-1.219	-0.128	-3.800	0.244	0.000000	0.000000
1582081409622	1582081409621	-11.099	4.844	-4.551	-1.619	-3.236	-0.559	0.000000	0.000000
1582081409643	1582081409640	-11.614	3.004	-4.707	-1.702	-3.531	-0.664	0.000000	0.000000
1582081409666	1582081409661	-11.830	3.555	-2.572	-0.952	-4.379	-0.091	0.000000	0.000000
1582081409685	1582081409684	-11.878	5.393	-1.753	-0.505	-4.724	0.224	0.000000	0.000000
1582081409702	1582081409700	-13.051	4.145	-2.412	-0.243	-4.906	0.136	0.000000	0.000000
1582081409726	1582081409724	-14.053	1.840	-4.014	0.229	-5.585	0.001	0.000000	0.000000
1582081409745	1582081409745	-14.616	-1.310	-5.239	1.961	-6.722	0.129	0.000000	0.000000
1582081409762	1582081409762	-13.732	-2.702	-7.062	3.792	-7.931	0.394	0.000000	0.000000
1582081409782	1582081409780	-11.538	-3.653	-9.515	5.401	-9.069	0.913	0.000000	0.000000
1582081409803	1582081409803	-8.335	-4.477	-10.911	7.483	-9.922	1.065	0.000000	0.000000
1582081409821	1582081409820	-4.897	-3.020	-11.179	8.448	-9.404	1.080	0.000000	0.000000
1582081409841	1582081409841	-4.162	-2.072	-10.051	8.811	-7.924	1.007	0.000000	0.000000
1582081409864	1582081409860	-3.826	-4.170	-9.074	9.056	-6.513	0.969	0.000000	0.000000
1582081409885	1582081409881	-3.747	-6.336	-10.042	8.667	-5.461	1.212	0.000000	0.000000
1582081409900	1582081409900	-3.786	-3.418	-11.635	7.282	-5.130	1.257	0.000000	0.000000
1582081409920	1582081409920	-2.018	0.161	-13.680	5.617	-5.145	1.003	0.000000	0.000000
1582081409941	1582081409939	-1.170	-2.383	-15.175	5.627	-4.147	0.964	0.000000	0.000000
1582081409961	1582081409961	-2.770	-0.742	-14.119	3.881	-3.630	1.287	0.000000	0.000000
1582081409982	1582081409982	-2.820	4.612	-10.942	1.224	-4.150	0.771	0.000000	0.000000
1582081410001	1582081409999	-3.774	3.855	-6.973	-0.510	-4.766	-0.028	0.000000	0.000000
1582081410020	1582081410020	-3.996	0.159	-3.583	-1.505	-5.100	-0.645	0.000000	0.000000
1582081410040	1582081410039	-9.818	1.835	1.565	-2.802	-4.862	-0.400	0.000000	0.000000
1582081410063	1582081410060	-12.881	6.087	4.375	-2.813	-5.632	-0.306	0.000000	0.000000
1582081410082	1582081410082	-8.787	5.949	4.799	-1.704	-6.062	-0.149	0.000000	0.000000
1582081410100	1582081410100	-12.136	3.531	5.225	-1.668	-4.710	0.463	0.000000	0.000000
1582081410120	1582081410119	-13.231	5.160	5.879	-1.114	-4.386	0.773	0.000000	0.000000
1582081410140	1582081410138	-13.375	5.148	7.515	-0.826	-4.366	0.984	0.000000	0.000000
1582081410159	1582081410159	-13.099	8.830	12.033	-0.990	-4.437	0.850	0.000000	0.000000
1582081410180	1582081410180	-11.291	12.804	10.864	-0.595	-3.906	1.285	0.000000	0.000000
1582081410199	1582081410199	-14.268	8.452	9.326	-1.275	-2.515	1.867	0.000000	0.000000
1582081410220	1582081410220	-11.159	8.037	10.905	-0.979	-2.924	2.032	0.000000	0.000000
1582081410239	1582081410239	-8.740	7.376	11.156	-0.687	-3.172	2.321	0.000000	0.000000
1582081410258	1582081410258	-8.026	6.559	7.616	-1.662	-2.932	2.476	0.000000	0.000000
1582081410282	1582081410281	-6.699	5.860	6.229	-1.969	-2.759	2.504	0.000000	0.000000
1582081410302	1582081410298	-6.138	4.413	5.924	-1.973	-2.178	2.376	0.000000	0.000000
1582081410318	1582081410318	-6.246	4.214	6.181	-1.705	-1.910	1.978	0.000000	0.000000
1582081410339	1582081410338	-4.945	4.648	6.772	-1.537	-2.173	1.598	0.000000	0.000000
1582081410359	1582081410357	-2.648	5.057	6.710	-1.838	-1.873	1.289	0.000000	0.000000
1582081410378	1582081410378	-2.401	4.777	6.698	-1.329	-1.220	1.097	0.000000	0.000000
1582081410400	1582081410399	-1.749	4.871	7.285	-0.281	-1.105	1.113	0.000000	0.000000
1582081410419	1582081410419	-1.620	4.827	7.486	-0.363	-0.639	1.192	0.000000	0.000000
1582081410438	1582081410437	-1.932	5.604	7.419	-1.142	-0.422	1.260	0.000000	0.000000
1582081410459	1582081410457	-2.044	5.484	7.779	-2.024	-0.425	1.253	0.000000	0.000000
1582081410480	1582081410480	-2.118	3.318	7.304	-2.094	-0.392	1.241	0.000000	0.000000
1582081410502	1582081410502	-2.138	2.873	6.555	-2.074	-0.269	1.062	0.000000	0.000000
1582081410518	1582081410517	-2.140	2.767	6.404	-2.096	-0.323	1.052	0.000000	0.000000
1582081410537	1582081410537	-1.788	2.015	6.334	-2.024	-0.332	0.995	0.000000	0.000000
1582081410558	1582081410557	-1.172	1.409	6.231	-2.172	-0.286	0.788	0.000000	0.000000
1582081410577	1582081410577	-0.097	1.531	6.051	-2.202	-0.280	0.539	0.000000	0.000000
1582081410599	1582081410598	0.253	1.306	6.162	-2.207	-0.135	0.484	0.000000	0.000000
1582081410645	1582081410642	0.145	1.062	6.574	-2.490	0.147	0.429	0.000000	0.000000
1582081410690	1582081410714	-0.166	0.065	6.634	-2.441	0.223	0.591	0.000000	0.000000
1582081410707	1582081410715	-0.722	-1.317	6.940	-1.919	0.534	0.587	0.000000	0.000000
1582081410726	1582081410716	-1.726	-1.566	7.441	-1.356	0.770	0.449	0.000000	0.000000
1582081410762	1582081410775	-1.972	-0.783	8.174	-1.005	0.628	0.201	0.000000	0.000000
1582081410764	1582081410775	-1.122	-0.570	8.404	-1.408	0.312	0.141	0.000000	0.000000
1582081410765	1582081410778	-0.818	-0.455	8.476	-1.492	0.202	0.298	0.000000	0.000000
1582081410819	1582081410819	-0.791	-0.622	8.636	-1.508	0.364	0.466	0.000000	0.000000
1582081410822	1582081410819	-1.242	-1.305	9.225	-1.554	0.577	0.488	0.000000	0.000000
1582081410822	1582081410819	-1.785	-2.273	9.748	-1.327	0.557	0.543	0.000000	0.000000
1582081410828	1582081410827	-2.250	-2.591	9.206	-1.367	0.441	0.519	0.000000	0.000000
1582081410840	1582081410838	-2.166	-1.775	8.459	-1.648	0.263	0.477	0.000000	0.000000
1582081410857	1582081410855	-1.797	-1.660	8.210	-1.802	0.184	0.559	0.000000	0.000000
1582081410876	1582081410876	-2.032	-2.206	8.212	-1.951	0.266	0.693	0.000000	0.000000
1582081410900	1582081410900	-2.425	-3.001	7.477	-2.289	0.199	0.714	0.000000	0.000000
1582081410919	1582081410919	-2.195	-3.439	7.335	-2.226	0.175	0.580	0.000000	0.000000
1582081410937	1582081410936	-2.116	-3.365	7.628	-2.041	0.184	0.658	0.000000	0.000000
1582081410958	1582081410958	-1.958	-3.914	7.812	-1.777	0.215	0.784	0.000000	0.000000
1582081410975	1582081410975	-2.114	-4.937	7.343	-1.531	0.267	0.856	0.000000	0.000000
1582081410995	1582081410994	-2.641	-5.727	6.990	-1.612	0.240	0.798	0.000000	0.000000
1582081411021	1582081411014	-2.523	-6.134	6.356	-1.920	0.058	0.557	0.000000	0.000000
1582081411038	1582081411037	-2.157	-6.130	5.601	-1.978	0.127	0.361	0.000000	0.000000
1582081411054	1582081411054	-2.952	-5.775	4.763	-2.162	0.337	0.291	0.000000	0.000000
1582081411075	1582081411074	-3.280	-6.034	4.137	-2.179	0.389	0.118	0.000000	0.000000
1582081411095	1582081411094	-3.446	-7.378	4.691	-1.779	0.523	0.212	0.000000	0.000000
1582081411116	1582081411116	-3.961	-8.590	5.484	-1.454	0.715	0.298	0.000000	0.000000
1582081411137	1582081411134	-4.684	-9.122	5.280	-1.219	0.663	0.274	0.000000	0.000000
1582081411157	1582081411157	-3.937	-8.623	4.767	-1.198	0.478	0.066	0.000000	0.000000
1582081411174	1582081411174	-3.331	-8.944	5.065	-1.328	0.577	-0.171	0.000000	0.000000
1582081411196	1582081411193	-4.274	-10.636	4.981	-2.017	0.859	-0.463	0.000000	0.000000
1582081411217	1582081411215	-6.440	-12.538	2.849	-3.577	1.172	-1.126	0.000000	0.000000
1582081411237	1582081411236	-8.502	-14.967	-1.367	-5.812	1.458	-2.629	0.000000	0.000000
1582081411256	1582081411256	-10.440	-21.190	-8.731	-9.859	1.138	-4.146	0.000000	0.000000
1582081411274	1582081411274	-13.281	-26.522	-14.205	-14.267	0.004	-4.541	0.000000	0.000000
1582081411294	1582081411294	-11.902	-26.484	-12.413	-13.078	0.553	-4.103	0.000000	0.000000
1582081411314	1582081411314	-9.863	-21.183	-13.019	-7.872	3.552	-4.051	0.000000	0.000000
1582081411335	1582081411334	-13.923	-6.549	-16.541	-6.392	5.904	-2.055	0.000000	0.000000
1582081411359	1582081411358	-12.908	-0.347	-13.122	-2.528	6.445	0.496	0.000000	0.000000
1582081411373	1582081411373	-13.303	-2.445	-4.046	1.632	6.336	2.402	0.000000	0.000000
1582081411393	1582081411393	-12.831	5.635	2.063	1.985	5.032	4.078	0.000000	0.000000
1582081411413	1582081411413	-8.893	10.646	2.956	1.617	2.982	5.805	0.000000	0.000000
1582081411441	1582081411437	-10.376	9.925	8.636	2.219	0.111	8.760	0.000000	0.000000
1582081411453	1582081411453	-22.219	-11.462	5.402	1.231	0.110	10.774	0.000000	0.000000
1582081411474	1582081411473	-21.654	-22.448	-4.613	-0.346	1.045	10.285	0.000000	0.000000
1582081411494	1582081411492	-13.758	-25.159	-10.171	-2.849	2.147	8.732	0.000000	0.000000
1582081411514	1582081411512	-16.661	-18.689	-14.052	-4.705	3.372	7.504	0.000000	0.000000
1582081411533	1582081411533	-17.476	-20.409	-12.674	-4.948	3.158	6.860	0.000000	0.000000
1582081411555	1582081411552	-17.981	-18.869	-12.185	-5.332	3.446	6.839	0.000000	0.000000
1582081411576	1582081411573	-16.048	-13.352	-13.223	-5.536	3.707	6.242	0.000000	0.000000
1582081411593	1582081411593	-18.640	-15.381	-13.496	-4.671	4.347	5.366	0.000000	0.000000
1582081411615	1582081411612	-19.716	-11.036	-12.214	-3.900	3.673	5.189	0.000000	0.000000
1582081411635	1582081411633	-18.645	-13.925	-10.123	-3.981	3.049	4.857	0.000000	0.000000
1582081411652	1582081411652	-17.217	-7.778	-7.277	-5.527	2.959	4.380	0.000000	0.000000
1582081411673	1582081411672	-16.257	-5.557	-7.969	-4.637	2.445	3.705	0.000000	0.000000
1582081411694	1582081411692	-11.885	-4.113	-5.492	-4.521	1.597	2.855	0.000000	0.000000
1582081411712	1582081411711	-9.137	-0.553	-8.928	-4.250	2.006	2.346	0.000000	0.000000
1582081411741	1582081411739	-10.610	-3.310	-7.141	-3.655	1.894	1.942	0.000000	0.000000
1582081411756	1582081411755	-8.711	-1.499	-7.802	-3.171	1.208	1.390	0.000000	0.000000
1582081411772	1582081411770	-6.428	-1.506	-7.917	-3.063	0.442	0.925	0.000000	0.000000
1582081411792	1582081411792	-5.436	4.353	-5.763	-2.292	0.136	0.499	0.000000	0.000000
1582081411812	1582081411811	-5.659	3.220	-6.288	-1.964	-0.147	0.407	0.000000	0.000000
1582081411831	1582081411830	-5.554	1.488	-4.980	-1.578	-0.033	0.344	0.000000	0.000000
1582081411858	1582081411851	-7.705	3.984	-4.527	-1.372	-0.469	0.583	0.000000	0.000000
1582081411873	1582081411871	-4.741	5.582	-5.148	-1.645	-1.375	0.371	0.000000	0.000000
1582081411890	1582081411889	-6.411	7.616	-4.738	-1.697	-1.368	0.065	0.000000	0.000000
1582081411910	1582081411909	-7.353	5.318	-2.093	-1.723	-1.597	-0.270	0.000000	0.000000
1582081411932	1582081411930	-7.817	4.641	-2.108	-2.087	-1.817	-0.111	0.000000	0.000000
1582081411953	1582081411953	-9.947	3.948	-2.005	-1.595	-2.379	-0.353	0.000000	0.000000
1582081411975	1582081411975	-8.754	2.947	-1.051	-1.881	-3.496	-0.522	0.000000	0.000000
1582081411996	1582081411990	-10.773	7.582	0.348	-1.624	-3.626	0.031	0.000000	0.000000
1582081412011	1582081412010	-12.862	7.158	0.789	-1.532	-3.695	-0.521	0.000000	0.000000
1582081412031	1582081412030	-11.605	3.932	0.585	-1.703	-4.065	-0.989	0.000000	0.000000
1582081412054	1582081412049	-14.077	2.679	-0.040	-1.520	-4.158	-0.761	0.000000	0.000000
1582081412071	1582081412071	-16.537	1.685	-2.821	-0.619	-4.848	-0.680	0.000000	0.000000
1582081412092	1582081412090	-17.787	0.444	-5.136	1.017	-6.463	-0.805	0.000000	0.000000
1582081412115	1582081412112	-18.223	-1.257	-6.791	2.257	-8.231	-0.907	0.000000	0.000000
1582081412131	1582081412129	-17.239	-3.820	-8.906	3.818	-9.732	-0.900	0.000000	0.000000
1582081412150	1582081412149	-15.057	-5.032	-11.100	5.868	-11.052	-0.746	0.000000	0.000000
1582081412175	1582081412175	-11.700	-3.904	-12.466	7.716	-11.592	-0.475	0.000000	0.000000
1582081412194	1582081412190	-9.271	-4.611	-11.563	9.197	-10.633	-0.264	0.000000	0.000000
1582081412210	1582081412209	-6.953	-5.780	-11.769	10.004	-8.623	-0.059	0.000000	0.000000
1582081412230	1582081412229	-5.475	-6.007	-14.629	9.888	-6.661	0.469	0.000000	0.000000
1582081412250	1582081412249	-4.476	-3.823	-15.946	9.213	-5.959	0.545	0.000000	0.000000
1582081412270	1582081412270	-3.263	-0.447	-13.474	8.152	-6.089	0.211	0.000000	0.000000
1582081412291	1582081412289	-1.747	0.429	-12.859	6.632	-5.939	0.003	0.000000	0.000000
1582081412314	1582081412309	-0.755	-3.049	-15.187	5.798	-4.476	0.144	0.000000	0.000000
1582081412330	1582081412328	-2.099	-0.855	-16.567	3.534	-3.223	0.751	0.000000	0.000000
1582081412349	1582081412349	-3.199	4.990	-13.891	0.855	-3.480	0.486	0.000000	0.000000
1582081412370	1582081412369	-4.809	7.338	-8.980	-1.445	-4.445	-0.247	0.000000	0.000000
1582081412398	1582081412394	-3.299	6.042	-4.570	-3.390	-4.636	-0.956	0.000000	0.000000
1582081412419	1582081412410	-12.630	1.455	1.795	-3.037	-3.980	-0.304	0.000000	0.000000
1582081412428	1582081412428	-11.044	2.446	5.457	-1.168	-4.739	-0.066	0.000000	0.000000
1582081412449	1582081412448	-8.610	4.121	6.305	-1.167	-4.318	0.449	0.000000	0.000000
1582081412473	1582081412468	-12.584	5.321	5.867	-1.315	-2.925	1.042	0.000000	0.000000
1582081412489	1582081412488	-15.406	6.114	3.445	-1.570	-3.088	1.124	0.000000	0.000000
1582081412509	1582081412509	-15.061	7.244	3.522	-1.159	-4.109	1.036	0.000000	0.000000
1582081412529	1582081412527	-13.207	5.136	8.878	-1.214	-4.556	1.057	0.000000	0.000000
1582081412548	1582081412548	-9.640	9.697	9.736	-1.626	-4.208	1.207	0.000000	0.000000
1582081412569	1582081412569	-11.411	11.192	7.407	-2.423	-2.416	1.501	0.000000	0.000000
1582081412593	1582081412593	-13.339	7.276	7.640	-2.799	-1.902	1.681	0.000000	0.000000
1582081412616	1582081412611	-8.553	4.842	9.070	-1.224	-2.550	1.799	0.000000	0.000000
1582081412629	1582081412627	-8.747	5.927	9.288	-0.918	-2.475	1.889	0.000000	0.000000
1582081412647	1582081412647	-8.023	8.061	7.793	-1.300	-2.054	1.707	0.000000	0.000000
1582081412670	1582081412667	-5.817	6.648	7.127	-1.837	-2.095	1.521	0.000000	0.000000
1582081412688	1582081412687	-4.262	5.848	5.683	-2.409	-2.101	1.566	0.000000	0.000000
1582081412713	1582081412707	-4.734	5.036	7.460	-1.639	-1.818	1.589	0.000000	0.000000
1582081412730	1582081412727	-4.430	4.039	7.987	-0.882	-1.533	1.621	0.000000	0.000000
1582081412747	1582081412747	-2.502	5.192	6.672	-1.299	-1.202	1.188	0.000000	0.000000
1582081412767	1582081412767	-1.608	5.941	6.557	-1.228	-1.004	1.047	0.000000	0.000000
1582081412789	1582081412788	-1.534	4.983	7.218	-0.888	-0.496	1.287	0.000000	0.000000
1582081412806	1582081412805	-2.545	3.127	7.316	-1.114	-0.096	1.523	0.000000	0.000000
1582081412826	1582081412825	-4.037	2.413	6.969	-1.494	0.046	1.626	0.000000	0.000000
1582081412847	1582081412846	-3.879	2.616	7.714	-1.352	0.019	1.341	0.000000	0.000000
1582081412866	1582081412866	-2.784	3.452	7.625	-1.273	-0.064	0.944	0.000000	0.000000
1582081412886	1582081412885	-2.490	3.601	6.974	-1.383	0.036	0.639	0.000000	0.000000
1582081412906	1582081412905	-2.097	4.205	6.301	-1.546	-0.089	0.322	0.000000	0.000000
1582081412926	1582081412925	-1.680	4.887	5.939	-1.560	-0.298	0.240	0.000000	0.000000
1582081412945	1582081412944	-1.692	4.418	6.902	-1.422	-0.371	0.332	0.000000	0.000000
1582081412966	1582081412964	-1.366	3.016	7.762	-1.350	-0.574	0.310	0.000000	0.000000
1582081412985	1582081412985	-0.499	2.315	7.654	-1.499	-0.589	0.193	0.000000	0.000000
1582081413005	1582081413004	-0.719	2.537	7.079	-1.913	-0.419	0.245	0.000000	0.000000
1582081413025	1582081413024	-1.685	1.653	6.979	-2.345	-0.195	0.247	0.000000	0.000000
1582081413045	1582081413044	-2.375	0.195	7.573	-2.282	-0.122	0.228	0.000000	0.000000
1582081413067	1582081413066	-2.068	-0.297	7.606	-2.186	-0.208	0.053	0.000000	0.000000
1582081413087	1582081413085	-1.421	0.056	7.395	-2.072	-0.230	-0.121	0.000000	0.000000
1582081413107	1582081413105	-1.302	0.798	7.774	-1.968	-0.181	-0.167	0.000000	0.000000
1582081413136	1582081413127	-1.158	0.556	8.241	-2.077	-0.113	-0.199	0.000000	0.000000
1582081413146	1582081413144	-1.184	-0.208	8.071	-2.400	-0.071	-0.175	0.000000	0.000000
1582081413167	1582081413164	-0.770	-0.661	7.429	-2.602	-0.161	-0.025	0.000000	0.000000
1582081413186	1582081413185	-0.384	-0.790	7.695	-2.197	-0.070	0.174	0.000000	0.000000
1582081413206	1582081413205	-2.056	-2.043	8.715	-1.629	0.089	0.539	0.000000	0.000000
1582081413226	1582081413225	-2.032	-2.738	8.500	-1.587	0.049	0.501	0.000000	0.000000
1582081413253	1582081413253	-0.727	-2.335	7.599	-1.566	-0.005	0.347	0.000000	0.000000
1582081413265	1582081413265	-0.600	-2.476	7.697	-1.310	0.240	0.539	0.000000	0.000000
1582081413286	1582081413285	-1.520	-3.078	7.805	-1.435	0.426	0.668	0.000000	0.000000
1582081413309	1582081413308	-1.606	-3.257	7.989	-1.417	0.379	0.574	0.000000	0.000000
1582081413327	1582081413326	-0.717	-3.257	7.985	-1.143	0.157	0.519	0.000000	0.000000
1582081413348	1582081413344	-0.331	-2.738	7.733	-1.296	0.241	0.565	0.000000	0.000000
1582081413365	1582081413365	-1.493	-2.723	7.630	-1.842	0.412	0.748	0.000000	0.000000
1582081413385	1582081413384	-2.291	-4.084	7.038	-2.221	0.359	0.763	0.000000	0.000000
1582081413404	1582081413405	-2.171	-5.754	6.140	-2.270	0.264	0.717	0.000000	0.000000
1582081413427	1582081413427	-2.138	-6.012	6.164	-2.437	0.321	0.659	0.000000	0.000000
1582081413449	1582081413449	-2.818	-6.307	5.879	-2.604	0.423	0.654	0.000000	0.000000
1582081413465	1582081413465	-3.043	-6.767	5.282	-2.578	0.485	0.620	0.000000	0.000000
1582081413485	1582081413484	-3.613	-7.450	5.254	-2.263	0.562	0.606	0.000000	0.000000
1582081413505	1582081413504	-3.831	-7.423	4.942	-2.020	0.597	0.539	0.000000	0.000000
1582081413537	1582081413527	-4.152	-7.519	5.431	-1.769	0.605	0.463	0.000000	0.000000
1582081413550	1582081413550	-3.956	-8.115	5.553	-1.844	0.478	0.308	0.000000	0.000000
1582081413566	1582081413564	-3.568	-9.323	4.566	-2.187	0.294	0.134	0.000000	0.000000
1582081413585	1582081413583	-4.090	-10.164	3.174	-2.668	0.421	-0.127	0.000000	0.000000
1582081413605	1582081413603	-6.227	-10.461	2.001	-3.066	0.846	-0.379	0.000000	0.000000
1582081413624	1582081413624	-8.625	-11.412	0.190	-4.016	1.316	-0.959	0.000000	0.000000
