1582081861663	1582081861662	-8.093	9.331	10.102	-3.078	-4.348	2.527	0.000000	0.000000
1582081861681	1582081861679	-5.733	5.553	9.393	-3.340	-4.039	2.364	0.000000	0.000000
1582081861701	1582081861699	-4.140	3.064	8.200	-3.406	-3.781	2.133	0.000000	0.000000
1582081861721	1582081861720	-1.979	2.578	7.213	-2.479	-3.726	2.195	0.000000	0.000000
1582081861741	1582081861741	-2.267	1.004	6.713	-1.891	-2.992	2.640	0.000000	0.000000
1582081861760	1582081861759	-2.485	0.060	5.994	-1.562	-1.585	2.409	0.000000	0.000000
1582081861781	1582081861780	-2.583	1.275	5.740	-0.941	-0.715	1.827	0.000000	0.000000
1582081861802	1582081861800	-2.511	3.505	5.857	-0.932	-0.682	1.433	0.000000	0.000000
1582081861826	1582081861823	-2.138	4.770	5.877	-0.955	-1.244	1.162	0.000000	0.000000
1582081861841	1582081861840	-1.057	4.269	6.442	-0.916	-1.398	1.213	0.000000	0.000000
1582081861865	1582081861859	0.042	1.402	6.586	-1.429	-0.749	1.534	0.000000	0.000000
1582081861880	1582081861879	-0.394	0.053	5.127	-2.141	0.279	1.895	0.000000	0.000000
1582081861900	1582081861898	-2.324	0.139	6.032	-2.392	0.967	1.432	0.000000	0.000000
1582081861919	1582081861918	-2.998	0.235	6.463	-2.737	0.919	0.647	0.000000	0.000000
1582081861939	1582081861939	-1.924	0.288	5.848	-2.656	0.351	0.173	0.000000	0.000000
1582081861959	1582081861958	0.476	1.349	5.271	-2.345	-0.107	-0.298	0.000000	0.000000
1582081861979	1582081861978	1.149	1.272	6.277	-2.721	-0.274	-0.218	0.000000	0.000000
1582081861999	1582081861998	0.847	-1.511	7.604	-2.636	0.012	0.483	0.000000	0.000000
1582081862019	1582081862018	-0.511	-3.243	7.000	-3.076	0.719	0.870	0.000000	0.000000
1582081862039	1582081862038	-1.366	-1.609	7.925	-2.153	0.825	0.731	0.000000	0.000000
1582081862064	1582081862058	-2.303	-2.934	9.810	-0.869	0.676	0.921	0.000000	0.000000
1582081862078	1582081862078	-1.666	-2.309	9.398	-1.187	0.313	0.610	0.000000	0.000000
1582081862099	1582081862098	-1.479	-2.663	8.600	-2.081	-0.007	0.500	0.000000	0.000000
1582081862119	1582081862118	-2.262	-1.669	8.107	-2.367	-0.171	0.407	0.000000	0.000000
1582081862139	1582081862137	-0.537	-1.571	7.232	-2.770	-0.427	0.451	0.000000	0.000000
1582081862159	1582081862157	-0.032	-2.263	6.705	-2.839	-0.119	0.759	0.000000	0.000000
1582081862179	1582081862178	-1.476	-4.069	6.392	-2.319	0.244	1.174	0.000000	0.000000
1582081862198	1582081862197	-2.087	-5.607	6.801	-2.044	0.409	1.265	0.000000	0.000000
1582081862218	1582081862217	-3.460	-6.482	7.048	-2.143	0.126	1.278	0.000000	0.000000
1582081862238	1582081862237	-1.706	-6.760	6.979	-1.175	-0.429	1.230	0.000000	0.000000
1582081862261	1582081862260	-0.731	-7.138	5.769	-0.897	-0.348	1.363	0.000000	0.000000
1582081862280	1582081862279	-1.831	-6.966	5.639	-0.553	0.117	1.396	0.000000	0.000000
1582081862298	1582081862297	-2.253	-6.022	6.459	-0.353	0.411	1.362	0.000000	0.000000
1582081862318	1582081862317	-2.897	-5.658	6.828	-1.160	0.496	1.243	0.000000	0.000000
1582081862341	1582081862341	-2.176	-6.460	6.351	-1.970	0.476	1.082	0.000000	0.000000
1582081862367	1582081862359	-1.623	-7.845	4.983	-2.036	0.523	1.182	0.000000	0.000000
1582081862381	1582081862380	-3.412	-7.830	4.561	-1.427	0.841	1.378	0.000000	0.000000
1582081862397	1582081862396	-5.058	-7.452	5.208	-1.017	0.670	1.203	0.000000	0.000000
1582081862417	1582081862416	-4.284	-7.064	5.366	-1.800	0.065	0.901	0.000000	0.000000
1582081862437	1582081862436	-3.151	-7.914	3.788	-2.567	-0.158	0.978	0.000000	0.000000
1582081862461	1582081862457	-3.199	-9.347	1.874	-2.757	0.448	1.043	0.000000	0.000000
1582081862480	1582081862477	-4.516	-10.164	1.656	-2.801	1.016	0.876	0.000000	0.000000
1582081862498	1582081862497	-6.160	-10.947	1.318	-3.198	1.051	0.550	0.000000	0.000000
1582081862518	1582081862518	-6.049	-13.565	-0.359	-3.865	0.996	0.176	0.000000	0.000000
1582081862539	1582081862537	-6.773	-16.083	-3.111	-4.000	1.117	-0.523	0.000000	0.000000
1582081862559	1582081862557	-10.404	-18.613	-5.138	-4.225	1.487	-1.629	0.000000	0.000000
1582081862582	1582081862581	-16.906	-14.849	-7.155	-7.225	1.883	-2.869	0.000000	0.000000
1582081862597	1582081862597	-16.010	-11.337	-11.292	-10.718	1.670	-3.651	0.000000	0.000000
1582081862618	1582081862616	-9.556	-23.231	-14.023	-10.365	3.088	-4.052	0.000000	0.000000
1582081862639	1582081862639	-7.887	-27.397	-13.977	-11.503	4.557	-3.925	0.000000	0.000000
1582081862659	1582081862659	-7.700	-10.240	-17.609	-8.221	5.242	-1.045	0.000000	0.000000
1582081862680	1582081862676	-9.921	-9.869	-15.736	1.407	6.805	1.602	0.000000	0.000000
1582081862698	1582081862697	-12.271	-9.169	-9.402	2.277	7.378	2.163	0.000000	0.000000
1582081862718	1582081862716	-11.763	-1.389	-2.493	2.027	5.955	2.225	0.000000	0.000000
1582081862737	1582081862736	-8.186	0.123	0.400	1.229	4.659	2.751	0.000000	0.000000
1582081862761	1582081862762	-4.380	5.678	1.716	1.594	2.117	5.343	0.000000	0.000000
1582081862777	1582081862777	-1.491	10.740	6.590	2.138	0.645	8.281	0.000000	0.000000
1582081862804	1582081862797	-16.290	-1.628	6.507	1.657	0.585	11.183	0.000000	0.000000
1582081862817	1582081862816	-21.845	-11.838	4.451	1.337	0.377	10.859	0.000000	0.000000
1582081862837	1582081862836	-15.090	-14.682	-2.541	-1.568	0.599	8.943	0.000000	0.000000
1582081862859	1582081862858	-13.612	-15.412	-8.048	-4.577	1.682	6.973	0.000000	0.000000
1582081862878	1582081862878	-13.667	-14.732	-11.445	-5.071	2.350	6.432	0.000000	0.000000
1582081862897	1582081862896	-16.913	-13.901	-11.105	-4.218	2.585	6.811	0.000000	0.000000
1582081862916	1582081862916	-15.643	-15.213	-12.679	-4.431	2.658	6.220	0.000000	0.000000
1582081862936	1582081862935	-17.780	-11.575	-14.004	-4.523	3.237	5.801	0.000000	0.000000
1582081862956	1582081862956	-16.326	-11.668	-11.857	-4.416	2.844	4.966	0.000000	0.000000
1582081862981	1582081862981	-15.854	-10.022	-13.053	-4.702	3.180	4.085	0.000000	0.000000
1582081862997	1582081862996	-14.654	-5.694	-11.337	-5.302	2.530	3.210	0.000000	0.000000
1582081863015	1582081863015	-13.372	-5.337	-12.346	-5.241	1.922	2.615	0.000000	0.000000
1582081863037	1582081863035	-12.021	-4.709	-11.282	-4.324	1.525	2.315	0.000000	0.000000
1582081863058	1582081863058	-11.928	-2.429	-8.422	-3.939	0.848	2.089	0.000000	0.000000
1582081863078	1582081863075	-8.177	2.607	-6.968	-4.237	0.240	1.652	0.000000	0.000000
1582081863095	1582081863094	-8.047	3.615	-8.681	-4.639	0.564	1.149	0.000000	0.000000
1582081863115	1582081863115	-10.172	4.698	-5.854	-4.354	0.163	0.975	0.000000	0.000000
1582081863135	1582081863134	-8.519	4.238	-7.143	-4.117	-0.798	0.933	0.000000	0.000000
1582081863158	1582081863155	-7.980	1.028	-4.747	-3.254	-0.627	1.225	0.000000	0.000000
1582081863178	1582081863175	-8.689	3.697	-5.605	-3.296	-0.697	1.543	0.000000	0.000000
1582081863196	1582081863195	-8.929	4.729	-4.834	-2.233	-1.260	1.453	0.000000	0.000000
1582081863215	1582081863214	-8.495	4.456	-3.622	-2.261	-2.130	1.193	0.000000	0.000000
1582081863236	1582081863235	-8.186	4.578	-3.253	-2.715	-2.533	0.638	0.000000	0.000000
1582081863254	1582081863254	-8.562	0.187	-0.244	-2.027	-2.430	0.338	0.000000	0.000000
1582081863280	1582081863280	-10.383	1.347	-0.313	-0.543	-2.391	0.302	0.000000	0.000000
1582081863296	1582081863294	-10.400	2.659	-1.825	-0.222	-3.879	0.233	0.000000	0.000000
1582081863314	1582081863314	-10.598	2.303	2.600	0.099	-4.755	0.490	0.000000	0.000000
1582081863336	1582081863334	-11.954	3.256	2.743	1.069	-4.081	-0.004	0.000000	0.000000
1582081863355	1582081863355	-14.002	1.680	3.548	1.172	-3.682	-0.057	0.000000	0.000000
1582081863381	1582081863375	-16.115	2.224	3.043	0.615	-3.924	0.338	0.000000	0.000000
1582081863397	1582081863394	-17.656	2.430	1.495	0.605	-4.675	0.076	0.000000	0.000000
1582081863415	1582081863414	-18.051	0.805	-1.092	0.840	-5.936	-0.343	0.000000	0.000000
1582081863435	1582081863433	-17.315	-2.038	-3.753	1.822	-7.826	-0.727	0.000000	0.000000
1582081863453	1582081863453	-15.344	-2.582	-6.216	3.056	-9.525	-0.881	0.000000	0.000000
1582081863480	1582081863480	-13.545	-2.642	-9.335	4.542	-10.750	-1.137	0.000000	0.000000
1582081863494	1582081863494	-11.502	-5.842	-11.553	6.900	-11.703	-1.296	0.000000	0.000000
1582081863515	1582081863513	-9.156	-7.603	-13.160	9.503	-11.967	-1.244	0.000000	0.000000
1582081863535	1582081863533	-6.576	-2.591	-12.966	10.076	-10.945	-1.492	0.000000	0.000000
1582081863553	1582081863553	-4.821	-1.894	-9.876	9.629	-8.842	-2.070	0.000000	0.000000
1582081863573	1582081863572	-6.016	-8.343	-9.869	8.696	-7.000	-1.875	0.000000	0.000000
1582081863597	1582081863597	-6.574	-7.509	-14.689	7.343	-6.061	-1.500	0.000000	0.000000
1582081863615	1582081863614	-5.407	0.101	-16.255	5.482	-5.592	-1.233	0.000000	0.000000
1582081863634	1582081863633	-3.575	0.463	-15.920	4.270	-4.978	-1.148	0.000000	0.000000
1582081863653	1582081863652	-3.362	1.050	-14.382	2.553	-4.248	-0.898	0.000000	0.000000
1582081863674	1582081863673	-4.607	5.795	-8.175	-0.807	-4.352	-0.937	0.000000	0.000000
1582081863694	1582081863692	-6.380	2.542	-0.112	-1.966	-4.916	-1.478	0.000000	0.000000
1582081863714	1582081863712	-12.582	-0.582	5.913	-1.546	-5.153	-1.226	0.000000	0.000000
1582081863732	1582081863732	-11.988	0.032	8.694	-1.277	-5.329	0.079	0.000000	0.000000
1582081863752	1582081863752	-14.225	5.527	9.206	-0.983	-6.113	1.161	0.000000	0.000000
1582081863775	1582081863775	-12.999	6.444	10.509	-0.269	-5.404	1.449	0.000000	0.000000
1582081863800	1582081863792	-15.835	5.105	9.829	-0.938	-4.518	1.673	0.000000	0.000000
1582081863813	1582081863813	-16.558	5.608	11.063	-1.274	-4.547	1.720	0.000000	0.000000
1582081863834	1582081863831	-12.115	9.345	15.626	0.062	-4.435	1.488	0.000000	0.000000
1582081863852	1582081863851	-7.860	12.943	9.288	0.038	-2.959	2.009	0.000000	0.000000
1582081863872	1582081863872	-11.995	10.145	9.156	-0.894	-1.962	2.320	0.000000	0.000000
1582081863895	1582081863895	-6.696	7.700	10.344	-0.291	-2.954	2.167	0.000000	0.000000
1582081863915	1582081863911	-4.878	5.721	10.078	-0.875	-2.674	2.450	0.000000	0.000000
1582081863937	1582081863937	-2.952	7.867	7.781	-1.522	-2.321	2.473	0.000000	0.000000
1582081863952	1582081863951	-4.519	6.200	7.268	-1.770	-1.468	2.519	0.000000	0.000000
1582081863971	1582081863971	-5.259	4.578	6.341	-1.772	-1.180	2.257	0.000000	0.000000
1582081864002	1582081863993	-4.543	4.126	5.671	-1.434	-1.300	2.204	0.000000	0.000000
1582081864017	1582081864010	-3.309	4.435	5.812	-1.335	-1.190	2.162	0.000000	0.000000
1582081864033	1582081864030	-3.113	5.208	5.982	-1.760	-0.827	1.872	0.000000	0.000000
1582081864052	1582081864050	-3.091	4.770	5.237	-2.243	-0.792	1.851	0.000000	0.000000
1582081864072	1582081864070	-2.598	3.687	5.050	-2.620	-0.645	1.698	0.000000	0.000000
1582081864092	1582081864092	-2.044	2.851	5.196	-3.166	-0.555	1.312	0.000000	0.000000
1582081864114	1582081864110	-2.075	1.483	5.898	-3.129	-0.365	1.203	0.000000	0.000000
1582081864133	1582081864131	-1.656	1.066	6.442	-2.592	-0.105	0.998	0.000000	0.000000
1582081864151	1582081864150	-1.199	0.640	6.408	-1.833	0.121	0.807	0.000000	0.000000
1582081864171	1582081864170	-1.431	1.258	6.265	-1.618	0.612	0.649	0.000000	0.000000
1582081864191	1582081864190	-2.885	2.053	6.780	-1.938	1.074	0.493	0.000000	0.000000
1582081864220	1582081864219	-2.238	3.031	6.784	-2.340	0.465	0.213	0.000000	0.000000
1582081864232	1582081864230	-1.309	1.570	6.210	-2.479	-0.266	0.206	0.000000	0.000000
1582081864250	1582081864249	-1.057	0.070	6.186	-2.298	-0.308	0.212	0.000000	0.000000
1582081864270	1582081864270	-0.875	-1.068	6.653	-2.314	-0.235	0.408	0.000000	0.000000
1582081864292	1582081864292	-0.751	-2.148	7.247	-2.387	-0.119	0.466	0.000000	0.000000
1582081864312	1582081864312	-1.261	-2.199	8.095	-2.167	0.360	0.363	0.000000	0.000000
1582081864333	1582081864330	-2.557	-2.158	8.869	-2.384	0.618	0.483	0.000000	0.000000
1582081864353	1582081864351	-2.626	-1.499	8.682	-2.684	0.222	0.502	0.000000	0.000000
1582081864370	1582081864369	-1.726	-1.892	8.284	-2.338	-0.263	0.485	0.000000	0.000000
1582081864390	1582081864389	-1.100	-2.762	8.205	-2.211	-0.317	0.541	0.000000	0.000000
1582081864412	1582081864408	-1.158	-3.415	7.735	-2.573	-0.217	0.707	0.000000	0.000000
1582081864429	1582081864428	-1.522	-4.122	7.673	-2.274	-0.142	0.811	0.000000	0.000000
1582081864449	1582081864449	-1.409	-5.330	7.613	-1.858	-0.235	0.951	0.000000	0.000000
1582081864469	1582081864469	-1.469	-5.974	7.283	-1.581	-0.187	0.994	0.000000	0.000000
1582081864490	1582081864489	-1.476	-5.610	7.096	-1.413	-0.081	1.086	0.000000	0.000000
1582081864511	1582081864511	-1.342	-4.786	6.763	-1.676	0.130	1.096	0.000000	0.000000
1582081864533	1582081864529	-1.807	-5.040	6.456	-1.940	0.341	1.095	0.000000	0.000000
1582081864551	1582081864551	-2.185	-5.641	5.893	-1.705	0.332	1.118	0.000000	0.000000
1582081864569	1582081864568	-2.490	-5.792	6.207	-1.344	0.177	1.149	0.000000	0.000000
1582081864589	1582081864588	-2.181	-6.448	6.095	-1.523	0.187	1.168	0.000000	0.000000
1582081864614	1582081864608	-2.856	-7.021	5.232	-2.007	0.405	1.206	0.000000	0.000000
1582081864630	1582081864628	-4.013	-6.496	4.765	-2.116	0.411	1.141	0.000000	0.000000
1582081864649	1582081864648	-3.982	-6.760	4.770	-2.041	0.168	1.103	0.000000	0.000000
1582081864669	1582081864668	-3.477	-7.404	3.824	-2.295	0.007	1.019	0.000000	0.000000
1582081864688	1582081864688	-3.017	-8.769	2.640	-2.393	0.109	0.978	0.000000	0.000000
1582081864710	1582081864710	-3.280	-10.463	2.003	-2.278	0.330	0.951	0.000000	0.000000
1582081864729	1582081864729	-3.949	-10.676	2.652	-1.928	0.385	0.827	0.000000	0.000000
1582081864751	1582081864748	-4.001	-10.580	2.626	-2.103	0.584	0.618	0.000000	0.000000
1582081864768	1582081864767	-4.430	-11.036	1.443	-2.619	1.018	0.178	0.000000	0.000000
1582081864788	1582081864787	-5.728	-12.832	-0.009	-2.989	1.539	-0.366	0.000000	0.000000
1582081864809	1582081864809	-8.883	-14.370	-1.672	-3.619	2.117	-1.152	0.000000	0.000000
1582081864837	1582081864837	-12.045	-13.616	-4.661	-5.643	2.061	-2.384	0.000000	0.000000
1582081864850	1582081864847	-12.594	-12.420	-11.057	-9.845	1.026	-3.597	0.000000	0.000000
1582081864871	1582081864871	-10.642	-20.222	-16.835	-12.249	0.116	-3.658	0.000000	0.000000
1582081864888	1582081864887	-9.806	-27.977	-15.685	-10.427	1.634	-2.883	0.000000	0.000000
1582081864907	1582081864907	-8.251	-15.812	-13.620	-6.041	4.088	-2.274	0.000000	0.000000
1582081864932	1582081864927	-10.282	-7.713	-18.644	-3.504	5.313	-0.569	0.000000	0.000000
1582081864951	1582081864948	-10.742	-10.432	-13.249	0.201	5.719	0.877	0.000000	0.000000
1582081864968	1582081864966	-10.996	-13.532	-2.853	3.746	5.729	3.121	0.000000	0.000000
1582081864988	1582081864986	-9.049	3.481	-1.365	3.342	5.576	4.491	0.000000	0.000000
1582081865008	1582081865006	-9.983	-3.523	0.827	2.987	4.326	4.727	0.000000	0.000000
1582081865028	1582081865028	-7.518	3.577	3.958	3.153	3.465	6.177	0.000000	0.000000
1582081865047	1582081865047	-8.922	7.580	6.202	1.844	1.770	7.549	0.000000	0.000000
1582081865070	1582081865070	-13.358	-3.217	5.577	1.117	1.384	8.763	0.000000	0.000000
1582081865086	1582081865086	-16.841	-11.936	2.494	0.146	1.536	9.318	0.000000	0.000000
1582081865106	1582081865106	-13.935	-14.684	-4.271	-2.499	1.822	8.115	0.000000	0.000000
1582081865128	1582081865127	-15.078	-16.279	-9.855	-3.699	2.733	7.188	0.000000	0.000000
1582081865150	1582081865150	-15.399	-14.238	-9.136	-3.397	3.126	7.098	0.000000	0.000000
1582081865168	1582081865166	-17.665	-11.105	-10.712	-4.734	3.824	6.390	0.000000	0.000000
1582081865186	1582081865185	-18.508	-13.192	-10.485	-4.587	3.886	5.718	0.000000	0.000000
1582081865207	1582081865206	-16.460	-8.997	-11.678	-4.779	3.604	5.423	0.000000	0.000000
1582081865226	1582081865224	-18.266	-6.161	-12.732	-4.946	3.720	4.808	0.000000	0.000000
1582081865247	1582081865245	-17.864	-6.570	-10.645	-4.494	3.013	4.358	0.000000	0.000000
1582081865272	1582081865265	-17.085	-6.168	-8.501	-4.386	2.471	3.847	0.000000	0.000000
1582081865286	1582081865286	-14.649	-4.846	-9.100	-4.528	2.109	3.388	0.000000	0.000000
1582081865306	1582081865305	-13.899	-2.345	-9.459	-4.690	2.018	2.598	0.000000	0.000000
1582081865326	1582081865323	-11.470	-1.475	-9.505	-4.454	1.277	1.807	0.000000	0.000000
1582081865355	1582081865354	-10.227	-0.963	-9.119	-4.554	0.671	1.453	0.000000	0.000000
1582081865366	1582081865363	-9.523	-0.603	-6.386	-3.738	0.110	1.325	0.000000	0.000000
1582081865384	1582081865383	-8.263	3.297	-6.767	-3.659	-0.252	0.924	0.000000	0.000000
1582081865404	1582081865403	-8.447	2.873	-4.846	-3.398	-0.419	0.808	0.000000	0.000000
1582081865425	1582081865423	-7.477	4.324	-3.801	-3.348	-0.750	0.811	0.000000	0.000000
1582081865444	1582081865443	-8.083	5.038	-3.828	-3.033	-0.744	0.844	0.000000	0.000000
1582081865466	1582081865464	-8.787	4.058	-2.805	-3.113	-0.721	0.674	0.000000	0.000000
1582081865485	1582081865485	-8.991	4.880	-2.999	-3.696	-1.586	0.379	0.000000	0.000000
1582081865506	1582081865504	-7.753	3.261	-2.369	-2.931	-2.026	-0.136	0.000000	0.000000
1582081865525	1582081865523	-8.495	-0.280	-0.009	-2.056	-2.022	-0.028	0.000000	0.000000
1582081865547	1582081865547	-11.183	0.805	3.088	-0.999	-2.185	0.319	0.000000	0.000000
1582081865566	1582081865564	-13.231	5.560	2.032	-0.809	-3.826	0.552	0.000000	0.000000
1582081865584	1582081865583	-11.787	4.497	4.470	0.179	-4.799	-0.136	0.000000	0.000000
1582081865605	1582081865603	-11.911	2.312	3.939	-0.243	-3.954	-0.645	0.000000	0.000000
1582081865625	1582081865624	-15.083	1.270	2.583	-0.071	-3.814	-0.723	0.000000	0.000000
1582081865647	1582081865647	-16.853	1.359	-0.127	0.245	-4.789	-0.893	0.000000	0.000000
1582081865671	1582081865664	-15.802	-0.491	-2.484	1.384	-6.362	-1.084	0.000000	0.000000
1582081865684	1582081865683	-15.054	-1.022	-3.528	2.278	-7.676	-1.049	0.000000	0.000000
1582081865704	1582081865704	-14.537	-0.970	-4.517	3.376	-8.673	-1.255	0.000000	0.000000
1582081865724	1582081865723	-13.485	-0.433	-6.194	4.136	-9.520	-1.638	0.000000	0.000000
1582081865752	1582081865752	-12.347	0.523	-8.077	4.589	-10.102	-2.126	0.000000	0.000000
1582081865765	1582081865763	-10.040	-1.276	-10.348	5.553	-10.391	-2.615	0.000000	0.000000
1582081865784	1582081865783	-7.194	-3.696	-10.655	7.388	-10.187	-3.062	0.000000	0.000000
1582081865804	1582081865802	-4.274	-1.109	-10.758	8.309	-8.583	-3.262	0.000000	0.000000
1582081865824	1582081865823	-4.552	-0.766	-10.971	8.987	-6.240	-2.939	0.000000	0.000000
1582081865843	1582081865843	-5.726	-2.340	-11.862	8.664	-5.679	-2.655	0.000000	0.000000
1582081865864	1582081865863	-4.392	-1.291	-14.912	7.554	-5.457	-2.178	0.000000	0.000000
1582081865884	1582081865882	-3.031	2.523	-16.042	5.689	-4.663	-1.590	0.000000	0.000000
1582081865903	1582081865902	-2.612	3.510	-13.860	3.511	-3.988	-1.281	0.000000	0.000000
1582081865924	1582081865922	-3.568	4.708	-8.667	0.837	-4.127	-1.417	0.000000	0.000000
1582081865946	1582081865943	-4.591	5.484	-4.024	-1.390	-5.056	-1.814	0.000000	0.000000
1582081865963	1582081865962	-6.758	2.566	1.672	-0.692	-5.444	-1.454	0.000000	0.000000
1582081865983	1582081865983	-12.989	0.403	8.337	0.205	-5.494	-0.651	0.000000	0.000000
1582081866004	1582081866002	-8.517	4.360	10.469	0.128	-5.828	-0.272	0.000000	0.000000
1582081866024	1582081866021	-10.311	6.059	12.572	0.285	-5.385	0.572	0.000000	0.000000
1582081866042	1582081866042	-13.154	4.799	11.202	-0.605	-4.717	0.924	0.000000	0.000000
1582081866066	1582081866062	-14.688	6.277	9.678	-0.331	-4.944	1.286	0.000000	0.000000
1582081866084	1582081866083	-14.604	3.110	9.575	0.087	-4.871	1.479	0.000000	0.000000
1582081866102	1582081866101	-12.419	4.650	12.457	0.495	-4.618	1.158	0.000000	0.000000
1582081866123	1582081866122	-6.682	13.188	16.414	0.312	-3.827	0.753	0.000000	0.000000
1582081866142	1582081866142	-9.791	14.553	9.911	-0.334	-2.462	1.878	0.000000	0.000000
1582081866163	1582081866163	-9.770	8.873	9.381	-0.252	-2.106	2.314	0.000000	0.000000
1582081866182	1582081866182	-5.197	6.717	12.783	0.274	-2.719	2.166	0.000000	0.000000
1582081866204	1582081866204	-3.810	6.991	10.620	-1.090	-2.164	2.204	0.000000	0.000000
1582081866222	1582081866221	-5.266	7.256	7.194	-2.223	-1.705	2.542	0.000000	0.000000
1582081866241	1582081866241	-5.884	6.670	4.559	-2.417	-1.582	2.519	0.000000	0.000000
1582081866262	1582081866261	-4.658	4.566	4.221	-1.632	-1.873	2.367	0.000000	0.000000
1582081866281	1582081866281	-3.479	3.481	5.323	-1.496	-1.818	2.253	0.000000	0.000000
1582081866306	1582081866302	-2.617	5.160	4.650	-2.512	-1.197	2.025	0.000000	0.000000
1582081866322	1582081866320	-1.024	5.314	4.643	-3.642	-0.469	1.697	0.000000	0.000000
1582081866341	1582081866340	-0.655	3.773	4.078	-3.960	0.035	1.555	0.000000	0.000000
1582081866382	1582081866361	-1.405	1.675	4.202	-2.967	0.420	1.528	0.000000	0.000000
1582081866385	1582081866384	-2.123	0.681	4.576	-2.243	0.634	1.542	0.000000	0.000000
1582081866404	1582081866405	-2.686	0.080	5.053	-1.858	0.666	1.280	0.000000	0.000000
1582081866421	1582081866420	-3.417	-0.004	5.661	-2.072	0.381	0.909	0.000000	0.000000
1582081866440	1582081866440	-2.114	0.444	5.453	-2.835	0.006	0.507	0.000000	0.000000
1582081866462	1582081866462	-0.693	1.050	5.769	-3.088	0.002	0.095	0.000000	0.000000
1582081866481	1582081866481	-0.322	0.542	6.775	-2.828	0.036	-0.086	0.000000	0.000000
1582081866505	1582081866499	-0.964	-0.939	8.543	-2.560	0.089	0.079	0.000000	0.000000
1582081866522	1582081866519	-1.258	-0.905	9.242	-2.029	-0.017	0.384	0.000000	0.000000
1582081866540	1582081866540	-1.488	-0.047	10.026	-1.584	0.149	0.382	0.000000	0.000000
1582081866560	1582081866559	-1.869	-0.083	10.268	-1.561	0.256	0.456	0.000000	0.000000
1582081866580	1582081866580	-2.185	0.384	10.157	-2.111	0.058	0.554	0.000000	0.000000
1582081866603	1582081866600	-2.492	-0.431	9.427	-2.491	-0.290	0.593	0.000000	0.000000
1582081866621	1582081866620	-3.422	-0.400	8.033	-2.247	-0.615	0.475	0.000000	0.000000
1582081866640	1582081866639	-0.995	-2.757	8.349	-1.894	-1.342	0.472	0.000000	0.000000
1582081866660	1582081866659	1.506	-4.738	7.944	-1.852	-1.619	0.851	0.000000	0.000000
1582081866681	1582081866681	1.317	-3.655	9.089	-1.357	-0.368	1.001	0.000000	0.000000
1582081866704	1582081866700	-0.454	-2.464	9.846	-1.163	0.753	1.026	0.000000	0.000000
1582081866719	1582081866719	-2.219	-2.282	8.665	-1.906	0.765	1.091	0.000000	0.000000
1582081866740	1582081866738	-2.832	-2.759	7.297	-2.662	0.471	0.896	0.000000	0.000000
1582081866760	1582081866758	-1.555	-3.063	5.841	-2.385	-0.028	0.963	0.000000	0.000000
1582081866779	1582081866779	-0.719	-4.510	5.168	-1.798	-0.282	1.298	0.000000	0.000000
1582081866804	1582081866804	-1.191	-6.185	5.536	-1.241	-0.192	1.503	0.000000	0.000000
1582081866820	1582081866819	-1.555	-7.143	6.212	-0.845	-0.081	1.395	0.000000	0.000000
1582081866838	1582081866838	-1.086	-7.826	5.144	-1.048	0.080	1.345	0.000000	0.000000
1582081866860	1582081866858	-1.345	-7.184	4.775	-1.198	0.344	1.293	0.000000	0.000000
1582081866878	1582081866877	-2.051	-7.450	4.588	-1.265	0.577	1.260	0.000000	0.000000
1582081866901	1582081866901	-2.986	-7.890	4.906	-1.672	0.772	1.238	0.000000	0.000000
1582081866918	1582081866917	-3.901	-7.945	4.940	-2.029	0.793	1.131	0.000000	0.000000
1582081866938	1582081866937	-4.313	-7.909	4.497	-2.249	0.498	1.015	0.000000	0.000000
1582081866959	1582081866958	-3.513	-8.587	3.941	-2.491	0.327	0.737	0.000000	0.000000
1582081866979	1582081866979	-3.127	-9.131	3.064	-2.912	0.392	0.493	0.000000	0.000000
1582081867001	1582081867001	-3.683	-8.789	2.870	-3.167	0.625	0.427	0.000000	0.000000
1582081867020	1582081867018	-4.986	-9.658	2.298	-3.384	0.843	0.247	0.000000	0.000000
1582081867039	1582081867037	-5.714	-12.794	0.765	-3.573	0.966	-0.160	0.000000	0.000000
1582081867058	1582081867057	-6.330	-15.304	-1.470	-3.966	1.111	-0.889	0.000000	0.000000
1582081867080	1582081867077	-8.546	-15.012	-3.473	-5.752	1.369	-2.188	0.000000	0.000000
1582081867103	1582081867103	-11.118	-13.072	-10.015	-10.542	1.137	-3.717	0.000000	0.000000
1582081867119	1582081867116	-13.111	-15.477	-18.895	-15.198	0.885	-4.295	0.000000	0.000000
1582081867138	1582081867137	-8.177	-21.264	-21.169	-11.666	2.058	-3.234	0.000000	0.000000
1582081867157	1582081867156	-5.628	-12.542	-19.465	-5.715	4.663	-2.207	0.000000	0.000000
1582081867177	1582081867176	-10.936	-2.529	-17.913	-3.395	5.656	-0.620	0.000000	0.000000
1582081867198	1582081867197	-8.124	-8.484	-12.159	-0.987	5.514	1.234	0.000000	0.000000
1582081867220	1582081867217	-9.614	-10.183	-6.951	4.308	5.313	4.330	0.000000	0.000000
1582081867239	1582081867239	-8.799	-6.434	-1.039	5.933	4.337	5.279	0.000000	0.000000
1582081867258	1582081867256	-6.950	-8.971	1.608	3.665	3.887	4.732	0.000000	0.000000
1582081867276	1582081867276	-7.628	-5.128	2.796	3.565	3.136	6.027	0.000000	0.000000
1582081867302	1582081867296	-7.297	0.647	5.232	3.251	2.535	6.753	0.000000	0.000000
1582081867317	1582081867316	-4.751	4.229	6.018	2.139	1.483	7.686	0.000000	0.000000
1582081867338	1582081867338	-11.181	-7.608	2.173	0.202	1.911	8.277	0.000000	0.000000
1582081867356	1582081867356	-12.266	-9.323	-1.363	-1.116	2.284	7.937	0.000000	0.000000
1582081867376	1582081867376	-15.758	-15.496	-4.127	-2.595	2.775	7.075	0.000000	0.000000
1582081867401	1582081867401	-12.817	-15.424	-6.455	-3.843	3.096	6.406	0.000000	0.000000
1582081867421	1582081867417	-18.520	-9.934	-7.248	-4.911	3.903	6.302	0.000000	0.000000
1582081867440	1582081867436	-17.852	-12.787	-8.884	-4.269	3.663	5.893	0.000000	0.000000
1582081867456	1582081867455	-17.974	-11.555	-8.271	-4.161	3.756	5.518	0.000000	0.000000
1582081867476	1582081867476	-17.682	-8.218	-10.815	-5.267	3.688	4.603	0.000000	0.000000
1582081867497	1582081867495	-16.896	-12.667	-12.042	-4.712	3.526	3.845	0.000000	0.000000
1582081867516	1582081867516	-15.016	-7.792	-10.832	-4.077	3.087	3.988	0.000000	0.000000
1582081867538	1582081867538	-14.355	-4.910	-10.185	-4.035	2.693	3.753	0.000000	0.000000
1582081867556	1582081867555	-13.801	-4.656	-8.173	-4.353	2.228	3.205	0.000000	0.000000
1582081867575	1582081867574	-12.965	-3.039	-7.804	-4.007	1.994	3.015	0.000000	0.000000
1582081867598	1582081867594	-11.118	-0.639	-7.423	-3.621	1.487	2.698	0.000000	0.000000
1582081867620	1582081867615	-10.141	-0.431	-7.335	-3.817	0.705	2.170	0.000000	0.000000
1582081867638	1582081867635	-9.082	2.106	-7.965	-3.928	0.235	1.671	0.000000	0.000000
1582081867656	1582081867655	-9.283	2.592	-7.392	-3.139	-0.385	1.182	0.000000	0.000000
1582081867675	1582081867675	-8.910	3.385	-6.307	-3.068	-0.973	0.652	0.000000	0.000000
1582081867695	1582081867694	-9.396	3.270	-6.221	-3.266	-1.319	0.246	0.000000	0.000000
1582081867725	1582081867720	-9.825	4.430	-5.181	-2.621	-1.509	0.338	0.000000	0.000000
1582081867738	1582081867738	-9.271	5.577	-4.827	-2.137	-1.721	0.389	0.000000	0.000000
1582081867756	1582081867754	-8.977	3.884	-4.755	-1.844	-2.188	0.020	0.000000	0.000000
1582081867774	1582081867774	-8.368	3.275	-4.678	-2.316	-2.813	-0.097	0.000000	0.000000
1582081867795	1582081867793	-7.429	2.257	-1.767	-2.127	-2.668	0.040	0.000000	0.000000
1582081867816	1582081867816	-9.719	0.877	2.679	-1.269	-1.746	0.454	0.000000	0.000000
1582081867836	1582081867835	-10.428	-0.591	2.214	-0.166	-1.617	0.616	0.000000	0.000000
1582081867856	1582081867853	-10.917	1.431	2.353	-0.765	-2.099	1.443	0.000000	0.000000
1582081867875	1582081867873	-13.823	4.432	1.555	-1.317	-2.269	1.868	0.000000	0.000000
1582081867894	1582081867893	-13.392	6.849	0.276	0.064	-3.298	0.817	0.000000	0.000000
1582081867915	1582081867915	-9.997	3.867	1.493	0.292	-3.806	0.648	0.000000	0.000000
1582081867936	1582081867934	-15.564	2.228	1.555	-0.603	-3.452	0.836	0.000000	0.000000
1582081867958	1582081867958	-18.231	2.101	-2.510	-0.366	-4.439	0.304	0.000000	0.000000
1582081867974	1582081867973	-15.806	-1.846	-5.047	1.811	-6.927	-0.193	0.000000	0.000000
1582081867995	1582081867993	-13.176	-2.285	-7.181	3.105	-9.218	-0.426	0.000000	0.000000
1582081868015	1582081868013	-11.825	-2.594	-9.246	4.633	-10.653	-0.723	0.000000	0.000000
1582081868037	1582081868036	-9.396	-3.382	-10.741	6.288	-11.635	-1.068	0.000000	0.000000
1582081868061	1582081868056	-7.048	-4.716	-11.254	7.667	-11.761	-1.166	0.000000	0.000000
1582081868073	1582081868073	-4.083	-5.983	-10.456	9.055	-11.090	-1.763	0.000000	0.000000
1582081868094	1582081868093	-1.117	-5.744	-10.010	10.004	-8.505	-2.057	0.000000	0.000000
1582081868115	1582081868115	-4.329	-7.852	-11.234	10.024	-5.494	-1.176	0.000000	0.000000
1582081868135	1582081868135	-6.890	-6.106	-15.908	8.530	-5.069	-0.504	0.000000	0.000000
1582081868159	1582081868153	-3.388	-0.064	-18.811	6.133	-5.754	-0.582	0.000000	0.000000
1582081868173	1582081868173	-1.536	1.756	-18.835	4.460	-4.867	-0.997	0.000000	0.000000
1582081868193	1582081868192	-0.894	3.927	-16.703	1.965	-3.575	-0.885	0.000000	0.000000
1582081868213	1582081868212	-2.904	8.988	-9.227	-2.080	-3.731	-1.451	0.000000	0.000000
1582081868237	1582081868237	-4.464	2.729	-2.304	-2.107	-4.671	-2.159	0.000000	0.000000
1582081868255	1582081868252	-7.470	-2.371	3.598	-0.741	-4.219	-1.283	0.000000	0.000000
1582081868273	1582081868272	-13.353	0.477	8.933	0.986	-4.487	0.029	0.000000	0.000000
1582081868293	1582081868292	-11.720	4.542	9.257	1.184	-6.435	0.386	0.000000	0.000000
1582081868314	1582081868311	-13.001	4.456	9.520	0.220	-6.636	0.492	0.000000	0.000000
1582081868337	1582081868337	-14.970	3.165	9.482	0.115	-5.951	1.085	0.000000	0.000000
1582081868355	1582081868354	-17.083	5.553	8.660	-0.616	-5.563	1.418	0.000000	0.000000
1582081868384	1582081868379	-15.639	10.728	15.353	-0.848	-5.830	1.135	0.000000	0.000000
1582081868393	1582081868391	-10.088	16.364	9.714	-0.327	-5.003	1.504	0.000000	0.000000
1582081868412	1582081868411	-14.019	11.535	11.058	-0.766	-3.663	2.327	0.000000	0.000000
1582081868439	1582081868436	-9.358	5.009	12.400	-0.033	-3.645	2.675	0.000000	0.000000
1582081868452	1582081868451	-8.157	6.787	11.101	0.046	-2.708	2.509	0.000000	0.000000
1582081868471	1582081868471	-6.188	7.522	9.762	-0.789	-2.213	2.336	0.000000	0.000000
1582081868490	1582081868490	-5.604	5.244	8.516	-1.667	-2.179	2.618	0.000000	0.000000
1582081868514	1582081868511	-5.633	5.711	6.916	-1.901	-2.161	2.410	0.000000	0.000000
1582081868535	1582081868535	-3.877	4.983	6.123	-1.427	-2.174	2.131	0.000000	0.000000
1582081868555	1582081868554	-2.372	6.159	6.006	-0.732	-2.193	1.980	0.000000	0.000000
1582081868574	1582081868572	-1.570	6.607	5.714	-0.883	-1.597	1.921	0.000000	0.000000
1582081868591	1582081868591	-1.716	4.545	5.750	-1.274	-0.730	1.996	0.000000	0.000000
1582081868611	1582081868610	-1.515	5.153	5.623	-2.073	-0.121	2.046	0.000000	0.000000
1582081868641	1582081868630	-1.318	6.313	5.282	-2.805	0.179	2.015	0.000000	0.000000
1582081868650	1582081868650	-2.013	4.082	4.868	-3.456	0.575	1.878	0.000000	0.000000
1582081868671	1582081868671	-2.207	1.888	3.237	-3.816	0.694	1.583	0.000000	0.000000
1582081868691	1582081868690	-3.158	1.261	2.913	-3.467	0.607	1.436	0.000000	0.000000
1582081868710	1582081868710	-2.854	0.999	4.269	-2.372	0.066	1.167	0.000000	0.000000
1582081868733	1582081868733	-1.496	1.131	5.112	-1.622	-0.390	0.716	0.000000	0.000000
1582081868755	1582081868749	-0.798	1.098	4.315	-2.285	-0.381	0.253	0.000000	0.000000
1582081868774	1582081868770	0.258	0.012	3.543	-3.275	-0.413	0.179	0.000000	0.000000
1582081868790	1582081868790	1.913	-1.731	4.272	-2.553	0.114	0.531	0.000000	0.000000
1582081868812	1582081868809	-0.087	-3.382	6.899	-1.112	1.523	0.920	0.000000	0.000000
1582081868831	1582081868829	-4.325	-2.706	9.357	-1.208	2.071	0.675	0.000000	0.000000
1582081868851	1582081868851	-4.907	0.321	10.773	-1.752	1.134	0.340	0.000000	0.000000
1582081868870	1582081868870	-2.717	0.932	9.987	-1.963	-0.116	0.575	0.000000	0.000000
1582081868891	1582081868889	-2.217	1.646	9.961	-1.812	-0.062	0.391	0.000000	0.000000
1582081868911	1582081868909	-2.274	-0.019	10.064	-2.048	-0.143	0.493	0.000000	0.000000
1582081868929	1582081868929	-2.715	-1.719	8.239	-2.835	-0.299	0.640	0.000000	0.000000
1582081868950	1582081868950	-1.979	-2.278	7.795	-2.694	-0.600	0.702	0.000000	0.000000
1582081868970	1582081868970	-1.088	-3.377	8.576	-2.105	-0.528	0.928	0.000000	0.000000
1582081868990	1582081868989	-1.060	-4.278	8.445	-2.548	0.157	1.011	0.000000	0.000000
1582081869010	1582081869008	-2.042	-4.036	7.247	-2.782	0.873	1.140	0.000000	0.000000
1582081869029	1582081869028	-4.128	-4.810	6.468	-2.231	1.086	1.249	0.000000	0.000000
1582081869050	1582081869050	-4.741	-5.171	6.828	-1.774	0.312	1.179	0.000000	0.000000
1582081869070	1582081869068	-3.268	-5.603	7.537	-1.543	-0.679	0.949	0.000000	0.000000
1582081869089	1582081869089	-0.906	-7.083	6.147	-1.851	-1.019	0.898	0.000000	0.000000
1582081869110	1582081869108	-0.195	-7.129	4.988	-1.868	-0.422	0.877	0.000000	0.000000
1582081869129	1582081869128	-0.624	-5.315	5.615	-1.278	0.237	0.954	0.000000	0.000000
1582081869149	1582081869147	-2.427	-5.023	6.346	-0.921	0.763	1.179	0.000000	0.000000
1582081869172	1582081869172	-4.052	-6.604	6.238	-1.442	0.789	1.110	0.000000	0.000000
1582081869191	1582081869188	-3.802	-7.885	5.235	-2.064	0.448	0.941	0.000000	0.000000
1582081869209	1582081869208	-3.036	-8.592	3.939	-2.348	0.214	0.928	0.000000	0.000000
1582081869229	1582081869227	-2.983	-9.641	3.079	-2.065	0.532	0.893	0.000000	0.000000
1582081869251	1582081869248	-4.123	-9.632	3.361	-1.662	0.992	0.690	0.000000	0.000000
1582081869268	1582081869268	-5.501	-9.129	4.034	-1.803	0.892	0.395	0.000000	0.000000
1582081869293	1582081869287	-5.681	-10.125	4.003	-2.251	0.395	0.085	0.000000	0.000000
1582081869308	1582081869307	-4.854	-12.104	2.988	-2.573	0.154	-0.317	0.000000	0.000000
1582081869328	1582081869327	-5.369	-15.254	1.268	-3.516	0.616	-0.745	0.000000	0.000000
1582081869348	1582081869348	-7.992	-16.270	-1.097	-5.574	1.627	-1.756	0.000000	0.000000
1582081869380	1582081869378	-11.581	-14.859	-5.385	-8.433	2.385	-3.111	0.000000	0.000000
1582081869404	1582081869402	-12.716	-13.352	-12.909	-12.702	1.674	-4.108	0.000000	0.000000
1582081869408	1582081869406	-8.649	-19.894	-17.769	-14.025	1.316	-3.931	0.000000	0.000000
1582081869428	1582081869427	-5.604	-25.703	-16.375	-9.679	3.546	-2.983	0.000000	0.000000
1582081869448	1582081869447	-7.808	-12.777	-19.894	-4.440	5.621	-1.279	0.000000	0.000000
1582081869468	1582081869468	-11.854	-4.738	-18.716	-0.528	6.692	0.509	0.000000	0.000000
1582081869492	1582081869492	-12.438	-9.938	-5.234	1.620	6.197	1.360	0.000000	0.000000
1582081869513	1582081869507	-9.329	-3.226	1.620	2.510	5.286	2.539	0.000000	0.000000
1582081869526	1582081869526	-9.252	3.357	2.039	2.913	4.543	4.049	0.000000	0.000000
1582081869547	1582081869546	-8.203	0.195	0.990	4.964	3.503	6.041	0.000000	0.000000
1582081869575	1582081869570	-10.663	-1.066	5.251	4.409	2.312	7.609	0.000000	0.000000
1582081869588	1582081869586	-9.727	3.678	8.696	2.014	1.176	7.939	0.000000	0.000000
1582081869608	1582081869606	-13.487	-5.444	3.392	0.049	2.265	8.025	0.000000	0.000000
1582081869627	1582081869626	-16.024	-11.702	-0.737	-1.404	2.469	7.812	0.000000	0.000000
1582081869647	1582081869646	-13.435	-16.802	-3.684	-2.384	1.958	7.314	0.000000	0.000000
1582081869668	1582081869668	-14.352	-15.412	-6.060	-3.159	2.621	7.331	0.000000	0.000000
1582081869688	1582081869688	-15.536	-12.760	-8.748	-4.222	3.220	6.521	0.000000	0.000000
1582081869708	1582081869706	-17.579	-9.977	-10.065	-4.449	3.289	5.759	0.000000	0.000000
1582081869726	1582081869726	-18.925	-15.242	-10.736	-4.689	3.222	4.998	0.000000	0.000000
1582081869746	1582081869746	-16.551	-14.028	-9.697	-3.984	3.034	5.045	0.000000	0.000000
1582081869767	1582081869765	-16.420	-11.270	-9.596	-4.124	3.320	4.825	0.000000	0.000000
1582081869790	1582081869790	-16.685	-9.447	-10.298	-4.426	3.055	4.146	0.000000	0.000000
1582081869807	1582081869806	-13.193	-10.336	-10.712	-4.186	2.575	3.503	0.000000	0.000000
1582081869826	1582081869825	-14.259	-3.952	-9.320	-4.751	2.429	2.964	0.000000	0.000000
1582081869846	1582081869845	-12.309	-3.727	-9.227	-4.425	1.874	2.247	0.000000	0.000000
1582081869868	1582081869868	-11.866	-3.063	-8.025	-4.459	1.793	1.695	0.000000	0.000000
1582081869890	1582081869890	-11.423	0.930	-6.817	-4.580	1.108	1.381	0.000000	0.000000
1582081869907	1582081869906	-9.597	-1.149	-6.163	-4.251	0.471	1.080	0.000000	0.000000
1582081869926	1582081869924	-8.368	3.718	-5.272	-3.990	0.218	1.322	0.000000	0.000000
1582081869946	1582081869945	-9.576	3.191	-4.793	-2.855	0.167	1.343	0.000000	0.000000
1582081869965	1582081869964	-9.947	1.371	-2.774	-2.172	-0.258	1.452	0.000000	0.000000
1582081869991	1582081869986	-9.707	5.486	-3.487	-2.575	-0.758	1.519	0.000000	0.000000
1582081870005	1582081870004	-9.338	5.838	-3.631	-2.199	-1.057	1.053	0.000000	0.000000
1582081870026	1582081870026	-8.601	4.126	-4.750	-2.464	-1.369	0.857	0.000000	0.000000
1582081870044	1582081870044	-8.761	4.854	-3.849	-2.526	-1.691	0.850	0.000000	0.000000
1582081870064	1582081870064	-8.857	3.790	-1.442	-2.465	-1.918	0.499	0.000000	0.000000
1582081870084	1582081870084	-10.270	1.356	1.632	-1.651	-1.864	0.429	0.000000	0.000000
1582081870108	1582081870104	-12.802	2.868	0.218	-1.048	-2.677	0.782	0.000000	0.000000
1582081870128	1582081870124	-12.000	4.356	1.368	-0.300	-4.229	0.934	0.000000	0.000000
1582081870145	1582081870144	-12.388	4.114	2.573	-0.663	-4.334	0.282	0.000000	0.000000
1582081870164	1582081870163	-14.168	0.032	3.143	-0.589	-3.941	-0.182	0.000000	0.000000
1582081870185	1582081870183	-16.772	-1.331	2.144	0.435	-4.035	0.165	0.000000	0.000000
1582081870204	1582081870204	-19.354	-0.309	0.353	1.577	-5.365	0.316	0.000000	0.000000
1582081870227	1582081870223	-17.922	-0.965	-1.248	2.471	-7.355	-0.105	0.000000	0.000000
1582081870244	1582081870243	-16.034	-1.446	-2.865	3.031	-8.812	-0.336	0.000000	0.000000
1582081870263	1582081870263	-15.104	-2.948	-5.138	4.107	-9.920	-0.665	0.000000	0.000000
1582081870284	1582081870283	-14.345	-5.313	-7.763	5.732	-11.145	-1.154	0.000000	0.000000
1582081870310	1582081870303	-12.584	-8.542	-9.263	7.859	-12.363	-1.513	0.000000	0.000000
1582081870327	1582081870323	-9.429	-9.088	-10.046	9.430	-12.270	-1.657	0.000000	0.000000
1582081870343	1582081870343	-5.707	-4.038	-9.939	9.219	-10.134	-1.968	0.000000	0.000000
1582081870364	1582081870362	-6.960	-6.683	-8.518	8.488	-7.585	-2.127	0.000000	0.000000
1582081870390	1582081870385	-7.168	-12.494	-12.981	8.451	-6.224	-1.730	0.000000	0.000000
1582081870403	1582081870401	-5.582	-6.292	-20.381	7.997	-4.699	-0.647	0.000000	0.000000
1582081870424	1582081870422	-4.272	1.380	-21.712	6.360	-4.043	0.007	0.000000	0.000000
1582081870444	1582081870442	-1.529	2.722	-17.333	3.556	-4.288	-0.193	0.000000	0.000000
1582081870462	1582081870461	-1.203	5.879	-10.717	-1.042	-4.499	-0.671	0.000000	0.000000
1582081870485	1582081870485	-3.307	4.708	-3.162	-3.154	-4.561	-1.229	0.000000	0.000000
1582081870510	1582081870503	-10.560	-0.996	5.824	-2.773	-4.942	-1.158	0.000000	0.000000
1582081870529	1582081870524	-15.054	0.230	10.368	-2.598	-5.280	-0.253	0.000000	0.000000
1582081870543	1582081870542	-11.123	5.254	12.129	-1.831	-6.471	0.568	0.000000	0.000000
1582081870563	1582081870561	-14.759	5.419	12.249	-1.762	-5.871	1.290	0.000000	0.000000
1582081870582	1582081870582	-17.035	4.437	10.553	-1.226	-4.788	1.553	0.000000	0.000000
1582081870605	1582081870605	-18.839	6.507	10.529	-0.410	-4.771	1.961	0.000000	0.000000
1582081870624	1582081870622	-14.062	12.107	12.471	-0.419	-4.845	1.469	0.000000	0.000000
1582081870647	1582081870647	-9.137	11.379	11.652	-0.677	-3.742	1.534	0.000000	0.000000
1582081870662	1582081870661	-10.421	10.404	10.972	-1.067	-3.812	1.747	0.000000	0.000000
1582081870682	1582081870681	-4.888	6.840	10.924	-0.795	-4.004	1.926	0.000000	0.000000
1582081870709	1582081870709	-3.762	5.738	9.125	-1.071	-3.464	2.476	0.000000	0.000000
1582081870725	1582081870721	-5.043	4.269	8.052	-0.969	-3.054	2.318	0.000000	0.000000
1582081870741	1582081870741	-1.251	2.612	9.053	-0.506	-3.237	1.982	0.000000	0.000000
1582081870762	1582081870761	-0.190	3.062	8.397	-0.055	-2.619	2.192	0.000000	0.000000
1582081870782	1582081870780	-1.754	5.038	7.858	-0.708	-1.333	1.930	0.000000	0.000000
1582081870802	1582081870801	-0.815	6.801	7.093	-1.499	-0.632	1.346	0.000000	0.000000
1582081870826	1582081870826	0.227	6.780	6.265	-2.001	-0.362	1.367	0.000000	0.000000
1582081870848	1582081870841	0.042	6.011	5.534	-2.682	0.136	1.722	0.000000	0.000000
1582081870861	1582081870860	-1.565	5.120	4.906	-3.349	0.532	2.249	0.000000	0.000000
1582081870881	1582081870880	-3.515	3.687	5.282	-3.457	0.644	2.336	0.000000	0.000000
1582081870901	1582081870900	-2.300	1.692	5.421	-3.236	0.521	1.750	0.000000	0.000000
1582081870925	1582081870925	-1.876	-0.047	5.019	-2.706	0.457	1.348	0.000000	0.000000
1582081870941	1582081870940	-1.491	-0.261	4.897	-1.912	0.175	0.824	0.000000	0.000000
1582081870961	1582081870961	-0.497	0.221	4.693	-1.892	0.032	0.540	0.000000	0.000000
1582081870980	1582081870980	-0.906	-0.174	4.334	-2.233	0.299	0.473	0.000000	0.000000
1582081871003	1582081871002	-2.020	0.448	6.214	-2.080	0.518	0.323	0.000000	0.000000
1582081871024	1582081871024	-0.727	1.045	6.842	-2.155	0.149	0.266	0.000000	0.000000
1582081871047	1582081871040	0.090	-0.459	7.503	-1.746	0.395	0.431	0.000000	0.000000
1582081871060	1582081871059	-1.934	-2.005	8.267	-1.631	1.043	0.635	0.000000	0.000000
1582081871081	1582081871079	-2.818	-1.327	9.357	-1.630	1.209	0.437	0.000000	0.000000
1582081871100	1582081871099	-2.724	0.616	9.858	-1.773	0.635	0.464	0.000000	0.000000
1582081871125	1582081871125	-2.236	0.336	10.356	-1.482	0.288	0.475	0.000000	0.000000
1582081871141	1582081871139	-2.660	-0.831	10.586	-1.388	0.150	0.490	0.000000	0.000000
1582081871159	1582081871159	-3.985	-0.258	9.611	-1.584	-0.271	0.615	0.000000	0.000000
1582081871179	1582081871179	-3.223	-0.019	8.924	-1.546	-1.194	0.670	0.000000	0.000000
1582081871200	1582081871199	1.092	-2.060	8.543	-1.928	-1.965	0.853	0.000000	0.000000
1582081871221	1582081871221	1.489	-4.285	7.764	-1.844	-0.559	1.371	0.000000	0.000000
1582081871244	1582081871243	-1.134	-4.553	8.076	-1.019	1.099	1.520	0.000000	0.000000
1582081871262	1582081871259	-2.993	-4.153	8.579	-0.915	1.532	1.199	0.000000	0.000000
1582081871279	1582081871279	-4.270	-4.513	8.006	-1.410	1.037	1.223	0.000000	0.000000
1582081871299	1582081871299	-3.410	-4.870	7.244	-1.318	0.219	1.232	0.000000	0.000000
1582081871324	1582081871318	-1.515	-4.894	5.810	-1.001	-0.210	1.134	0.000000	0.000000
1582081871339	1582081871338	-0.995	-5.088	6.159	-0.378	-0.203	1.203	0.000000	0.000000
1582081871358	1582081871358	-0.873	-4.517	6.451	-0.195	-0.032	1.163	0.000000	0.000000
1582081871388	1582081871379	-1.060	-5.147	6.365	-0.866	0.280	1.085	0.000000	0.000000
1582081871400	1582081871398	-1.500	-6.903	6.178	-1.486	0.890	0.938	0.000000	0.000000
1582081871418	1582081871418	-2.902	-7.224	5.980	-1.856	1.351	0.791	0.000000	0.000000
1582081871443	1582081871438	-4.133	-6.611	6.176	-2.362	1.293	0.673	0.000000	0.000000
1582081871462	1582081871458	-4.825	-6.132	5.857	-2.892	0.683	0.512	0.000000	0.000000
1582081871479	1582081871477	-3.937	-6.602	4.990	-2.967	-0.078	0.282	0.000000	0.000000
1582081871499	1582081871498	-2.554	-7.816	3.900	-3.098	-0.194	0.221	0.000000	0.000000
1582081871520	1582081871520	-3.084	-8.676	4.051	-3.111	0.337	0.157	0.000000	0.000000
1582081871547	1582081871547	-4.327	-8.547	3.649	-3.196	0.630	0.184	0.000000	0.000000
1582081871560	1582081871560	-4.684	-9.814	2.061	-2.964	0.609	0.209	0.000000	0.000000
1582081871578	1582081871578	-5.206	-12.918	0.415	-2.669	0.706	-0.230	0.000000	0.000000
1582081871598	1582081871597	-6.960	-17.199	-1.506	-3.253	1.176	-1.236	0.000000	0.000000
