1582082916695	1582082916694	-10.848	3.687	-3.765	-3.010	0.176	1.493	0.000000	0.000000
1582082916715	1582082916715	-9.863	4.533	-3.418	-2.477	-1.157	1.226	0.000000	0.000000
1582082916734	1582082916733	-6.239	4.308	-4.836	-2.413	-1.734	0.719	0.000000	0.000000
1582082916754	1582082916753	-7.492	5.618	-3.310	-1.972	-1.556	0.422	0.000000	0.000000
1582082916777	1582082916777	-6.737	4.502	-3.516	-2.052	-1.921	-0.188	0.000000	0.000000
1582082916798	1582082916794	-7.151	5.433	-2.565	-2.535	-2.347	-0.106	0.000000	0.000000
1582082916818	1582082916815	-11.355	2.954	2.465	-1.529	-2.355	-0.098	0.000000	0.000000
1582082916834	1582082916832	-13.322	1.867	3.785	-1.459	-3.194	-0.199	0.000000	0.000000
1582082916854	1582082916853	-12.050	4.830	4.264	-1.143	-3.919	0.059	0.000000	0.000000
1582082916874	1582082916873	-13.617	3.086	3.668	-0.269	-3.924	-0.026	0.000000	0.000000
1582082916893	1582082916892	-13.509	2.192	1.263	0.029	-4.159	-0.467	0.000000	0.000000
1582082916915	1582082916914	-14.968	2.590	0.084	-0.116	-4.715	-0.402	0.000000	0.000000
1582082916934	1582082916933	-15.725	2.264	-1.305	0.246	-5.674	-0.461	0.000000	0.000000
1582082916953	1582082916952	-15.842	-0.503	-2.251	1.756	-6.930	-0.536	0.000000	0.000000
1582082916973	1582082916972	-15.885	-2.479	-4.182	3.408	-8.158	-0.496	0.000000	0.000000
1582082916993	1582082916992	-14.276	-1.499	-6.168	4.312	-9.516	-0.494	0.000000	0.000000
1582082917016	1582082917012	-12.548	-1.887	-7.493	5.600	-10.330	-0.588	0.000000	0.000000
1582082917035	1582082917032	-10.383	-4.335	-8.839	6.840	-10.668	-0.812	0.000000	0.000000
1582082917053	1582082917052	-6.797	-8.365	-9.210	8.482	-10.168	-1.094	0.000000	0.000000
1582082917073	1582082917071	-3.965	-7.816	-10.731	10.446	-8.793	-1.150	0.000000	0.000000
1582082917096	1582082917094	-6.416	-2.958	-10.945	10.358	-7.622	-0.660	0.000000	0.000000
1582082917112	1582082917111	-9.528	-1.573	-8.964	8.807	-8.371	-0.435	0.000000	0.000000
1582082917132	1582082917131	-6.284	-3.780	-12.207	7.022	-9.008	-0.708	0.000000	0.000000
1582082917152	1582082917151	-4.564	-2.457	-16.624	5.470	-7.293	-0.433	0.000000	0.000000
1582082917173	1582082917171	-4.809	0.168	-16.361	4.017	-5.617	0.123	0.000000	0.000000
1582082917192	1582082917191	-4.088	3.977	-11.900	0.628	-6.001	-0.005	0.000000	0.000000
1582082917216	1582082917212	-4.456	6.083	-6.417	-2.112	-6.741	-0.732	0.000000	0.000000
1582082917234	1582082917231	-7.338	1.227	2.626	-2.413	-7.151	-1.195	0.000000	0.000000
1582082917253	1582082917251	-10.184	-1.044	10.045	-1.453	-6.492	-0.876	0.000000	0.000000
1582082917272	1582082917270	-11.312	3.014	10.603	-0.904	-5.952	0.382	0.000000	0.000000
1582082917292	1582082917290	-10.151	5.941	10.610	-1.421	-5.331	0.878	0.000000	0.000000
1582082917311	1582082917310	-15.354	6.092	9.887	-2.411	-4.735	1.051	0.000000	0.000000
1582082917331	1582082917330	-15.215	4.463	10.313	-2.129	-4.736	0.912	0.000000	0.000000
1582082917357	1582082917350	-14.312	4.475	11.585	-0.915	-4.365	1.039	0.000000	0.000000
1582082917373	1582082917372	-8.991	10.442	13.446	0.550	-3.924	0.605	0.000000	0.000000
1582082917391	1582082917390	-8.064	13.281	10.026	1.507	-3.035	1.328	0.000000	0.000000
1582082917416	1582082917412	-9.602	9.111	12.129	1.200	-2.671	1.737	0.000000	0.000000
1582082917431	1582082917430	-3.910	6.806	12.100	1.230	-2.839	2.145	0.000000	0.000000
1582082917451	1582082917449	-2.684	9.063	10.565	0.192	-2.068	2.274	0.000000	0.000000
1582082917472	1582082917470	-3.067	7.393	10.227	-1.099	-1.702	2.458	0.000000	0.000000
1582082917492	1582082917491	-4.339	4.583	8.538	-1.855	-1.520	2.639	0.000000	0.000000
1582082917513	1582082917513	-2.598	4.432	6.959	-2.186	-1.341	2.282	0.000000	0.000000
1582082917534	1582082917532	-1.402	6.480	5.934	-2.483	-0.938	1.876	0.000000	0.000000
1582082917553	1582082917553	-2.193	6.545	5.603	-2.397	-0.526	1.753	0.000000	0.000000
1582082917572	1582082917570	-2.121	6.011	4.902	-2.253	-0.374	1.654	0.000000	0.000000
1582082917591	1582082917591	-1.189	7.185	4.027	-2.535	-0.104	1.491	0.000000	0.000000
1582082917612	1582082917611	-1.366	6.104	3.460	-3.164	0.251	1.739	0.000000	0.000000
1582082917636	1582082917636	-1.979	3.299	3.265	-3.305	0.631	2.066	0.000000	0.000000
1582082917652	1582082917650	-3.951	1.663	3.246	-3.049	0.883	2.178	0.000000	0.000000
1582082917676	1582082917676	-5.050	0.084	4.564	-2.882	0.795	1.768	0.000000	0.000000
1582082917690	1582082917690	-4.008	0.008	4.858	-3.502	0.082	0.998	0.000000	0.000000
1582082917710	1582082917710	-1.608	0.604	4.578	-3.796	-0.504	0.447	0.000000	0.000000
1582082917735	1582082917734	-0.214	0.757	3.632	-3.404	-0.633	0.306	0.000000	0.000000
1582082917752	1582082917752	0.327	-0.380	3.972	-3.464	-0.033	0.173	0.000000	0.000000
1582082917772	1582082917770	-0.839	-2.584	6.495	-2.407	0.377	0.622	0.000000	0.000000
1582082917791	1582082917790	-0.763	-4.201	8.569	-1.360	0.523	0.855	0.000000	0.000000
1582082917810	1582082917809	-1.371	-2.783	9.111	-1.286	0.824	0.868	0.000000	0.000000
1582082917836	1582082917836	-2.801	-0.737	10.541	-0.794	1.290	0.811	0.000000	0.000000
1582082917850	1582082917850	-4.135	0.293	10.725	-1.017	1.249	0.698	0.000000	0.000000
1582082917872	1582082917870	-4.557	-0.261	9.839	-1.738	0.494	0.634	0.000000	0.000000
1582082917890	1582082917890	-5.273	-0.148	8.998	-2.017	-0.189	0.543	0.000000	0.000000
1582082917910	1582082917909	-1.946	-0.742	7.858	-2.051	-1.029	0.475	0.000000	0.000000
1582082917933	1582082917933	1.698	-3.317	7.110	-1.823	-1.169	0.934	0.000000	0.000000
1582082917957	1582082917957	-1.534	-4.807	7.733	-1.566	0.359	1.367	0.000000	0.000000
1582082917974	1582082917972	-3.302	-4.194	8.351	-1.940	0.553	1.327	0.000000	0.000000
1582082917989	1582082917988	-2.873	-4.283	8.047	-2.073	0.366	1.255	0.000000	0.000000
1582082918010	1582082918008	-3.596	-5.595	7.192	-1.771	0.208	1.326	0.000000	0.000000
1582082918036	1582082918030	-3.146	-6.475	7.153	-1.202	0.004	1.451	0.000000	0.000000
1582082918049	1582082918048	-1.740	-6.233	6.808	-1.226	0.171	1.297	0.000000	0.000000
1582082918075	1582082918069	-2.085	-6.103	6.164	-1.592	0.652	1.160	0.000000	0.000000
1582082918089	1582082918088	-3.148	-5.330	6.224	-1.345	0.699	1.113	0.000000	0.000000
1582082918110	1582082918108	-3.537	-4.584	6.394	-1.418	0.454	1.044	0.000000	0.000000
1582082918129	1582082918129	-3.400	-5.864	5.661	-1.826	0.401	1.023	0.000000	0.000000
1582082918158	1582082918148	-3.695	-7.248	4.926	-1.915	0.487	1.036	0.000000	0.000000
1582082918173	1582082918169	-3.774	-7.356	4.511	-2.107	0.600	0.927	0.000000	0.000000
1582082918189	1582082918188	-4.377	-7.133	3.927	-2.335	0.664	0.884	0.000000	0.000000
1582082918208	1582082918208	-5.058	-7.478	3.802	-1.970	0.680	0.859	0.000000	0.000000
1582082918229	1582082918228	-5.101	-8.566	4.133	-2.051	0.677	0.789	0.000000	0.000000
1582082918249	1582082918249	-4.912	-8.966	4.370	-2.322	0.763	0.646	0.000000	0.000000
1582082918270	1582082918268	-5.079	-8.710	3.850	-2.347	0.947	0.603	0.000000	0.000000
1582082918289	1582082918289	-5.601	-9.639	3.117	-2.067	1.271	0.593	0.000000	0.000000
1582082918308	1582082918307	-7.015	-11.795	1.174	-1.963	1.728	0.387	0.000000	0.000000
1582082918329	1582082918327	-9.274	-13.637	-1.068	-2.536	2.050	-0.495	0.000000	0.000000
1582082918348	1582082918348	-12.481	-12.916	-3.310	-5.214	2.125	-2.014	0.000000	0.000000
1582082918372	1582082918371	-13.933	-12.612	-9.929	-9.039	1.876	-3.366	0.000000	0.000000
1582082918392	1582082918387	-11.782	-19.868	-15.903	-10.245	1.520	-3.771	0.000000	0.000000
1582082918408	1582082918408	-11.365	-25.375	-17.214	-10.023	2.592	-3.585	0.000000	0.000000
1582082918427	1582082918427	-11.926	-11.479	-15.398	-7.833	4.786	-2.713	0.000000	0.000000
1582082918449	1582082918448	-15.833	-4.908	-18.435	-3.883	6.580	-0.647	0.000000	0.000000
1582082918467	1582082918467	-18.973	-12.461	-9.752	1.119	6.920	1.078	0.000000	0.000000
1582082918488	1582082918488	-17.627	-7.196	-2.457	1.993	6.283	2.614	0.000000	0.000000
1582082918507	1582082918507	-14.072	-3.947	0.015	1.946	5.176	3.293	0.000000	0.000000
1582082918527	1582082918526	-14.625	-6.166	0.987	3.417	3.435	4.681	0.000000	0.000000
1582082918548	1582082918548	-6.691	2.961	5.029	2.700	1.696	5.583	0.000000	0.000000
1582082918572	1582082918572	-8.016	4.957	4.990	1.412	1.089	7.158	0.000000	0.000000
1582082918590	1582082918586	-12.503	-2.853	5.769	1.407	0.298	9.334	0.000000	0.000000
1582082918607	1582082918607	-16.420	-10.202	1.246	-0.364	0.909	9.688	0.000000	0.000000
1582082918627	1582082918626	-17.426	-18.795	-5.229	-2.411	1.786	8.509	0.000000	0.000000
1582082918647	1582082918646	-13.380	-16.929	-10.425	-3.059	2.375	7.971	0.000000	0.000000
1582082918668	1582082918666	-16.767	-13.239	-12.013	-3.949	3.335	7.059	0.000000	0.000000
1582082918689	1582082918686	-17.011	-11.999	-11.160	-5.797	3.935	5.832	0.000000	0.000000
1582082918708	1582082918706	-22.842	-7.924	-12.557	-6.920	3.834	5.121	0.000000	0.000000
1582082918727	1582082918725	-16.963	-11.428	-11.544	-5.374	2.182	5.123	0.000000	0.000000
1582082918747	1582082918745	-19.182	-8.036	-12.181	-4.808	2.528	5.251	0.000000	0.000000
1582082918769	1582082918769	-17.361	-8.762	-10.430	-4.361	2.274	4.632	0.000000	0.000000
1582082918786	1582082918786	-16.185	-4.273	-10.214	-4.321	2.285	3.935	0.000000	0.000000
1582082918808	1582082918808	-15.629	-2.627	-8.662	-3.944	2.000	3.036	0.000000	0.000000
1582082918826	1582082918826	-12.836	1.402	-7.725	-4.168	1.123	2.410	0.000000	0.000000
1582082918846	1582082918846	-9.841	-1.324	-6.537	-3.846	0.900	1.985	0.000000	0.000000
1582082918870	1582082918868	-10.428	1.366	-5.914	-3.841	1.182	1.998	0.000000	0.000000
1582082918889	1582082918886	-10.359	1.668	-3.964	-3.300	0.444	1.690	0.000000	0.000000
1582082918907	1582082918905	-7.068	0.726	-3.964	-2.508	-0.094	1.805	0.000000	0.000000
1582082918925	1582082918924	-8.843	5.577	-3.406	-2.254	0.054	2.077	0.000000	0.000000
1582082918946	1582082918944	-10.110	5.132	-1.660	-2.287	-0.401	1.518	0.000000	0.000000
1582082918966	1582082918964	-7.118	3.884	-2.630	-3.258	-1.134	0.877	0.000000	0.000000
1582082918986	1582082918986	-8.926	3.081	-2.400	-3.883	-0.881	0.277	0.000000	0.000000
1582082919005	1582082919005	-10.975	-2.860	1.383	-2.119	-0.981	-0.209	0.000000	0.000000
1582082919026	1582082919024	-11.784	2.583	1.632	-0.088	-2.326	-0.235	0.000000	0.000000
1582082919045	1582082919045	-11.945	7.889	1.090	-1.316	-3.347	-0.330	0.000000	0.000000
1582082919065	1582082919064	-12.326	3.716	2.087	-0.794	-3.657	-0.941	0.000000	0.000000
1582082919085	1582082919085	-12.345	2.509	2.724	-0.272	-3.658	-1.269	0.000000	0.000000
1582082919108	1582082919105	-13.866	2.980	3.038	-0.309	-4.023	-1.153	0.000000	0.000000
1582082919129	1582082919124	-15.706	2.252	2.336	0.347	-4.889	-0.834	0.000000	0.000000
1582082919144	1582082919144	-15.936	1.419	0.022	1.237	-5.802	-0.544	0.000000	0.000000
1582082919164	1582082919164	-15.504	0.961	-2.134	1.920	-6.853	-0.414	0.000000	0.000000
1582082919185	1582082919184	-14.738	-0.265	-3.842	3.044	-8.035	-0.537	0.000000	0.000000
1582082919204	1582082919203	-13.756	-1.856	-6.096	4.110	-9.252	-0.665	0.000000	0.000000
1582082919231	1582082919230	-12.065	-2.608	-8.068	5.290	-10.435	-0.974	0.000000	0.000000
1582082919244	1582082919243	-10.462	-3.631	-9.725	6.526	-11.132	-1.283	0.000000	0.000000
1582082919265	1582082919263	-7.384	-6.487	-10.056	8.519	-11.024	-1.606	0.000000	0.000000
1582082919287	1582082919287	-4.248	-5.866	-10.161	9.907	-9.470	-1.659	0.000000	0.000000
1582082919307	1582082919307	-4.777	-4.062	-9.879	10.296	-7.137	-1.180	0.000000	0.000000
1582082919324	1582082919324	-7.813	-5.392	-11.194	9.536	-6.116	-0.752	0.000000	0.000000
1582082919344	1582082919344	-6.105	-5.389	-15.324	7.931	-6.414	-0.520	0.000000	0.000000
1582082919364	1582082919364	-3.858	-1.042	-16.972	5.550	-6.124	-0.391	0.000000	0.000000
1582082919385	1582082919382	-3.204	0.595	-16.804	3.156	-5.203	-0.192	0.000000	0.000000
1582082919408	1582082919408	-4.476	3.349	-14.056	0.449	-4.703	-0.263	0.000000	0.000000
1582082919427	1582082919422	-5.235	7.970	-7.371	-2.699	-5.636	-1.234	0.000000	0.000000
1582082919444	1582082919444	-6.677	3.400	0.477	-2.716	-6.312	-1.526	0.000000	0.000000
1582082919463	1582082919463	-10.862	-1.746	6.986	-0.937	-6.201	-0.881	0.000000	0.000000
1582082919483	1582082919482	-11.466	1.021	10.914	1.233	-6.498	0.167	0.000000	0.000000
1582082919505	1582082919502	-9.945	8.564	11.262	1.787	-6.997	0.794	0.000000	0.000000
1582082919527	1582082919523	-12.177	7.860	11.449	-0.029	-6.132	1.350	0.000000	0.000000
1582082919544	1582082919541	-14.666	6.128	9.803	-1.430	-5.877	2.141	0.000000	0.000000
1582082919563	1582082919562	-13.899	9.578	11.561	-1.063	-5.600	2.198	0.000000	0.000000
1582082919582	1582082919581	-8.361	12.622	14.699	-0.548	-4.949	1.960	0.000000	0.000000
1582082919604	1582082919601	-7.079	13.324	10.773	-1.290	-3.150	2.215	0.000000	0.000000
1582082919627	1582082919622	-9.942	11.276	10.835	-0.365	-2.731	2.477	0.000000	0.000000
1582082919643	1582082919643	-3.841	6.162	12.589	0.298	-3.004	2.651	0.000000	0.000000
1582082919662	1582082919662	-2.722	7.098	9.731	-0.187	-2.008	2.844	0.000000	0.000000
1582082919685	1582082919683	-3.115	7.745	7.709	-1.255	-1.522	2.694	0.000000	0.000000
1582082919706	1582082919706	-3.326	5.596	6.856	-2.490	-1.118	3.001	0.000000	0.000000
1582082919730	1582082919730	-2.320	5.754	4.940	-3.070	-0.690	2.683	0.000000	0.000000
1582082919743	1582082919741	-1.033	6.219	3.991	-3.064	-0.384	2.200	0.000000	0.000000
1582082919766	1582082919765	-1.201	5.426	3.917	-2.364	-0.074	2.036	0.000000	0.000000
1582082919782	1582082919781	-2.595	3.742	4.382	-1.805	0.302	2.064	0.000000	0.000000
1582082919802	1582082919801	-2.710	2.801	4.648	-2.123	0.498	1.878	0.000000	0.000000
1582082919822	1582082919820	-0.796	3.488	3.907	-2.687	0.312	1.689	0.000000	0.000000
1582082919847	1582082919846	-1.019	3.694	4.027	-2.839	0.495	1.541	0.000000	0.000000
1582082919861	1582082919860	-2.526	1.349	5.517	-3.063	0.667	1.321	0.000000	0.000000
1582082919882	1582082919880	-2.506	-0.840	6.095	-3.388	0.559	0.814	0.000000	0.000000
1582082919902	1582082919900	-1.455	-1.846	5.948	-2.891	0.460	0.608	0.000000	0.000000
1582082919925	1582082919925	-1.879	-0.220	6.291	-2.044	0.422	0.581	0.000000	0.000000
1582082919942	1582082919940	-2.099	1.845	6.964	-2.298	0.271	0.578	0.000000	0.000000
1582082919964	1582082919960	-1.393	2.382	6.317	-3.021	0.303	0.506	0.000000	0.000000
1582082919981	1582082919980	-0.983	-0.682	6.262	-2.777	0.384	0.601	0.000000	0.000000
1582082920000	1582082920000	-1.033	-3.392	7.026	-2.259	0.599	0.693	0.000000	0.000000
1582082920022	1582082920021	-2.363	-3.895	8.274	-1.657	0.878	0.812	0.000000	0.000000
1582082920048	1582082920040	-2.701	-2.515	9.506	-1.460	0.862	0.711	0.000000	0.000000
1582082920062	1582082920062	-2.454	-0.903	10.497	-1.478	0.719	0.647	0.000000	0.000000
1582082920081	1582082920080	-3.108	-0.802	10.186	-2.053	0.599	0.484	0.000000	0.000000
1582082920101	1582082920099	-4.650	-0.543	7.970	-2.589	0.185	0.442	0.000000	0.000000
1582082920120	1582082920120	-3.572	-1.643	8.322	-1.970	-0.712	0.445	0.000000	0.000000
1582082920147	1582082920141	0.989	-3.576	7.882	-2.161	-1.464	0.692	0.000000	0.000000
1582082920160	1582082920159	-0.374	-4.429	7.989	-1.757	-0.049	1.173	0.000000	0.000000
1582082920186	1582082920180	-2.784	-3.931	8.480	-1.671	0.738	1.157	0.000000	0.000000
1582082920199	1582082920199	-3.376	-4.034	8.636	-2.326	0.547	1.183	0.000000	0.000000
1582082920219	1582082920219	-3.441	-4.041	7.934	-2.405	0.153	1.246	0.000000	0.000000
1582082920242	1582082920238	-2.662	-6.101	6.590	-1.644	0.026	1.375	0.000000	0.000000
1582082920263	1582082920259	-2.420	-7.299	6.135	-0.947	0.077	1.443	0.000000	0.000000
1582082920280	1582082920278	-2.368	-5.936	6.768	-0.875	0.290	1.337	0.000000	0.000000
1582082920300	1582082920298	-2.856	-4.886	6.229	-1.342	0.574	1.146	0.000000	0.000000
1582082920319	1582082920318	-3.805	-5.907	6.056	-1.496	0.660	1.079	0.000000	0.000000
1582082920339	1582082920338	-4.706	-7.160	5.448	-1.719	0.529	1.042	0.000000	0.000000
1582082920359	1582082920359	-4.576	-7.129	5.168	-1.464	0.200	0.960	0.000000	0.000000
1582082920385	1582082920385	-3.769	-6.836	4.518	-1.880	0.036	0.879	0.000000	0.000000
1582082920399	1582082920398	-4.023	-8.192	3.598	-2.299	0.142	0.881	0.000000	0.000000
1582082920419	1582082920418	-3.814	-8.214	3.388	-2.025	0.258	0.796	0.000000	0.000000
1582082920442	1582082920442	-3.625	-7.778	3.759	-2.060	0.428	0.666	0.000000	0.000000
1582082920462	1582082920461	-4.006	-9.153	3.352	-2.580	0.864	0.571	0.000000	0.000000
1582082920480	1582082920480	-5.381	-11.541	1.977	-2.799	1.306	0.450	0.000000	0.000000
1582082920500	1582082920498	-6.663	-13.697	0.875	-2.460	1.594	0.077	0.000000	0.000000
1582082920518	1582082920518	-8.740	-14.483	0.166	-2.988	2.023	-0.980	0.000000	0.000000
1582082920539	1582082920537	-12.709	-13.194	-1.686	-4.768	2.060	-2.440	0.000000	0.000000
1582082920559	1582082920559	-14.771	-13.160	-8.336	-8.047	1.679	-3.946	0.000000	0.000000
1582082920580	1582082920577	-15.241	-16.011	-17.961	-12.190	1.245	-4.928	0.000000	0.000000
1582082920599	1582082920598	-11.351	-29.706	-19.159	-10.548	0.815	-4.257	0.000000	0.000000
1582082920618	1582082920617	-8.586	-24.661	-11.692	-5.971	2.655	-3.132	0.000000	0.000000
1582082920640	1582082920639	-9.089	-4.026	-12.284	-3.551	5.648	-1.587	0.000000	0.000000
1582082920664	1582082920658	-12.263	-5.840	-12.183	-0.626	6.460	0.254	0.000000	0.000000
1582082920682	1582082920679	-10.884	-6.333	-1.291	1.555	6.143	1.864	0.000000	0.000000
1582082920698	1582082920697	-12.445	1.138	1.543	2.180	5.725	3.294	0.000000	0.000000
1582082920717	1582082920717	-9.506	-7.198	3.095	3.779	4.188	4.958	0.000000	0.000000
1582082920737	1582082920736	-9.865	-4.743	3.507	4.035	3.817	7.284	0.000000	0.000000
1582082920760	1582082920757	-6.299	10.464	5.436	2.722	2.487	8.530	0.000000	0.000000
1582082920778	1582082920777	-15.071	-3.916	6.114	0.881	2.282	8.789	0.000000	0.000000
1582082920799	1582082920797	-15.837	-9.867	1.095	-0.857	2.384	8.661	0.000000	0.000000
1582082920817	1582082920816	-13.660	-11.354	-2.472	-1.696	2.260	8.140	0.000000	0.000000
1582082920838	1582082920836	-12.922	-13.424	-7.658	-3.936	2.688	6.992	0.000000	0.000000
1582082920857	1582082920856	-15.021	-14.945	-9.891	-4.223	3.332	6.829	0.000000	0.000000
1582082920881	1582082920881	-17.797	-10.664	-11.817	-4.686	3.554	6.574	0.000000	0.000000
1582082920898	1582082920896	-19.836	-12.609	-10.365	-5.189	3.712	5.476	0.000000	0.000000
1582082920920	1582082920920	-18.908	-12.286	-11.455	-5.709	3.585	5.105	0.000000	0.000000
1582082920936	1582082920935	-18.714	-10.252	-11.211	-4.319	3.339	5.508	0.000000	0.000000
1582082920956	1582082920956	-18.726	-9.105	-10.305	-3.982	3.365	4.514	0.000000	0.000000
1582082920977	1582082920976	-15.921	-7.560	-9.651	-4.475	2.901	3.439	0.000000	0.000000
1582082921000	1582082920995	-13.658	-5.346	-9.110	-4.503	2.496	2.882	0.000000	0.000000
1582082921018	1582082921016	-12.656	-1.811	-8.865	-4.914	2.026	2.387	0.000000	0.000000
1582082921036	1582082921035	-11.561	0.506	-7.699	-4.445	1.749	1.915	0.000000	0.000000
1582082921057	1582082921055	-11.032	1.534	-6.043	-4.379	1.452	1.387	0.000000	0.000000
1582082921080	1582082921080	-10.785	1.946	-6.278	-4.163	0.842	0.909	0.000000	0.000000
1582082921096	1582082921096	-9.741	2.233	-5.320	-3.592	0.043	0.876	0.000000	0.000000
1582082921118	1582082921118	-9.746	3.793	-3.293	-3.540	-0.226	0.817	0.000000	0.000000
1582082921135	1582082921135	-10.232	4.358	-3.423	-3.562	-0.399	0.761	0.000000	0.000000
1582082921156	1582082921154	-9.147	3.203	-3.399	-3.213	-0.690	0.819	0.000000	0.000000
1582082921178	1582082921178	-9.432	6.751	-3.018	-3.608	-0.870	0.533	0.000000	0.000000
1582082921209	1582082921202	-8.332	6.629	-3.832	-3.856	-1.089	-0.133	0.000000	0.000000
1582082921218	1582082921217	-9.667	1.450	-2.529	-3.478	-1.174	-0.409	0.000000	0.000000
1582082921234	1582082921233	-10.879	-1.269	0.324	-2.006	-1.445	-0.326	0.000000	0.000000
1582082921255	1582082921253	-13.564	3.402	0.801	-0.716	-2.528	0.108	0.000000	0.000000
1582082921274	1582082921274	-15.183	5.187	1.557	0.065	-3.948	0.377	0.000000	0.000000
1582082921304	1582082921304	-12.239	4.391	2.983	0.906	-4.709	-0.299	0.000000	0.000000
1582082921316	1582082921315	-10.994	3.402	1.483	2.061	-4.438	-0.429	0.000000	0.000000
1582082921337	1582082921336	-13.653	0.060	0.317	1.508	-4.473	0.263	0.000000	0.000000
1582082921356	1582082921354	-15.684	3.733	-1.327	0.199	-5.191	-0.105	0.000000	0.000000
1582082921374	1582082921374	-15.998	0.317	-2.735	1.434	-6.454	-0.154	0.000000	0.000000
1582082921398	1582082921398	-15.282	-2.841	-4.117	2.984	-7.993	-0.255	0.000000	0.000000
1582082921418	1582082921413	-14.458	-2.285	-6.441	3.926	-9.410	-0.313	0.000000	0.000000
1582082921434	1582082921433	-12.599	-1.801	-8.645	5.075	-10.643	-0.585	0.000000	0.000000
1582082921455	1582082921454	-10.977	-2.040	-10.269	5.898	-11.300	-0.901	0.000000	0.000000
1582082921474	1582082921474	-9.667	-3.610	-10.341	6.948	-11.346	-1.369	0.000000	0.000000
1582082921495	1582082921495	-7.166	-5.806	-10.437	8.394	-10.959	-1.916	0.000000	0.000000
1582082921515	1582082921514	-5.055	-4.652	-10.942	9.261	-9.654	-1.961	0.000000	0.000000
1582082921535	1582082921535	-6.160	-3.744	-10.049	9.348	-7.669	-1.474	0.000000	0.000000
1582082921554	1582082921553	-6.895	-5.243	-10.945	8.092	-6.668	-0.962	0.000000	0.000000
1582082921573	1582082921573	-5.503	-4.577	-15.510	6.544	-6.421	-1.037	0.000000	0.000000
1582082921597	1582082921595	-3.060	-2.733	-16.588	5.242	-5.510	-0.921	0.000000	0.000000
1582082921619	1582082921613	-2.995	0.724	-15.410	2.415	-4.606	-0.498	0.000000	0.000000
1582082921635	1582082921635	-4.121	5.869	-11.488	-1.456	-4.948	-0.996	0.000000	0.000000
1582082921655	1582082921652	-4.559	5.127	-4.628	-3.251	-5.715	-1.848	0.000000	0.000000
1582082921673	1582082921673	-8.622	-0.725	4.281	-2.721	-6.051	-1.793	0.000000	0.000000
1582082921694	1582082921692	-10.445	-0.225	10.404	-2.245	-5.463	-1.244	0.000000	0.000000
1582082921719	1582082921719	-9.499	4.751	10.335	-1.310	-5.814	-0.057	0.000000	0.000000
1582082921736	1582082921736	-13.384	6.339	11.420	-0.586	-5.034	0.589	0.000000	0.000000
1582082921754	1582082921753	-13.138	4.485	13.145	0.293	-4.471	0.712	0.000000	0.000000
1582082921774	1582082921772	-15.061	4.087	11.072	0.446	-3.782	1.291	0.000000	0.000000
1582082921792	1582082921792	-15.409	8.617	12.126	0.060	-3.563	1.050	0.000000	0.000000
1582082921814	1582082921814	-6.164	12.737	13.252	0.123	-3.709	0.914	0.000000	0.000000
1582082921834	1582082921834	-12.819	10.854	10.143	-0.634	-2.450	1.858	0.000000	0.000000
1582082921854	1582082921851	-8.605	8.787	10.799	0.533	-2.964	1.534	0.000000	0.000000
1582082921873	1582082921871	-4.909	7.913	11.307	0.295	-3.221	2.079	0.000000	0.000000
1582082921893	1582082921892	-6.119	5.960	10.665	-0.366	-2.764	2.390	0.000000	0.000000
1582082921912	1582082921912	-2.324	5.398	9.841	-0.236	-2.857	2.012	0.000000	0.000000
1582082921935	1582082921934	-1.084	4.655	9.798	-0.611	-2.286	1.892	0.000000	0.000000
1582082921954	1582082921953	-1.141	5.903	7.194	-1.595	-1.565	1.833	0.000000	0.000000
1582082921972	1582082921971	-2.214	4.705	6.667	-1.658	-1.031	1.866	0.000000	0.000000
1582082921992	1582082921992	-1.697	5.982	7.644	-1.329	-0.799	1.469	0.000000	0.000000
1582082922015	1582082922015	-0.810	7.144	7.609	-1.609	-0.685	1.496	0.000000	0.000000
1582082922036	1582082922036	-2.344	6.059	6.859	-1.761	-0.208	1.812	0.000000	0.000000
1582082922052	1582082922051	-2.847	5.220	5.716	-2.233	0.071	1.777	0.000000	0.000000
1582082922073	1582082922070	-3.127	4.839	4.401	-2.490	0.095	1.787	0.000000	0.000000
1582082922092	1582082922091	-3.285	4.554	3.531	-2.738	0.076	1.692	0.000000	0.000000
1582082922111	1582082922110	-3.228	3.896	3.704	-3.066	-0.015	1.615	0.000000	0.000000
1582082922137	1582082922132	-2.195	3.699	2.633	-3.748	0.114	1.558	0.000000	0.000000
1582082922153	1582082922152	-2.502	2.518	2.770	-3.542	0.372	1.506	0.000000	0.000000
1582082922171	1582082922170	-3.079	2.894	3.407	-3.524	0.572	1.180	0.000000	0.000000
1582082922191	1582082922189	-2.418	1.423	3.498	-3.070	0.278	0.742	0.000000	0.000000
1582082922210	1582082922209	-1.304	-0.486	4.046	-2.247	0.058	0.740	0.000000	0.000000
1582082922234	1582082922234	-1.052	-1.755	6.413	-1.865	0.188	0.968	0.000000	0.000000
1582082922251	1582082922250	-1.371	-3.461	7.764	-2.215	0.789	0.975	0.000000	0.000000
1582082922271	1582082922269	-2.612	-3.945	7.793	-2.109	1.227	0.840	0.000000	0.000000
1582082922291	1582082922289	-2.547	-2.690	7.788	-1.688	0.772	0.789	0.000000	0.000000
1582082922310	1582082922309	-2.394	-0.833	9.769	-1.100	0.422	0.822	0.000000	0.000000
1582082922331	1582082922330	-2.339	-0.824	10.677	-1.165	0.483	0.859	0.000000	0.000000
1582082922356	1582082922349	-2.641	-0.972	9.959	-2.247	0.465	0.833	0.000000	0.000000
1582082922375	1582082922373	-3.311	-1.916	9.487	-2.185	-0.013	0.967	0.000000	0.000000
1582082922390	1582082922389	-2.820	-1.348	8.756	-1.834	-0.542	1.031	0.000000	0.000000
1582082922410	1582082922409	-0.365	-3.475	7.927	-1.849	-0.847	1.066	0.000000	0.000000
1582082922434	1582082922433	-0.248	-5.662	6.339	-1.879	-0.161	1.271	0.000000	0.000000
1582082922452	1582082922452	-1.941	-5.744	7.482	-1.428	0.913	1.359	0.000000	0.000000
1582082922471	1582082922469	-4.648	-5.627	7.882	-1.572	1.206	1.274	0.000000	0.000000
1582082922493	1582082922490	-4.423	-5.627	7.022	-1.999	0.630	1.043	0.000000	0.000000
1582082922509	1582082922508	-2.727	-5.495	5.891	-1.774	0.174	0.875	0.000000	0.000000
1582082922530	1582082922528	-1.627	-5.761	4.818	-1.389	0.225	0.855	0.000000	0.000000
1582082922556	1582082922554	-2.360	-5.785	4.779	-1.046	0.636	0.935	0.000000	0.000000
1582082922574	1582082922569	-3.704	-5.830	5.687	-1.058	0.771	0.906	0.000000	0.000000
1582082922589	1582082922589	-3.922	-5.993	5.644	-1.429	0.421	0.841	0.000000	0.000000
1582082922609	1582082922609	-3.165	-6.525	4.902	-1.509	0.480	0.833	0.000000	0.000000
1582082922630	1582082922629	-3.640	-7.179	4.593	-1.390	0.864	0.810	0.000000	0.000000
1582082922650	1582082922650	-4.780	-7.706	4.928	-1.733	0.973	0.765	0.000000	0.000000
1582082922669	1582082922668	-5.355	-7.411	4.545	-2.260	0.890	0.582	0.000000	0.000000
1582082922690	1582082922689	-4.552	-7.708	3.567	-2.691	0.724	0.469	0.000000	0.000000
1582082922709	1582082922708	-5.247	-8.068	3.503	-2.615	0.827	0.477	0.000000	0.000000
1582082922728	1582082922728	-6.334	-8.901	4.427	-2.341	0.940	0.437	0.000000	0.000000
1582082922750	1582082922748	-5.997	-9.814	4.073	-2.671	0.687	0.265	0.000000	0.000000
1582082922769	1582082922769	-4.696	-12.058	2.238	-2.746	0.474	0.051	0.000000	0.000000
1582082922790	1582082922787	-6.327	-15.079	-0.996	-2.895	1.148	-0.495	0.000000	0.000000
1582082922809	1582082922808	-12.637	-18.121	-2.575	-3.420	2.017	-1.826	0.000000	0.000000
1582082922828	1582082922827	-16.614	-19.219	-5.794	-5.807	0.909	-3.283	0.000000	0.000000
1582082922853	1582082922847	-11.863	-19.549	-9.661	-9.581	-0.627	-4.003	0.000000	0.000000
1582082922870	1582082922870	-11.080	-21.818	-10.899	-12.581	-0.255	-4.293	0.000000	0.000000
1582082922890	1582082922889	-13.543	-22.242	-10.880	-12.379	1.938	-3.859	0.000000	0.000000
1582082922908	1582082922907	-11.533	-15.534	-11.050	-8.168	4.707	-2.756	0.000000	0.000000
1582082922927	1582082922927	-11.995	-8.880	-10.355	-4.461	6.402	-1.514	0.000000	0.000000
1582082922948	1582082922948	-12.939	-10.561	-7.165	-1.593	6.052	0.187	0.000000	0.000000
1582082922971	1582082922971	-9.727	1.831	-1.688	1.228	5.770	2.444	0.000000	0.000000
1582082922990	1582082922987	-9.705	0.918	-0.107	2.598	6.078	3.530	0.000000	0.000000
1582082923009	1582082923009	-11.008	-5.883	0.206	4.724	4.278	6.160	0.000000	0.000000
1582082923028	1582082923026	-8.723	-1.545	3.443	5.286	3.212	8.086	0.000000	0.000000
1582082923048	1582082923046	-7.362	4.835	5.951	3.190	1.722	8.436	0.000000	0.000000
1582082923068	1582082923068	-8.723	-4.458	5.675	2.205	1.397	8.574	0.000000	0.000000
1582082923093	1582082923093	-12.711	-13.637	0.959	0.378	2.473	8.746	0.000000	0.000000
1582082923109	1582082923107	-13.212	-13.338	-2.776	-1.690	2.562	7.870	0.000000	0.000000
1582082923128	1582082923126	-12.833	-18.014	-5.921	-2.809	3.190	7.282	0.000000	0.000000
1582082923146	1582082923146	-15.423	-14.861	-9.232	-3.207	3.917	7.040	0.000000	0.000000
1582082923170	1582082923168	-16.597	-12.310	-8.300	-3.322	4.076	6.414	0.000000	0.000000
1582082923192	1582082923192	-17.330	-13.810	-8.250	-4.471	4.141	5.246	0.000000	0.000000
1582082923207	1582082923206	-17.651	-12.794	-9.812	-3.814	4.089	5.123	0.000000	0.000000
1582082923231	1582082923226	-19.155	-10.020	-6.594	-3.654	3.235	4.927	0.000000	0.000000
1582082923247	1582082923246	-16.877	-10.552	-8.554	-3.229	3.028	4.527	0.000000	0.000000
1582082923266	1582082923265	-15.437	-5.337	-8.525	-3.592	3.418	3.606	0.000000	0.000000
1582082923290	1582082923288	-15.845	-4.081	-7.694	-4.314	2.990	2.455	0.000000	0.000000
1582082923305	1582082923304	-11.885	-4.477	-9.124	-4.294	1.793	2.067	0.000000	0.000000
1582082923326	1582082923325	-10.122	0.549	-9.232	-3.665	1.238	2.219	0.000000	0.000000
1582082923346	1582082923345	-10.378	0.947	-8.956	-3.653	0.883	1.927	0.000000	0.000000
1582082923365	1582082923365	-8.883	1.982	-8.487	-4.697	0.333	1.362	0.000000	0.000000
1582082923391	1582082923391	-9.933	3.304	-8.793	-5.704	0.248	1.007	0.000000	0.000000
1582082923406	1582082923405	-10.412	-0.253	-7.886	-5.081	0.025	0.942	0.000000	0.000000
1582082923430	1582082923425	-7.992	0.906	-7.986	-4.111	-0.687	0.949	0.000000	0.000000
1582082923447	1582082923445	-7.750	5.611	-7.169	-3.413	-0.905	0.751	0.000000	0.000000
1582082923465	1582082923464	-9.518	7.218	-7.634	-4.150	-1.388	0.188	0.000000	0.000000
1582082923487	1582082923487	-9.770	5.498	-7.471	-4.834	-2.236	-0.429	0.000000	0.000000
1582082923506	1582082923506	-6.861	5.005	-6.741	-5.124	-2.696	-0.782	0.000000	0.000000
1582082923528	1582082923525	-8.122	2.085	-2.532	-5.083	-2.273	-0.588	0.000000	0.000000
1582082923546	1582082923544	-11.700	-2.709	3.589	-3.406	-1.703	-0.415	0.000000	0.000000
1582082923565	1582082923564	-11.796	-1.185	1.914	-1.538	-2.397	0.098	0.000000	0.000000
1582082923589	1582082923584	-12.575	2.085	2.971	0.116	-3.520	1.137	0.000000	0.000000
1582082923614	1582082923614	-11.468	3.893	2.691	2.225	-4.355	0.361	0.000000	0.000000
1582082923627	1582082923626	-9.008	-1.137	3.721	3.813	-4.141	0.074	0.000000	0.000000
1582082923646	1582082923645	-11.856	-1.245	2.968	3.214	-3.747	0.785	0.000000	0.000000
1582082923667	1582082923664	-13.011	0.211	0.698	3.190	-4.645	1.360	0.000000	0.000000
1582082923685	1582082923684	-11.837	-0.756	-0.143	3.944	-6.021	1.418	0.000000	0.000000
1582082923708	1582082923704	-12.215	-3.701	-0.524	4.697	-6.824	1.364	0.000000	0.000000
1582082923729	1582082923724	-11.648	-3.598	-2.230	4.906	-7.766	1.193	0.000000	0.000000
1582082923745	1582082923743	-11.317	-4.122	-3.952	5.638	-8.685	0.902	0.000000	0.000000
1582082923764	1582082923764	-10.749	-8.070	-5.622	7.642	-9.711	0.655	0.000000	0.000000
1582082923784	1582082923783	-8.677	-9.134	-7.979	9.348	-10.197	0.685	0.000000	0.000000
1582082923805	1582082923805	-7.190	-6.427	-9.883	9.796	-9.336	0.878	0.000000	0.000000
1582082923826	1582082923826	-8.201	-6.343	-10.418	9.480	-8.184	1.032	0.000000	0.000000
1582082923845	1582082923845	-9.528	-9.107	-11.417	8.348	-7.878	1.061	0.000000	0.000000
1582082923863	1582082923863	-7.772	-9.479	-17.858	7.578	-7.717	0.812	0.000000	0.000000
1582082923883	1582082923883	-2.147	-6.719	-23.423	6.956	-6.106	0.839	0.000000	0.000000
1582082923906	1582082923906	-1.436	0.966	-20.680	2.226	-4.154	1.392	0.000000	0.000000
1582082923937	1582082923927	-2.696	4.238	-13.690	-3.521	-5.093	0.083	0.000000	0.000000
1582082923944	1582082923944	-3.175	1.615	-7.299	-5.617	-5.951	-1.530	0.000000	0.000000
1582082923966	1582082923966	-7.959	-1.475	-0.299	-5.208	-5.789	-1.401	0.000000	0.000000
1582082923982	1582082923982	-12.565	-2.347	5.977	-3.030	-6.122	-0.656	0.000000	0.000000
1582082924007	1582082924002	-11.133	0.048	7.204	-2.119	-7.170	-0.112	0.000000	0.000000
1582082924023	1582082924023	-9.703	2.554	9.036	-0.494	-7.091	0.142	0.000000	0.000000
1582082924044	1582082924043	-12.604	3.342	10.874	-0.004	-6.239	0.492	0.000000	0.000000
1582082924062	1582082924062	-13.581	5.417	13.602	0.331	-5.909	0.906	0.000000	0.000000
1582082924083	1582082924082	-11.535	8.732	13.645	0.095	-5.236	1.264	0.000000	0.000000
1582082924103	1582082924101	-11.729	9.094	9.863	-0.798	-3.084	1.482	0.000000	0.000000
1582082924136	1582082924126	-10.031	9.082	11.161	-0.192	-2.718	1.283	0.000000	0.000000
1582082924145	1582082924142	-6.217	10.009	13.003	1.338	-3.450	1.419	0.000000	0.000000
1582082924167	1582082924165	-4.562	9.525	12.522	1.944	-3.125	1.974	0.000000	0.000000
1582082924183	1582082924181	-4.916	9.700	11.772	1.257	-2.593	2.461	0.000000	0.000000
1582082924203	1582082924201	-6.660	8.332	10.850	0.146	-2.419	2.852	0.000000	0.000000
1582082924223	1582082924223	-5.161	7.712	10.486	-0.585	-2.325	2.591	0.000000	0.000000
1582082924249	1582082924242	-1.927	6.322	9.865	-1.068	-2.144	2.478	0.000000	0.000000
1582082924264	1582082924261	-0.221	5.187	7.747	-1.739	-1.560	2.503	0.000000	0.000000
1582082924282	1582082924281	-0.092	5.992	5.948	-1.900	-1.195	2.337	0.000000	0.000000
1582082924302	1582082924301	0.375	5.592	4.964	-1.689	-1.222	2.180	0.000000	0.000000
1582082924323	1582082924323	0.011	3.649	5.041	-1.326	-0.733	2.275	0.000000	0.000000
1582082924347	1582082924347	-0.923	3.079	6.066	-1.472	0.027	2.099	0.000000	0.000000
1582082924361	1582082924361	-1.517	3.347	6.087	-2.295	0.610	1.926	0.000000	0.000000
1582082924385	1582082924385	-1.601	3.924	4.981	-2.579	0.789	1.951	0.000000	0.000000
1582082924402	1582082924400	-1.876	3.440	4.619	-2.021	0.832	1.961	0.000000	0.000000
1582082924421	1582082924420	-1.999	2.128	4.710	-1.595	0.892	1.698	0.000000	0.000000
1582082924444	1582082924443	-1.809	1.076	4.676	-1.722	0.937	1.400	0.000000	0.000000
1582082924462	1582082924461	-1.570	1.277	4.880	-2.326	0.858	1.158	0.000000	0.000000
1582082924481	1582082924480	-2.063	1.376	5.017	-2.445	0.765	1.107	0.000000	0.000000
1582082924501	1582082924500	-2.511	0.942	4.957	-2.275	0.820	0.982	0.000000	0.000000
1582082924521	1582082924520	-1.824	1.788	4.868	-2.700	0.660	0.677	0.000000	0.000000
1582082924541	1582082924542	-0.949	2.209	5.647	-2.780	0.049	0.589	0.000000	0.000000
1582082924561	1582082924560	-0.049	-1.073	6.337	-2.454	-0.008	0.561	0.000000	0.000000
1582082924585	1582082924585	-0.746	-2.405	7.230	-2.166	0.465	0.625	0.000000	0.000000
1582082924601	1582082924599	-2.231	-3.236	8.713	-1.240	0.728	0.739	0.000000	0.000000
1582082924620	1582082924619	-1.881	-2.388	8.569	-1.552	0.773	0.545	0.000000	0.000000
1582082924641	1582082924641	-1.388	-1.106	8.349	-2.472	0.635	0.475	0.000000	0.000000
1582082924663	1582082924660	-2.384	-1.787	8.368	-2.538	0.582	0.666	0.000000	0.000000
1582082924684	1582082924684	-2.042	-2.024	8.318	-2.404	0.490	0.751	0.000000	0.000000
1582082924700	1582082924699	-0.724	-1.664	7.918	-1.903	0.213	0.814	0.000000	0.000000
1582082924720	1582082924719	-2.329	-2.699	8.325	-1.801	0.535	0.851	0.000000	0.000000
1582082924742	1582082924742	-3.343	-4.434	9.075	-1.839	0.363	0.852	0.000000	0.000000
1582082924761	1582082924762	-2.645	-5.001	9.362	-2.120	0.066	0.889	0.000000	0.000000
1582082924781	1582082924779	-2.070	-4.793	8.461	-2.297	0.089	0.926	0.000000	0.000000
1582082924802	1582082924800	-2.777	-4.582	7.853	-1.828	0.313	1.037	0.000000	0.000000
1582082924819	1582082924818	-2.885	-4.338	7.089	-1.835	0.320	1.010	0.000000	0.000000
1582082924839	1582082924838	-2.701	-3.974	5.889	-1.888	0.216	1.018	0.000000	0.000000
1582082924863	1582082924860	-2.303	-4.244	5.793	-1.226	0.156	1.113	0.000000	0.000000
1582082924883	1582082924879	-2.420	-4.762	6.317	-1.396	0.539	1.141	0.000000	0.000000
1582082924900	1582082924899	-3.735	-6.163	5.498	-1.566	0.991	1.177	0.000000	0.000000
1582082924920	1582082924918	-4.579	-7.706	4.537	-1.181	1.040	1.223	0.000000	0.000000
1582082924938	1582082924938	-4.993	-8.338	4.446	-1.304	0.909	1.132	0.000000	0.000000
1582082924959	1582082924959	-4.801	-9.119	4.116	-1.516	0.707	0.993	0.000000	0.000000
1582082924982	1582082924982	-4.689	-9.677	3.373	-1.801	0.545	0.804	0.000000	0.000000
1582082925001	1582082924999	-5.194	-8.726	3.709	-1.941	0.323	0.508	0.000000	0.000000
1582082925019	1582082925018	-4.919	-9.862	4.224	-2.324	0.012	0.286	0.000000	0.000000
1582082925039	1582082925038	-3.798	-9.905	3.491	-3.609	0.219	0.195	0.000000	0.000000
1582082925058	1582082925057	-3.630	-7.560	2.159	-3.642	1.111	0.008	0.000000	0.000000
1582082925084	1582082925080	-5.482	-8.951	1.102	-2.542	1.959	0.385	0.000000	0.000000
1582082925100	1582082925097	-8.074	-13.014	1.265	-1.963	2.214	0.310	0.000000	0.000000
1582082925119	1582082925117	-9.796	-14.241	0.951	-2.205	1.950	-0.660	0.000000	0.000000
1582082925138	1582082925137	-9.365	-12.813	-1.408	-3.213	1.425	-1.428	0.000000	0.000000
1582082925160	1582082925160	-8.855	-10.722	-4.783	-5.544	1.263	-1.997	0.000000	0.000000
1582082925178	1582082925177	-9.705	-11.361	-9.481	-8.020	1.172	-2.014	0.000000	0.000000
1582082925199	1582082925199	-9.964	-18.256	-13.266	-9.876	1.449	-1.476	0.000000	0.000000
1582082925217	1582082925217	-10.991	-24.649	-14.040	-9.106	2.657	-1.200	0.000000	0.000000
1582082925239	1582082925236	-11.116	-22.021	-15.120	-6.288	4.095	-1.224	0.000000	0.000000
1582082925257	1582082925257	-14.793	-18.802	-14.420	-3.032	5.337	-0.833	0.000000	0.000000
1582082925282	1582082925281	-13.804	-12.499	-8.396	-2.053	5.858	-0.450	0.000000	0.000000
1582082925297	1582082925297	-13.497	-4.896	-6.125	-1.040	5.713	0.298	0.000000	0.000000
1582082925319	1582082925316	-9.106	-5.504	-2.465	1.553	4.870	1.910	0.000000	0.000000
1582082925337	1582082925336	-9.453	-1.710	-0.970	4.172	4.257	4.276	0.000000	0.000000
1582082925357	1582082925356	-7.659	3.083	2.604	4.978	3.610	4.745	0.000000	0.000000
1582082925378	1582082925376	-8.385	2.384	2.075	2.678	3.385	5.796	0.000000	0.000000
1582082925405	1582082925397	-9.039	4.633	6.320	3.051	1.920	7.458	0.000000	0.000000
1582082925418	1582082925418	-9.686	-3.118	6.061	2.368	1.492	8.628	0.000000	0.000000
1582082925438	1582082925435	-11.734	-7.828	-0.373	-0.414	2.340	7.980	0.000000	0.000000
1582082925456	1582082925456	-13.806	-11.644	-5.413	-2.201	2.769	6.710	0.000000	0.000000
1582082925481	1582082925480	-13.559	-18.526	-7.378	-1.544	3.189	6.541	0.000000	0.000000
1582082925497	1582082925495	-13.092	-11.232	-7.493	-2.931	3.720	6.137	0.000000	0.000000
1582082925518	1582082925518	-17.155	-11.819	-8.492	-4.115	4.670	5.042	0.000000	0.000000
1582082925537	1582082925536	-17.181	-12.111	-8.243	-3.368	4.625	4.693	0.000000	0.000000
1582082925556	1582082925555	-15.749	-9.169	-9.059	-2.892	3.827	4.620	0.000000	0.000000
1582082925580	1582082925579	-15.057	-7.665	-7.771	-3.274	3.341	4.019	0.000000	0.000000
1582082925602	1582082925596	-16.036	-4.958	-9.962	-4.718	3.174	3.111	0.000000	0.000000
1582082925618	1582082925616	-12.484	-7.212	-9.670	-4.058	2.475	2.403	0.000000	0.000000
1582082925637	1582082925635	-11.255	-4.573	-10.054	-4.487	2.442	2.139	0.000000	0.000000
1582082925656	1582082925655	-11.025	0.298	-8.863	-4.669	1.881	1.572	0.000000	0.000000
1582082925676	1582082925675	-8.390	-3.598	-10.791	-4.088	0.813	1.228	0.000000	0.000000
1582082925697	1582082925697	-6.157	-1.121	-10.243	-3.449	0.159	1.641	0.000000	0.000000
1582082925717	1582082925715	-6.792	3.718	-9.766	-3.405	0.429	1.629	0.000000	0.000000
1582082925737	1582082925735	-10.088	-0.244	-9.752	-3.095	0.740	1.090	0.000000	0.000000
1582082925756	1582082925754	-10.316	-0.014	-7.696	-3.236	-0.058	0.709	0.000000	0.000000
1582082925776	1582082925774	-8.023	1.256	-8.633	-4.012	-0.809	0.365	0.000000	0.000000
1582082925796	1582082925794	-8.550	2.930	-7.296	-3.440	-0.828	0.250	0.000000	0.000000
1582082925816	1582082925816	-9.722	4.789	-6.750	-2.168	-1.053	0.037	0.000000	0.000000
1582082925839	1582082925835	-8.301	5.362	-6.597	-1.326	-1.624	-0.129	0.000000	0.000000
1582082925854	1582082925854	-8.045	6.751	-5.845	-1.440	-2.151	-0.115	0.000000	0.000000
1582082925875	1582082925874	-6.993	7.630	-5.107	-1.550	-2.480	-0.272	0.000000	0.000000
1582082925897	1582082925897	-8.050	5.819	-4.208	-2.022	-2.470	-0.228	0.000000	0.000000
1582082925915	1582082925914	-7.992	2.710	-2.220	-2.338	-2.436	-0.292	0.000000	0.000000
1582082925942	1582082925935	-9.770	1.105	1.301	-2.306	-2.244	0.267	0.000000	0.000000
1582082925955	1582082925954	-8.368	1.325	2.554	-1.607	-2.276	0.794	0.000000	0.000000
1582082925975	1582082925974	-11.415	1.371	3.548	-0.779	-2.550	1.499	0.000000	0.000000
1582082925998	1582082925993	-12.898	1.071	3.491	0.827	-4.478	0.947	0.000000	0.000000
1582082926016	1582082926015	-9.662	0.743	3.661	2.071	-6.053	0.493	0.000000	0.000000
1582082926037	1582082926033	-11.844	-0.555	4.684	2.212	-6.061	0.685	0.000000	0.000000
1582082926055	1582082926053	-14.022	0.611	3.733	1.492	-6.340	0.536	0.000000	0.000000
1582082926074	1582082926073	-13.617	0.005	2.211	2.239	-7.284	0.374	0.000000	0.000000
1582082926094	1582082926094	-12.493	-1.583	0.856	3.067	-7.979	0.281	0.000000	0.000000
1582082926116	1582082926116	-12.833	-2.244	-1.451	3.176	-8.358	0.057	0.000000	0.000000
1582082926136	1582082926133	-12.393	-4.546	-4.556	4.174	-8.819	-0.596	0.000000	0.000000
1582082926156	1582082926154	-10.383	-7.929	-6.915	6.421	-9.180	-1.326	0.000000	0.000000
1582082926173	1582082926172	-7.851	-8.060	-8.609	8.665	-8.464	-1.561	0.000000	0.000000
1582082926194	1582082926192	-7.916	-5.864	-10.715	9.429	-7.282	-1.300	0.000000	0.000000
1582082926214	1582082926214	-8.002	-6.017	-11.505	8.188	-7.010	-1.226	0.000000	0.000000
1582082926237	1582082926237	-7.372	-4.910	-14.567	6.422	-6.806	-1.573	0.000000	0.000000
1582082926255	1582082926253	-5.434	-2.139	-19.049	5.611	-5.687	-1.706	0.000000	0.000000
1582082926274	1582082926272	-3.949	1.924	-19.362	3.972	-4.446	-1.217	0.000000	0.000000
1582082926293	1582082926292	-3.836	6.322	-13.733	0.985	-4.547	-1.445	0.000000	0.000000
1582082926317	1582082926313	-2.581	5.091	-6.822	-1.471	-5.463	-2.541	0.000000	0.000000
1582082926335	1582082926332	-3.860	0.724	-1.861	-1.800	-5.336	-2.387	0.000000	0.000000
1582082926354	1582082926354	-8.747	-0.579	5.572	0.042	-5.190	-1.219	0.000000	0.000000
1582082926372	1582082926372	-12.019	2.597	9.594	1.134	-5.814	-0.849	0.000000	0.000000
1582082926393	1582082926392	-7.671	4.444	10.394	0.840	-6.415	-0.768	0.000000	0.000000
1582082926413	1582082926412	-9.120	2.652	12.670	0.623	-5.760	-0.211	0.000000	0.000000
1582082926437	1582082926436	-11.284	2.925	12.960	-0.499	-4.874	0.370	0.000000	0.000000
1582082926452	1582082926452	-14.613	4.748	12.234	-0.465	-4.551	0.910	0.000000	0.000000
1582082926473	1582082926471	-9.147	6.440	12.797	-0.840	-3.970	0.848	0.000000	0.000000
1582082926493	1582082926491	-13.892	7.954	9.812	-1.427	-2.785	1.037	0.000000	0.000000
1582082926511	1582082926511	-9.686	7.913	12.273	0.329	-2.822	0.757	0.000000	0.000000
1582082926534	1582082926534	-6.732	7.338	12.618	1.655	-2.760	1.116	0.000000	0.000000
1582082926559	1582082926553	-6.859	7.515	11.662	2.231	-2.312	1.509	0.000000	0.000000
1582082926573	1582082926573	-6.871	9.865	9.779	1.532	-2.138	1.720	0.000000	0.000000
1582082926591	1582082926591	-6.334	8.253	10.612	0.762	-2.516	2.088	0.000000	0.000000
1582082926611	1582082926610	-4.612	6.473	11.425	-0.128	-2.597	2.371	0.000000	0.000000
1582082926636	1582082926636	-2.677	6.073	8.928	-1.375	-2.098	2.636	0.000000	0.000000
