1582082030917	1582082030914	-6.902	5.560	9.410	-1.163	-3.495	2.429	0.000000	0.000000
1582082030935	1582082030934	-5.640	4.691	8.775	-1.579	-2.958	2.527	0.000000	0.000000
1582082030956	1582082030955	-6.703	4.360	7.724	-1.245	-2.266	2.573	0.000000	0.000000
1582082030972	1582082030970	-6.136	5.340	7.204	-0.339	-1.958	2.209	0.000000	0.000000
1582082030991	1582082030990	-3.527	6.231	7.676	0.079	-1.781	2.029	0.000000	0.000000
1582082031011	1582082031010	-2.140	7.249	7.865	-0.539	-1.304	2.143	0.000000	0.000000
1582082031033	1582082031033	-2.923	6.873	7.240	-1.785	-0.765	2.284	0.000000	0.000000
1582082031051	1582082031050	-3.970	5.611	5.800	-2.942	-0.430	2.166	0.000000	0.000000
1582082031071	1582082031070	-3.604	3.934	5.584	-3.395	-0.443	1.878	0.000000	0.000000
1582082031092	1582082031091	-2.300	3.079	4.734	-3.491	-0.667	1.637	0.000000	0.000000
1582082031113	1582082031111	-1.261	1.907	3.872	-3.326	-0.724	1.648	0.000000	0.000000
1582082031133	1582082031131	-1.735	0.427	3.541	-2.755	-0.386	1.615	0.000000	0.000000
1582082031154	1582082031152	-1.584	0.283	4.384	-2.528	-0.271	1.256	0.000000	0.000000
1582082031183	1582082031183	-0.921	-0.395	5.481	-2.078	-0.709	0.945	0.000000	0.000000
1582082031191	1582082031191	0.596	-0.771	4.832	-1.730	-0.487	0.468	0.000000	0.000000
1582082031210	1582082031209	1.163	0.954	3.929	-2.587	0.352	0.291	0.000000	0.000000
1582082031233	1582082031229	-0.192	0.767	4.319	-3.211	1.118	0.630	0.000000	0.000000
1582082031250	1582082031249	-2.145	-1.044	5.556	-2.764	1.396	0.738	0.000000	0.000000
1582082031270	1582082031269	-3.532	-2.663	7.017	-2.024	1.028	0.602	0.000000	0.000000
1582082031290	1582082031289	-3.285	-1.808	7.271	-1.792	0.395	0.391	0.000000	0.000000
1582082031310	1582082031309	-2.368	-0.752	7.357	-1.648	0.111	0.363	0.000000	0.000000
1582082031330	1582082031329	-2.911	-0.974	7.350	-2.063	0.179	0.280	0.000000	0.000000
1582082031353	1582082031352	-2.423	-2.256	8.157	-2.387	-0.213	0.248	0.000000	0.000000
1582082031370	1582082031368	-1.728	-2.982	9.039	-2.442	-0.388	0.298	0.000000	0.000000
1582082031390	1582082031388	-1.409	-3.566	8.524	-2.094	-0.210	0.568	0.000000	0.000000
1582082031410	1582082031408	-1.654	-4.493	8.423	-1.955	0.121	0.708	0.000000	0.000000
1582082031429	1582082031428	-2.102	-3.897	8.320	-2.110	0.311	0.839	0.000000	0.000000
1582082031449	1582082031448	-2.248	-2.987	8.675	-1.719	0.259	1.018	0.000000	0.000000
1582082031469	1582082031468	-1.699	-3.940	8.143	-1.303	0.169	1.123	0.000000	0.000000
1582082031489	1582082031488	-1.927	-4.719	7.635	-1.459	0.387	1.204	0.000000	0.000000
1582082031509	1582082031508	-2.523	-4.101	6.519	-1.852	0.492	1.258	0.000000	0.000000
1582082031529	1582082031528	-2.368	-4.795	5.491	-1.500	0.207	1.342	0.000000	0.000000
1582082031553	1582082031552	-2.480	-6.549	5.663	-0.973	-0.008	1.563	0.000000	0.000000
1582082031569	1582082031568	-2.729	-8.817	5.287	-1.298	0.414	1.499	0.000000	0.000000
1582082031589	1582082031588	-3.414	-9.696	4.578	-1.777	0.659	1.433	0.000000	0.000000
1582082031609	1582082031608	-3.577	-8.662	4.015	-1.991	0.513	1.299	0.000000	0.000000
1582082031629	1582082031629	-3.113	-7.701	3.304	-2.030	0.585	1.154	0.000000	0.000000
1582082031648	1582082031647	-3.556	-8.190	3.287	-2.286	0.874	0.983	0.000000	0.000000
1582082031669	1582082031667	-4.425	-9.443	2.813	-2.208	1.054	0.812	0.000000	0.000000
1582082031688	1582082031687	-4.730	-10.245	2.365	-2.083	0.990	0.613	0.000000	0.000000
1582082031708	1582082031707	-4.682	-10.372	2.238	-2.489	0.939	0.387	0.000000	0.000000
1582082031730	1582082031729	-4.763	-9.373	1.670	-3.031	1.193	-0.020	0.000000	0.000000
1582082031752	1582082031747	-5.755	-10.003	1.019	-2.527	1.344	-0.026	0.000000	0.000000
1582082031773	1582082031768	-6.529	-12.700	0.115	-1.974	1.434	-0.132	0.000000	0.000000
1582082031789	1582082031788	-7.499	-14.892	-1.557	-2.058	1.837	-0.734	0.000000	0.000000
1582082031809	1582082031808	-10.242	-15.307	-2.436	-3.082	2.184	-1.721	0.000000	0.000000
1582082031829	1582082031828	-12.031	-14.423	-6.242	-5.858	1.886	-2.818	0.000000	0.000000
1582082031850	1582082031850	-13.186	-16.457	-14.109	-8.919	0.995	-3.396	0.000000	0.000000
1582082031872	1582082031870	-13.147	-25.775	-16.531	-11.567	0.451	-3.420	0.000000	0.000000
1582082031894	1582082031887	-8.215	-31.251	-14.773	-12.050	2.223	-2.997	0.000000	0.000000
1582082031909	1582082031907	-10.598	-23.550	-14.138	-6.674	5.661	-2.508	0.000000	0.000000
1582082031929	1582082031927	-14.877	-18.002	-9.459	-2.174	7.204	-1.954	0.000000	0.000000
1582082031954	1582082031947	-13.231	-3.605	-7.287	-1.533	7.280	0.036	0.000000	0.000000
1582082031973	1582082031969	-7.400	6.418	-4.115	2.248	6.130	2.491	0.000000	0.000000
1582082031989	1582082031987	-10.963	2.073	-1.588	4.775	5.664	3.906	0.000000	0.000000
1582082032008	1582082032007	-9.827	11.240	1.847	3.811	4.002	5.534	0.000000	0.000000
1582082032028	1582082032027	-9.384	11.858	5.723	3.060	1.551	7.433	0.000000	0.000000
1582082032053	1582082032053	-8.301	0.621	8.986	3.563	1.042	9.839	0.000000	0.000000
1582082032070	1582082032067	-21.776	-5.754	3.622	1.469	1.877	10.635	0.000000	0.000000
1582082032092	1582082032092	-14.594	-12.262	-2.711	-2.052	1.449	8.196	0.000000	0.000000
1582082032107	1582082032106	-15.143	-17.470	-7.574	-3.727	2.164	6.900	0.000000	0.000000
1582082032127	1582082032126	-13.768	-18.366	-9.368	-4.127	2.710	6.879	0.000000	0.000000
1582082032147	1582082032146	-16.822	-11.587	-10.231	-4.247	3.489	6.447	0.000000	0.000000
1582082032170	1582082032170	-20.808	-15.767	-9.998	-5.400	3.623	4.946	0.000000	0.000000
1582082032199	1582082032186	-18.056	-16.368	-9.572	-4.663	3.217	4.869	0.000000	0.000000
1582082032215	1582082032215	-18.822	-12.087	-9.308	-4.266	3.174	4.933	0.000000	0.000000
1582082032226	1582082032226	-16.158	-14.361	-7.783	-3.757	2.653	4.559	0.000000	0.000000
1582082032247	1582082032247	-13.974	-7.447	-8.197	-3.985	2.946	3.953	0.000000	0.000000
1582082032267	1582082032267	-13.545	-4.654	-10.056	-5.023	2.543	2.798	0.000000	0.000000
1582082032293	1582082032286	-10.026	-6.570	-10.068	-4.487	1.400	2.307	0.000000	0.000000
1582082032307	1582082032306	-7.602	-3.940	-10.595	-3.709	1.256	2.441	0.000000	0.000000
1582082032327	1582082032325	-9.556	0.204	-8.525	-3.094	1.593	2.389	0.000000	0.000000
1582082032346	1582082032346	-8.047	0.192	-7.869	-3.458	0.713	1.891	0.000000	0.000000
1582082032372	1582082032371	-5.769	1.948	-7.498	-4.487	0.842	1.583	0.000000	0.000000
1582082032390	1582082032388	-8.344	5.465	-8.571	-4.935	0.951	1.682	0.000000	0.000000
1582082032406	1582082032405	-8.426	3.021	-7.838	-3.609	0.217	1.468	0.000000	0.000000
1582082032427	1582082032425	-8.409	3.409	-6.939	-3.408	-0.486	1.173	0.000000	0.000000
1582082032446	1582082032445	-8.167	6.432	-5.981	-3.465	-0.894	0.950	0.000000	0.000000
1582082032466	1582082032465	-7.472	5.678	-6.257	-3.475	-1.183	0.659	0.000000	0.000000
1582082032488	1582082032485	-6.655	4.296	-5.435	-2.899	-1.235	0.550	0.000000	0.000000
1582082032507	1582082032507	-7.312	4.950	-4.508	-2.392	-1.161	0.647	0.000000	0.000000
1582082032526	1582082032525	-8.184	4.993	-2.891	-1.850	-1.685	0.487	0.000000	0.000000
1582082032546	1582082032545	-8.131	5.680	0.374	-1.599	-1.794	0.230	0.000000	0.000000
1582082032569	1582082032569	-10.649	5.819	1.481	-1.595	-1.617	0.166	0.000000	0.000000
1582082032586	1582082032585	-11.181	1.972	0.527	-1.116	-2.421	-0.019	0.000000	0.000000
1582082032605	1582082032604	-10.019	2.854	1.886	-0.460	-3.244	0.083	0.000000	0.000000
1582082032625	1582082032624	-11.906	4.269	2.271	0.365	-3.245	-0.117	0.000000	0.000000
1582082032646	1582082032644	-11.995	3.848	1.007	0.540	-3.651	-0.288	0.000000	0.000000
1582082032665	1582082032665	-11.693	3.563	1.874	0.367	-4.349	-0.135	0.000000	0.000000
1582082032688	1582082032684	-12.992	2.001	1.574	0.750	-4.910	-0.265	0.000000	0.000000
1582082032707	1582082032706	-14.791	-1.492	0.123	1.755	-5.720	-0.557	0.000000	0.000000
1582082032725	1582082032724	-14.915	-2.867	-1.458	2.679	-6.970	-0.550	0.000000	0.000000
1582082032744	1582082032744	-13.480	-3.018	-2.948	4.091	-8.234	-0.456	0.000000	0.000000
1582082032768	1582082032768	-12.800	-4.117	-4.649	5.635	-9.189	-0.327	0.000000	0.000000
1582082032786	1582082032783	-12.206	-6.621	-5.967	7.968	-9.993	-0.099	0.000000	0.000000
1582082032804	1582082032804	-10.043	-7.198	-8.020	10.235	-10.200	0.142	0.000000	0.000000
1582082032825	1582082032823	-6.794	-4.989	-9.991	10.792	-9.176	0.282	0.000000	0.000000
1582082032844	1582082032844	-6.770	-5.344	-9.800	10.007	-7.424	0.634	0.000000	0.000000
1582082032866	1582082032866	-7.547	-8.427	-9.915	9.404	-6.668	0.696	0.000000	0.000000
1582082032887	1582082032887	-6.229	-8.942	-13.541	8.446	-6.256	0.836	0.000000	0.000000
1582082032905	1582082032905	-3.946	-6.209	-17.894	7.362	-5.431	0.880	0.000000	0.000000
1582082032924	1582082032924	-2.284	-2.723	-18.553	4.930	-4.373	1.267	0.000000	0.000000
1582082032944	1582082032943	-1.996	1.651	-16.320	0.662	-4.058	0.890	0.000000	0.000000
1582082032963	1582082032963	-4.147	2.446	-11.560	-2.891	-4.798	-0.689	0.000000	0.000000
1582082032984	1582082032983	-4.145	-0.103	-4.992	-4.284	-5.547	-1.741	0.000000	0.000000
1582082033004	1582082033004	-10.400	-1.149	1.203	-3.351	-5.188	-1.183	0.000000	0.000000
1582082033025	1582082033024	-15.691	-0.280	4.753	-2.312	-5.795	-0.401	0.000000	0.000000
1582082033043	1582082033043	-10.991	5.280	6.777	-1.422	-6.827	0.139	0.000000	0.000000
1582082033064	1582082033062	-13.212	7.209	8.128	-0.433	-6.149	0.546	0.000000	0.000000
1582082033085	1582082033085	-15.698	6.262	8.730	-0.384	-5.689	1.112	0.000000	0.000000
1582082033107	1582082033103	-15.188	6.054	9.350	-0.471	-5.944	1.711	0.000000	0.000000
1582082033123	1582082033122	-12.970	8.859	13.149	-0.373	-5.735	1.996	0.000000	0.000000
1582082033143	1582082033142	-11.564	9.511	10.914	-0.164	-4.844	2.397	0.000000	0.000000
1582082033164	1582082033162	-10.184	6.109	10.229	-0.467	-3.790	2.357	0.000000	0.000000
1582082033184	1582082033182	-7.602	7.223	12.155	-0.771	-4.497	2.284	0.000000	0.000000
1582082033212	1582082033207	-4.780	6.523	12.026	-0.712	-4.063	2.135	0.000000	0.000000
1582082033224	1582082033223	-3.963	6.231	9.932	-0.837	-3.238	2.363	0.000000	0.000000
1582082033243	1582082033242	-3.671	5.915	7.726	-0.529	-2.746	2.500	0.000000	0.000000
1582082033262	1582082033262	-3.136	4.693	7.163	0.029	-2.241	2.240	0.000000	0.000000
1582082033284	1582082033281	-2.166	3.869	7.515	0.215	-1.750	1.804	0.000000	0.000000
1582082033304	1582082033304	-1.191	5.129	7.623	-0.585	-1.349	1.536	0.000000	0.000000
1582082033325	1582082033322	0.064	5.503	6.782	-1.905	-0.677	1.444	0.000000	0.000000
1582082033343	1582082033341	0.282	5.616	4.518	-2.925	-0.293	1.667	0.000000	0.000000
1582082033362	1582082033361	-0.842	5.898	4.485	-3.470	0.057	1.723	0.000000	0.000000
1582082033386	1582082033384	-2.229	3.831	5.766	-3.594	0.405	1.647	0.000000	0.000000
1582082033402	1582082033401	-2.796	1.340	6.418	-3.363	0.513	1.439	0.000000	0.000000
1582082033427	1582082033427	-2.068	1.174	5.647	-3.170	0.402	1.149	0.000000	0.000000
1582082033442	1582082033441	-1.325	1.414	5.539	-2.326	0.012	1.059	0.000000	0.000000
1582082033462	1582082033460	-1.064	1.239	6.090	-1.733	-0.197	1.086	0.000000	0.000000
1582082033487	1582082033483	-1.100	1.232	6.236	-1.490	0.022	0.970	0.000000	0.000000
1582082033505	1582082033503	-1.177	1.694	6.231	-1.615	0.254	0.721	0.000000	0.000000
1582082033524	1582082033520	-1.055	1.021	6.533	-1.681	0.050	0.757	0.000000	0.000000
1582082033542	1582082033540	-0.727	-0.055	6.691	-1.844	-0.155	0.615	0.000000	0.000000
1582082033561	1582082033560	-0.283	-0.263	6.868	-2.387	-0.413	0.437	0.000000	0.000000
1582082033581	1582082033580	0.236	-1.681	6.993	-2.359	-0.556	0.572	0.000000	0.000000
1582082033602	1582082033601	0.761	-1.813	7.877	-1.929	-0.171	0.582	0.000000	0.000000
1582082033626	1582082033625	0.256	-1.509	8.950	-1.380	0.274	0.742	0.000000	0.000000
1582082033647	1582082033640	-0.679	-1.796	8.696	-1.629	0.788	0.513	0.000000	0.000000
1582082033660	1582082033659	-1.333	-2.460	8.315	-1.992	0.797	0.498	0.000000	0.000000
1582082033681	1582082033680	-1.905	-2.220	8.598	-2.258	0.149	0.565	0.000000	0.000000
1582082033706	1582082033703	-0.631	-2.417	9.242	-2.212	-0.421	0.549	0.000000	0.000000
1582082033722	1582082033720	0.093	-3.152	8.255	-2.357	-0.350	0.735	0.000000	0.000000
1582082033741	1582082033740	-0.525	-4.620	7.745	-1.786	-0.202	0.958	0.000000	0.000000
1582082033761	1582082033759	-0.995	-5.816	7.853	-1.071	-0.115	1.049	0.000000	0.000000
1582082033781	1582082033779	-0.624	-5.310	7.728	-1.603	-0.107	1.070	0.000000	0.000000
1582082033800	1582082033799	-0.075	-5.128	7.453	-1.724	-0.044	1.040	0.000000	0.000000
1582082033824	1582082033821	-0.295	-5.056	6.993	-1.418	0.262	1.043	0.000000	0.000000
1582082033840	1582082033840	-0.612	-4.570	6.538	-1.482	0.417	1.074	0.000000	0.000000
1582082033860	1582082033860	-1.110	-3.542	6.341	-1.449	0.310	1.266	0.000000	0.000000
1582082033880	1582082033878	-1.472	-3.229	6.224	-1.490	0.247	1.287	0.000000	0.000000
1582082033902	1582082033898	-2.193	-5.643	6.360	-1.189	0.257	1.347	0.000000	0.000000
1582082033925	1582082033925	-2.643	-7.569	6.248	-1.177	0.526	1.287	0.000000	0.000000
1582082033939	1582082033939	-2.662	-8.020	6.238	-1.857	0.648	1.221	0.000000	0.000000
1582082033961	1582082033958	-2.741	-7.991	5.290	-2.298	0.732	1.093	0.000000	0.000000
1582082033980	1582082033978	-3.510	-7.842	4.796	-2.657	1.097	0.972	0.000000	0.000000
1582082033999	1582082033998	-3.996	-8.980	4.051	-2.767	1.235	0.938	0.000000	0.000000
1582082034021	1582082034021	-4.298	-9.167	3.531	-3.060	1.187	0.700	0.000000	0.000000
1582082034041	1582082034039	-4.564	-9.821	3.359	-2.928	1.201	0.620	0.000000	0.000000
1582082034060	1582082034058	-5.721	-12.447	2.909	-2.503	1.668	0.362	0.000000	0.000000
1582082034079	1582082034078	-7.822	-17.067	2.523	-2.046	1.741	-0.416	0.000000	0.000000
1582082034098	1582082034098	-10.292	-19.005	1.486	-3.571	0.974	-1.548	0.000000	0.000000
1582082034119	1582082034119	-14.312	-15.369	-2.611	-7.104	1.099	-2.531	0.000000	0.000000
1582082034139	1582082034139	-15.799	-12.375	-9.759	-12.304	1.607	-4.102	0.000000	0.000000
1582082034158	1582082034157	-11.085	-10.980	-18.855	-18.755	-0.200	-6.110	0.000000	0.000000
1582082034178	1582082034178	-7.048	-28.983	-15.266	-14.423	-0.097	-3.822	0.000000	0.000000
1582082034199	1582082034197	-1.702	-22.766	-11.223	-7.212	3.478	-2.162	0.000000	0.000000
1582082034221	1582082034221	-6.370	1.459	-18.804	-1.414	7.291	0.470	0.000000	0.000000
1582082034245	1582082034238	-13.586	4.660	-13.352	1.147	7.212	2.394	0.000000	0.000000
1582082034263	1582082034261	-7.336	2.695	-2.378	3.871	6.045	2.781	0.000000	0.000000
1582082034278	1582082034277	-8.593	3.342	0.987	4.492	5.596	3.737	0.000000	0.000000
1582082034298	1582082034297	-7.999	3.349	-0.249	5.033	4.101	6.211	0.000000	0.000000
1582082034318	1582082034317	-13.176	1.708	5.692	5.260	2.766	8.726	0.000000	0.000000
1582082034337	1582082034337	-13.099	-3.624	7.168	3.655	2.065	9.310	0.000000	0.000000
1582082034358	1582082034357	-15.150	-10.200	4.365	-0.016	2.483	8.902	0.000000	0.000000
1582082034377	1582082034377	-17.311	-13.009	-1.947	-2.762	2.416	8.271	0.000000	0.000000
1582082034398	1582082034396	-15.581	-17.611	-4.541	-3.285	2.066	7.634	0.000000	0.000000
1582082034418	1582082034418	-15.452	-18.430	-7.869	-3.567	2.859	7.213	0.000000	0.000000
1582082034437	1582082034437	-16.405	-12.387	-9.170	-4.000	3.405	6.700	0.000000	0.000000
1582082034460	1582082034457	-19.105	-13.273	-10.885	-4.987	3.516	5.788	0.000000	0.000000
1582082034477	1582082034476	-16.446	-14.452	-11.534	-4.851	2.890	5.500	0.000000	0.000000
1582082034497	1582082034496	-17.011	-12.478	-11.448	-4.484	3.188	5.717	0.000000	0.000000
1582082034516	1582082034516	-17.907	-11.237	-11.357	-3.948	3.234	5.246	0.000000	0.000000
1582082034538	1582082034536	-16.805	-12.564	-11.452	-4.861	3.062	4.164	0.000000	0.000000
1582082034557	1582082034555	-14.168	-8.815	-11.577	-5.534	2.532	3.492	0.000000	0.000000
1582082034578	1582082034578	-14.084	-5.962	-11.256	-5.470	2.608	2.721	0.000000	0.000000
1582082034596	1582082034596	-11.997	-5.710	-8.693	-4.841	1.692	2.444	0.000000	0.000000
1582082034616	1582082034615	-11.753	-0.342	-9.081	-4.083	1.460	2.155	0.000000	0.000000
1582082034643	1582082034636	-10.306	-1.918	-7.943	-4.043	0.734	1.547	0.000000	0.000000
1582082034662	1582082034656	-6.198	-0.562	-7.857	-4.540	-0.036	1.528	0.000000	0.000000
1582082034677	1582082034675	-8.093	4.954	-7.574	-4.677	0.442	1.302	0.000000	0.000000
1582082034696	1582082034696	-8.122	2.413	-7.943	-4.143	-0.107	1.031	0.000000	0.000000
1582082034717	1582082034715	-6.552	4.185	-5.356	-3.417	-0.620	1.356	0.000000	0.000000
1582082034737	1582082034736	-7.209	5.683	-4.649	-2.809	-0.420	1.414	0.000000	0.000000
1582082034758	1582082034758	-7.848	5.136	-3.895	-2.409	-0.493	1.032	0.000000	0.000000
1582082034777	1582082034775	-7.496	5.687	-4.405	-2.516	-1.190	0.622	0.000000	0.000000
1582082034796	1582082034795	-6.897	6.626	-3.899	-2.685	-1.684	0.375	0.000000	0.000000
1582082034816	1582082034814	-5.185	5.410	-2.929	-3.193	-2.015	0.267	0.000000	0.000000
1582082034835	1582082034834	-5.230	2.477	-1.087	-3.269	-2.064	0.361	0.000000	0.000000
1582082034865	1582082034858	-7.803	-0.682	3.095	-0.704	-1.578	0.287	0.000000	0.000000
1582082034878	1582082034875	-11.427	2.509	2.003	0.232	-1.660	0.368	0.000000	0.000000
1582082034894	1582082034894	-10.802	4.751	0.695	-0.356	-3.156	0.349	0.000000	0.000000
1582082034915	1582082034915	-9.209	4.046	2.446	0.331	-3.850	-0.039	0.000000	0.000000
1582082034936	1582082034935	-9.731	1.984	3.306	-0.398	-3.530	-0.107	0.000000	0.000000
1582082034957	1582082034957	-13.545	2.317	3.505	-0.360	-3.185	-0.290	0.000000	0.000000
1582082034981	1582082034975	-15.406	4.097	1.371	-0.228	-4.034	-0.827	0.000000	0.000000
1582082034995	1582082034994	-15.076	2.719	-0.934	0.243	-5.390	-1.499	0.000000	0.000000
1582082035015	1582082035014	-15.016	1.502	-2.618	1.179	-6.506	-2.013	0.000000	0.000000
1582082035037	1582082035037	-15.195	0.966	-3.792	2.395	-7.682	-2.149	0.000000	0.000000
1582082035059	1582082035058	-14.120	0.626	-4.942	3.844	-8.951	-2.354	0.000000	0.000000
1582082035075	1582082035074	-13.497	-0.495	-6.206	5.299	-9.921	-2.397	0.000000	0.000000
1582082035094	1582082035094	-11.617	-3.279	-7.380	7.681	-10.547	-2.299	0.000000	0.000000
1582082035114	1582082035114	-7.899	-4.264	-8.540	9.863	-9.692	-1.822	0.000000	0.000000
1582082035134	1582082035133	-5.295	-3.622	-10.969	11.107	-7.256	-1.129	0.000000	0.000000
1582082035155	1582082035154	-6.318	-3.104	-12.600	10.942	-5.756	-0.474	0.000000	0.000000
1582082035176	1582082035174	-5.824	-3.832	-13.862	9.943	-5.940	-0.332	0.000000	0.000000
1582082035203	1582082035203	-3.575	-2.460	-14.840	8.370	-6.190	-0.455	0.000000	0.000000
1582082035213	1582082035213	-1.685	-0.807	-16.025	6.669	-5.546	-0.574	0.000000	0.000000
1582082035235	1582082035233	-1.369	-1.775	-15.556	5.074	-4.281	-0.221	0.000000	0.000000
1582082035268	1582082035258	-2.969	2.494	-12.420	2.131	-3.868	0.030	0.000000	0.000000
1582082035273	1582082035271	-3.949	4.394	-7.524	-0.391	-4.894	-1.038	0.000000	0.000000
1582082035292	1582082035292	-6.172	0.427	-0.723	-1.268	-6.121	-1.704	0.000000	0.000000
1582082035314	1582082035312	-10.071	-0.261	3.613	-1.011	-6.396	-1.144	0.000000	0.000000
1582082035334	1582082035333	-10.021	0.765	6.135	-0.162	-6.807	0.120	0.000000	0.000000
1582082035354	1582082035353	-9.029	4.396	8.567	0.708	-7.045	1.176	0.000000	0.000000
1582082035378	1582082035376	-12.968	7.726	9.173	-0.330	-6.017	1.491	0.000000	0.000000
1582082035395	1582082035395	-14.870	8.358	10.684	-1.275	-5.888	1.552	0.000000	0.000000
1582082035413	1582082035412	-13.169	3.975	10.598	-0.859	-5.066	1.925	0.000000	0.000000
1582082035433	1582082035432	-14.632	8.660	13.372	-1.618	-4.050	1.927	0.000000	0.000000
1582082035454	1582082035451	-11.015	11.096	12.790	-0.669	-3.537	2.046	0.000000	0.000000
1582082035473	1582082035473	-14.362	9.190	8.346	-0.839	-2.489	2.315	0.000000	0.000000
1582082035494	1582082035492	-8.304	7.422	9.853	0.189	-3.351	2.129	0.000000	0.000000
1582082035514	1582082035511	-4.272	6.114	11.774	0.561	-3.436	2.359	0.000000	0.000000
1582082035532	1582082035531	-3.108	6.109	11.700	-0.204	-2.622	2.383	0.000000	0.000000
1582082035554	1582082035551	-3.407	5.400	10.136	-0.805	-2.185	2.665	0.000000	0.000000
1582082035577	1582082035576	-5.273	6.219	8.710	-1.756	-1.703	2.634	0.000000	0.000000
1582082035595	1582082035592	-4.959	6.761	6.629	-2.220	-1.586	2.312	0.000000	0.000000
1582082035612	1582082035611	-3.175	7.187	5.450	-2.467	-1.482	2.074	0.000000	0.000000
1582082035632	1582082035631	-2.595	6.916	5.038	-2.546	-1.317	1.842	0.000000	0.000000
1582082035652	1582082035651	-2.291	6.195	3.737	-2.669	-1.103	1.780	0.000000	0.000000
1582082035673	1582082035673	-2.614	3.879	4.720	-2.556	-1.037	1.948	0.000000	0.000000
1582082035692	1582082035691	-1.603	2.722	3.912	-2.668	-0.385	1.705	0.000000	0.000000
1582082035713	1582082035710	-1.711	2.866	2.497	-2.573	0.280	1.469	0.000000	0.000000
1582082035732	1582082035731	-1.821	2.293	2.832	-2.331	0.162	1.316	0.000000	0.000000
1582082035752	1582082035750	-0.892	0.774	3.843	-2.323	0.077	0.832	0.000000	0.000000
1582082035777	1582082035771	-0.827	-0.620	4.684	-2.486	0.092	0.539	0.000000	0.000000
1582082035796	1582082035792	-0.511	-0.994	5.038	-2.778	0.113	0.527	0.000000	0.000000
1582082035812	1582082035811	-0.870	-0.701	5.798	-3.250	0.355	0.622	0.000000	0.000000
1582082035832	1582082035830	-1.014	-0.527	6.413	-3.475	0.400	0.631	0.000000	0.000000
1582082035851	1582082035850	-1.143	-1.945	7.419	-2.096	0.142	0.623	0.000000	0.000000
1582082035872	1582082035872	-0.494	-2.481	8.461	-1.696	-0.194	0.479	0.000000	0.000000
1582082035893	1582082035892	-0.466	-3.495	8.682	-1.792	-0.122	0.485	0.000000	0.000000
1582082035912	1582082035910	-1.582	-2.450	9.932	-1.220	0.335	0.594	0.000000	0.000000
1582082035930	1582082035930	-2.250	-0.768	10.601	-1.048	0.167	0.650	0.000000	0.000000
1582082035951	1582082035950	-0.695	-0.047	10.253	-1.576	-0.152	0.402	0.000000	0.000000
1582082035970	1582082035970	-1.019	-1.645	8.643	-1.898	0.251	0.331	0.000000	0.000000
1582082035993	1582082035993	-3.005	-3.691	7.458	-1.312	0.488	0.427	0.000000	0.000000
1582082036013	1582082036009	-0.058	-3.993	8.078	-1.166	-0.536	0.573	0.000000	0.000000
1582082036030	1582082036029	0.938	-5.013	8.342	-1.439	-0.197	0.751	0.000000	0.000000
1582082036051	1582082036049	0.495	-4.381	8.380	-1.591	0.749	0.836	0.000000	0.000000
1582082036073	1582082036071	-1.383	-2.369	8.837	-1.712	1.251	1.032	0.000000	0.000000
1582082036092	1582082036092	-3.033	-1.370	8.560	-1.694	1.008	1.128	0.000000	0.000000
1582082036111	1582082036109	-3.125	-2.944	8.112	-1.090	0.360	1.052	0.000000	0.000000
1582082036130	1582082036129	-2.765	-4.390	8.330	-1.204	-0.130	0.927	0.000000	0.000000
1582082036149	1582082036148	-1.991	-4.113	8.234	-1.873	-0.524	0.868	0.000000	0.000000
1582082036169	1582082036169	-0.861	-4.393	7.529	-2.457	-0.642	1.004	0.000000	0.000000
1582082036195	1582082036192	-0.719	-5.248	6.329	-3.196	-0.063	1.046	0.000000	0.000000
1582082036230	1582082036228	-2.051	-6.357	5.055	-2.907	0.533	1.211	0.000000	0.000000
1582082036232	1582082036232	-4.411	-6.012	5.084	-2.044	0.524	1.336	0.000000	0.000000
1582082036248	1582082036247	-4.296	-5.897	5.009	-1.734	-0.014	1.172	0.000000	0.000000
1582082036269	1582082036268	-2.804	-8.032	3.560	-1.667	-0.326	0.856	0.000000	0.000000
1582082036292	1582082036292	-1.915	-9.229	2.868	-1.738	-0.057	0.846	0.000000	0.000000
1582082036312	1582082036310	-3.050	-9.716	3.675	-1.826	0.499	1.018	0.000000	0.000000
1582082036329	1582082036329	-3.946	-9.886	3.426	-2.345	0.775	0.872	0.000000	0.000000
1582082036348	1582082036347	-3.937	-10.489	2.305	-2.999	0.741	0.643	0.000000	0.000000
1582082036368	1582082036368	-3.778	-11.872	0.904	-3.422	0.873	0.313	0.000000	0.000000
1582082036401	1582082036401	-4.135	-14.943	-0.512	-3.823	1.193	-0.261	0.000000	0.000000
1582082036411	1582082036408	-6.291	-19.267	-2.227	-4.144	1.258	-1.234	0.000000	0.000000
1582082036428	1582082036428	-9.171	-21.142	-4.041	-5.046	0.938	-2.414	0.000000	0.000000
1582082036448	1582082036447	-10.277	-16.715	-6.745	-9.344	0.408	-3.537	0.000000	0.000000
1582082036469	1582082036467	-11.861	-16.100	-12.940	-13.064	1.091	-3.735	0.000000	0.000000
1582082036491	1582082036491	-8.591	-24.194	-18.356	-12.017	3.182	-3.783	0.000000	0.000000
1582082036511	1582082036507	-9.635	-17.381	-19.875	-10.164	4.666	-3.257	0.000000	0.000000
1582082036528	1582082036527	-10.824	-15.031	-17.178	-4.955	6.591	-1.353	0.000000	0.000000
1582082036548	1582082036548	-14.781	-6.585	-13.939	-1.252	8.078	0.867	0.000000	0.000000
1582082036567	1582082036567	-12.917	-2.371	-5.363	2.872	6.463	2.435	0.000000	0.000000
1582082036589	1582082036587	-11.624	-6.652	0.789	4.582	5.591	3.953	0.000000	0.000000
1582082036615	1582082036615	-9.707	1.481	1.888	3.984	4.788	6.014	0.000000	0.000000
1582082036628	1582082036627	-4.895	1.936	4.916	3.983	2.759	7.828	0.000000	0.000000
1582082036649	1582082036650	-7.436	11.870	10.083	2.317	0.934	9.355	0.000000	0.000000
1582082036667	1582082036667	-14.331	0.024	7.781	0.642	0.605	9.696	0.000000	0.000000
1582082036690	1582082036689	-15.205	-19.288	-2.108	-1.317	1.572	8.862	0.000000	0.000000
1582082036709	1582082036706	-12.496	-15.549	-4.381	-3.252	1.443	8.167	0.000000	0.000000
1582082036729	1582082036728	-12.580	-17.228	-8.755	-4.730	2.057	6.946	0.000000	0.000000
1582082036748	1582082036746	-15.100	-15.628	-9.915	-5.405	2.686	6.523	0.000000	0.000000
1582082036767	1582082036766	-17.397	-12.621	-12.023	-5.791	2.633	6.133	0.000000	0.000000
1582082036786	1582082036786	-16.760	-15.022	-13.326	-6.105	2.909	5.474	0.000000	0.000000
1582082036813	1582082036813	-17.984	-11.896	-12.741	-5.751	2.986	5.043	0.000000	0.000000
1582082036827	1582082036827	-17.244	-12.449	-11.105	-5.479	2.829	4.660	0.000000	0.000000
1582082036848	1582082036848	-18.075	-4.932	-11.069	-5.839	2.374	4.181	0.000000	0.000000
1582082036867	1582082036866	-15.025	-8.307	-12.277	-5.653	1.464	3.218	0.000000	0.000000
1582082036886	1582082036886	-12.642	-5.078	-12.135	-5.832	1.073	2.899	0.000000	0.000000
1582082036906	1582082036905	-12.960	-2.989	-11.311	-5.200	0.909	2.849	0.000000	0.000000
1582082036933	1582082036930	-11.363	-2.359	-9.265	-4.134	0.389	2.771	0.000000	0.000000
1582082036949	1582082036946	-8.569	0.420	-8.877	-4.122	0.035	2.313	0.000000	0.000000
1582082036967	1582082036965	-9.010	2.255	-8.159	-4.068	0.116	1.821	0.000000	0.000000
1582082036986	1582082036985	-7.645	0.985	-6.726	-3.923	-0.049	1.406	0.000000	0.000000
1582082037006	1582082037005	-8.373	2.786	-6.132	-4.157	0.240	1.610	0.000000	0.000000
1582082037027	1582082037024	-9.818	2.820	-4.194	-3.088	-0.252	1.795	0.000000	0.000000
1582082037046	1582082037046	-7.583	2.731	-3.928	-3.054	-0.982	1.354	0.000000	0.000000
1582082037065	1582082037064	-7.379	4.595	-3.943	-3.646	-0.853	0.903	0.000000	0.000000
1582082037085	1582082037084	-7.412	4.303	-4.393	-4.051	-0.832	0.222	0.000000	0.000000
1582082037105	1582082037104	-6.349	3.167	-3.789	-4.088	-1.227	-0.406	0.000000	0.000000
1582082037126	1582082037126	-6.445	3.352	-1.854	-3.472	-1.361	-0.747	0.000000	0.000000
1582082037149	1582082037144	-8.138	0.573	1.519	-1.798	-1.118	-0.629	0.000000	0.000000
1582082037167	1582082037164	-12.793	0.223	2.949	0.129	-1.204	-0.424	0.000000	0.000000
1582082037185	1582082037184	-12.563	4.954	2.358	0.455	-3.187	-0.237	0.000000	0.000000
1582082037206	1582082037206	-10.131	4.554	4.827	1.539	-3.996	0.008	0.000000	0.000000
1582082037237	1582082037235	-12.062	1.330	4.607	1.892	-3.621	-0.058	0.000000	0.000000
1582082037249	1582082037249	-14.292	1.888	3.622	1.766	-3.677	-0.392	0.000000	0.000000
1582082037264	1582082037263	-16.134	3.347	1.742	1.526	-4.534	-0.021	0.000000	0.000000
1582082037285	1582082037284	-16.494	2.073	-0.646	1.747	-5.650	-0.015	0.000000	0.000000
1582082037306	1582082037304	-16.669	-0.586	-2.223	2.649	-7.102	-0.439	0.000000	0.000000
1582082037326	1582082037326	-15.871	-0.716	-3.293	3.248	-8.814	-0.664	0.000000	0.000000
1582082037348	1582082037346	-15.330	-1.772	-4.884	4.368	-9.842	-1.051	0.000000	0.000000
1582082037366	1582082037363	-14.192	-2.270	-7.533	5.564	-10.776	-1.440	0.000000	0.000000
1582082037384	1582082037383	-12.886	-3.198	-9.967	6.500	-11.449	-1.528	0.000000	0.000000
1582082037404	1582082037403	-10.495	-6.920	-10.475	8.897	-11.661	-1.702	0.000000	0.000000
1582082037425	1582082037424	-6.730	-3.590	-11.570	9.597	-10.066	-1.549	0.000000	0.000000
1582082037444	1582082037444	-6.529	-2.994	-11.639	9.313	-7.449	-1.179	0.000000	0.000000
1582082037465	1582082037464	-7.707	-5.555	-13.520	8.710	-6.268	-1.022	0.000000	0.000000
1582082037483	1582082037483	-5.932	-3.188	-15.724	7.388	-6.284	-0.976	0.000000	0.000000
1582082037504	1582082037503	-3.335	0.825	-16.390	5.336	-6.001	-1.124	0.000000	0.000000
1582082037528	1582082037525	-2.710	1.258	-15.015	3.312	-5.110	-1.161	0.000000	0.000000
1582082037547	1582082037543	-2.286	3.086	-14.133	1.085	-4.242	-1.252	0.000000	0.000000
1582082037564	1582082037563	-3.180	5.029	-10.188	-1.074	-3.765	-1.470	0.000000	0.000000
1582082037583	1582082037582	-5.513	4.662	-3.305	-3.303	-4.332	-1.838	0.000000	0.000000
1582082037605	1582082037602	-9.123	-1.303	3.347	-2.299	-4.743	-1.827	0.000000	0.000000
1582082037623	1582082037623	-13.526	-1.025	9.360	-1.114	-4.671	-0.809	0.000000	0.000000
1582082037647	1582082037647	-12.570	1.821	10.129	0.326	-6.086	0.272	0.000000	0.000000
1582082037669	1582082037669	-10.464	7.997	10.392	0.985	-6.468	0.605	0.000000	0.000000
1582082037683	1582082037682	-15.342	3.416	11.614	0.897	-5.215	1.031	0.000000	0.000000
1582082037703	1582082037702	-15.543	3.440	9.860	-0.255	-4.730	1.272	0.000000	0.000000
1582082037725	1582082037722	-15.303	9.822	14.761	-0.761	-4.526	0.977	0.000000	0.000000
1582082037757	1582082037747	-6.826	11.669	10.866	-0.919	-3.981	0.941	0.000000	0.000000
1582082037763	1582082037762	-12.905	9.760	9.214	-1.547	-2.636	1.987	0.000000	0.000000
1582082037783	1582082037782	-8.811	8.191	9.420	-1.024	-2.978	1.952	0.000000	0.000000
1582082037803	1582082037801	-6.917	3.793	10.210	-0.932	-3.178	2.199	0.000000	0.000000
1582082037823	1582082037821	-4.806	6.900	8.821	-1.638	-2.927	2.115	0.000000	0.000000
1582082037847	1582082037846	-5.189	6.488	8.406	-1.905	-2.192	2.161	0.000000	0.000000
1582082037863	1582082037862	-5.669	4.653	7.477	-2.182	-1.830	2.309	0.000000	0.000000
1582082037883	1582082037881	-4.143	5.000	5.805	-1.699	-1.686	2.023	0.000000	0.000000
1582082037902	1582082037901	-3.513	3.237	5.920	-0.652	-1.485	1.930	0.000000	0.000000
1582082037922	1582082037921	-2.202	3.960	5.965	-0.328	-1.491	1.755	0.000000	0.000000
1582082037942	1582082037941	-1.448	6.320	5.836	-0.863	-1.147	1.604	0.000000	0.000000
1582082037961	1582082037960	-1.347	7.096	5.819	-1.952	-0.652	1.547	0.000000	0.000000
1582082037980	1582082037980	-1.108	5.611	5.362	-3.039	-0.157	1.495	0.000000	0.000000
1582082038002	1582082038001	-1.575	3.448	5.364	-3.625	0.207	1.483	0.000000	0.000000
1582082038021	1582082038020	-1.872	1.670	5.388	-3.396	0.153	1.736	0.000000	0.000000
1582082038042	1582082038042	-1.445	1.055	6.135	-2.345	0.124	1.741	0.000000	0.000000
1582082038066	1582082038061	-1.697	0.262	6.334	-1.828	0.113	1.681	0.000000	0.000000
1582082038083	1582082038082	-2.475	-0.711	6.545	-1.812	0.308	1.588	0.000000	0.000000
1582082038101	1582082038100	-1.960	-1.662	6.847	-1.848	0.263	1.215	0.000000	0.000000
1582082038121	1582082038121	-0.427	-1.449	6.796	-2.019	0.006	0.782	0.000000	0.000000
1582082038140	1582082038140	0.073	-1.463	6.430	-2.187	0.150	0.540	0.000000	0.000000
1582082038162	1582082038160	-0.331	-1.597	6.250	-2.207	0.511	0.400	0.000000	0.000000
1582082038180	1582082038180	-1.246	-2.877	7.283	-2.507	0.849	0.237	0.000000	0.000000
1582082038200	1582082038200	-2.669	-2.896	8.720	-2.104	0.760	0.126	0.000000	0.000000
1582082038226	1582082038220	-3.366	-1.909	8.167	-1.613	0.418	0.132	0.000000	0.000000
1582082038243	1582082038243	-1.785	-1.298	7.144	-1.623	0.029	0.044	0.000000	0.000000
1582082038266	1582082038260	-1.057	-2.809	6.763	-1.626	-0.043	0.207	0.000000	0.000000
1582082038283	1582082038280	-1.589	-2.390	6.885	-2.032	0.415	0.326	0.000000	0.000000
1582082038300	1582082038299	-2.245	-1.602	7.599	-2.084	0.335	0.388	0.000000	0.000000
1582082038319	1582082038319	-1.572	-3.075	7.659	-2.004	-0.050	0.311	0.000000	0.000000
1582082038340	1582082038339	-1.440	-4.414	8.191	-2.089	0.025	0.368	0.000000	0.000000
1582082038360	1582082038360	-1.699	-5.250	7.927	-1.941	0.246	0.502	0.000000	0.000000
1582082038382	1582082038382	-1.788	-4.714	7.434	-1.810	0.545	0.498	0.000000	0.000000
1582082038404	1582082038403	-2.542	-3.701	8.231	-1.500	0.680	0.633	0.000000	0.000000
1582082038420	1582082038419	-2.794	-3.003	8.181	-1.845	0.502	0.621	0.000000	0.000000
1582082038439	1582082038439	-2.614	-2.968	8.009	-2.070	0.182	0.703	0.000000	0.000000
1582082038463	1582082038459	-2.387	-4.180	7.678	-1.982	0.169	0.945	0.000000	0.000000
1582082038483	1582082038482	-3.441	-5.123	6.892	-2.187	0.460	1.231	0.000000	0.000000
1582082038501	1582082038498	-4.658	-5.981	6.334	-2.234	0.432	1.449	0.000000	0.000000
1582082038519	1582082038518	-4.341	-6.149	5.529	-2.244	0.162	1.375	0.000000	0.000000
1582082038539	1582082038538	-4.385	-8.448	4.664	-2.079	0.050	1.360	0.000000	0.000000
1582082038562	1582082038562	-4.162	-9.883	3.704	-1.668	-0.012	1.304	0.000000	0.000000
1582082038582	1582082038580	-3.311	-9.553	2.928	-1.743	0.092	1.164	0.000000	0.000000
1582082038603	1582082038603	-3.484	-9.859	2.039	-1.770	0.491	0.988	0.000000	0.000000
1582082038619	1582082038618	-4.040	-10.132	2.561	-1.315	0.848	0.896	0.000000	0.000000
1582082038638	1582082038638	-4.552	-10.358	3.081	-1.427	1.003	0.700	0.000000	0.000000
1582082038659	1582082038658	-5.122	-10.305	3.057	-1.985	1.064	0.610	0.000000	0.000000
1582082038681	1582082038681	-5.455	-10.465	2.461	-2.421	1.229	0.425	0.000000	0.000000
1582082038704	1582082038698	-5.920	-12.830	1.253	-1.730	1.443	0.021	0.000000	0.000000
1582082038718	1582082038717	-8.042	-16.756	0.115	-1.206	1.631	-1.008	0.000000	0.000000
1582082038738	1582082038737	-11.209	-18.086	-1.705	-2.999	1.707	-2.491	0.000000	0.000000
1582082038762	1582082038757	-13.557	-16.543	-4.520	-7.516	1.886	-3.797	0.000000	0.000000
1582082038778	1582082038777	-14.400	-13.733	-12.866	-13.796	1.385	-5.206	0.000000	0.000000
1582082038804	1582082038798	-10.165	-23.523	-16.488	-14.398	0.896	-5.383	0.000000	0.000000
1582082038818	1582082038817	-6.030	-30.353	-10.739	-10.281	3.385	-4.624	0.000000	0.000000
1582082038838	1582082038836	-9.643	-11.146	-11.639	-6.477	6.348	-3.023	0.000000	0.000000
1582082038858	1582082038858	-14.319	4.185	-14.416	-3.470	6.988	-0.116	0.000000	0.000000
1582082038882	1582082038880	-8.926	9.020	-8.913	-0.380	5.664	1.336	0.000000	0.000000
1582082038900	1582082038897	-8.934	-5.243	-2.939	4.058	5.482	3.681	0.000000	0.000000
1582082038918	1582082038916	-14.285	-5.773	-1.121	5.088	4.428	7.126	0.000000	0.000000
1582082038937	1582082038936	-10.747	3.512	5.486	4.844	1.921	8.128	0.000000	0.000000
1582082038958	1582082038956	-8.205	-0.076	9.693	3.785	0.692	8.314	0.000000	0.000000
1582082038977	1582082038977	-13.169	-7.888	6.866	2.318	1.011	9.376	0.000000	0.000000
1582082038999	1582082038996	-13.174	-8.357	1.682	0.441	1.153	9.374	0.000000	0.000000
1582082039025	1582082039017	-13.056	-12.538	-4.740	-2.117	1.675	8.093	0.000000	0.000000
1582082039036	1582082039036	-14.098	-14.638	-7.059	-3.302	2.346	7.221	0.000000	0.000000
1582082039057	1582082039056	-14.630	-14.262	-9.881	-4.241	2.620	6.619	0.000000	0.000000
1582082039080	1582082039080	-16.942	-11.579	-10.039	-4.335	2.876	6.414	0.000000	0.000000
1582082039097	1582082039097	-18.180	-14.035	-11.888	-5.641	3.140	5.297	0.000000	0.000000
1582082039117	1582082039115	-18.226	-10.600	-12.253	-5.717	3.042	4.860	0.000000	0.000000
1582082039137	1582082039135	-17.220	-7.461	-12.665	-6.167	2.378	4.124	0.000000	0.000000
1582082039157	1582082039155	-16.518	-12.827	-12.811	-5.740	2.235	3.587	0.000000	0.000000
1582082039176	1582082039176	-15.936	-8.365	-10.868	-5.389	1.729	3.670	0.000000	0.000000
1582082039203	1582082039203	-15.023	-10.195	-10.422	-4.454	1.338	3.554	0.000000	0.000000
1582082039233	1582082039217	-11.744	-5.013	-8.765	-4.022	0.914	3.153	0.000000	0.000000
1582082039239	1582082039239	-10.141	-1.983	-9.117	-4.177	0.565	2.664	0.000000	0.000000
1582082039257	1582082039255	-10.091	-0.996	-7.220	-3.635	0.448	2.367	0.000000	0.000000
1582082039278	1582082039278	-9.343	-0.323	-6.170	-3.301	0.351	2.140	0.000000	0.000000
1582082039296	1582082039294	-9.108	1.332	-5.607	-3.496	0.390	1.868	0.000000	0.000000
1582082039316	1582082039316	-8.754	2.341	-5.138	-3.628	0.163	1.418	0.000000	0.000000
1582082039338	1582082039334	-7.403	4.116	-6.063	-4.012	-0.182	0.939	0.000000	0.000000
1582082039355	1582082039355	-7.520	3.076	-5.881	-3.774	-0.290	0.658	0.000000	0.000000
1582082039375	1582082039375	-8.562	4.008	-3.698	-3.616	-0.446	0.670	0.000000	0.000000
1582082039399	1582082039397	-9.276	4.760	-2.445	-3.258	-0.787	0.621	0.000000	0.000000
1582082039417	1582082039416	-7.805	4.013	-1.811	-2.561	-1.370	0.297	0.000000	0.000000
1582082039435	1582082039435	-6.627	5.089	-2.556	-1.992	-1.840	0.037	0.000000	0.000000
1582082039454	1582082039454	-8.210	3.819	-1.442	-1.394	-1.859	-0.095	0.000000	0.000000
1582082039474	1582082039474	-8.419	0.286	0.295	-0.494	-1.976	-0.040	0.000000	0.000000
1582082039495	1582082039495	-11.238	2.870	1.742	0.208	-2.399	0.452	0.000000	0.000000
1582082039516	1582082039515	-13.147	7.654	0.578	-0.458	-3.691	0.403	0.000000	0.000000
1582082039537	1582082039537	-11.123	4.940	2.499	0.060	-4.627	-0.088	0.000000	0.000000
1582082039556	1582082039554	-9.853	3.347	2.858	0.032	-4.088	-0.566	0.000000	0.000000
1582082039574	1582082039574	-14.062	3.024	2.070	-0.019	-3.781	-0.383	0.000000	0.000000
1582082039595	1582082039594	-15.425	2.449	0.151	-0.059	-4.658	-0.710	0.000000	0.000000
1582082039615	1582082039614	-14.501	-0.440	-1.188	1.309	-5.918	-0.686	0.000000	0.000000
1582082039638	1582082039633	-15.059	-2.024	-2.532	3.146	-6.928	-0.413	0.000000	0.000000
1582082039654	1582082039654	-14.290	-0.634	-5.001	4.127	-8.278	-0.500	0.000000	0.000000
1582082039673	1582082039673	-12.230	-0.438	-6.374	5.179	-9.628	-0.821	0.000000	0.000000
1582082039694	1582082039694	-11.133	-2.031	-7.143	6.285	-10.297	-0.950	0.000000	0.000000
1582082039714	1582082039713	-9.700	-4.069	-7.749	7.799	-10.445	-1.101	0.000000	0.000000
1582082039737	1582082039733	-6.557	-4.814	-8.949	9.236	-9.933	-1.456	0.000000	0.000000
1582082039754	1582082039753	-3.381	-4.321	-10.506	9.997	-8.010	-1.407	0.000000	0.000000
1582082039773	1582082039773	-4.617	-4.010	-11.508	9.785	-5.870	-0.809	0.000000	0.000000
1582082039794	1582082039793	-5.712	-3.681	-13.359	8.662	-5.447	-0.636	0.000000	0.000000
1582082039824	1582082039814	-3.537	-2.654	-16.720	7.142	-5.556	-0.823	0.000000	0.000000
1582082039836	1582082039836	-1.448	-0.766	-19.125	5.497	-4.677	-0.891	0.000000	0.000000
1582082039854	1582082039853	-1.292	1.732	-17.707	3.595	-3.139	-0.196	0.000000	0.000000
1582082039873	1582082039872	-4.109	5.735	-11.196	0.130	-3.452	-0.447	0.000000	0.000000
1582082039896	1582082039892	-5.288	3.294	-5.128	-1.299	-4.758	-1.566	0.000000	0.000000
1582082039914	1582082039914	-4.849	0.360	-1.303	-0.882	-4.902	-1.494	0.000000	0.000000
1582082039938	1582082039938	-12.491	1.538	2.350	0.123	-4.333	-0.587	0.000000	0.000000
1582082039953	1582082039952	-13.054	5.426	3.872	-0.418	-5.312	-0.345	0.000000	0.000000
1582082039972	1582082039972	-11.863	4.231	5.088	-0.934	-6.084	-0.197	0.000000	0.000000
1582082039993	1582082039992	-12.857	4.447	5.726	-1.696	-6.119	0.337	0.000000	0.000000
1582082040030	1582082040020	-13.756	3.663	7.034	-1.556	-5.720	0.652	0.000000	0.000000
1582082040038	1582082040038	-15.356	2.480	8.792	-1.285	-5.613	0.917	0.000000	0.000000
1582082040052	1582082040050	-14.208	6.715	13.516	-0.778	-5.743	1.058	0.000000	0.000000
1582082040074	1582082040071	-12.390	12.665	10.069	-0.345	-4.800	1.358	0.000000	0.000000
1582082040092	1582082040091	-12.268	10.311	8.030	-1.025	-3.823	1.806	0.000000	0.000000
1582082040113	1582082040111	-10.498	8.478	9.463	-1.415	-4.389	2.084	0.000000	0.000000
1582082040135	1582082040134	-7.539	6.305	10.490	-1.181	-4.332	2.117	0.000000	0.000000
1582082040158	1582082040152	-5.161	3.991	10.301	-1.220	-3.967	2.332	0.000000	0.000000
1582082040173	1582082040171	-3.841	4.238	8.512	-1.466	-3.422	2.426	0.000000	0.000000
1582082040191	1582082040191	-3.496	3.328	8.572	-1.466	-2.650	2.180	0.000000	0.000000
1582082040221	1582082040215	-2.976	4.528	6.150	-1.173	-2.206	2.040	0.000000	0.000000
1582082040247	1582082040247	-3.057	5.232	6.543	-1.018	-1.545	1.888	0.000000	0.000000
1582082040252	1582082040251	-2.351	4.224	5.939	-1.565	-1.305	1.619	0.000000	0.000000
1582082040275	1582082040274	-1.524	3.613	4.897	-1.631	-1.385	1.484	0.000000	0.000000
1582082040292	1582082040290	-0.609	2.580	5.599	-1.852	-1.224	1.578	0.000000	0.000000
1582082040315	1582082040313	0.117	1.761	5.654	-2.516	-0.533	1.667	0.000000	0.000000
1582082040331	1582082040331	-0.609	1.682	5.220	-2.450	0.060	1.635	0.000000	0.000000
1582082040358	1582082040352	-1.311	0.889	5.867	-1.949	0.376	1.638	0.000000	0.000000
1582082040371	1582082040370	-1.584	0.652	6.322	-1.748	0.506	1.503	0.000000	0.000000
1582082040391	1582082040390	-1.838	0.745	7.196	-1.676	0.398	1.460	0.000000	0.000000
1582082040414	1582082040410	-1.062	0.767	7.827	-1.594	0.236	1.221	0.000000	0.000000
1582082040436	1582082040436	-0.882	1.177	7.963	-2.069	0.461	0.932	0.000000	0.000000
1582082040451	1582082040451	-1.345	0.755	7.544	-2.624	0.713	0.804	0.000000	0.000000
1582082040470	1582082040470	-2.130	0.683	7.901	-2.790	0.722	0.603	0.000000	0.000000
1582082040491	1582082040490	-2.456	-0.330	8.203	-2.326	0.189	0.587	0.000000	0.000000
1582082040510	1582082040510	-1.069	-1.245	7.745	-2.488	-0.240	0.443	0.000000	0.000000
1582082040536	1582082040530	-0.331	-1.995	7.721	-2.333	-0.008	0.529	0.000000	0.000000
1582082040551	1582082040550	-1.965	-2.383	8.457	-1.904	0.665	0.618	0.000000	0.000000
1582082040570	1582082040569	-2.255	-1.185	8.619	-2.065	0.788	0.280	0.000000	0.000000
1582082040590	1582082040589	-2.049	-1.324	8.318	-2.275	0.214	0.287	0.000000	0.000000
1582082040609	1582082040609	-1.805	-2.747	8.080	-1.999	-0.193	0.296	0.000000	0.000000
1582082040635	1582082040635	-0.854	-3.921	7.424	-2.302	-0.287	0.394	0.000000	0.000000
1582082040650	1582082040649	-0.669	-4.108	7.096	-2.573	-0.071	0.434	0.000000	0.000000
1582082040669	1582082040668	-1.019	-3.866	7.149	-2.510	0.069	0.532	0.000000	0.000000
1582082040689	1582082040689	-1.831	-4.225	7.252	-2.308	-0.058	0.812	0.000000	0.000000
1582082040709	1582082040709	-1.654	-4.762	7.328	-1.742	-0.153	0.939	0.000000	0.000000
1582082040730	1582082040730	-0.988	-5.533	7.352	-1.765	-0.119	1.015	0.000000	0.000000
1582082040759	1582082040749	-1.395	-5.694	6.116	-2.005	0.166	1.094	0.000000	0.000000
1582082040773	1582082040769	-1.881	-5.804	5.615	-1.733	0.412	1.106	0.000000	0.000000
1582082040790	1582082040788	-2.547	-6.671	5.829	-2.063	0.294	1.097	0.000000	0.000000
1582082040808	1582082040808	-2.892	-6.863	5.115	-2.354	-0.016	1.089	0.000000	0.000000
1582082040829	1582082040828	-2.535	-6.343	4.741	-2.111	-0.121	0.967	0.000000	0.000000
1582082040849	1582082040848	-2.588	-6.448	4.806	-1.795	0.027	0.947	0.000000	0.000000
